
Last position-specific scoring matrix computed, weighted observed percentages rounded down, information per position, and relative weight of gapless real matches to pseudocounts
           A  R  N  D  C  Q  E  G  H  I  L  K  M  F  P  S  T  W  Y  V   A   R   N   D   C   Q   E   G   H   I   L   K   M   F   P   S   T   W   Y   V
    1 G    0 -3 -1 -2 -3 -2 -2  6 -3 -4 -4 -2 -3 -4 -3  2 -1 -3 -4 -4    0   0   0   0   0   0   0  80   0   0   0   0   0   0   0  20   0   0   0   0  1.04 0.12
    2 I   -3 -5 -5 -6 -3 -4 -5 -5 -5  3  0 -4  1  0 -5 -4 -3  5 -3  6    0   0   0   0   0   0   0   0   0  19   6   1   3   3   0   0   0   9   0  59  1.05 0.40
    3 S   -3  5  2 -2  1  0 -2 -3  4 -5 -5  3 -4 -5 -1  0 -2 -5 -3 -5    1  40  11   1   3   3   1   1   9   0   0  20   0   0   3   7   1   0   0   0  0.81 0.37
    4 Y   -6 -6 -6 -7 -7 -6 -6 -7 -2 -5 -5 -6 -5  1 -7 -6 -6 -2 10 -5    0   0   0   0   0   0   0   0   0   0   0   0   0   2   0   0   0   0  98   0  3.26 0.97
    5 S    3 -4 -1 -3 -1 -3 -3 -1 -3 -5 -4 -1 -4 -5 -4  6  0 -6 -5 -3   20   0   2   0   1   0   0   4   0   0   1   3   0   0   0  63   5   0   0   1  1.04 0.52
    6 V   -1  1 -2 -4  0  0 -3 -4 -2  1  2 -1  0  1 -2 -2  0 -1  1  2    5   9   1   0   2   5   0   0   1   7  24   4   2   7   2   1   8   1   6  18  0.17 0.15
    7 E   -1 -1  1  5 -5  2  3 -3 -2 -4 -4  1 -4 -5  0  0 -1 -5 -3 -3    4   1   5  31   0   8  24   1   0   0   1  10   0   0   4   4   4   0   1   1  0.63 0.32
    8 A    1 -4 -3 -2 -4 -3 -2 -3 -4  2 -1 -2 -2 -1  6 -1  0 -5 -3  0   11   0   0   2   0   1   3   1   0  13   7   1   0   3  41   5   5   0   1   6  0.78 0.35
    9 D   -2 -3  6  5 -6 -1  2 -4 -3 -4 -5 -2 -3 -4 -4 -1 -1 -6 -5 -5    2   0  39  36   0   1  11   0   0   1   0   1   1   1   0   2   3   0   0   0  1.17 0.49
   10 P    0 -4  0 -2 -5 -2  1 -1 -4 -5 -5 -2 -5 -5  7  0 -2 -6 -4 -4    6   0   4   2   0   1  11   5   0   0   0   2   0   0  59   5   2   0   0   1  1.42 0.53
   11 D    1 -2  0  2 -4 -1  3 -2 -2 -3 -3 -1 -3 -5 -2  1  4 -5 -4 -3   13   1   3  12   0   1  18   1   1   1   1   3   0   0   1  12  33   0   0   0  0.53 0.33
   12 T   -3  2  1 -3 -6  0 -2 -4 -4 -5 -4  7 -4 -6 -4 -2  1 -6 -5 -3    1   8   6   1   0   3   1   0   0   0   1  68   0   0   0   1   9   0   0   1  1.28 0.55
   13 T    0 -3 -2 -3  0 -2 -2 -3  2  0 -2 -2 -1 -3 -3  5  3 -5 -2  0    6   0   0   0   1   0   1   0   5   6   4   1   1   1   1  47  21   0   1   6  0.64 0.40
   14 A    4 -4 -5 -5  8 -4 -4 -2 -5 -2 -3 -4 -4 -5 -4  0 -3 -5 -1  1   44   0   0   0  30   0   0   2   0   1   1   0   0   0   0   6   0   0   2  12  1.17 0.51
   15 K   -3  4 -3 -4 -5 -1 -2 -5 -1 -4 -4  7 -2 -6 -4 -2 -3 -6 -5 -5    1  21   0   0   0   0   1   0   1   1   1  70   1   0   0   2   1   0   0   0  1.54 0.63
   16 A    6 -4 -3 -4 -2 -3 -3 -1 -4 -4 -3 -3 -4 -5 -3  4 -1 -5 -3 -3   63   0   0   0   1   0   0   3   0   0   1   1   0   0   0  27   2   0   0   0  1.14 0.54
   17 M   -2  6 -2 -4 -1  0 -2 -4 -3 -2 -2  1  5 -3 -3  0 -2 -4  0 -1    3  47   1   0   1   3   1   0   0   1   2   5  15   1   1   8   1   0   3   5  0.81 0.42
   18 L    0 -2 -3 -3 -4 -4 -4  6 -4  0  0 -3 -1 -4 -4 -1 -3 -5 -4 -1    8   2   0   1   0   0   0  61   0   7   9   1   1   0   0   4   1   0   1   4  0.97 0.42
   19 R   -1  3  0 -1 -4 -1 -1 -3 -1 -4 -3  1 -3 -2 -1  4 -1 -1  0 -2    3  19   3   3   0   1   3   1   1   0   1   8   0   2   2  43   1   1   4   2  0.53 0.35
   20 E   -3 -3  5  4 -5 -2  3 -3  2 -5 -5 -2 -4 -3 -4 -1 -1 -4  3 -5    1   0  31  23   0   0  20   1   4   0   1   1   0   0   0   3   2   0  12   0  0.89 0.43
   21 R    0  0 -4 -5 -3 -1 -3 -5 -3  1  5 -2  1 -1 -5 -3 -2 -2 -2  0    7   6   0   0   0   3   1   0   0   5  63   2   2   2   0   1   1   0   1   5  0.72 0.37
   22 Q   -3  6 -1  0  0  1 -2 -4  4 -5 -4  1 -4 -5  2 -2 -3 -5 -4 -5    1  52   2   7   3   4   1   0   9   0   1   7   0   0  12   2   1   0   0   0  1.03 0.46
   23 M   -2 -4 -5 -5  1 -4 -5 -5 -5  4 -1 -5  3 -1 -5 -4  0 -5 -4  6    2   1   0   0   2   0   0   0   0  22   1   0   7   2   0   0   6   0   0  58  1.08 0.47
   24 S   -3 -3 -1 -4 -2 -2 -3 -4  9 -6 -5 -2 -5 -5 -5  5 -3 -5 -1 -5    1   0   2   0   1   1   0   0  48   0   1   2   0   0   0  43   0   0   2   0  1.73 0.68
   25 F   -4 -2 -4 -6 -2 -4 -5 -6  2 -1 -1 -4 -2  8  3 -4 -4  2  2 -3    0   2   0   0   1   0   0   0   5   3   5   0   1  60  13   0   0   3   4   1  1.39 0.54
   26 K   -4  0 -4 -4 -6 -1 -2 -5 -4 -6 -6  8 -5 -6 -4 -4 -4 -6 -5 -6    0   2   0   0   0   1   1   0   0   0   0  95   0   0   0   0   0   0   0   0  2.24 0.80
   27 H   -3 -3  7  1 -5 -3 -2 -4  6 -5 -4  1 -5 -3 -3 -3 -3 -1 -2 -4    2   0  56   7   0   0   1   0  18   0   2   9   0   1   1   0   0   1   1   1  1.33 0.56
   28 S    2 -4 -3 -4  2 -3 -3 -4 -4 -2 -2 -3  2 -4 -3  2  6 -5 -4 -2   15   0   0   0   4   0   0   0   0   1   2   0   6   0   1  16  53   0   0   1  0.95 0.50
   29 K   -3  6 -3 -4  2 -1 -2 -4  4 -1 -3  0 -1 -3 -4 -3 -3 -2  2  1    0  50   0   0   5   1   2   1   9   4   1   5   1   1   0   0   0   0   7  10  0.87 0.43
   30 A   -2 -3  1 -1 -6 -1  7 -5  0 -6 -6 -2 -5 -6 -4 -3 -4 -6 -5 -6    3   0   6   2   0   1  84   0   2   0   0   1   0   0   0   0   0   0   0   0  1.82 0.71
   31 I   -1 -4 -3 -4 -1 -4 -4 -4 -5  3 -1 -2 -2 -4 -4 -1  5 -5 -4  3    4   0   0   0   1   0   0   0   0  19   4   2   0   0   0   2  46   0   0  21  0.85 0.44
   32 A    6 -4 -4 -5  6 -4 -4 -1 -5 -3 -3 -4 -4 -5 -4  0 -3 -5 -5  0   64   0   0   0  18   0   0   4   0   1   2   0   0   0   0   4   0   0   0   5  1.22 0.54
   33 R    0  4  1 -2  0  5 -1 -3  3 -4 -3  1  0  1 -4 -1 -2 -4 -2 -2    8  21   5   1   2  28   1   1   6   0   1   7   3   7   0   4   2   0   1   2  0.51 0.33
   34 E    5 -4 -3 -4 -2 -2  1 -3 -1 -2 -3 -2 -1  1 -4 -1  1 -4 -2 -1   62   0   1   0   1   1   9   0   2   1   2   1   1   6   0   1   7   0   1   4  0.77 0.44
   35 I   -4 -4 -6 -6 -4 -5 -5 -6 -6  7  2 -5  1 -3 -5 -5 -3 -5 -4  1    0   1   0   0   0   0   0   0   0  70  19   0   2   0   0   0   1   0   0   5  1.43 0.54
   36 K   -3  4  2 -3 -5 -1 -1 -4 -2 -4 -5  6 -4 -5 -4 -1 -1 -5 -4 -5    0  23   9   0   0   1   3   0   1   1   1  55   0   0   0   3   2   0   0   0  1.15 0.50
   37 G   -2  0 -1 -3 -5 -3 -4  7 -1 -6 -6  1 -5 -4 -5 -2 -3 -5 -4 -5    2   5   3   1   0   0   0  74   2   0   0   8   0   1   0   2   1   0   0   1  1.42 0.53
   38 K   -4  0 -5 -6 -5 -2 -4 -6 -5 -2  1  0 10 -2 -5 -5 -4  3 -3 -2    0   6   0   0   0   1   1   0   0   0  12   6  66   1   0   0   0   5   0   2  1.84 0.72
   39 T   -2  1  1 -1 -4  0 -1 -2  6 -4 -4  3 -1 -3  2  0  2 -2 -1 -4    0   5   6   2   0   4   3   2  20   0   1  21   2   0  11   8  12   1   2   0  0.49 0.30
   40 A   -1 -4 -5 -5 -3 -4 -5 -5 -5  4  4 -4 -1 -1 -5 -4 -1 -4 -3  2    5   0   0   0   0   0   0   0   0  28  47   0   0   1   0   0   3   0   0  13  0.85 0.38
   41 G   -1  3  1  2 -4  3  1 -1 -1 -3 -2  1 -2 -4 -1  0  1  0 -3 -2    5  18   6  10   0  14  10   3   1   1   3   8   0   0   2   7   9   1   0   2  0.29 0.19
   42 E   -2  3 -1  2 -5  1  2 -3 -2 -4 -5  5 -3 -5 -3 -2 -2 -5 -3 -4    3  16   2  10   0   4  12   1   0   1   0  45   1   0   0   2   1   0   0   1  0.79 0.39
   43 A    7 -5 -5 -5 -1 -4 -4 -3 -5 -5 -5 -4 -4 -3 -4 -2 -2 -6 -5 -3   94   0   0   0   1   0   0   0   0   0   0   0   0   1   0   0   1   0   0   1  1.85 0.74
   44 V   -2  1 -2 -3 -4  2  0 -4 -3  1 -1  3 -1 -2 -3 -2  3 -4  0  0    1   7   1   0   0  10   5   0   0  11   4  25   1   1   0   0  24   0   3   6  0.39 0.29
   45 D    1  3 -1  0 -4  1  0 -3 -3 -4 -4  5 -3 -5 -2  0  0 -5 -4 -3   13  13   2   6   0   6   6   1   0   0   0  38   0   0   1   6   6   0   0   1  0.55 0.32
   46 Y   -4 -5 -5 -6 -2 -5 -5 -6 -2 -2 -1 -5 -2  5 -6 -5 -4  2  9 -3    1   0   0   0   1   0   0   0   0   2   5   0   1  19   0   0   1   2  66   1  1.99 0.70
   47 L   -4 -3 -6 -6 -3 -5 -6 -6 -6 -1  6 -5  1 -3 -3 -5 -4 -5 -2 -2    0   1   0   0   0   0   0   0   0   1  92   0   2   0   1   0   0   0   1   1  1.63 0.63
   48 E   -2  0  1  1 -5  2  4 -2 -1 -4 -4  4 -4 -5 -3 -2 -2 -4 -3 -4    2   2   8   6   0   8  35   2   1   0   1  32   0   0   0   1   1   0   0   0  0.80 0.41
   49 A    0  0  4  6 -5  0  0 -2 -1 -5 -5 -2 -5 -5 -4  0 -3 -6 -5 -5    9   5  19  49   0   4   4   2   1   0   1   1   0   0   0   5   0   0   0   0  0.97 0.44
   50 V   -2 -6 -6 -6 -4 -5 -5 -5 -6  1 -2 -5 -2 -4 -5 -5 -2 -6 -4  7    2   0   0   0   0   0   0   1   0   4   0   0   0   0   0   0   2   0   0  90  1.84 0.70
   51 I   -2 -3 -4 -4  0 -1 -4 -4 -4  4  2 -1  2 -2 -3 -2  3 -4 -3  1    2   0   0   0   2   3   0   0   0  31  19   4   5   0   0   1  21   0   0   9  0.51 0.31
   52 E    2 -1  0  2 -3 -1  3 -2 -2 -2  2  0 -2 -3 -3 -1 -2 -4 -3 -2   24   3   6  10   0   2  20   2   0   1  23   5   0   0   0   3   1   0   0   1  0.27 0.24
   53 G   -3  0 -3 -3 -5  3  0 -1  6 -4  0  4  2 -1 -4 -3 -3 -4 -1 -4    1   4   0   0   0  14   3   4  22   0   9  31   7   3   0   1   0   0   1   0  0.71 0.40
   54 D   -3  1 -2 -2 -6  0  1 -4 -3 -5 -5  7 -4 -6 -4 -2 -1 -6 -5 -4    1   4   1   2   0   3   7   0   0   0   1  75   0   0   0   2   3   0   0   1  1.48 0.62
   55 Q   -3  5 -1 -1 -6  6  3 -4 -3 -5 -3  0 -2 -5 -3 -3 -2 -5 -3 -3    1  28   2   2   0  37  19   0   0   0   2   3   1   0   1   1   1   0   1   1  1.02 0.49
   56 P    3 -3 -4 -5  8 -4 -4 -4 -4  0 -3 -4 -1 -3  2  0 -2 -3 -4 -1   29   2   0   0  36   0   0   0   0   7   0   0   1   1  12   6   1   0   0   4  1.11 0.48
   57 V   -3 -5 -5 -5 -4 -5 -5 -5 -5  5 -1 -5 -1 -3 -5 -4 -3 -5 -4  6    1   0   0   0   0   0   0   1   0  31   3   0   1   0   0   0   0   0   0  61  1.37 0.54
   58 P   -2 -3 -5 -5 -6 -4 -4 -5 -3 -6 -5 -3 -5 -6  9 -3 -4 -6 -6 -4    3   2   0   0   0   0   0   0   1   0   1   2   0   0  88   1   0   0   0   1  2.62 0.82
   59 F   -5 -5 -5 -6 -5 -5 -5 -6 -2  0 -1 -5  3  8 -6 -5 -5 -2  3 -2    0   0   0   0   0   0   0   0   1   4   3   0   6  72   0   0   0   0   8   2  1.89 0.64
   60 K   -3  6 -2 -4  0  0 -2 -3  0 -4 -3  3 -3  0 -4 -3  0  2 -3 -3    1  52   1   0   3   4   0   2   2   1   2  18   0   4   1   0   5   3   0   1  0.99 0.45
   61 Q   -4  7 -3 -4 -2  0 -2 -4  2 -4 -5  1 -3 -5 -4 -1 -2 -2 -2 -3    0  70   0   0   1   3   1   1   6   1   0   6   1   0   0   4   2   1   1   2  1.48 0.59
   62 H   -4 -3 -5 -6 -6 -5 -5 -6  5 -4 -4 -5 -4  6 -4 -4 -5 -2  8 -5    1   1   0   0   0   0   0   0  15   0   0   0   0  32   1   1   0   0  48   0  1.95 0.71
   63 N    0  0  6 -1  4 -2 -3 -3  2 -4 -3  1 -3 -2 -4  0  0 -5 -3 -4    8   6  44   1  11   1   0   1   4   0   2   7   0   2   0   5   5   0   1   0  0.78 0.41
   64 S   -2  1 -2  0 -3 -3 -2  5  0 -3 -4  2 -3 -5 -4 -1 -2 -5 -1 -3    2   9   1   5   0   0   1  52   2   1   1  13   1   0   0   5   2   0   3   2  0.79 0.38
   65 G   -2 -2  0  0 -1 -2 -3  6 -2 -5 -4  2 -3 -5 -3  1 -2 -5 -5 -4    1   2   4   4   2   1   1  56   1   0   1  12   1   0   1  12   1   0   0   1  0.93 0.43
   66 V    0 -3 -4 -4  2  0 -4 -4 -5  2 -1 -4 -1 -3 -3 -3 -1 -5 -4  6    6   1   0   1   5   5   0   1   0   9   2   0   1   0   1   1   4   0   0  56  0.75 0.43
   67 G    1 -4 -3 -4 -2 -4 -2  6 -2 -5 -5 -3 -4 -5  0  0 -3 -5 -5 -4    9   0   0   0   1   0   2  65   1   0   0   1   0   0   5   8   0   0   0   1  1.15 0.50
   68 H    0  6 -2 -4 -5 -2 -3 -3  8 -5 -5 -2 -4 -5 -4 -3 -3  0 -3 -5    7  45   1   0   0   1   0   1  34   0   1   0   0   0   0   1   1   1   0   0  1.42 0.61
   69 K   -2  4 -3 -3  4  3 -2 -4  4 -4 -4  3 -3 -5 -4 -2  3 -5 -3 -3    1  20   0   0   9  15   1   0  10   0   0  19   0   0   0   1  18   0   0   1  0.65 0.41
   70 S    4  0 -1 -2 -3 -2 -2  0  1 -4 -4  1 -3 -4  1  2 -2 -4 -3 -2   44   6   2   2   0   0   1   4   3   0   1   9   0   0   6  14   1   0   0   1  0.47 0.34
   71 K   -3  0 -1  1 -5  6 -1  2 -1 -5 -4  3 -2 -5 -2 -2 -2 -4 -3 -4    1   3   2   7   0  37   1  13   1   0   1  23   1   0   1   0   2   0   1   0  0.74 0.44
   72 V    3 -1 -2 -2  0  3 -1  0  1  0 -1  0 -1 -3 -1 -1 -1  0 -2 -1   27   2   1   2   2  18   3   5   5   6   6   5   1   0   3   1   3   1   0   5  0.17 0.20
   73 D   -3  1 -1  0 -1 -1 -1 -3  1 -3 -3  4 -2  1 -2 -1 -3  8 -1 -3    1   7   3   4   1   1   2   1   3   1   2  29   1   7   2   5   1  20   1   2  0.62 0.35
   74 G   -1 -3  1 -2 -3  1  0  5 -2 -5 -4  1 -4 -4 -1 -1 -3 -4 -4 -4    4   0   8   1   0   5   6  50   1   0   1   9   0   1   3   2   1   0   0   1  0.71 0.37
   75 W   -3 -1 -4 -4 -2 -3 -3 -3 -2 -1 -2 -3  2  3 -4 -2 -1 10  0  1    2   4   0   1   1   1   2   2   1   4   2   1   5  12   1   3   4  39   2  12  1.24 0.48
   76 D    0 -2 -1  1 -3 -2 -1  1  1 -2 -3  0  0 -3  1  0  4 -3 -2 -2    7   1   2  10   0   1   1  13   5   2   1   5   3   1   7   5  29   0   1   1  0.24 0.20
   77 A    1  0 -1 -3 -1  6 -1 -2  0 -2 -3  1 -2 -4  1  0 -2 -4 -3 -2   13   5   1   0   1  39   1   1   2   2   2   9   1   0   7   6   2   0   0   3  0.50 0.32
   78 G    1 -3 -3 -3  1 -3 -4  6 -4 -4 -4 -3 -4 -4 -4 -1 -3 -4 -4 -4   10   1   0   1   3   0   1  72   0   0   1   1   0   0   0   4   1   0   0   1  1.25 0.43
   79 R   -3  7 -3 -3 -5  1 -2 -3  1 -4 -4  1 -3 -4 -4 -3 -3  3 -3 -4    1  67   0   1   0   5   1   2   3   1   1   7   0   0   1   1   1   5   0   1  1.26 0.46
   80 Y   -4 -2 -5 -5 -4 -4 -4 -4 -1 -4 -4 -4 -4  1 -5 -4 -4 11  6 -4    1   2   0   1   0   0   1   1   1   1   1   1   0   4   1   1   1  56  24   1  2.43 0.65
   81 P   -4 -4 -4 -4 -1 -4 -4 -5 -5 -5 -4 -4 -5 -5  8 -4 -4 -5 -5 -5    1   0   0   0   1   0   0   1   0   0   2   0   0   0  86   1   0   0   0   0  2.44 0.68
   82 E   -1  1 -2 -2 -3  1  1 -3 -3  0 -2  4 -1 -3 -3 -2 -1 -4 -3  3    3   5   1   1   0   5  11   1   0   5   1  30   1   0   0   0   2   0   0  28  0.35 0.25
   83 K   -2  1 -3 -2 -5 -1 -1 -4 -3 -4 -4  7 -2 -5 -3 -2 -2 -5 -4 -4    2   5   0   1   0   0   2   1   0   0   1  78   1   0   0   1   1   0   0   1  1.39 0.53
   84 A    3 -2 -1 -3 -1 -2 -2 -2 -3 -2 -3 -2 -3 -4 -1  5 -1 -1 -3  0   22   1   1   0   1   0   1   2   0   1   2   0   0   0   2  49   2   1   0   9  0.57 0.34
   85 S    5 -3 -3 -3  3 -3 -3 -2 -3  0 -2 -3 -2 -3 -2  1 -1 -4 -3  1   51   0   0   0   8   0   1   1   0   5   3   0   0   0   1  10   3   0   0  11  0.53 0.31
   86 K   -1  2 -1 -1 -4  1  4 -2 -2 -3 -3  4 -2 -3 -3 -1 -1 -4 -3 -2    3  11   2   1   0   4  31   3   0   1   2  28   1   1   0   1   2   0   1   2  0.48 0.27
   87 A    1 -3 -2 -2 -1 -1  0 -3  0 -1 -1 -3 -1  6 -4 -2 -2 -2  2 -1   16   1   1   1   1   2   8   1   3   3   3   0   1  44   0   2   1   0   7   4  0.60 0.29
   88 F   -2 -3 -4 -4  0 -3 -4 -4 -3  3  3 -3  1  3 -4 -2 -2 -2  1  2    2   0   0   0   2   0   0   1   0  19  35   0   2  12   0   2   1   0   4  17  0.50 0.23
   89 L   -3 -2 -4 -4  0 -2 -3 -5 -3  1  5 -1  0  0 -4 -3 -2 -2 -2 -1    0   1   1   0   2   2   1   0   1   7  70   6   1   3   0   1   1   0   1   1  0.80 0.34
   90 D   -2  1  1  3 -4  1  0  0  5 -4 -4  2 -3 -3 -2  0  0 -2 -1 -3    2   6   7  18   0   5   4   6  18   0   0  18   0   0   1   5   6   0   2   1  0.40 0.21
   91 L   -2 -3 -4 -5  2 -3 -4 -5 -4  1  4 -4  6 -2 -4 -4 -2 -4 -3  2    2   1   0   0   4   0   0   0   0   4  50   0  21   0   0   0   1   0   0  13  0.83 0.35
   92 L   -3 -4 -5 -5 -3 -4 -5 -5 -5  1  6 -4  0  0 -5 -4 -3 -4 -3  0    0   0   0   0   0   0   0   0   0   6  83   0   0   2   0   0   0   0   0   4  1.24 0.44
   93 E   -2  1  0  0 -5  1  3 -2 -1 -4 -3  5 -3 -5 -3 -1 -1 -4 -4 -3    1   6   4   5   0   4  17   2   1   0   2  51   0   0   0   3   2   0   0   1  0.75 0.34
   94 N   -3 -3  8  0 -5 -2 -3 -1 -1 -3 -4 -2 -4 -5 -4  0 -2 -5 -3 -4    1   0  76   3   0   1   0   3   1   2   2   1   0   0   0   6   1   0   1   0  1.55 0.53
   95 A    5 -3 -4 -4 -3 -3 -3 -2 -4  0  0 -3  2 -3 -3 -1 -1 -4 -3  1   64   0   0   0   0   0   0   1   0   4  10   0   6   0   0   1   2   0   0  10  0.78 0.38
   96 V   -1 -1 -2 -1 -5  2  6 -2 -3 -3 -2  1 -1 -3 -1 -2 -2 -5 -4 -2    3   2   1   1   0   6  60   2   0   2   4   9   1   1   3   1   1   0   0   3  0.84 0.39
   97 G    3 -2  2 -2 -1 -2 -1 -1 -2 -4 -4  0 -3 -5 -3  5 -1 -5 -4 -3   24   1   9   1   1   1   2   3   1   0   0   4   0   0   0  50   2   0   0   1  0.70 0.37
   98 N   -4 -3  8 -1 -6 -2 -2 -2  1 -3 -6 -2 -5 -1 -5 -1 -2 -6 -2 -5    0   0  80   2   0   1   2   1   3   2   0   2   0   3   0   2   1   0   1   0  1.77 0.62
   99 A    6 -4 -4 -4 -1 -4 -4 -1 -4 -4 -4 -4 -4 -1 -4 -2  0 -5 -4 -2   86   0   0   0   1   0   0   3   0   0   0   0   0   3   0   0   5   0   0   2  1.40 0.56
  100 D   -3  0 -1  3 -6  0  6 -4 -3 -4 -4 -1 -3 -5  0 -1 -1 -5 -4 -3    1   4   2  13   0   2  64   0   0   1   1   2   1   0   4   2   2   0   0   2  1.08 0.46
  101 H    0 -2 -1 -2 -2  0  0 -2  1  0  2 -1  0  1 -3  0  0 -2  3  1    8   1   3   1   0   4   6   2   3   2  26   3   1   6   0   7   4   0  12  11  0.13 0.13
  102 Q   -3  1 -1 -4 -6  1 -2 -4 -2 -4 -4  7 -3 -6 -4 -2 -3 -6 -5 -5    1   4   2   0   0   6   1   0   1   1   1  82   1   0   0   1   1   0   0   0  1.62 0.63
  103 G   -2 -4  0 -1 -4 -3 -3  7 -2 -6 -6 -1 -4 -6 -5 -2 -4 -5 -5 -6    1   0   4   4   0   1   2  82   1   0   0   3   0   0   0   2   0   0   0   0  1.65 0.57
  104 F   -4 -3 -5 -6 -4 -4 -5 -5 -5  1  6 -4  1  1 -5 -3 -4 -4 -3 -1    0   1   0   0   0   0   0   1   0   4  81   1   3   5   0   2   0   0   0   1  1.22 0.49
  105 D   -3 -4  2  7 -6 -2  2 -3  0 -6 -6 -3 -5 -6 -4 -1 -3 -6 -4 -5    1   0   7  71   0   1  12   1   2   0   0   1   0   0   0   2   1   0   1   0  1.57 0.56
  106 G    0 -3 -3 -2 -3 -3 -2 -1 -4  1 -1 -2  0 -3  2 -1  2 -4 -3  4    7   0   1   2   0   0   3   5   0   4   3   2   1   0   9   3  14   0   0  44  0.43 0.29
  107 E   -2 -2  1  6 -5 -2  3 -2 -1 -5 -5 -2 -5 -6 -3  0 -2 -6 -5 -5    3   1   5  56   0   0  21   2   1   0   1   0   0   0   1   7   1   0   0   0  1.17 0.47
  108 A    0  2  3  1 -2 -1  1 -2  0 -4 -3  2 -3 -2 -1  3 -1 -4 -2 -3    6  10  17   7   1   1   7   1   2   0   1  14   0   2   2  26   2   0   0   0  0.37 0.25
  109 M   -4 -4 -6 -6 -2 -4 -5 -6 -5 -1  6 -5  5 -1 -5 -5 -3 -1 -3  0    0   1   0   0   1   0   0   0   0   1  77   0  13   2   0   0   1   1   0   3  1.31 0.52
  110 T   -2  1 -4 -3 -2 -2 -1 -4 -2  1 -1  1 -1  0 -4 -3 -1 -3  4  4    1   8   0   1   1   0   5   1   1   6   1  10   1   3   0   1   3   0  17  42  0.50 0.32
  111 I   -4 -5 -5 -6 -4 -5 -5 -6 -6  7  0 -5  0 -2 -5 -5 -1 -5 -4  3    0   0   0   0   0   0   0   0   0  68   6   0   1   1   0   0   2   0   0  20  1.40 0.53
  112 K   -1 -1 -1  0 -3  0  3 -1 -1  0 -2  2  0 -1 -3  1  0 -2 -2  1    3   1   1   4   0   1  24   3   1   7   1  16   2   4   0  13   6   0   1  11  0.21 0.19
  113 H   -4 -3  1 -4 -6 -3 -4 -5 10 -6 -4 -3 -2 -4 -3 -1 -3 -4  1 -4    1   0   6   0   0   0   0   0  78   0   1   1   1   0   1   4   1   0   4   1  2.45 0.78
  114 V    1 -5 -5 -5 -1 -4 -5 -4 -5  6 -1 -4 -1 -3 -5 -3 -1 -5 -2  4   11   0   0   0   1   0   0   1   0  55   1   0   0   0   0   2   2   0   1  25  1.01 0.44
  115 A    2 -2 -1 -3 -1  7 -2 -3 -1 -4 -3 -1 -2 -5 -4  0 -1 -1 -4 -1   20   0   3   0   1  54   0   2   1   0   1   1   1   0   0   7   2   1   0   5  0.97 0.50
  116 A    2 -5 -5 -5  0 -4 -5 -5 -5  1 -2 -4 -1 -4 -3 -2  0 -5 -4  6   20   0   0   0   2   0   0   0   0   5   0   0   1   0   1   3   4   0   0  65  1.08 0.50
  117 H   -4 -3  7 -1 -2  1 -3 -4  5 -5 -5 -1 -5 -6 -5 -1 -2 -6 -3 -5    0   0  64   2   1   7   0   0  15   1   1   4   0   0   0   3   2   0   1   0  1.52 0.61
  118 K   -2  4 -3 -3 -6  4 -1 -4 -1 -5 -4  5 -1 -6 -2 -3 -2 -5 -4 -5    3  24   0   0   0  19   2   1   1   0   1  45   1   0   1   0   2   0   0   0  1.09 0.49
  119 V    6 -4 -4 -4 -4 -4 -4  3 -5 -3 -4 -4 -4 -5 -4 -1 -2 -5 -5  0   68   0   0   0   0   0   0  23   0   1   0   0   0   0   0   2   2   0   0   5  1.19 0.53
  120 G   -2  2 -4 -4 -4  1 -3 -1 -3  0 -3 -2  2 -2  6 -3 -2 -5 -2 -1    2  13   0   0   0   7   0   6   0   6   1   0   7   2  47   0   1   0   1   4  1.00 0.44
  121 E   -2  2 -3 -3  0  0  1 -3 -1 -1 -3  5 -1 -3 -2 -2  0 -5 -3  0    2  10   0   0   2   3   8   2   1   4   1  46   2   1   2   1   7   0   0   9  0.56 0.34
  122 Q   -3 -1 -2 -4 -4  4 -3  0 -2  3  1 -3  6 -1 -4 -1  0 -4 -2  0    0   2   1   0   0  19   0   8   1  19  10   0  24   1   0   3   6   0   1   3  0.52 0.35
  123 Q   -4  7 -2 -4  1  1 -2 -4  2 -5 -4  2 -3 -2  0 -2 -2  2 -1 -3    0  57   1   0   3   5   1   0   4   0   1  12   1   2   4   2   1   2   2   2  1.08 0.49
  124 G   -2  7  0 -4 -1 -2 -3  3  3 -6 -5  0 -5 -6 -5 -3 -4 -3 -3 -6    2  59   5   0   2   0   0  20   7   0   1   3   0   0   0   1   0   0   1   0  1.30 0.56
  125 R   -4  7 -2 -5  1 -1 -3 -4  0 -2 -4 -2  0  1 -3 -3 -3  3  3 -4    1  63   1   0   3   2   0   1   2   2   1   0   2   6   1   1   1   4   9   1  1.25 0.55
  126 K   -3 -1 -3 -4 -1 -2 -4 -5 -4  0 -2  0  4  0 -4 -2  6 -5 -3 -1    0   2   1   0   1   1   0   0   0   6   2   6  12   4   0   1  60   0   1   4  1.02 0.53
  127 P   -4 -5 -5 -6 -4 -3 -4 -6  1 -5 -5 -5 -5  3  5 -5 -4 -2  8 -5    1   0   0   0   0   1   1   0   2   0   0   0   0  11  30   0   0   0  52   0  1.87 0.69
  128 R   -5  8 -4 -5 -1 -2 -4 -5 -4 -4 -6  0 -5 -6 -6 -4 -5 -2 -5 -6    0  91   0   0   2   1   0   1   0   1   0   3   0   0   0   0   0   1   0   0  2.35 0.80
  129 A    7 -5 -5 -5 -4 -4 -4 -3 -5 -5 -5 -4 -4 -6 -4 -2 -2 -6 -5 -2   94   0   0   0   0   0   0   1   0   0   0   0   0   0   0   1   2   0   0   2  1.86 0.72
  130 M   -4 -1 -3 -5 -6 -2 -4 -6 10 -5 -4 -4  4  4 -4 -4 -5 -3  2 -5    1   4   0   0   0   1   0   0  60   0   1   0  11  15   1   0   0   0   5   0  1.98 0.68
  131 G   -3 -5 -4 -4 -2 -5 -3  7 -5 -7 -7 -5 -6 -6 -5 -2 -5 -6 -6 -5    0   0   0   0   1   0   2  93   0   0   0   0   0   0   0   2   0   0   0   1  2.17 0.70
  132 R   -4  8 -4 -5 -3  1 -3 -4 -3 -6 -4 -1 -4 -5 -2 -2 -4  3 -4 -5    0  81   0   0   1   5   0   1   0   0   1   1   0   0   2   2   0   5   0   0  1.90 0.68
  133 A    3 -5 -5 -5 -3 -4 -4 -3 -5  6 -2 -4  0 -3 -4 -1 -2 -5 -4  2   26   0   0   0   0   0   0   1   0  51   0   0   2   0   0   6   1   0   0  12  0.91 0.43
  134 S   -3 -3  7 -1 -2 -3 -3 -1 -3 -4 -5 -1 -4 -5 -4  1  4 -6 -5 -3    0   0  52   3   1   0   0   5   0   1   0   3   0   0   0  10  24   0   0   1  1.15 0.51
  135 A    1 -2 -5 -3 -5 -2 -2 -5 -5 -4 -5 -1 -3 -6  8 -1 -3 -6 -6 -5   10   2   0   1   0   1   2   0   0   1   1   3   1   0  72   5   1   0   0   0  1.92 0.63
  136 W   -5 -3 -3 -6 -2 -4 -4 -6  1 -3 -3  2 -4  4 -6 -3 -4  6  8 -4    0   1   1   0   1   0   1   0   3   1   1  12   0  13   0   1   0  10  55   0  1.64 0.60
  137 N   -2  0  4 -2 -4  0 -2 -4 -2 -2  0 -2  7  1 -5 -2 -2 -3  0 -1    2   5  23   2   0   4   3   0   0   0   6   2  39   6   0   1   1   0   4   4  0.82 0.43
  138 S   -1  1  0 -2  0  0 -1 -1 -1 -3 -5  1 -4 -5 -3  5  2 -5 -4 -4    1   8   4   1   2   4   3   3   1   1   0   7   0   0   0  52  13   0   0   0  0.71 0.40
  139 P   -2 -1  1  0 -3  2  1 -3  3 -4 -5 -2 -4 -4  1  5  0 -5 -1 -2    0   3   5   4   0   8  10   0   8   0   0   1   0   0   7  46   3   0   2   2  0.61 0.37
  140 Q   -3 -2 -3 -4 -5 -1 -2 -4 -2 -3 -1 -4 -1 -5  7 -2  3 -6 -3 -4    0   2   1   0   0   3   2   0   1   1   8   0   2   0  61   1  17   0   1   0  1.54 0.56
  141 V   -1 -6 -5 -6 10 -5 -6 -5 -6 -1 -4 -5 -4 -4 -5  1  1 -1 -2  3    4   0   0   0  54   0   0   0   0   2   0   0   0   0   0   9   7   1   1  21  1.73 0.60
  142 D   -5 -3  3  1 -7 -3 -3 -5 10 -7 -6 -4 -5 -5 -6 -3 -2 -6 -2 -7    0   1  15   7   0   0   0   0  73   0   1   0   0   0   0   2   3   0   0   0  2.43 0.78
  143 V   -3 -5 -6 -6 -4 -5 -5 -6 -6  6  0 -5  1 -2 -5 -4  0 -5 -4  4    0   0   0   0   0   0   0   0   0  59   5   0   3   1   0   1   6   0   0  26  1.25 0.48
  144 E   -4 -1 -2 -1 -7  3  7 -5 -3 -7 -6 -2 -5 -7 -4 -3 -4 -6 -5 -6    0   2   1   1   0  10  85   0   0   0   0   0   0   0   0   1   0   0   0   0  1.93 0.69
  145 L   -3 -5 -5 -6 -4 -4 -5 -6 -5  4  3 -4  7 -1 -5 -4 -3 -4 -3  3    0   0   0   0   0   0   0   0   0  22  26   0  31   2   0   0   0   0   0  19  1.04 0.42
  146 I   -3 -5 -6 -6 -3 -4 -6 -6 -3  7 -1 -5  1  0 -5 -3 -2  1 -3  3    0   0   0   0   0   0   0   0   1  64   2   0   3   3   0   2   1   2   0  22  1.27 0.49
  147 L    0 -5 -5 -6 -2 -4 -5 -4 -5  1  5 -5  0  0 -4 -4 -3 -4 -3  2    9   0   0   0   1   0   0   1   0   6  65   0   1   2   1   0   0   0   0  15  0.91 0.39
  148 E    1  0 -2 -2 -3 -1  2 -1 -3 -2 -4  0 -3 -4 -3  2  5 -5 -4 -1   10   4   1   0   0   2  17   4   0   1   0   4   0   0   0  13  41   0   0   3  0.56 0.33
  149 E   -3 -3 -3 -2 -7  0  8 -5 -3 -6 -6 -2 -5 -7 -4 -3 -3 -6 -5 -4    1   0   0   0   0   2  96   0   0   0   0   0   0   0   0   0   1   0   0   1  2.16 0.71
  150 P   -2 -3 -3 -2 -4 -2 -2 -3 -3 -4 -4 -2 -3 -5  8 -2 -2 -5 -4 -3    0   0   0   0   0   0   0   0   0   0   0   0   0   0 100   0   0   0   0   0  2.34 0.14

                      K         Lambda
Standard Ungapped    0.1292     0.3117
Standard Gapped      0.0608     0.2670
PSI Ungapped         0.1990     0.3150
PSI Gapped           0.0608     0.2670
