
Last position-specific scoring matrix computed, weighted observed percentages rounded down, information per position, and relative weight of gapless real matches to pseudocounts
           A  R  N  D  C  Q  E  G  H  I  L  K  M  F  P  S  T  W  Y  V   A   R   N   D   C   Q   E   G   H   I   L   K   M   F   P   S   T   W   Y   V
    1 K   -4  7 -3 -4 -6 -1 -2 -5 -3 -5 -5  4 -4 -5 -4 -3 -3 -5 -4 -5    0  71   0   0   0   0   0   0   0   0   0  29   0   0   0   0   0   0   0   0  1.67 0.47
    2 P   -4 -5 -5 -5 -6 -4 -4 -5 -5 -6 -6 -4 -6 -7  9 -4 -4 -7 -6 -6    0   0   0   0   0   0   0   0   0   0   0   0   0   0 100   0   0   0   0   0  3.10 0.68
    3 G    6 -4 -2 -4 -3 -3 -3  3 -4 -4 -4 -3 -3 -2 -3  0 -1  0 -4 -3   69   0   2   0   0   0   0  20   0   0   0   0   0   2   0   2   3   2   0   0  0.97 0.39
    4 A   -2  7 -2 -4 -5  0 -2 -4  0 -5 -5  2 -4 -5 -4  1 -3  0 -4 -4    2  68   0   0   0   2   0   0   2   0   0  12   0   0   0  13   0   1   0   0  1.30 0.44
    5 M   -3 -6 -5 -6 10 -5 -6 -6 -2 -1 -3 -4  6 -4 -6 -4 -4 -5 -5 -3    0   0   0   0  71   0   0   0   1   2   0   1  24   0   0   0   0   0   0   0  2.54 0.64
    6 Y   -5 -5 -5 -2 -1 -4 -5 -6 -1 -4 -4 -5 -4  2 -6 -4 -5  1  9 -4    0   0   0   2   1   0   0   0   0   0   0   0   0   4   0   1   0   1  88   0  2.41 0.66
    7 R   -4  8 -3 -4 -6  0 -3 -4 -1 -5 -5  0 -4 -5 -5 -1  0 -5 -4 -5    0  85   0   0   0   2   0   1   1   0   0   2   0   0   0   4   5   0   0   0  1.74 0.54
    8 N   -2  1  1  0 -4  1 -1 -3  3 -3 -3  0 -2  1 -4 -2 -2  0  7 -3    2   9   7   4   0   6   4   1   7   0   1   7   0   4   0   0   2   0  44   1  0.73 0.31
    9 S   -3 -4 -4 -5  8  0 -4 -3 -2  4  1 -4 -1  1 -3 -2 -2 -2 -3  1    0   0   0   0  35   5   0   2   1  28  11   0   0   7   1   2   1   0   0   7  0.87 0.33
   10 S   -1  1  0  1 -4 -1  0 -2 -3 -3 -4  6 -3 -5 -3  2  0 -5 -4 -4    2   4   3   8   0   1   4   2   0   1   0  55   0   0   0  14   5   0   0   0  0.72 0.32
   11 K   -3  1  6 -1 -5  0 -2  2 -2 -5 -5  3 -4 -5 -4 -1 -1 -5 -4 -5    0   6  48   0   0   3   0  18   0   0   0  19   0   0   0   3   3   0   0   0  0.91 0.36
   12 P   -3  1 -3 -3 -5  1 -2 -4 -1 -4 -4  6 -1 -5  5 -2 -3 -5 -4 -4    0   7   0   0   0   5   0   0   1   0   0  57   2   0  26   0   0   0   0   0  1.14 0.40
   13 A    2 -4 -4 -4 -4 -3 -3 -3 -4 -4 -3 -3 -4 -5  7  0 -2 -5 -5 -3   22   0   0   0   0   0   0   1   0   0   2   0   0   0  62   7   2   0   0   1  1.53 0.45
   14 Y   -5 -5 -4 -6 -5 -4 -5 -6 -1 -4 -3 -5 -4  2 -6 -4 -4 -1  9 -4    0   0   1   0   0   0   0   0   0   0   1   0   0   6   0   0   1   0  90   0  2.50 0.66
   15 T   -3 -4 -3 -4 -3 -2 -3 -4 -1 -1 -3 -3 -3 -5  6 -2  5 -5 -4 -2    0   0   0   0   0   1   0   0   1   5   1   0   0   0  46   0  44   0   0   1  1.40 0.46
   16 R   -3  6 -3 -3 -5 -1 -2 -4 -3 -5 -5  6 -4 -5 -4 -3 -3 -5 -4 -5    0  44   0   0   0   0   0   0   0   0   0  53   0   0   0   0   0   0   0   0  1.46 0.48
   17 R   -2  4 -1 -2 -4 -1 -1 -3 -2 -4 -3  3 -3 -4 -1  5 -1 -5 -4 -4    0  23   1   0   0   0   2   0   1   0   3  16   0   0   2  51   1   0   0   0  0.76 0.36
   18 E   -3  5 -2  0 -3  0  4 -2  2 -5 -4  2 -4 -5 -2 -2 -3 -5 -3 -4    0  41   0   3   1   1  37   2   4   0   0   8   0   0   2   0   0   0   0   0  0.94 0.36
   19 Y   -4 -5 -5 -6 -5 -5 -5 -5 -2 -3 -3 -5 -3  7 -6 -4 -4 -1  8 -4    0   0   0   0   0   0   0   0   0   0   0   0   0  43   0   0   0   0  55   0  2.01 0.56
   20 I   -3 -5  1 -5  9 -4 -5 -5 -5  4 -2 -5  4 -3 -5 -4 -3 -5 -3  0    0   0   7   0  45   0   0   0   0  31   1   0  11   0   0   0   0   0   0   4  1.44 0.47
   21 S   -2  6 -2 -1 -5 -1 -2  1  3 -5 -4  1 -3 -5  0 -1  1 -5 -3 -4    1  51   0   2   0   0   0  13   9   0   0   7   0   0   6   2   9   0   0   0  0.83 0.35
   22 G   -1 -4 -3 -4 -5 -4 -4  7 -5 -6 -6 -2 -5 -6 -5 -1 -4 -5 -6 -6    3   0   0   0   0   0   0  90   0   0   0   3   0   0   0   3   0   0   0   0  1.89 0.54
   23 I    1 -5 -3 -5 -1 -4 -4 -5 -5  3 -1 -3 -2 -1 -4 -3 -2 -5 -3  6   10   0   1   0   1   0   0   0   0  12   0   1   0   2   0   0   0   0   0  71  1.07 0.42
   24 P   -4 -5 -5 -5 -6 -5 -4 -6 -6 -6 -3 -4 -6 -7  9 -4 -4 -7 -6 -6    0   0   0   0   0   0   0   0   0   0   3   0   0   0  97   0   0   0   0   0  2.99 0.76
   25 G   -2 -3  0  6 -5  1  0  3 -3 -5 -4 -3  0 -4 -1 -2 -2 -4  1 -3    2   0   3  48   0   8   3  20   0   0   0   0   3   0   3   1   1   0   6   1  0.81 0.35
   26 K    2 -4 -1 -3 -4 -3 -3 -3 -2 -1 -3 -2 -3 -5  6  3 -2 -5 -4 -1   17   0   2   0   0   0   0   0   1   3   2   2   0   0  45  22   1   0   0   4  1.02 0.38
   27 K   -3  2 -2 -3 -6  2 -2 -3 -3 -5 -4  7 -4 -6 -4 -3 -3 -5 -4 -5    0   9   1   0   0   6   0   1   0   0   1  81   0   0   0   0   0   0   0   0  1.54 0.54
   28 I   -4 -5 -5 -6 -4 -5 -6 -6 -6  7  0 -5 -1 -3 -5 -4 -3 -5 -4  2    0   0   0   0   0   0   0   0   0  82   3   0   0   0   0   1   1   0   0  12  1.58 0.52
   29 A    1  6 -2 -3 -3  0 -2 -3  0 -1 -3  1 -3 -4  0 -1  2 -4 -3  0   11  46   0   0   0   2   0   0   2   3   0   4   0   0   5   3  13   0   0   9  0.61 0.31
   30 Q   -3  0 -2 -4 -4  3 -2 -4  2  5 -1  2  1 -2 -4 -3 -1 -4 -2  0    0   4   1   0   0  18   0   0   6  47   2  13   2   1   0   0   3   0   0   1  0.61 0.34
   31 F   -5 -5 -5 -6 -5 -5 -5 -6  4 -3 -2 -5 -3  8 -6 -4 -5  2  6 -4    0   0   0   0   0   0   0   0   9   0   1   0   0  63   0   1   0   2  24   0  1.82 0.55
   32 D   -4 -2  0  7 -2 -1  1 -4 -1 -3 -5  0 -4 -5 -4 -3 -1 -6 -4 -1    0   1   3  68   1   3   8   0   1   2   0   4   0   0   0   0   4   0   0   6  1.26 0.45
   33 M   -2 -3 -4 -5 -1 -1 -4 -4 -3  1  4 -4  7 -1 -3 -2 -1 -4 -2  1    3   1   0   0   1   2   0   1   0   4  37   0  35   1   1   3   3   0   1   8  0.78 0.35
   34 G   -3 -5 -3 -3 -5 -4 -5  7 -5 -6 -6 -4 -5 -6 -5 -3 -4 -5 -6 -6    0   0   0   1   0   0   0  97   0   0   0   0   0   0   0   0   0   0   0   0  2.19 0.61
   35 N   -2  4  5  2 -4  0 -1 -3 -1 -4 -4  2 -1 -4 -3 -1 -1  0 -3 -3    2  22  36  10   0   3   1   0   0   0   1  15   2   0   0   2   2   1   0   1  0.67 0.31
   36 N   -2  2 -1 -3 -4  0 -1 -3 -2 -2 -1  5 -3 -3  2 -2  0 -4 -3 -1    2   9   2   0   0   4   0   0   0   1   7  53   0   1  10   1   6   0   0   4  0.67 0.32
   37 G   -1  2  0  0 -4  0 -1 -1  0 -4 -4  5 -3 -4 -3  1  0 -4 -3 -3    4   9   4   4   0   3   2   5   2   0   0  48   0   0   0  12   4   0   0   2  0.57 0.28
   38 A    5 -1 -3 -3 -2 -2 -3  2 -3 -3 -2 -2 -1 -4 -2  0 -1 -4 -3 -1   64   4   0   1   1   0   0  12   0   0   4   2   2   0   1   2   2   0   0   2  0.71 0.33
   39 G    0  0  1  1  0  0  0  0 -1 -2 -2  2 -1 -2 -1  1  1 -2 -2 -1    8   5   8  11   3   2   3   7   1   1   3  16   1   1   2  11  10   0   1   6  0.11 0.07
   40 P   -1 -2  0  5 -3  0  2 -2 -2 -2 -2  0 -2 -2  1 -1 -1 -3 -2  1    5   1   2  36   0   3  12   2   0   1   2   7   1   2   7   2   3   0   1  13  0.37 0.16
   41 T   -2 -2  0  6 -5  0  4 -3 -2 -4 -4 -1 -2 -5 -3 -1  0 -5 -4 -4    3   1   4  44   0   2  35   1   0   0   1   1   1   0   0   1   5   0   0   0  0.97 0.35
   42 Y   -4 -5 -5 -6 -5 -5 -5 -5 -3 -3  0 -5 -2  8 -5 -4 -4  1  5 -3    0   0   0   0   0   0   0   0   0   0   5   0   0  73   0   1   0   1  17   0  1.82 0.52
   43 P   -3 -4 -3  1 -5 -1  0 -4 -4 -5 -4 -3 -5 -6  8 -2 -2 -6 -5 -5    1   0   1   7   0   2   6   1   0   0   1   0   0   0  76   2   2   0   0   0  1.98 0.53
   44 A   -1 -3 -4 -4  2 -3 -3 -4 -2  2  3 -3  1  2 -4 -2 -1 -2  2  2    5   1   0   0   5   0   0   1   1   8  33   1   3   7   0   3   2   0   8  21  0.34 0.18
   45 Q   -1 -2 -3 -3  8  2  2 -4 -2 -1 -2  0  0 -4 -4 -2 -2 -4 -4  1    2   2   1   0  43  10  14   0   1   3   1   6   2   0   0   2   2   0   0   9  0.94 0.36
   46 V    0 -4 -4 -4 -1 -3 -4  0 -4  3  1 -3  1 -1 -4 -2 -1 -4 -2  4    7   0   0   0   1   0   0  10   0  19  12   0   4   1   0   2   1   0   1  39  0.43 0.22
   47 E   -2  1  1 -2 -4  0  0 -3  8 -4 -4  0 -3 -3 -4  2  0 -4  1 -4    1   7   7   1   0   2   5   0  47   0   0   4   0   0   0  17   5   0   3   1  0.98 0.36
   48 L   -3 -4 -3 -5 -2 -4 -5 -5 -4  1  5 -4  5 -2 -5 -4 -3 -4 -3  0    0   0   1   0   0   0   0   0   0   4  73   0  17   0   0   0   1   0   0   3  1.10 0.39
   49 V   -2 -1 -4 -5 -3 -3 -3 -5  0  3  0 -2 -1 -2 -4 -3 -2 -4  0  6    2   5   0   0   0   0   1   0   2  13   4   2   1   0   0   1   0   0   3  66  0.82 0.34
   50 V    2 -3 -1 -3 -1 -2 -2 -2 -3 -1 -2 -2 -2 -4 -2  5  1 -4 -3  2   13   0   2   0   1   1   0   1   0   2   3   0   0   0   1  55   4   0   0  15  0.61 0.32
   51 E   -2 -1  2  5 -4 -1  2 -2 -1 -2  0  1 -1 -3 -3 -1 -1  2 -2 -3    2   3   9  35   0   1  17   1   1   1  11   9   2   1   0   1   2   3   1   1  0.45 0.22
   52 K   -2 -2 -1  0 -6  2  7 -4 -2 -5 -5 -1 -4 -5 -3 -2 -3 -5 -4 -3    2   1   1   1   0   8  80   0   0   0   0   2   0   0   0   2   1   0   0   2  1.43 0.48
   53 P   -1  2 -1  0 -3 -1  0 -2  1 -2 -1  2 -2  0  1 -1 -1 -1  4 -2    6  12   3   6   0   1   5   2   4   2   5  14   0   2   8   3   2   0  24   1  0.26 0.17
   54 V   -2 -3 -3 -1  5  0  5  1 -3 -1 -3 -2  0 -4 -3 -2 -2 -4 -4  1    2   0   0   0  14   3  49  12   0   4   1   1   2   0   0   0   1   0   0  10  0.66 0.32
   55 Q   -4 -2  2 -3 -4  8 -1 -3  0 -4 -3 -2 -3 -5 -4 -3 -3 -5 -4 -5    0   0   9   0   0  80   0   1   2   1   3   0   0   0   0   0   0   0   0   0  1.67 0.60
   56 I   -3 -4 -5 -5 -3 -4 -5 -5 -5  6  3 -4  0 -1 -2 -4 -3 -4 -3  2    0   0   0   0   0   0   0   0   0  50  32   0   0   2   1   0   0   0   0   9  0.86 0.33
   57 R   -2  5 -2 -3 -3 -1 -2 -3 -3 -4 -4 -1 -3 -2 -2  5  0 -4 -2 -4    1  39   0   0   0   1   0   1   0   0   1   0   0   2   1  46   3   0   1   0  0.87 0.40
   58 H    0 -3 -1 -1 -4 -1 -1 -3  7 -4 -4 -2 -1 -4 -3  5 -2 -5 -2 -4    5   0   2   3   0   2   2   0  31   0   0   0   2   0   0  48   0   0   0   1  0.98 0.42
   59 N   -3 -2  4  0 -5  1  5  0 -2 -4 -4 -1 -2 -5 -3 -1  1 -5 -4 -4    0   0  19   1   0   4  50   7   0   1   0   1   1   0   0   1  10   0   0   0  0.75 0.35
   60 A    6 -4 -4 -4  0 -3 -3 -2 -4 -4 -4 -3 -3 -5 -3  1 -2 -5 -4 -2   85   0   0   0   1   0   0   0   0   0   0   0   0   0   0   8   0   0   0   1  1.29 0.50
   61 L   -4 -4 -6 -6 -4 -4 -5 -6 -5  0  6 -5  2 -2 -5 -5 -2 -4 -3 -1    0   0   0   0   0   0   0   0   0   3  88   0   4   0   0   0   1   0   0   0  1.32 0.46
   62 E   -4 -3 -3  0 -6 -1  7 -5 -3 -6 -6 -2 -5 -6 -4 -3 -4 -6 -5 -5    0   0   0   3   0   0  92   0   0   0   0   1   0   0   0   0   0   0   0   0  1.89 0.62
   63 A    6 -4 -4 -2 -3 -3 -3 -2 -4 -4 -4 -3 -3 -5 -3  1 -2 -5 -4 -3   86   0   0   2   0   0   0   0   0   0   0   0   0   0   0   8   1   0   0   0  1.29 0.51
   64 A    6 -4 -3 -4 -1 -3 -3  1 -4 -3 -4 -3 -2 -4 -3  1 -1 -5 -4 -1   72   0   0   0   1   0   0  10   0   1   0   0   0   0   0   8   1   0   0   2  0.93 0.41
   65 R   -4  8 -3 -4 -2 -2 -3 -5  1 -6 -4 -1 -4 -5 -5 -4 -4 -2 -4 -5    0  91   0   0   1   0   0   0   3   0   1   0   0   0   0   0   0   1   0   0  1.99 0.62
   66 V   -3 -4 -3 -5 -3 -1 -4 -5 -5  6  1 -4  1 -2 -5 -4 -2 -5 -3  3    0   0   1   0   0   4   0   0   0  59   9   0   2   0   0   0   1   0   0  20  0.93 0.37
   67 A    3 -3 -2 -4  7 -1 -3 -2 -2  0 -2 -3  2 -3 -3  2  0  1 -3 -1   24   0   2   0  30   3   0   1   1   5   0   0   6   0   0  15   4   2   0   3  0.65 0.30
   68 A    5 -4 -4 -4  4 -3 -3 -1 -4 -1 -2 -3  0 -4 -3  0 -1 -4 -4  0   64   0   0   0   9   0   0   3   0   4   2   0   3   0   0   5   1   0   0   6  0.75 0.36
   69 N   -4 -3  8 -2 -5 -3 -3 -3  2 -6 -3 -2 -5 -5 -5 -1 -2 -6 -1 -5    0   0  85   0   0   0   0   1   4   0   3   1   0   0   0   3   1   0   2   0  1.83 0.57
   70 R   -3  5 -3 -3 -6 -1 -2 -4 -1 -5 -5  7 -4 -6 -4 -2 -3 -5 -4 -5    0  29   0   0   0   0   0   0   1   0   0  69   0   0   0   1   0   0   0   0  1.50 0.50
   71 Y   -3 -1 -1 -5 -2 -1 -3 -5  3 -4 -3 -1  1  1 -5 -4 -1 -1  8 -3    2   2   3   0   1   2   1   0   7   0   1   4   4   2   0   0   4   0  65   1  1.36 0.48
   72 V   -3 -4 -5 -6 -3 -4 -5 -5 -4  1  4 -4  7 -2 -5 -4 -2 -4 -3  0    1   0   0   0   0   0   0   0   0   7  48   0  37   0   0   0   2   0   0   3  1.10 0.41
   73 Q    0 -2 -2 -3 -2  1 -1 -3 -3  2  0 -2  2 -2 -3  1  2 -4 -2  3    5   1   0   0   0   7   3   0   0  10   8   0   5   1   0  16  14   0   0  29  0.26 0.18
   74 N   -1  1  0 -2  2 -1 -1 -3 -3 -4 -4  6 -3 -5 -3  0  0 -5 -4 -3    3   4   4   1   4   0   2   1   0   0   0  69   0   0   0   5   6   0   0   1  0.99 0.40
   75 S    0  0  2  0 -3  0  0 -2  3 -2 -2  0  0  0 -2  2  2 -2  1 -1    9   4  10   4   0   2   7   1   9   1   1   6   3   5   0  16  16   0   5   3  0.17 0.13
   76 G    2 -3 -3 -4  7 -3 -4  0 -4  1  0 -3 -1 -2 -3 -1  0 -4 -3  2   25   1   0   0  26   0   0   9   0  10   6   0   1   1   0   3   4   0   0  14  0.53 0.24
   77 A    0 -4 -1 -3 -5 -4 -4  7 -4 -6 -6 -2 -3 -5 -4 -1 -2 -3 -5 -5    6   0   2   1   0   0   1  84   0   0   0   1   1   0   0   3   2   0   0   0  1.61 0.46
   78 A   -1  3 -1  2 -5  0  2 -3 -2 -4 -3  5 -3 -5 -2 -1 -1 -5 -4 -4    3  15   2  10   0   1  13   1   0   0   3  47   0   0   1   2   3   0   0   0  0.68 0.30
   79 A    0 -2  1  5 -4  0  1  0 -2 -2 -2 -1  0 -3 -2  1  0 -4 -3 -3    7   0   4  41   0   5   9   5   0   3   3   3   4   1   1   9   4   0   0   1  0.46 0.21
   80 N    1 -2  5 -1 -2  1 -2  3 -2 -4 -4 -1 -3 -3 -3  1 -1 -4 -3 -3   12   0  32   2   1   6   1  28   0   0   1   2   0   1   0  11   2   0   1   1  0.56 0.24
   81 Y   -4 -4 -5 -5 -5 -4 -5 -5 -2 -3 -2 -5 -3  8 -5 -4 -4 -1  7 -3    0   0   0   0   0   0   0   0   0   0   0   0   0  58   0   0   0   0  37   0  1.84 0.51
   82 K   -2 -1 -2 -4 -5 -2 -3 -4  9 -4 -3  1 -3  2 -4 -3 -3 -2  3 -4    3   2   0   0   0   0   0   0  62   0   1  10   0   8   0   0   1   1   9   1  1.55 0.47
   83 F   -2 -4 -4 -4 -3 -3 -4 -4 -4  3  4 -4  4  3 -4 -2 -2 -3  0  0    1   0   0   0   0   0   0   1   0  22  42   0  15  12   0   2   1   0   2   1  0.65 0.26
   84 R   -3  6 -2 -3 -4  2 -2 -4 -1 -1 -3  3 -3 -3 -3 -1 -2  1 -2 -2    0  51   1   0   0   7   0   0   1   4   1  22   0   1   0   3   1   2   1   3  0.87 0.33
   85 I   -2 -2 -4 -4 -1 -3 -4 -5 -4  4  2 -4  3 -2 -4 -3 -2 -4 -3  4    0   2   0   0   1   0   0   0   0  28  17   0   7   0   0   0   1   0   0  40  0.71 0.28
   86 R   -3  7  0 -3 -2 -1 -2 -4  0 -3 -2  1 -3 -4 -3 -3 -1  3 -3 -3    1  69   5   0   1   1   1   0   2   1   4   4   0   0   1   0   4   4   0   1  1.13 0.40
   87 K    0 -1 -3 -3 -1 -2 -2 -3 -3  1  2  2  1 -1 -1 -1  0 -3 -2  3    6   1   0   0   1   1   1   0   0   5  21  16   2   3   3   2   5   0   0  32  0.23 0.16
   88 F   -4 -2 -3 -4 -5 -2 -3 -5  8 -3 -4 -3 -3  3 -5 -3 -4 -2  6 -3    0   1   0   0   0   1   0   0  47   1   0   0   0  12   0   0   0   0  33   2  1.64 0.48
   89 P   -3 -5 -4 -4 -5 -4 -4 -5 -2 -5 -5 -4 -5 -6  9 -3 -2 -6 -5 -3    0   0   0   0   0   0   0   0   1   0   0   0   0   0  92   0   2   0   0   2  2.64 0.62
   90 F   -4 -3 -3 -4 -5 -3 -4 -5  8 -3 -1 -4 -3  7 -5 -3 -4  1  3 -4    0   0   0   0   0   0   0   0  39   1   4   0   0  44   0   1   0   2   7   0  1.50 0.45
   91 H   -4 -3 -1 -3 -5  3 -1 -4 10 -4 -5 -3 -4 -4 -2 -3 -4 -5 -1 -3    0   0   2   0   0  14   3   0  70   1   0   0   0   0   2   0   0   0   1   2  1.91 0.55
   92 V   -2 -4 -5 -5 -2 -4 -4 -5 -5  3 -1 -4 -1 -3 -4 -3 -2 -5 -3  6    0   0   0   0   1   0   0   0   0  13   1   0   0   0   0   2   1   0   0  80  1.25 0.43
   93 I   -3 -4 -4 -5 -2 -4 -4 -5 -4  4  4 -4  1 -1 -4 -4 -2 -4 -3  1    0   0   1   0   0   0   0   0   0  34  49   0   3   1   0   0   2   0   0   8  0.80 0.29
   94 R   -4  8 -3 -4 -2  0 -3 -5  1 -5 -4  0 -4 -5 -4 -3 -4 -5 -4 -5    0  90   0   0   1   2   0   0   3   0   1   0   0   0   0   0   0   0   0   0  1.92 0.56
   95 E   -3  0 -1 -2 -4 -1  5 -5 -2  5 -2 -2 -1 -3 -4 -3 -3 -5 -4 -1    1   5   3   0   0   0  42   0   0  45   0   0   1   0   0   0   0   0   0   1  0.85 0.38
   96 N   -4 -3  8 -1 -5 -3 -3 -3  4 -5 -1 -3 -4 -5 -5 -1 -3 -6 -4 -5    0   0  80   1   0   0   0   0  10   0   6   0   0   0   0   3   0   0   0   0  1.74 0.56
   97 K   -3  0 -3 -3 -6  3 -2 -2 -3 -5 -5  7 -4 -6 -4 -3 -3 -6 -4 -5    0   1   0   0   0  11   0   3   0   0   0  85   0   0   0   0   0   0   0   0  1.62 0.55
   98 D   -2 -2  0  3 -3  2  1 -3 -3 -3 -3 -2  0 -4 -3  1  5 -4 -4 -3    1   0   2  18   0  10   9   1   0   0   0   0   2   0   0   8  49   0   0   0  0.70 0.32
   99 G   -2 -5 -3 -3 -5 -4 -5  7 -5 -6 -6 -4 -2 -6 -5 -3 -4 -5 -6 -6    0   0   0   1   0   0   0  97   0   0   0   0   2   0   0   0   0   0   0   0  2.09 0.54
  100 M   -4 -5 -5 -6 -5 -4 -5 -6 -5 -1  0 -5 11 -3 -6 -5 -3 -5 -4 -2    0   0   0   0   0   0   0   0   0   1   2   0  96   0   0   0   1   0   0   0  2.74 0.75
  101 R   -4  8 -3 -4 -3  0 -1 -5 -1 -6 -5  0 -4 -5 -5 -2 -4  0 -4 -5    0  91   0   0   1   2   2   0   1   0   0   0   0   0   0   3   0   2   0   0  1.92 0.56
  102 A   -1  0 -1 -1  1  1 -2  5  1 -3  1 -1 -1 -3 -4 -1 -3 -4 -3 -3    4   6   2   2   4   8   0  48   4   0  16   2   2   0   0   2   0   0   0   0  0.52 0.23
  103 P    6 -3 -2 -4 -3 -3 -2 -2 -4 -4 -4 -3 -3 -5  0  2 -1 -5 -4 -3   77   0   1   0   0   0   1   0   0   0   0   0   0   0   4  16   1   0   0   0  1.10 0.42
  104 F   -4 -5 -5 -6 -2 -5 -6 -3 -3 -3 -2 -5 -3  8 -6 -3 -4  4  3 -2    0   0   0   0   1   0   0   3   0   0   1   0   0  79   0   2   0   5   9   1  1.82 0.50
  105 G   -1 -2 -3 -4 -5 -4 -5  7 -5 -6 -6 -4 -5 -6 -5 -3 -4 -5 -6 -6    3   2   0   0   0   0   0  95   0   0   0   0   0   0   0   0   0   0   0   0  1.99 0.51
  106 K   -3  1 -2 -1 -5 -1 -1 -4 -3 -5 -5  7 -2 -6 -3 -1 -1 -6 -4 -3    0   3   0   3   0   0   0   0   0   0   0  87   1   0   0   3   3   0   0   2  1.49 0.50
  107 P    0 -2 -1 -4 -3 -3 -3 -4 -4 -2 -5 -3 -4 -6  8 -1 -2 -6 -5 -3    9   3   3   0   1   0   0   0   0   2   0   0   0   0  75   4   1   0   0   2  1.89 0.48
  108 V   -1 -2  0 -3 -2  5  0 -4 -1  1  0 -2  0 -2 -3 -2 -1 -1  1  3    4   0   5   0   0  32   3   0   1  10   5   0   2   0   1   1   2   1   5  29  0.40 0.25
  109 G   -2 -5 -3 -3 -5 -2 -4  7 -4 -6 -6 -4 -5 -6 -4 -1 -4 -5 -5 -6    0   0   0   0   0   2   1  92   0   0   0   0   0   0   0   5   0   0   0   0  1.87 0.49
  110 T   -2  1 -2 -3 -3 -2 -3 -4 -4 -1  1 -1 -2 -3 -3 -1  6 -4 -4  0    1   8   1   0   0   0   0   0   0   2  13   3   0   0   0   2  65   0   0   5  0.85 0.37
  111 A    4 -4 -4 -4  4 -3 -3 -3 -4  0 -2 -3 -2 -4 -3 -2 -1 -5 -4  4   48   0   0   0   9   0   1   1   0   1   0   0   0   0   0   0   2   0   0  39  0.79 0.35
  112 A    7 -4 -4 -4 -1 -3 -3 -2 -4 -3 -4 -3 -3 -5 -3 -1 -2 -5 -4 -2   95   0   0   0   1   0   0   1   0   1   0   0   0   0   0   1   1   0   0   1  1.45 0.49
  113 R   -4  8 -2 -4 -6  0 -3 -5 -3 -2 -4  0 -4 -5 -5 -3 -3 -5 -4 -4    0  89   0   0   0   2   0   0   0   3   1   2   0   0   0   1   1   0   0   1  1.77 0.52
  114 V   -2 -5 -5 -5 -2 -4 -5 -5 -5  3 -1 -5 -1 -3 -5 -3 -2 -5 -3  7    1   0   0   0   1   0   0   0   0  10   2   0   1   0   0   1   0   0   0  84  1.30 0.43
  115 H   -1  1  2  1 -3  0  1 -2  6 -3 -3  2 -2 -1 -2  0 -1 -3  1 -3    4   5  10   8   0   3   9   1  25   0   1  14   0   2   1   5   3   0   5   1  0.42 0.20
  116 G    0  0 -3 -3 -3 -2 -2 -2 -3  5 -1  1  1 -1  2 -1 -2 -4 -2  0    9   5   0   0   0   1   1   2   0  44   0  12   3   2  11   3   1   0   1   3  0.37 0.23
  117 A   -1 -3  2  0 -3 -2 -2  6 -3 -5 -4 -3 -3 -4 -4  0 -3 -5 -3 -5    2   0  11   4   0   1   1  71   0   0   2   0   1   0   0   5   0   0   1   0  1.21 0.38
  118 N   -3 -1 -1  1 -5  8  1 -2 -2 -5 -5 -1 -2 -6 -4 -2 -1 -5 -3 -5    0   1   2   9   0  71   6   3   0   0   0   2   1   0   0   2   3   0   1   0  1.36 0.49
  119 H   -1  1 -2 -1 -1 -1 -1 -3  0  2 -1  1 -1 -1  2 -1  0 -4 -2  3    4   8   0   3   1   1   2   1   2  13   1  14   1   3  12   2   4   0   0  28  0.20 0.15
  120 I   -3 -5 -5 -3 -3 -4 -5 -6 -5  6  2 -5  0 -1 -5 -4 -3 -4 -2  3    0   0   0   1   0   0   0   0   0  57  21   0   1   1   0   0   0   0   1  16  0.98 0.35
  121 F   -3 -4 -5 -5 -4 -4 -5 -5 -4  3  2 -4  7  4 -5 -4 -2 -3 -1  0    0   0   0   0   0   0   0   0   0  15  21   0  38  21   0   0   1   0   1   2  1.00 0.37
  122 I   -1 -3 -2 -2 -3 -2 -1 -3 -2  0 -2 -2  0 -3 -2  5  3 -4  0 -1    1   0   0   0   0   0   3   0   0   5   3   0   3   0   1  56  21   0   3   4  0.69 0.35
  123 A    0 -4 -5 -5 -1 -4 -4 -3 -5  5  0 -4  1 -2 -4 -2 -2 -4 -3  4    8   0   0   0   1   0   0   2   0  39   4   0   3   0   0   3   0   0   0  39  0.76 0.31
  124 W   -3  6 -3 -4 -1  0  0 -3 -2 -3 -3  1 -2 -2 -4 -2 -3  6  2 -2    1  56   0   0   1   3   4   1   0   1   2   7   0   1   0   2   0  10   7   2  0.98 0.38
  125 V   -1  0 -2 -3  6 -3 -3 -3 -3 -1 -1 -2 -2 -1 -3  1  4 -4 -3  2    4   7   0   0  18   0   0   1   0   2   6   2   0   2   0  10  30   0   0  19  0.49 0.26
  126 N   -2  1  3  1 -2  2  0 -3 -1 -3 -4  4 -3 -4 -2  1  1 -4 -3 -2    1   6  14   6   1   8   4   0   1   0   0  37   0   0   1   9   8   0   0   3  0.47 0.24
  127 P   -1 -1  4  2 -4 -1  1 -2  1 -4 -4  2 -3 -4  3 -1 -1 -5 -3 -1    3   2  25  14   0   0   9   1   3   0   0  16   0   0  17   2   1   0   0   6  0.52 0.24
  128 D    0  0  0  2 -4  2  3 -3 -2 -4 -3  4 -3 -5 -3  0 -2 -5 -4 -3    8   3   4  11   0  11  22   0   0   1   1  33   0   0   0   6   1   0   0   1  0.54 0.25
  129 P    2 -1  1  2 -4  0  4 -3  2 -4 -3  2 -3 -4  2 -1 -2 -5 -2 -3   18   1   5  14   0   2  28   0   5   0   1  12   0   0   9   2   1   0   1   1  0.44 0.23
  130 N    2 -1  0 -1 -4  1 -1 -3  8 -3 -3  0 -3  0 -3 -1 -1 -4 -1 -1   20   2   5   3   0   7   2   0  39   1   1   7   0   4   0   2   2   0   1   4  0.71 0.32
  131 V    5 -3 -4 -4 -2 -3 -4 -2 -4  1 -2 -3  0 -3 -4 -2 -2 -5 -4  4   51   0   0   0   0   0   0   2   0   5   2   0   2   0   0   1   0   0   0  37  0.82 0.37
  132 E   -3  0 -3 -3 -1  0 -1 -4 -2  4 -1  4  0 -3 -4 -3 -1 -5 -3  1    0   3   0   0   1   4   2   0   1  30   4  39   2   0   0   0   2   0   0  11  0.56 0.30
  133 E   -2 -2 -1  2 -6 -1  7 -4 -3 -5 -5  1 -3 -2 -4 -3 -3 -5 -4 -3    2   0   3   9   0   1  73   0   0   0   1   8   0   2   0   0   0   0   0   1  1.33 0.48
  134 A    7 -4 -4 -5 -3 -4 -4 -1 -4 -4 -4 -4 -4 -5 -4  0 -3 -5 -5 -3   93   0   0   0   0   0   0   3   0   0   0   0   0   0   0   3   0   0   0   0  1.63 0.57
  135 W   -4 -5 -6 -6 -2 -5 -5 -6 -5 -1  6 -5  1  2 -5 -5 -4  1 -2 -2    0   0   0   0   1   0   0   0   0   1  84   0   2   9   0   0   0   2   1   0  1.31 0.46
  136 R   -4  7 -2 -4  0 -1 -2 -5  2 -5 -4  2 -4 -5 -5 -3 -2  2 -1 -5    0  69   1   0   2   1   1   0   5   0   1  11   0   0   0   1   1   3   2   0  1.38 0.48
  137 R   -4  8 -3 -4 -6 -1 -2 -3  0 -2 -4  1 -3 -5 -5 -3 -3 -5 -4 -2    0  80   0   0   0   1   0   2   2   2   1   7   0   0   0   1   0   0   0   2  1.61 0.53
  138 A    6 -4 -4 -4  2 -3 -3  0 -4 -4 -4 -3 -4 -5 -3  1 -2 -5 -4 -3   83   0   0   0   3   0   0   5   0   0   0   0   0   0   0   9   0   0   0   0  1.32 0.50
  139 K    1  1 -2 -3  0  0 -2  0 -2 -4 -4  5  0 -3 -3  2 -2 -4  2 -3   12   5   1   0   3   3   0   7   0   0   0  44   3   0   0  14   0   0   8   0  0.54 0.29
  140 M   -3 -4  1 -4 -4 -1 -4 -4  2 -1 -2 -3  4  6 -5  0 -3 -2  4 -2    1   0   8   0   0   3   0   0   6   2   0   1  14  36   0  10   0   0  17   1  0.81 0.35
  141 K   -4 -1 -3 -4 -6 -2 -2 -5 -4 -6 -6  8 -5 -6 -4 -3 -4 -6 -5 -5    0   0   0   0   0   0   0   0   0   0   0 100   0   0   0   0   0   0   0   0  2.20 0.67
  142 V   -4 -5 -5 -6 -4 -5 -5 -6 -4  2  3 -5  1  7 -6 -5 -4 -2  0  0    0   0   0   0   0   0   0   0   0  10  28   0   3  54   0   0   0   0   1   4  1.24 0.41
  143 T   -2 -5 -4 -4 -6 -4 -4 -4 -3 -6 -5 -4 -5 -6  8  0 -1 -7 -6 -5    3   0   0   0   0   0   0   1   0   0   1   0   0   0  84   7   4   0   0   0  2.39 0.62
  144 P   -1 -4 -2 -3 -1 -3 -4  5 -1 -2 -1 -3 -2 -3  1  0  1 -3 -4 -1    1   0   0   0   2   0   0  53   2   1   9   0   1   1   8   6  12   0   0   4  0.72 0.30
  145 T   -3  5 -2 -2 -2  0 -2 -4  0 -4 -4  1 -4 -3  5 -2 -1 -5 -4 -4    1  43   1   2   1   4   0   0   2   1   1   8   0   1  31   1   4   0   0   0  1.06 0.38
  146 I   -2 -3 -3 -4  6  7 -2 -4 -2 -2 -4 -2 -1 -4 -3 -1  2 -5 -1 -1    2   0   0   0  21  52   0   0   0   2   0   1   1   0   1   3  12   0   2   4  1.16 0.47
  147 N   -3  4 -1 -2 -5  0  0 -4 -1 -2 -3  5  0 -3 -4 -2 -1 -5  0 -3    0  26   2   1   0   2   4   0   1   3   1  49   2   1   0   1   4   0   3   1  0.84 0.35
  148 I   -4 -6 -6 -6 -4 -5 -6 -6 -6  7  0 -5 -1 -3 -5 -5 -3 -5 -1  3    0   0   0   0   0   0   0   0   0  80   3   0   1   0   0   0   0   0   2  15  1.58 0.50
  149 D   -2  0 -2  0 -3  0  0 -4  4  2 -1 -1 -1  0 -4 -2 -1 -3  1  3    2   6   1   6   0   5   6   0  14  17   1   2   0   4   0   1   2   0   5  29  0.29 0.20
  150 S   -3 -4 -5 -3 -3 -4 -2 -5 -5  5  0 -3 -1 -2 -4 -2 -2 -5 -3  5    0   0   0   1   0   0   2   0   0  36   2   1   0   0   0   2   1   0   0  51  0.99 0.38
  151 S   -2 -2 -2 -1 -4 -2  3 -3 -2 -3 -4 -2 -4 -3 -3  5  0 -5 -1 -1    0   2   0   2   0   0  20   0   0   2   1   1   0   0   0  61   4   0   2   5  0.83 0.40
  152 P   -2 -1 -2  2 -4  0  3 -3 -2 -4 -4  1 -3 -5  6 -1 -1 -5 -4 -4    1   3   0  14   0   2  26   0   0   0   0  11   0   0  41   0   3   0   0   0  0.95 0.19
  153 A    1  0  0 -1 -3 -1 -1  3 -2 -2 -1  3 -2 -3 -1  0 -1 -4 -3 -1   18   2   3   2   0   0   0  26   0   0   7  35   0   0   2   2   0   0   0   4  0.31 0.11
  154 G    2 -1  0  0 -2  0  0  3 -2 -3 -3  1 -2 -3  0  1  0 -3 -3 -2   28   0   2   5   0   5   5  31   0   0   0  13   0   0   2   6   4   0   0   0  0.33 0.07
  155 N   -1 -1  4  3 -3 -1  0  2 -1 -4 -4  0 -3 -4 -2  0  0 -4 -3 -3    4   0  31  25   0   0   3  21   0   0   0   8   0   0   0   4   4   0   0   0  0.46 0.06
  156 A    4 -2 -2 -2 -1 -1 -1  3 -2 -2 -2 -1 -2 -3 -1  1 -1 -3 -2 -1   75   0   0   0   0   0   0  25   0   0   0   0   0   0   0   0   0   0   0   0  0.48 0.04

                      K         Lambda
Standard Ungapped    0.1325     0.3171
Standard Gapped      0.0587     0.2670
PSI Ungapped         0.1914     0.3125
PSI Gapped           0.0587     0.2670
