
Last position-specific scoring matrix computed, weighted observed percentages rounded down, information per position, and relative weight of gapless real matches to pseudocounts
           A  R  N  D  C  Q  E  G  H  I  L  K  M  F  P  S  T  W  Y  V   A   R   N   D   C   Q   E   G   H   I   L   K   M   F   P   S   T   W   Y   V
    1 K   -1  2 -1 -1 -4  4  1 -2 -1 -3 -3  4 -1 -4 -2 -1 -1 -3 -2 -3    0   7   0   0   0  35   0   0   0   0   0  58   0   0   0   0   0   0   0   0  0.62 0.07
    2 T   -1 -1  3 -3 -3  0 -3 -3 -3 -2 -1 -2  7 -3 -3  2  2 -4 -3 -2    2   2  15   0   0   3   0   0   0   0   0   0  44   0   0  18  16   0   0   0  0.76 0.35
    3 T    3 -2  0 -3 -3  1 -2 -2 -2 -3 -3  0 -3 -4 -3  4  2 -4 -3  0   30   0   3   0   0   8   0   1   0   0   0   4   0   0   0  36  10   0   0   7  0.53 0.31
    4 R    0  4 -1 -3 -4  1 -2 -2 -1 -2 -2  3 -2 -4 -3 -1  2 -4 -3  1    7  25   2   0   0   5   0   2   1   0   1  26   0   0   0   3  15   0   0  13  0.45 0.27
    5 A   -2  1  0 -4 -5  5 -2 -4 -3 -2 -3  0 -3 -3 -4 -2 -1 10 -2 -4    3   9   4   0   0  28   0   0   0   3   1   6   0   0   0   2   5  37   0   0  1.39 0.51
    6 I   -4 -4 -5 -4 -1 -2 -5 -6 -3  4  1 -4  6  1 -5 -4 -3 -3  5  1    0   0   0   1   1   1   0   0   0  30   9   0  23   4   0   0   0   0  23   7  0.95 0.44
    7 N    4 -4  1 -2 -3 -3 -2 -2 -4 -4 -5 -3 -4 -5  0  5 -1 -5 -4 -3   39   0   6   1   0   0   1   1   0   0   0   0   0   0   4  45   2   0   0   1  0.92 0.48
    8 K   -2 -1  0  2 -4 -1 -1 -1 -3  2 -2  4 -1 -4 -3 -1  0 -3 -4  0    1   1   3  12   0   2   2   4   0  16   2  39   1   0   0   2   5   0   0   8  0.43 0.30
    9 K   -3  0 -3 -2 -5 -1  3 -2 -3 -3 -4  6 -4 -4 -3 -1 -2 -5  0 -2    0   4   0   0   0   1  23   3   0   2   0  54   0   0   1   3   1   0   4   3  0.97 0.49
   10 K   -2  6 -1 -3 -4  0 -2 -3  1 -5 -4  5 -3 -5 -4 -2 -3 -3 -4 -5    2  45   2   1   0   2   1   1   3   0   1  38   0   0   0   2   0   0   0   0  1.25 0.54
   11 K   -3  1  1  2 -5  1  0 -4 -1 -4 -4  5 -1 -4 -4 -2 -1 -5  1 -4    1   7   7  13   0   6   3   0   1   0   0  49   1   0   0   1   4   0   6   1  0.82 0.44
   12 F   -4 -6 -6 -7 -3 -6 -6 -7 -3  1 -1 -6 -1  8 -7 -6 -5 -3  3 -1    1   0   0   0   0   0   0   0   0   9   4   0   1  73   0   0   0   0   9   3  2.00 0.71
   13 V    1 -5 -4 -4 -3 -4 -4  0 -5  4  1 -4  0 -3 -5 -1 -2 -5 -4  5   10   0   0   1   0   0   0   7   0  23   9   0   1   0   0   4   1   0   0  44  0.71 0.39
   14 A    3  0  2  2 -4  2  2 -1 -1 -3 -4  1 -3 -5 -3  0  0 -5 -4 -3   28   3  10  12   0   9  12   2   1   1   0  10   0   0   0   5   5   0   0   1  0.38 0.27
   15 D   -3 -1  2  5 -5  1  2 -4 -3 -4 -1  0 -3 -1 -4 -2  0 -5  1 -4    1   4   9  42   0   6  13   0   0   0   8   4   0   2   0   0   5   0   5   0  0.72 0.39
   16 G   -1 -2  2 -3 -1 -4 -4  6 -4 -4  2 -2 -3 -4 -5 -1 -3 -5 -3 -4    3   2  10   0   1   0   0  56   0   0  21   2   0   0   0   4   0   0   1   0  0.99 0.48
   17 V   -2 -4 -3 -5 -1 -3 -4 -5  1  3  2 -1  3 -1 -5 -4 -2 -4  0  5    1   0   1   0   1   1   0   0   5  18  17   4   7   2   0   0   0   0   2  41  0.69 0.37
   18 F   -2  0 -1 -3 -5  0  3 -4 -3  0 -1  2  1  5 -4 -2 -1 -3 -1 -1    2   5   3   0   0   3  19   0   0   5   4  13   3  34   0   2   3   0   1   4  0.53 0.34
   19 N   -3  3  0  4 -5  0  0 -4  0 -5 -4  4 -2  1 -4 -3 -3 -4  4 -4    0  14   4  22   0   2   5   0   1   0   0  28   1   6   0   0   0   0  15   0  0.72 0.41
   20 A    4 -3 -2 -4 -3 -1 -3 -3  0 -1  0 -3  1 -2 -2  0  0  1  0  1   47   0   2   0   0   2   0   0   2   3   9   0   3   1   1   4   6   2   4  11  0.47 0.34
   21 E   -3  0 -1 -2 -6  1  5 -4 -3 -4  0  3  3 -5 -4 -2 -3 -5 -4 -4    1   5   2   0   0   4  49   0   0   0  10  18   7   0   0   1   0   0   0   0  0.90 0.49
   22 L   -4 -5 -6 -6 -4 -5 -6 -6 -6  5  5 -5  1 -3 -5 -5 -3 -3 -4  3    0   0   0   0   0   0   0   0   0  30  50   0   2   0   0   0   0   0   0  16  1.16 0.49
   23 H   -4  4  5  3 -6 -2 -1 -3  2 -5 -5  2 -4 -3 -4 -2 -2 -6 -1 -5    0  21  35  18   0   0   2   1   4   0   0  11   0   1   0   2   1   0   2   0  0.91 0.47
   24 S   -4 -2 -1  1 -4 -1  7 -5 -4 -7 -6  1 -6 -7 -5 -2 -3 -7 -6 -6    0   1   2   6   0   1  78   0   0   0   0   8   0   0   0   2   1   0   0   0  1.76 0.74
   25 F   -5 -6 -6 -7 -6 -6 -6 -7 -1 -3  1 -6  1  7 -7 -6 -5  1  6 -2    0   0   0   0   0   0   0   0   1   1  10   0   3  55   0   0   0   1  27   2  1.84 0.69
   26 F   -5 -4 -6 -7 -2 -5 -6 -7 -5  1  5 -6  0  5 -6 -5 -4 -4 -2  0    0   1   0   0   1   0   0   0   0   8  59   0   1  25   0   0   0   0   0   4  1.26 0.54
   27 S    1  1  0 -1 -1  1  1 -2 -3 -3 -2  3  0 -3 -3  1  3 -4 -3 -2   11   5   3   2   1   6   9   2   0   0   4  20   3   1   0   8  23   0   0   1  0.30 0.25
   28 K   -3  5 -1 -1 -4  1  1 -4 -1 -3 -5  5 -4 -5 -4 -2 -2  2 -1 -4    2  32   2   3   0   4   9   0   1   1   0  37   0   0   0   1   1   3   2   0  0.93 0.47
   29 S   -1  0 -1 -2 -1  1  6 -5 -3 -3 -3  3 -4 -3 -4 -2 -2 -5 -1 -4    4   3   2   0   1   5  54   0   0   1   3  17   0   1   0   2   2   0   3   1  0.92 0.50
   30 L   -4 -5 -4 -6 -3 -5 -6 -6 -5  0  6 -5  0  2 -6 -4 -1 -4 -1  0    1   0   1   0   0   0   0   0   0   2  72   0   1   9   0   1   4   0   2   7  1.16 0.52
   31 Q    3  0 -2 -1 -2  0  1 -1 -1 -1 -3  2 -2 -1 -2  0 -1 -2  3 -1   33   4   1   3   0   4   8   4   1   3   0  12   1   2   1   7   2   0  12   4  0.28 0.25
   32 D   -1  3  1  2 -5  1  4 -2  0 -3 -4  1 -2 -5 -2  0 -1 -5 -3 -4    5  16   7  11   0   4  34   2   2   1   0   7   1   0   1   5   3   0   0   1  0.56 0.33
   33 A    5 -4 -1  3 -4 -1  3 -2 -3 -5 -4 -3 -4 -5 -4 -1 -3 -5 -1 -3   49   0   2  20   0   2  19   1   0   0   1   0   0   0   0   3   0   0   2   1  0.88 0.49
   34 G   -2 -3 -2 -4  1 -2 -2  7 -5 -4 -7 -5 -6 -4 -5 -1 -3 -6 -6 -6    2   2   1   0   3   2   3  81   0   1   0   0   0   1   0   4   1   0   0   0  1.74 0.67
   35 Y   -5 -6 -6 -7 -2 -5 -6 -7 -3  2 -3 -6 -4  4 -7 -5 -5 -2  8  1    0   0   0   0   1   0   0   0   0  11   1   0   0  16   0   0   0   0  62  10  1.95 0.74
   36 A    2 -4 -2 -2 -4 -3 -3  3 -2 -3 -5 -3 -4 -5 -1  5 -2 -5 -5 -2   19   0   1   1   0   0   0  22   1   1   0   0   0   0   2  50   1   0   0   2  0.92 0.51
   37 G   -2  2 -1 -1 -5 -2 -4  6  1 -6 -6  1 -5 -6 -5 -1 -3 -5 -4 -6    1  10   2   4   0   1   0  63   4   0   0   9   0   0   0   4   1   0   0   0  1.20 0.52
   38 I   -2 -5 -5 -5  3 -4 -5 -5 -5  4  0 -5  5 -1 -5 -1 -2 -5 -4  5    1   0   0   0   5   0   0   0   0  20   7   0  15   1   0   4   1   0   0  44  0.93 0.46
   39 E   -4 -2 -2  3 -6  1  6 -5 -1 -3 -5 -1 -3 -6 -4 -1 -2 -6 -5 -3    0   1   1  15   0   5  62   0   1   2   1   2   1   0   0   5   2   0   0   2  1.21 0.57
   40 V   -3 -5 -5 -5 -3 -4 -5 -5 -2  6  1 -4  1  0 -5 -4 -2 -4 -1  4    0   0   0   0   0   0   0   0   1  43  12   0   3   3   0   0   1   0   2  31  1.00 0.43
   41 R   -1  5  0 -2 -1  3  3 -4 -1 -2 -2  2 -3 -2 -3 -1 -2 -4 -2 -2    4  33   4   1   2  11  17   0   1   3   3  11   0   2   0   2   2   0   1   2  0.55 0.32
   42 R   -2  5 -3 -4 -4  0 -1 -4 -1 -1 -2  3  0 -3 -2 -2 -1 -5 -3  2    2  39   0   0   0   4   2   1   1   2   3  16   3   1   2   1   2   0   0  20  0.65 0.38
   43 T    0 -4  0 -2 -4 -2 -2 -3  0 -4 -3 -3 -2 -3  0  0  6 -5 -1 -2    8   0   4   2   0   1   1   1   2   0   1   1   1   1   5   5  61   0   2   2  0.98 0.52
   44 P    2 -2 -3 -4 -5  0  0 -2  1 -4 -4 -3 -4 -5  7 -1 -2 -6 -5 -3   15   2   1   0   0   3   5   3   3   1   1   1   0   0  56   5   2   0   0   1  1.32 0.54
   45 T   -1 -1  2 -1 -3 -1 -1 -3 -2  1  1  1  4 -2 -3  0  3 -4 -2  0    5   2  10   4   0   2   2   1   1   7  13   9  14   1   0   4  20   0   0   5  0.21 0.21
   46 K   -2  4 -1 -3 -3 -1 -3  4 -2 -4 -4  2 -4 -3  1 -1 -2 -4 -2 -3    1  30   3   1   1   1   0  30   1   1   1  13   0   1   8   5   1   0   1   2  0.66 0.36
   47 T   -1 -4 -3 -3 -1 -4 -4 -4 -2  2 -1 -4 -1 -3 -4 -2  6 -5 -2  1    5   0   0   1   1   0   0   0   1  13   4   0   1   1   0   1  58   0   1  11  0.98 0.51
   48 E   -3  4  0  0 -1  3  4 -4 -1 -3 -4  3 -1 -3 -3 -2 -1 -4 -3 -4    1  20   4   3   2  11  32   0   1   2   0  16   2   1   0   1   2   0   1   0  0.67 0.37
   49 I   -3 -5 -6 -6 -4 -5 -5 -6 -6  7 -1 -5 -2 -3 -5 -5 -3 -5 -4  4    1   0   0   0   0   0   0   0   0  63   3   0   0   1   0   0   1   0   0  29  1.53 0.59
   50 R   -3 -1  0 -4 -3 -3 -3 -5 -2  5 -1 -4 -1 -2 -4 -1  4 -5 -2  2    1   3   4   0   0   1   1   0   1  44   1   0   1   1   0   3  25   0   1  12  0.77 0.42
   51 I   -3 -5 -6 -6 -4 -5 -5 -6 -6  7  2 -5  0 -3 -5 -5 -3 -5 -4  2    1   0   0   0   0   0   0   0   0  63  20   0   1   0   0   0   0   0   0  12  1.37 0.54
   52 K   -3  3 -2 -2 -4  0 -2 -4  4 -2  0  2  0  1 -4 -2 -3  2  4 -3    1  18   1   1   0   2   1   0  13   2   9  16   3   6   0   3   1   3  19   1  0.54 0.32
   53 A    5 -4 -4 -4  2 -3 -4 -3 -4 -3 -2 -3  0 -4 -4 -1  2 -5 -4  2   56   0   0   0   4   0   0   0   0   0   2   0   2   0   0   3  15   0   0  15  0.87 0.48
   54 T    3 -3 -1 -2 -4 -2  3 -1 -3 -3 -2 -3 -1 -4 -3  0  4 -5 -3 -2   23   0   2   0   0   0  25   5   0   0   3   0   1   0   0   4  32   0   1   2  0.61 0.41
   55 K   -4  6  1 -3 -6  0 -1 -4  1 -5 -5  5 -3 -5 -4 -3 -4 -5 -2 -4    0  40   6   0   0   4   2   0   3   0   0  39   0   0   0   1   0   0   1   1  1.24 0.55
   56 P   -2 -5 -4 -4 -5 -4 -4 -5 -5 -5 -4 -3 -1 -6  7 -2  4 -6 -5 -1    2   0   0   0   0   0   0   0   0   0   1   1   2   0  58   2  29   0   0   4  1.75 0.70
   57 Q    0  0 -1 -2 -4  4 -1  5  1 -5 -4 -1 -4 -5 -3 -1 -1 -4 -2 -4    9   4   2   2   0  23   3  42   4   0   1   3   0   0   1   3   3   0   1   0  0.75 0.40
   58 Q   -1  1  2 -1 -3 -1  1 -2 -1  1  1 -2  4 -1 -3 -1 -1 -3 -2  0    3   8  13   3   0   2  13   3   1   9  10   1  18   3   0   3   2   0   1   7  0.22 0.22
   59 V   -1 -5 -5 -6 -4 -5 -5 -6 -5  3  0 -5  1 -2 -5 -4 -3 -5 -4  6    4   0   0   0   0   0   0   0   0  15   8   0   3   1   0   0   0   0   0  65  1.26 0.55
   60 I   -4 -5 -6 -6 -4 -5 -5 -4 -5  6  3 -5  1 -3 -4 -4 -3 -5 -4  0    0   0   0   0   0   0   0   2   0  57  31   0   3   0   1   1   1   0   0   3  1.27 0.54
   61 G   -3 -5 -2 -3 -1 -5 -2  7 -5 -5 -6 -3 -6 -6 -5 -2 -5 -6 -6 -6    1   0   1   1   2   0   3  86   0   1   0   1   0   0   0   3   0   0   0   0  1.97 0.72
   62 V   -2  4 -2  1 -5  0  3 -4 -2 -5 -4  4 -4 -4 -2 -2 -2 -5 -3 -4    2  26   1   7   0   2  24   0   1   0   1  30   0   1   2   1   1   0   1   1  0.84 0.44
   63 E   -2  2  2 -1 -5  0  0  3  0 -5 -5  5 -4 -5 -4 -2 -2 -5 -4 -5    2   9   9   2   0   4   4  26   2   0   0  37   0   0   0   2   2   0   0   0  0.74 0.41
   64 G   -2 -4 -3 -4 -3 -4 -5  7  1 -6 -6  0 -5 -2 -3 -2 -5 -6 -5 -6    2   1   1   0   1   0   0  81   3   0   0   5   0   2   1   2   0   0   0   0  1.76 0.70
   65 K    1  4 -2 -3 -2  2  0 -3 -2 -3 -2  3 -1 -1 -2  1 -1  1 -1 -2   12  26   1   0   1   9   5   0   0   1   3  19   1   2   1   9   2   2   2   3  0.40 0.30
   66 K   -2  5  1  0 -3  0  1  0 -2 -1 -2  2 -1 -4 -3 -2  1  0 -3 -1    1  32   6   6   0   4   9   7   0   3   3  10   2   0   0   1   8   2   0   5  0.39 0.28
   67 H   -3 -6 -6 -6 -4 -3 -6 -6 -3  7  1 -5 -1  0 -6 -4 -4 -5 -4  3    1   0   0   0   0   1   0   0   1  67   8   0   1   4   0   1   0   0   0  16  1.44 0.60
   68 K   -3  5  0 -2 -5  0  3 -4  2 -5 -4  4 -4 -5 -2 -3 -3  0 -3 -3    1  35   5   2   0   4  19   1   5   0   1  22   0   0   1   0   1   1   0   2  0.83 0.44
   69 E    0  1  0 -1 -5  3  5 -4 -3 -4 -4  3 -4 -5 -4 -2 -1 -5 -4 -3    7   7   5   2   0  11  43   0   0   1   1  17   0   0   0   2   3   0   0   2  0.81 0.46
   70 L   -4 -5 -6 -6 -4 -5 -6 -4 -6  3  6 -5  1  0 -6 -4 -4 -5 -3  0    1   0   0   0   0   0   0   2   0  13  73   0   2   3   0   1   0   0   1   5  1.27 0.57
   71 T   -1  2 -2 -3 -3  2  0 -4 -2 -3 -3  2 -1 -5 -3  0  5 -5 -4 -3    4  13   1   0   0   8   4   0   0   1   2  11   1   0   1   5  48   0   0   0  0.81 0.50
   72 Q    2  1  1  0 -3  2  1 -2  1 -3 -2  1 -2 -4 -2  2  1 -4  0 -2   19   6   5   4   0   8   9   2   3   0   3   8   1   0   1  18   7   0   3   3  0.24 0.22
   73 F   -1 -1 -1  0 -1 -1  2 -3 -2  1  2  0  1 -1 -3 -2  0 -4 -2  2    4   3   2   6   2   2  16   1   0   8  20   7   5   3   0   1   5   0   1  17  0.17 0.18
   74 L   -3 -5 -6 -6  0 -5 -5 -6 -5  3  4 -5  1  0 -5 -5 -3 -5 -3  4    1   0   0   0   2   0   0   0   0  16  47   0   3   4   0   0   1   0   0  26  0.98 0.47
   75 Q    1 -1 -2 -1 -2  5  4 -3 -1 -4 -4  1 -2 -5 -3 -1  0 -5 -4 -3   14   1   1   2   1  31  24   2   1   1   1   9   1   0   0   3   7   0   0   2  0.69 0.44
   76 K   -2  2  0 -2 -6  2  0 -2 -1 -5 -5  6 -2 -6 -4  0  0 -6 -5 -4    1   7   5   1   0   7   6   3   1   0   0  54   1   0   0   5   6   0   0   1  0.96 0.52
   77 R   -3  6 -2  0 -5 -1  0 -4 -1 -1 -1  2  2 -1 -4 -2 -2 -3 -1 -1    0  47   2   5   0   1   4   1   1   3   5  10   6   3   0   1   2   0   2   5  0.73 0.40
   78 F   -4 -5 -5 -5 -2 -4 -5 -5 -4 -1  1 -5  1  8 -5 -2  1  1  3 -3    1   0   0   0   1   1   0   0   0   3  10   0   3  58   0   2   8   2   7   1  1.38 0.58
   79 G   -2 -1  3  0 -3 -2 -1  5  0 -4 -5  2 -1 -4 -2 -1 -3 -5 -4 -5    2   2  16   6   0   1   3  45   2   1   1  13   2   1   1   3   0   0   0   0  0.79 0.40
   80 Y   -3 -4 -1 -4  0 -4 -3 -4 -3  1  3 -2  1  5 -4 -3 -3 -2  2  1    1   0   4   0   2   0   1   1   0   7  29   2   4  27   0   1   0   0   7  10  0.57 0.32
   81 S    0 -2 -1  2 -4  0  3 -3 -1 -3 -3  1 -2 -4  4  0  0 -4 -4 -3    6   0   2  14   0   2  22   1   1   1   2  11   1   0  23   5   5   0   0   1  0.56 0.32
   82 D   -2 -2  5  3 -4 -1  3 -1 -1 -4 -3  0 -4 -4  1  0 -1 -5 -4 -2    2   1  29  13   0   2  22   3   1   0   3   4   0   0   7   5   3   0   0   3  0.59 0.34
   83 D   -2 -1  2  0 -1 -2 -1  2 -2 -3 -2  2 -2 -4  5 -1 -3 -5 -4 -3    1   2  10   5   1   1   4  18   1   1   5  14   1   0  29   4   0   0   0   2  0.60 0.33
   84 Q   -2  0  2 -2 -2  5  0 -1  1 -3 -3  1 -3 -3 -2  2  1 -4 -3 -2    2   4  11   1   1  29   3   4   3   2   2   9   0   1   1  17   9   0   1   2  0.48 0.34
   85 I   -4 -5 -6 -6 -4 -5 -5 -6 -6  5  1 -5 -2 -1 -5 -5 -3 -5 -4  5    0   0   0   0   0   0   0   0   0  34  13   0   0   2   0   0   0   0   0  48  1.31 0.57
   86 Q   -2 -1  1  3 -5  1  4 -2  2 -2 -3 -1 -3 -2 -3  0  0 -5 -2 -1    2   2   8  16   0   5  32   2   6   2   1   3   0   2   0   6   6   0   1   5  0.47 0.31
   87 I   -1 -3 -3 -3 -2 -2 -3 -3 -3  4  3 -3  1  0 -2 -2 -2 -2 -2  2    5   1   1   1   0   1   1   2   0  27  30   1   2   4   1   2   1   0   1  17  0.41 0.20
   88 W   -1 -1  2  0 -1 -1 -1 -1 -1  0 -1 -1 -1  2 -2 -1  1  1  4 -1    3   2  13   4   2   2   3   6   1   5   4   4   1  11   1   3  10   1  21   4  0.21 0.15
   89 A    3 -3 -3 -1 -2  0 -1 -2 -3  3 -1 -3 -1 -1 -3 -1 -1 -4 -3  4   26   1   0   4   0   5   3   2   0  16   2   1   0   2   1   2   2   0   0  34  0.41 0.28
   90 E   -1 -1  0  1 -3  2  5 -2 -2 -2 -3  1 -3 -4 -2  1 -1 -4 -3  0    4   1   3   5   0   8  42   2   0   2   2  10   0   0   1   9   2   0   0   7  0.51 0.29
   91 P   -2  2 -1  1 -4  1  4 -2 -2 -4 -4  3 -1 -5  2 -1 -1 -4 -4 -4    2  10   2   5   0   5  33   2   0   0   0  23   2   0   9   2   4   0   0   0  0.60 0.33
   92 I   -1 -4 -4 -4 -3 -4 -4 -2  0  3 -1 -4  1 -3  1 -2 -1 -4 -3  5    4   0   0   0   0   0   0   3   3  17   4   0   4   0   7   3   3   0   0  50  0.73 0.40
   93 K    1  0  0  2 -3  1  2 -1  0 -1 -2  2 -1 -3  0  0  0 -3 -3 -1   12   5   3  12   0   6  16   5   2   3   3  15   2   0   4   4   5   0   0   3  0.19 0.14
   94 F   -1  0  5  2 -4  0  1 -3  1 -2 -2  1 -1  0 -3 -1  0 -4 -1 -2    5   5  30  10   0   4   9   1   3   2   2   8   2   5   0   3   7   0   2   3  0.35 0.24
   95 K    0  1 -2 -2 -2  1 -1  0 -2  0 -1  1  2 -2  1  0  1  4 -2  0    8   8   0   0   0   8   0   8   0   8   1   8   8   0   8   8   8   8   0   8  0.15 0.14
   96 G   -1 -1  0  3 -4 -1  3  3 -2 -4 -3 -2 -1  0 -3  0 -1 -3  0 -3    5   3   5  18   0   2  22  23   0   0   1   0   2   5   0   6   2   0   3   1  0.40 0.25
   97 L   -2 -2 -4 -4 -3 -2 -4 -3  2  0  5 -2  3  0 -4 -2 -1 -3 -1 -1    2   2   0   0   0   2   0   2   5   3  57   2   8   4   0   2   3   0   2   3  0.64 0.34
   98 C   -2 -3  4  3  6 -3 -1 -3  0 -3 -4 -3 -3  0 -4  1 -2  1  0 -1    3   0  22  19  21   0   4   1   2   0   1   0   0   4   0  10   0   2   3   6  0.70 0.36
   99 A    5 -4 -3  0 -3 -3 -3 -1 -4 -4 -4 -3 -3 -4  4  0 -1  3 -4 -1   49   0   0   5   0   0   0   3   0   0   1   0   0   0  22   5   3   4   0   4  0.87 0.44
  100 S    0  1 -1 -1 -3  4 -1 -1  0  0 -2  0  0  0 -1  0  1 -3 -1  0    7   9   2   2   0  23   2   3   2   8   3   6   2   5   2   5  11   0   2   6  0.19 0.18
  101 A    2 -3 -2 -4 -2 -3 -3 -2 -3  3  2 -3  2 -1 -3 -1 -1 -3 -1  3   25   0   2   0   0   0   0   2   0  18  17   0   4   1   0   5   2   0   2  20  0.37 0.24
  102 Q   -2 -3 -4 -4 -4  4 -3 -5 -1  0 -1 -3  5  0 -4  0 -3 -4 -3  4    2   0   0   0   0  26   0   0   2   4   2   0  20   3   0   7   0   0   0  30  0.71 0.43
  103 V    6 -4 -4 -5  4 -4 -4 -1 -5 -3 -2 -4 -3 -5  1  0 -3 -5 -5  0   65   0   0   0  10   0   0   2   0   0   4   0   0   0   7   5   0   0   0   7  1.03 0.49
  104 E   -3 -2  1  1 -5  0  5 -4  2 -5 -4  0 -4  1 -4  0 -1 -5 -1 -3    1   1   7   6   0   3  51   0   5   0   1   5   0   7   0   5   3   0   2   1  0.78 0.39
  105 A   -1  4  1  0 -1  0 -2 -1 -2 -4 -3  2 -1 -2  1  3 -1 -4 -2 -4    3  24   6   4   1   2   0   5   0   0   2  13   2   1   7  28   1   0   1   0  0.43 0.28
  106 M   -3 -4 -5 -5 -3 -1 -4 -5 -5  5  4 -4  2 -2 -5 -2  0 -4 -3  1    0   0   0   0   0   4   0   0   0  36  38   0   6   0   0   3   7   0   0   6  0.82 0.38
  107 N    4  3 -2 -4  3 -3 -3 -2  0 -3  0  0 -3 -4  0 -1 -2 -5 -4 -2   49  15   2   0   7   0   0   1   2   0  10   6   0   0   4   1   2   0   0   2  0.59 0.36
  108 Y    0  0  1 -1 -2  2 -1 -3 -1 -1 -1 -1 -1  2 -4  1 -1  5  4 -2    7   4   8   2   1   9   4   1   1   3   5   2   1   8   0  10   2  10  20   2  0.35 0.23
  109 K    2  1 -1 -2 -3  2 -1 -2  2 -3 -2  4  0 -3 -2  1 -1  0 -3 -3   21   4   2   2   0  11   1   1   5   1   3  30   3   0   1  12   2   2   0   1  0.40 0.25
  110 L   -4 -4 -5 -5 -3 -4 -5 -5 -5  3  5 -4  3  1 -5 -4 -3 -4 -3  0    0   0   0   0   0   0   0   0   0  13  69   0   6   4   0   0   0   0   0   4  1.10 0.43
  111 L   -1 -1 -3 -2 -3  0  4 -1 -3  0  3 -2 -1 -2 -2 -2 -2 -4 -4 -1    5   3   1   0   0   3  38   4   0   6  32   0   1   1   1   1   2   0   0   2  0.51 0.34
  112 K   -1  5  1 -3 -3  0 -1  2 -2 -5 -4  3 -2 -5 -1  0 -3 -5 -3 -4    5  33   8   0   0   2   3  19   0   0   1  17   1   0   3   6   0   0   1   1  0.61 0.32
  113 D   -2  3  1 -2 -5 -2  0  6 -4 -6 -6 -3 -5 -3 -5 -2 -4 -5  0 -3    1  16   5   2   0   1   8  61   0   0   0   0   0   1   0   1   0   0   3   2  1.12 0.47
  114 V   -1 -4 -4 -5 -3 -2 -2 -3 -2  2  3 -2  2 -1 -4 -3 -1  6  0  2    5   0   0   0   0   2   2   2   1  13  36   2   6   1   0   0   3  11   2  13  0.51 0.28
  115 P    3  0  0 -3 -4  0 -2 -3  4 -3 -4  0  0 -2  4  1 -1 -4  1 -3   27   5   3   0   0   3   0   1  12   1   0   4   3   1  22   8   3   0   6   1  0.53 0.30
  116 V   -1 -1 -5 -5 -2 -4 -5 -1 -2  0 -2 -4 -1  6 -4 -4 -2  1  4  3    4   3   0   0   1   0   0   6   1   3   1   0   1  40   1   0   1   1  13  23  0.85 0.39
  117 R   -1  2 -1 -1 -2  2  0 -2 -1 -2  0  1 -1 -1  2  1  1 -2  2 -1    1  12   0   1   0  12   1   1   0   1  12  12   0   0  12  12  12   0  11   1  0.18 0.09
  118 L   -1  4 -1 -2 -3  1 -1 -2 -1 -2  0  2 -1 -2 -2  0  0  4 -1 -2    1  34   0   0   0   7   1   1   0   0  13  18   0   0   0   7   7   9   0   1  0.38 0.16
  119 A    3  0 -2 -2  3 -1 -2 -1 -2  0  0 -1 -1 -1 -2  0  0 -2  0  1   40   6   1   1   8   1   1   1   0   5   6   1   0   0   1   5   5   0   5   9  0.15 0.12
  120 A    2 -2 -1 -3  6  0 -2  0  0  0 -1 -2  1  1 -2 -1  0 -2  0  0   19   0   3   0  23   5   0   8   3   5   3   0   4   7   0   1   6   0   3   7  0.26 0.16
  121 N   -3 -1  2 -3 -1  0 -2 -2  3 -2 -2  1  2  2 -4 -1 -2  3  6  0    1   2  10   0   2   3   0   2   7   2   2  11   7   6   0   3   2   4  30   6  0.48 0.28
  122 Y    0  1  0 -2 -2  1 -1  1 -2 -1 -1 -1  0  1 -2  1  2  2  1 -1    4   7   3   0   0   7   1  13   0   3   3   3   3   8   0  16  15   3   5   4  0.12 0.13
  123 I    1  1  0 -2  2 -1  1 -2 -2  0  0 -1  1  0 -2  0  1 -2  0  1   14  10   4   1   5   0  10   1   0   6   5   1   5   4   1   6  12   0   4  12  0.08 0.09
  124 I    0 -4 -4 -4  4 -3 -4 -4 -4  2  2 -3  3  2  2 -3 -2 -3 -2  2    7   0   0   0  10   0   0   0   0  16  24   0  12   8  10   0   0   0   0  14  0.45 0.23
  125 K   -1  6 -1 -1 -5  3 -1 -1  0 -4 -2  1 -3 -4 -4 -1 -2  2  0 -4    3  49   2   3   0  14   1   4   2   0   4   6   0   0   0   4   2   3   3   0  0.72 0.36
  126 S    0  4  2 -1 -1  1 -2 -1  0 -4 -2  0 -3  2 -3  1 -1 -3  0 -3    8  33  11   2   1   8   0   5   2   0   2   2   0  11   0   9   3   0   3   0  0.38 0.25
  127 V    1 -4 -4 -4  3 -3 -4 -1 -4  4  0 -3  1  1 -4 -1  1 -4 -2  3   11   0   0   0   6   0   0   4   0  34   2   0   4   6   0   3  10   0   0  19  0.44 0.27
  128 I   -1  2 -2 -2  4  2 -1 -3 -2  1  1  1  2 -2 -3 -1  1 -3 -2  0    0  12   0   0  12  12   0   0   0  12  12  12  12   0   0   0  12   0   0   0  0.19 0.11
  129 Q   -1  1  0  2 -3  1  4  0  1 -3 -3  1 -2 -1 -2  1 -1 -3 -2 -3    4  10   3  10   0   3  34   7   4   1   1   5   0   3   1   9   3   0   0   1  0.34 0.15
  130 D    3 -1  0 -1 -1  0  0  0 -2 -2 -1  0  0 -2  1  2  0 -3 -2 -2   29   2   3   3   1   3   6   4   0   1   6   3   2   2   7  23   3   0   0   1  0.22 0.13
  131 G   -1 -2  1 -1 -3 -1 -2  6  0 -4 -4 -1 -3 -3 -3  0 -2  3 -3 -3    1   2   5   3   0   2   2  61   2   1   1   3   0   1   1   8   1   4   0   1  0.85 0.26
  132 A    5 -3 -3 -3 -2 -3 -3  2 -3 -3 -3 -2 -2  1 -3  0 -1 -3 -3  0   64   0   0   0   0   0   0  14   0   0   1   0   0   7   0   3   3   0   0   6  0.72 0.31
  133 K    0  2 -1 -2 -3  2  0 -2 -2  1  0  4  0 -3  0 -1  0 -3 -2 -1    8   8   1   0   0  13   2   2   0  12   7  32   3   0   4   2   4   0   0   2  0.26 0.17
  134 G   -2 -3 -2 -3 -4 -3 -3  7 -3 -4 -4  0 -4 -4 -3 -2 -3 -4 -4 -4    1   1   1   1   0   1   1  81   0   1   1   8   0   1   1   1   1   0   0   1  1.42 0.38
  135 C    1 -3 -3 -4  8 -3 -3 -2 -4  2 -2 -3 -2  0 -3 -2 -2 -3 -3  3   13   1   1   1  35   1   1   3   0  12   1   1   0   4   1   1   1   0   0  25  0.82 0.28
  136 E   -1  0 -2 -1 -1  2  5 -2 -1 -2 -1  3 -1 -3 -2 -1 -2 -3 -2 -2    2   2   1   1   2   8  44   2   1   2   7  19   2   0   1   2   1   0   1   3  0.50 0.23
  137 I   -1 -3 -3 -3  0 -3 -3 -4 -4  5  0 -3  1 -2 -3 -2  0 -3 -2  4    4   1   1   1   2   1   1   1   0  37   3   1   4   0   1   1   7   0   0  36  0.61 0.24
  138 I   -1  0 -1 -2 -1  0 -1 -2 -1  3  0 -1  2 -1 -2  0  1 -3 -2  3    4   7   2   1   1   3   4   2   1  22   1   2   9   1   1   8   8   0   0  24  0.18 0.13
  139 I   -1 -3 -3 -4  1 -3 -3 -4 -4  4  1 -3  2 -2 -3 -2 -1 -3 -2  4    2   1   1   1   3   1   1   1   0  27  11   1   4   0   1   2   1   0   0  44  0.58 0.23
  140 S    1 -2 -1  0 -3 -2 -2  0 -2 -3 -4 -1 -3 -4 -1  6  0 -4 -3 -3    7   1   2   5   0   1   1   7   0   1   1   2   0   0   2  68   2   0   0   1  0.80 0.34
  141 G   -2 -3 -2 -3 -4 -1 -2  6 -3 -4 -4 -3 -3 -4 -3 -2 -3  4 -3 -4    1   1   1   1   0   3   3  77   0   1   1   1   0   1   1   1   1   7   0   1  1.32 0.34
  142 K   -2  3 -2  1 -4 -1 -1 -3 -2 -4 -3  6 -3 -4 -1 -2 -2 -4 -3 -3    1  15   1   7   0   1   1   1   0   1   2  63   0   1   3   1   1   0   0   1  0.90 0.30
  143 L   -2 -1 -3 -3 -2 -3 -3 -4  0  2  4 -3  0 -1  1 -2 -2 -3 -2  0    2   3   1   1   0   1   1   1   2  10  61   1   0   1   7   2   2   0   0   5  0.52 0.21
  144 K   -1  4  0 -2 -2  0 -1  1 -2 -2 -2  2 -2 -3 -2  1  2 -3 -2 -2    3  28   5   1   1   1   1  13   0   1   3  16   0   0   1   9  14   0   0   2  0.32 0.15
  145 Q    1 -2 -1 -2 -3 -1 -2  6 -3 -4 -4 -2 -3 -4 -3  0  0 -3 -3 -3   10   1   1   2   0   3   1  65   0   1   1   1   0   0   1   7   5   0   0   2  0.90 0.26
  146 Q    1 -1  0  1 -3  5  3 -2 -1 -3 -2 -1 -2 -3 -1  0 -1 -3 -2 -2   13   1   4   6   0  32  27   1   0   1   3   1   0   1   3   4   1   0   1   1  0.50 0.21
  147 R   -2  6 -1 -2 -3  0 -1 -3 -2  1 -2  0  1 -3 -3 -2 -2 -3 -3 -2    1  65   3   2   0   1   2   1   0  11   1   2   4   1   1   1   1   0   1   1  0.91 0.30
  148 A    5 -2 -2 -2 -2 -2 -2  0  0 -1 -2 -1 -1 -3 -2  2 -1 -3 -2 -2   64   1   1   1   0   1   1   4   3   3   1   2   1   1   1  13   1   0   0   1  0.62 0.26
  149 K   -1  5 -1 -2  0  0 -1 -3 -1 -3 -3  4 -1 -3 -2 -1 -1 -3 -3 -3    5  40   1   1   2   1   1   1   1   1   1  35   1   1   1   2   2   0   0   1  0.71 0.25
  150 T    1  0 -1 -1  1 -1 -1 -1 -1 -1 -2 -1 -2  1 -2  3  3 -2  0  0    9   4   1   1   3   1   2   2   1   1   1   1   0   7   1  28  24   0   4   7  0.24 0.15
  151 M   -1 -1 -2 -1 -3  1  4 -3 -2 -1 -1 -1  6 -3 -3 -1 -1 -1 -2  0    3   3   1   1   0   5  39   1   0   2   3   3  25   1   1   3   2   1   1   5  0.58 0.28
  152 K   -2  1 -2 -2 -4  0  0 -1 -1 -3 -3  6 -1 -2 -2 -1 -1  4 -2 -3    3   6   1   1   0   2   3   4   1   1   1  62   1   1   1   2   2   7   0   1  0.84 0.33
  153 F   -2 -3 -3 -4 -3 -2 -3 -4  0 -1 -1 -3  0  7 -4 -2 -2  2  5 -1    2   1   1   1   0   1   1   1   2   2   4   1   2  52   1   3   1   3  19   3  1.02 0.33
  154 K    0  1  0 -2 -1  0 -1 -1  0  0 -1  1  1 -1 -2  1  1 -1 -1  1    4  10   5   1   1   4   2   2   3   6   4  10   4   2   1  10  13   1   2  16  0.07 0.08
  155 Q    0  1  0  4 -3  1  3 -2 -1 -2 -3 -1 -2 -1 -2 -1 -1  0 -1 -2    8   7   4  27   0   4  26   2   1   2   2   1   1   4   1   4   2   1   2   2  0.38 0.19
  156 G   -2 -4 -2 -1 -4 -2 -1  7 -4 -5 -5 -3 -4 -5 -4 -2 -3 -4 -4 -3    1   0   0   4   0   2   4  82   0   0   1   1   0   0   0   1   1   0   0   3  1.54 0.46
  157 Y   -2  0 -2 -3 -2 -2 -2 -1  1  0  1  0 -1  1  0 -1  1 -1  5  0    1   6   1   1   1   0   2   6   2   4  16   7   0   5   5   3   9   0  26   5  0.23 0.16
  158 M   -2 -2 -2 -4 -3 -3 -3 -4 -3  4  1 -1  6 -1 -3 -2 -1 -3 -2  3    1   2   2   1   0   0   1   1   0  24  11   5  26   1   0   3   2   0   0  21  0.57 0.27
  159 I    0 -2 -3 -3 -3 -2 -2 -3 -3  4 -1  2 -1 -2  4 -2 -2 -3  1  1    7   1   0   1   0   0   1   1   0  34   2  19   0   0  19   1   1   0   6   7  0.49 0.25
  160 C   -2  0 -1 -1 -1  0 -1 -3  6 -2  0  2 -2 -1  1  0 -1 -2  1 -1    2   4   1   2   1   4   1   1  24   1  12  19   0   2   6   7   2   0   6   6  0.32 0.18
  161 T    0 -2  0 -2  4 -1 -2 -2  3 -2 -1 -2 -2 -3 -2  4  2 -3 -2 -1    7   1   5   1  10   1   1   1   8   2   7   1   0   1   1  39  10   0   1   2  0.41 0.23
  162 G   -2 -1 -2 -3 -4 -1 -1  6  1 -4 -1 -3 -3 -4 -3 -2  1 -4 -4 -4    1   3   0   0   0   2   5  64   4   0   7   0   0   0   0   1   9   0   0   1  0.96 0.35
  163 Q   -2 -1  2  3 -4  3  2 -3  1 -3  0  0 -1 -2 -3 -1  0 -3 -1 -3    2   1   9  20   0  19  16   1   4   0  10   4   1   1   0   2   7   0   2   1  0.39 0.23
  164 P   -1  1 -3  0 -4 -1 -3 -4 -1 -2 -1 -2 -3 -3  6 -1  1 -4 -2 -2    5  10   1   4   0   2   0   1   1   2   6   1   0   1  49   4   9   0   1   2  0.97 0.36
  165 K    3  0 -2 -3  0 -2 -2 -1 -1  0  0  0 -1 -2 -3  1  0 -3 -2  2   31   7   1   0   2   1   0   2   1   3   8   5   0   1   0   9   4   0   1  22  0.24 0.19
  166 N    0  2  3  2 -3  1  2 -2 -1 -2 -2  2 -1 -3 -2 -1 -1 -3 -2 -2    7  13  20  11   0   4  12   1   0   3   5  14   1   1   1   2   2   0   1   2  0.29 0.17
  167 D    0 -1  0  3 -3  1  2 -2  1 -2 -2  0 -1 -2 -2  0  0 -2  3 -1    9   2   3  21   0   6  15   1   3   2   2   5   1   1   1   4   6   0  13   5  0.26 0.15
  168 Y   -2 -1 -1  0 -2 -2 -2 -2  0  1  0 -1  0  3 -3 -2 -1  1  5 -1    3   2   2   7   1   2   1   4   2   9  10   3   2  12   1   2   3   1  30   3  0.38 0.18
  169 I   -2 -4 -4 -5 -3 -4 -4 -5 -4  5 -1 -4  2 -3 -4 -3 -1 -4 -2  5    1   0   0   0   0   0   1   1   0  33   2   0   5   0   0   1   2   0   1  50  1.03 0.40
  170 D   -2  1  0  7 -4  0  0 -3 -1 -3 -3  0 -3 -4 -3 -1 -2 -5 -4 -3    2   7   2  60   0   3   5   1   1   2   2   6   0   0   0   3   2   0   0   1  1.04 0.39
  171 V   -2  1 -2 -2 -3  0  1 -3  1 -1 -2  2 -2 -1 -3  0  2 -2  4  0    1  10   1   1   0   2   9   1   2   3   1  13   1   1   0   7  18   0  21   6  0.33 0.22
  172 A    4 -4 -1 -2 -2 -3 -3  4 -2 -4 -4 -3 -3 -3 -3  0 -2 -4 -3 -3   44   0   2   2   1   0   1  38   1   0   1   0   0   1   0   5   1   0   1   1  0.90 0.39
  173 V   -1 -2 -3 -3 -1  0 -3 -3 -1  1 -1 -1  1  3 -3 -2  1 -2  2  3    5   1   1   1   1   5   1   1   2   8   2   4   3  17   0   1  11   0   8  28  0.32 0.21
  174 R    3  4 -2 -2  0 -1 -2  0  0 -2 -3 -1 -2 -3 -3  1 -1 -4 -3  0   33  27   0   1   2   2   1   5   2   2   1   2   1   1   0   9   4   0   0   6  0.43 0.26
  175 H   -2 -2 -1 -2 -1  1  2 -4  7  0 -2 -2 -3 -3 -2 -1  1 -4 -1  0    2   2   1   1   1   5  17   1  35   5   4   2   0   0   1   4  10   0   2   8  0.68 0.33
  176 V    4 -4 -4 -4  1 -3 -3 -3 -4  0 -2 -3 -2 -3 -3 -1 -2 -4 -3  5   44   0   0   0   2   0   1   1   0   3   1   0   0   0   0   2   1   0   0  42  0.91 0.42
  177 F   -2  0  0  0 -3  0 -1 -3  2  0  3  1  1  0 -2 -2 -1 -1 -1  1    1   3   4   6   0   4   2   2   7   3  33  12   4   3   1   1   1   1   2   9  0.17 0.15
  178 F   -3 -2 -3 -4 -1 -2 -3 -4 -4 -1  4  0  4 -1 -3 -2  4 -3 -3 -1    1   1   0   1   1   2   1   1   0   1  42   6  11   2   1   1  27   0   0   1  0.63 0.33
  179 K   -2  4 -2 -3 -4  0 -2 -3 -3 -4 -4  5 -3 -4  0 -2  2 -4 -4 -4    2  26   0   1   0   2   1   1   0   1   1  41   0   0   5   1  17   0   0   1  0.89 0.39
  180 Q   -2  0 -3 -3 -4  5 -2 -4 -2 -3  1 -1  2 -2  2 -2 -2 -3  4 -2    2   4   0   0   0  34   1   1   0   0  14   2   5   1  12   1   2   0  18   1  0.69 0.37
  181 G   -2 -5 -3 -4 -5 -4 -5  7 -5 -6 -6 -4 -5 -5 -5 -3 -4 -5 -5 -3    1   0   0   0   0   0   0  91   0   0   1   0   0   0   0   0   0   0   0   3  2.09 0.63
  182 I   -1 -1 -4 -4  2 -2 -3 -3 -4  3  0  0  1 -3 -4 -3  1 -4 -3  4    4   4   0   0   5   2   0   1   0  16   4   7   3   0   0   0  10   0   0  43  0.53 0.28
  183 M   -2 -4 -5 -5 -3 -4 -4 -5 -4  5  3 -4  1  1 -4 -4 -3  2  2  0    2   0   0   0   0   0   1   0   0  42  33   0   2   4   0   0   1   3   7   3  0.82 0.34
  184 G   -2 -5 -3 -3 -5 -4 -2  7 -5 -6 -6 -4 -5 -5 -5 -2 -4 -5 -5 -5    2   0   0   1   0   0   3  89   0   0   1   0   0   0   0   1   0   0   0   0  1.98 0.61
  185 V   -3 -5 -5 -5  2 -4 -5 -5 -1  5  0 -4 -1 -2 -4 -4 -2 -5 -3  5    0   0   0   0   5   0   0   0   2  42   4   0   0   1   0   0   1   0   0  43  1.10 0.42
  186 K   -3  2 -1 -2 -5  2  1 -4 -2 -4 -5  6 -3 -4 -4 -1  1 -5 -2 -3    0   7   2   1   0   7   6   0   0   1   0  60   0   0   0   3   8   0   2   1  1.01 0.45
  187 V   -2 -5 -6 -6 -4 -5 -5 -3 -6  1 -2 -5 -2 -4 -5 -5 -3 -6 -4  7    1   0   0   0   0   0   0   2   0   5   1   0   0   0   0   0   0   0   0  87  1.71 0.63
  188 K   -1  3 -2 -3 -5 -1 -1 -1 -3 -2 -3  5 -2 -4 -4  0 -2  7 -2 -2    3  17   1   0   0   1   3   5   0   2   2  39   1   0   0   5   2  17   1   2  0.85 0.39
  189 I   -4 -6 -5  0 -4 -5 -5 -6 -6  7 -1 -5 -1 -3 -1 -5 -4 -5 -4  1    0   0   0   5   0   0   0   0   0  80   2   0   0   0   4   0   0   0   0   6  1.62 0.58
  190 M   -1 -2 -3 -5 -4 -3 -4 -5  1  1  0 -4  8  1 -3 -3 -1 -3  2  2    4   2   1   0   0   0   0   0   3   6   4   0  50   4   1   1   4   0   8  12  1.07 0.46
  191 L   -1  1 -2 -3 -2 -2 -3 -4 -2 -2  3  2  0 -2  3 -2 -1 -4 -3 -2    6   9   1   0   1   1   0   0   1   0  39  17   1   1  16   0   4   0   0   1  0.45 0.27
  192 P    0 -3 -1  0 -2 -2 -3  0 -4 -4 -3 -1 -4 -5  7 -2 -3 -5 -4 -4    7   1   2   5   1   1   1   7   0   0   3   3   0   0  65   1   1   0   0   1  1.54 0.47
  193 Y   -1 -2 -1  2 -2 -1  1  1  3 -3 -1 -2 -1 -1 -1 -2 -1  7  2 -2    6   1   2  12   1   2  12  11   9   1   6   1   1   1   2   2   4  18   7   1  0.45 0.21
  194 E    1 -1  0  5 -3 -1  1 -1 -2 -2 -3  0 -2 -3 -2 -1 -1 -3 -2 -1   15   2   3  40   0   1   7   5   0   2   2   6   1   1   1   3   3   0   2   5  0.47 0.22
  195 P   -1 -1 -2 -2 -3 -2  0 -3 -3  0 -1  1 -1 -1  6 -1  0 -3 -2  0    5   3   1   1   0   1   5   1   0   5   6  12   2   3  39   3   5   0   1   7  0.64 0.24
  196 N   -1  0  1  1 -2  1  1 -1 -1 -1  0  1 -1  0  0  0  1 -2 -1 -1    3   6  10   7   1   4  13   3   1   2  13   9   1   4   3   4   9   0   1   5  0.07 0.05
  197 P    0 -1 -1  0 -1 -1  0  0 -1  0 -1  0 -1  0  4  0  0  1  0 -1    6   3   2   5   1   2   5   6   1   6   7   5   1   4  26   5   4   2   3   5  0.25 0.06
  198 A    1  0  0  2 -1  0  1 -1  0 -1 -1  0 -1 -1  0  1  0 -2 -1 -1   14   4   2  13   1   2  11   4   2   4   5   5   1   2   3  16   5   1   2   3  0.11 0.06
  199 K   -1 -1 -1  2 -3  0  0  4 -2 -1 -2  0 -2 -1 -2  0 -1 -3 -2 -1    4   3   2  12   0   4   5  39   0   3   2   7   1   3   1   5   2   0   1   5  0.36 0.16
  200 K   -1  2 -1 -1 -3  0  2 -2 -1  0 -2  4 -2 -1 -2 -1 -1 -3 -2 -1    3  13   2   3   0   3  12   2   1   6   3  39   0   2   1   3   2   0   1   3  0.41 0.20
  201 F    0  0  0 -1 -2  0  0 -1 -1  1  0  0  1  1 -1  0  1 -2  0  1    5   5   5   2   0   6   6   5   0  15  10   4   4   6   1   4  10   0   2   9  0.03 0.05
  202 G    0  0 -1  0 -3  0  0  5 -1 -2 -3  0 -2 -3 -2 -1 -1 -3 -3 -2    6   5   2   4   0   4   7  46   1   3   3   7   1   1   1   2   2   0   1   3  0.49 0.20
  203 V   -1 -2 -2 -2 -1 -2 -1 -2 -3  0 -1 -1 -1 -3  6  0  0 -3 -3  0    3   2   1   1   1   1   4   3   0   7   7   4   1   1  41   8   5   0   1   7  0.67 0.23
  204 K   -1  2  0 -1 -3  1  1 -2 -2 -3 -3  4 -1 -3  1  0 -1 -3 -3 -2    4  12   4   3   0   5  10   2   0   1   2  35   1   1   6   6   3   0   1   3  0.39 0.20
  205 T    0  1  0 -1 -3  0  1 -2 -2  0 -1  3 -1 -2  0  0  1 -3 -1  0    6   5   4   1   0   2  11   2   0   5   5  25   1   1   4   5  12   0   2   8  0.16 0.13
  206 P    0 -1 -2 -1 -3 -1  0 -2 -3 -1 -2 -2 -3 -3  6  0 -1 -4 -3 -1    7   4   1   3   0   2   8   2   0   5   4   2   0   1  46   7   3   0   1   5  0.84 0.30
  207 I   -1 -3 -4 -4  0  0 -1 -4 -2  1  4 -3  1 -1 -3 -3 -3 -4 -3  1    4   1   0   0   2   6   5   1   1   6  56   1   3   1   1   1   0   0   0  12  0.60 0.31
  208 P   -3 -3 -5 -3 -4 -4  0 -5 -5 -5 -5 -2 -5 -6  8 -2 -3 -6 -6 -3    2   1   0   1   0   0   6   0   0   0   1   2   0   0  81   2   1   0   0   2  2.30 0.70
  209 D   -1 -3 -1  7 -6 -2  2 -4 -3 -5 -6 -3 -5 -6 -4 -2 -4 -7 -6 -3    5   1   1  76   0   1  11   0   0   0   0   0   0   0   0   1   0   0   0   2  1.72 0.59
  210 N    0 -1  0  0 -2  0  1 -3  4 -1  0  1  0 -2 -2  0  0 -3 -1  1    8   2   5   5   0   3  10   0  13   2  10  11   2   0   1   8   4   0   1  14  0.13 0.13
  211 V   -1 -4 -5 -5 -3 -4 -3 -5 -5  4 -1 -3  1  1 -4 -4 -1 -4 -3  6    5   0   0   0   0   0   1   0   0  20   2   1   2   6   0   0   3   0   0  59  0.97 0.41
  212 I    0 -1 -1 -1 -3 -1  2 -3 -2  0 -2  1 -2 -3 -1  2  3 -4 -2  1    4   2   2   2   0   2  14   0   1   5   2   8   1   0   2  19  26   0   1  10  0.29 0.22
  213 I   -1 -5 -2 -4 -4 -2 -2 -5 -5  6 -1 -4  0 -3 -5 -3 -2 -5 -4  4    5   0   2   1   0   2   3   0   0  57   2   0   2   0   0   1   1   0   0  24  1.02 0.42
  214 H   -1  0 -1 -3 -3  0 -1 -3  4  1  1  0  1  0 -2 -1 -1 -3  0  2    3   5   3   0   0   3   3   1  13  11  17   8   3   4   1   2   3   0   2  17  0.15 0.13
  215 P   -2 -3 -1  2 -5  1  6 -3 -3 -4 -5  0 -4 -5  3 -1 -1 -5 -4 -4    3   0   3   9   0   4  52   1   0   1   0   5   0   0  17   3   3   0   0   0  0.96 0.41
  216 P   -1 -3 -1 -1 -5 -1 -1 -1 -4 -2 -4 -1 -4 -5  7 -1 -2 -5 -4 -1    6   1   2   4   0   3   3   4   0   3   1   2   0   0  62   3   2   0   0   5  1.37 0.46
  217 K   -1  0 -2 -3 -5 -1  2 -4 -3 -4 -3  7 -3 -5 -2 -2 -3 -5 -4 -2    3   1   1   0   0   1  12   0   0   0   3  70   0   0   1   1   1   0   0   4  1.18 0.50
  218 Q   -2 -2 -2  3 -5  1  6 -4 -2 -2 -4 -1 -4 -5 -1 -1  0 -5 -4 -3    2   1   0  17   0   4  58   0   0   3   0   2   0   0   2   2   6   0   0   1  1.00 0.42
  219 I   -1 -2 -2  1 -4 -1  5 -2 -3  1 -1  0 -2 -2 -2 -2 -1 -4 -3  2    3   0   0   9   0   1  45   3   0   8   4   4   0   1   1   1   2   0   0  18  0.52 0.29
  220 T    0 -1 -1  1 -3  2  4 -1 -1 -2 -2  1 -1 -2  0  0  1 -3 -3 -1    9   2   0   6   0   8  31   4   1   1   1   7   1   1   4   7  11   0   0   4  0.29 0.16
  221 D    0 -1 -1  2 -4  1  4 -3  0 -1 -2  0 -2 -3  2  0 -2 -4 -3 -1    6   1   1  10   0   6  38   0   2   5   2   4   0   0  12   5   1   0   0   4  0.45 0.21
  222 D    0 -1  0  2 -3  0  2 -2 -1 -1 -2  0 -1 -1  3  1 -1 -3 -1  0    5   2   4  13   0   2  20   1   1   5   2   4   1   3  13   9   2   0   2   9  0.22 0.11
  223 K   -1 -1  0  2 -4  0  4 -2 -2 -1 -2  2 -2 -4 -1  1  0 -4 -3  0    3   2   3  12   0   3  30   1   0   3   2  16   0   0   2   9   6   0   0   9  0.34 0.17
  224 E   -2 -1 -2 -1 -5  2  6 -2 -1 -5 -4  1 -3 -5  0 -1  0 -4 -2 -4    1   2   0   0   0  10  62   2   1   0   1   9   0   0   3   3   5   0   2   0  0.90 0.32
  225 I    0 -3 -3 -3 -2 -2 -3 -2 -4  3  0 -2  0 -2  2 -1  0 -4 -2  3    7   0   0   0   0   1   0   2   0  21   7   2   2   0  12   5   6   0   0  34  0.36 0.16
  226 R    0  2 -1 -1 -3  1  2 -2  0  0 -1  3 -1 -3  0  1 -1 -3 -2  0    7   9   0   0   0   7  14   0   2   7   5  24   0   0   3  13   2   0   1   7  0.20 0.12
  227 T    2 -2 -2 -2 -3  0 -1 -1 -3 -2 -3 -1 -3 -4  5  2  2 -4 -3 -2   17   1   0   0   0   4   2   3   0   2   0   3   0   0  35  19  15   0   0   0  0.72 0.21
  228 A    3 -2 -2 -1 -2 -1  1  0 -2 -3 -3 -1 -2 -2  4  1  0 -3 -1 -1   46   0   0   3   0   0   8   5   0   0   0   0   0   2  23   7   3   0   2   2  0.49 0.13
  229 V   -1 -3 -4 -4 -2 -3 -3 -4 -4  3  1 -3  0 -1 -3 -2 -1 -4 -2  5    0   0   0   0   0   0   0   0   0  15   4   0   0   0   0   0   0   0   0  81  0.62 0.11

                      K         Lambda
Standard Ungapped    0.1363     0.3197
Standard Gapped      0.0453     0.2670
PSI Ungapped         0.1471     0.3115
PSI Gapped           0.0453     0.2670
