
Last position-specific scoring matrix computed, weighted observed percentages rounded down, information per position, and relative weight of gapless real matches to pseudocounts
           A  R  N  D  C  Q  E  G  H  I  L  K  M  F  P  S  T  W  Y  V   A   R   N   D   C   Q   E   G   H   I   L   K   M   F   P   S   T   W   Y   V
    1 N   -4 -3  8 -1 -5 -2 -2 -3 -2 -6 -6 -2 -4 -5 -4 -2 -2 -6 -4 -5    0   0 100   0   0   0   0   0   0   0   0   0   0   0   0   0   0   0   0   0  2.11 0.38
    2 G   -2 -4  0 -3 -5 -4 -4  7 -4 -6 -6 -3 -5 -5 -4 -2 -3 -5 -5 -5    0   0   4   0   0   0   0  96   0   0   0   0   0   0   0   0   0   0   0   0  1.83 0.30
    3 R   -4  8 -3 -4 -6 -1 -2 -5 -2 -5 -4  0 -4 -5 -4 -3 -3 -5 -4 -5    0 100   0   0   0   0   0   0   0   0   0   0   0   0   0   0   0   0   0   0  2.01 0.36
    4 D   -4 -3 -1  8 -6 -2  2 -3 -3 -5 -6 -2 -5 -6 -3 -2 -3 -6 -5 -5    0   0   0  89   0   0  11   0   0   0   0   0   0   0   0   0   0   0   0   0  1.80 0.32
    5 S   -1 -3 -1 -2 -3 -2 -2 -2 -3 -5 -5 -2 -4 -5 -3  7  0 -5 -4 -4    0   0   0   0   0   0   0   0   0   0   0   0   0   0   0  99   1   0   0   0  1.48 0.34
    6 N    1 -1  4  0 -4  2  4 -2  2 -2 -4 -1 -3 -4 -2 -1 -2 -4 -3 -2   14   0  25   1   0   8  41   0   5   3   0   1   0   0   0   0   0   0   0   1  0.59 0.17
    7 P    2 -3 -1 -2 -3 -2 -2  3 -3 -4 -4 -2 -3 -4  2  5 -1 -4 -4 -3   14   0   0   0   0   0   0  20   0   0   0   0   0   0  12  54   0   0   0   0  0.73 0.20
    8 K   -3  3 -1 -2 -5  3 -1 -3 -2 -5 -4  6 -3 -5 -3 -2 -2 -5 -4 -4    0  17   1   0   0  12   0   0   0   0   0  70   0   0   0   0   0   0   0   0  1.15 0.26
    9 Y   -3  8 -3 -4 -5 -1 -2 -4 -2 -5 -4  0  0 -3 -4 -3 -3 -4  2 -4    0  88   0   0   0   0   0   0   0   0   0   0   2   1   0   0   0   0  10   0  1.61 0.32
   10 L   -3 -2 -5 -6 -3 -4 -5 -6 -5  0  6 -4  1 -1 -5 -4 -3 -3 -3 -1    0   2   0   0   0   0   0   0   0   0  97   0   1   0   0   0   0   0   0   0  1.25 0.27
   11 G   -2 -4 -2 -3 -5 -4 -4  7 -4 -6 -6 -4 -5 -5 -4 -2 -4 -5 -5 -5    0   0   0   0   0   0   0 100   0   0   0   0   0   0   0   0   0   0   0   0  1.97 0.32
   12 V   -2 -5 -5 -5 -1 -4 -4 -5 -5  1 -1 -4 -1 -3 -4 -4 -2 -5 -3  7    1   0   0   0   1   0   0   0   0   3   1   0   0   0   0   0   0   0   0  95  1.33 0.30
   13 K   -3  0 -2 -3 -5 -1 -1 -4 -3 -5 -5  7 -3 -5 -3 -2 -3 -5 -4 -4    0   0   0   0   0   0   0   0   0   0   0 100   0   0   0   0   0   0   0   0  1.71 0.35
   14 K   -1  5 -2 -3 -3 -1 -1 -3 -1  1 -1  4  0 -3 -3 -2 -2 -4 -3  0    4  35   0   0   0   0   0   0   1  10   5  37   2   0   0   0   0   0   0   6  0.58 0.17
   15 F   -3 -4 -5 -5 -4 -5 -5 -5 -1 -2 -2 -5 -2  8 -5 -3 -3  0  5 -3    1   0   0   0   0   0   0   0   1   0   0   0   0  72   0   1   0   0  24   0  1.66 0.30
   16 G   -1 -4 -2  0 -5 -4 -3  7 -4 -6 -6 -3 -5 -5 -4 -2 -3 -5 -5 -5    1   0   0   6   0   0   1  93   0   0   0   0   0   0   0   0   0   0   0   0  1.73 0.29
   17 G   -2 -4 -2 -2 -4 -4 -4  7 -4 -6 -6 -3 -5 -5 -4 -1 -3 -5 -5 -5    0   0   1   1   0   0   0  95   0   0   0   0   0   0   0   4   0   0   0   0  1.78 0.30
   18 E   -2 -1 -2 -1 -5  6  5 -4 -2 -5 -4 -1 -2 -5 -3 -2 -3 -4 -4 -4    1   0   0   0   0  50  49   0   0   0   0   0   1   0   0   0   0   0   0   0  1.33 0.29
   19 V    2 -1 -1 -1 -2  0 -1 -2  0  0  0  0 -1  2 -2  1  0 -2  0  2   25   2   3   2   0   4   3   0   2   2   5   5   0  12   0  10   5   0   1  20  0.10 0.07
   20 V    0 -4 -5 -5  1 -4 -4 -5 -5  2 -1 -4 -1 -3 -4 -3 -1 -5 -3  6    7   0   0   0   3   0   0   0   0   7   0   0   0   0   0   0   1   0   0  82  1.02 0.25
   21 K   -1  2 -1 -2 -3 -1 -1 -3 -2  2  1  2  0 -2 -2  0  0 -3 -2  1    1  11   3   0   0   1   1   0   0  20  18  23   0   0   1   7   5   0   0   8  0.17 0.09
   22 A    6 -3 -3 -3 -2 -3 -3  0 -3 -3 -3 -2 -3 -4  2  0 -2 -4 -4 -2   84   0   0   0   0   0   0   3   0   0   0   0   0   0   9   3   0   0   0   0  1.05 0.26
   23 G   -2 -4 -2 -3 -5 -4 -4  7 -4 -6 -6 -4 -5 -5 -4 -2 -4 -5 -5 -5    0   0   0   0   0   0   0 100   0   0   0   0   0   0   0   0   0   0   0   0  1.97 0.32
   24 N   -2 -2  7 -1 -2 -2 -1 -1 -1 -5 -5 -2 -4 -5 -4  2 -1 -6 -4 -4    1   0  78   0   1   0   2   2   0   0   0   0   0   0   0  15   1   0   0   0  1.38 0.29
   25 I   -3 -5 -5 -5 -3 -5 -5 -6 -5  7  0 -5 -1 -2 -5 -4 -3 -5 -3  1    0   0   0   0   0   0   0   0   0  99   0   0   0   0   0   0   0   0   0   1  1.61 0.32
   26 L   -3 -4 -5 -5 -3 -4 -5 -5 -5  6  3 -4  0 -1 -5 -4 -2 -4 -3  1    0   0   0   0   0   0   0   0   0  68  30   0   0   0   0   0   0   0   0   2  1.04 0.23
   27 V   -2 -4 -5 -5 -3 -4 -4 -5 -5  3  0 -4  0 -2 -4 -3 -2 -5 -2  6    1   0   0   0   0   0   0   0   0  16   1   0   0   0   0   0   0   0   1  81  1.11 0.26
   28 R   -4  8 -3 -4 -6 -1 -2 -5 -2 -5 -4  0 -4 -5 -4 -3 -3 -5 -4 -5    0 100   0   0   0   0   0   0   0   0   0   0   0   0   0   0   0   0   0   0  2.01 0.36
   29 Q   -3 -1 -2 -3 -5  9  0 -4 -2 -5 -5 -1 -3 -6 -4 -2 -3 -4 -4 -5    0   0   0   0   0 100   0   0   0   0   0   0   0   0   0   0   0   0   0   0  2.10 0.41
   30 R   -4  8 -3 -4 -3 -1 -2 -5 -1 -5 -4  0 -3 -5 -4 -3 -3 -5 -4 -4    0  98   0   0   1   0   0   0   1   0   1   0   0   0   0   0   0   0   0   1  1.90 0.35
   31 G   -2 -4 -2 -3 -5 -4 -4  7 -4 -6 -6 -4 -5 -5 -4 -2 -4 -5 -5 -5    0   0   0   0   0   0   0 100   0   0   0   0   0   0   0   0   0   0   0   0  1.97 0.32
   32 T   -2 -3 -1 -3 -2 -3 -3 -4 -4 -3 -3 -3 -3 -4 -3  0  7 -5 -4 -2    0   0   2   0   1   0   0   0   0   0   0   0   0   0   0   1  97   0   0   0  1.61 0.35
   33 K   -2  3 -1 -2 -4  3  1 -3  0 -4 -4  5 -3 -4 -3 -1 -1 -4 -3 -2    2  14   1   0   0  13   4   0   1   0   0  57   0   0   0   2   2   0   0   3  0.77 0.20
   34 F   -3 -4 -4 -5 -4 -4 -4 -5  3  1 -1 -4  0  7 -5 -4 -2  5  2  1    0   0   0   0   0   0   0   0  10   9   0   0   2  55   0   0   1   9   3  10  1.00 0.22
   35 K   -4 -1  0 -3 -4 -1 -2 -4 10 -5 -5  0 -4 -2 -4 -3 -4  1  2 -5    0   1   3   0   0   0   0   0  82   0   0   4   0   1   0   0   0   2   6   0  2.04 0.36
   36 A    3 -4 -3 -3 -4 -3 -3 -3 -4 -4 -4 -3 -4 -5  8 -2 -3 -5 -5 -3   26   0   1   0   0   0   0   1   0   0   0   0   0   0  70   1   0   0   0   1  1.76 0.29
   37 G   -1 -4 -2 -2 -5 -4 -4  7 -4 -6 -6 -3 -5 -5 -4 -2 -4 -5 -5 -5    1   0   0   1   0   0   0  98   0   0   0   0   0   0   0   0   0   0   0   0  1.88 0.31
   38 Q    0  0  2  1 -2  0  2 -2 -1 -1 -2  1 -1 -3 -1  0  1 -3 -1  0   11   3  15   9   0   3  17   0   0   1   2   9   1   0   1   4  12   0   2  10  0.17 0.07
   39 G   -3 -3  8 -1 -5 -2 -2  1 -1 -5 -6 -2 -4 -5 -4 -1 -2 -6 -2 -5    0   0  86   0   0   0   0  12   0   0   0   0   0   0   0   0   0   0   1   0  1.65 0.32
   40 V   -2 -4 -5 -5 -3 -4 -4 -5 -5  1 -1 -4  2 -3 -4 -3 -1 -5 -3  7    1   0   0   0   0   0   0   0   0   2   0   0   4   0   0   0   1   0   0  92  1.27 0.29
   41 G   -2 -3 -2 -3 -5 -4 -4  7 -4 -6 -6 -2 -3 -5 -4 -2 -3 -5 -5 -5    0   1   0   0   0   0   0  96   0   0   0   1   1   0   0   0   0   0   0   0  1.82 0.30
   42 M   -2  0 -4 -4  4 -2 -3 -4 -3  3  2 -1  6 -2 -4 -3 -2 -3 -1  1    0   6   0   0  11   1   0   0   0  21  18   3  35   0   0   0   1   0   1   4  0.59 0.18
   43 G   -1 -4 -2 -3 -5 -4 -4  7 -4 -6 -6 -4 -5 -5 -4 -2 -4 -5 -5 -5    1   0   0   0   0   0   0  98   0   0   0   0   0   0   0   1   0   0   0   0  1.91 0.31
   44 R   -2  4 -1 -2 -5  0 -1 -2 -2 -4 -4  6 -3 -5 -3  0 -1 -5 -3 -3    0  26   2   0   0   0   0   2   0   0   0  62   0   0   0   5   2   0   0   1  0.96 0.23
   45 D   -4 -4 -1  8 -6 -2  0 -3 -3 -5 -6 -3 -5 -6 -4 -2 -3 -7 -5 -5    0   0   0 100   0   0   0   0   0   0   0   0   0   0   0   0   0   0   0   0  2.11 0.36
   46 H   -4 -3 -1  2 -5 -2 -2 -4 10 -5 -5 -3 -4 -1 -4 -3 -4 -4  3 -5    0   0   0  13   0   0   0   0  76   0   0   0   0   2   0   0   0   0   9   0  1.92 0.34
   47 T   -2 -3 -2 -3 -3 -3 -3 -4 -4 -3 -3 -3 -3 -4 -3 -1  7 -5 -4 -2    0   0   0   0   0   0   0   0   0   0   0   0   0   0   0   0 100   0   0   0  1.71 0.36
   48 L   -3 -3 -5 -5 -3 -4 -5 -5 -5  3  5 -4  1 -1 -5 -4 -3 -3 -3  0    0   1   0   0   0   0   0   0   0  16  83   0   0   0   0   0   0   0   0   0  1.04 0.23
   49 F   -4 -5 -5 -6 -5 -5 -5 -5 -2 -2 -2 -5 -2  8 -6 -4 -4 -1  4 -3    0   0   0   0   0   0   0   0   1   0   0   0   0  90   0   0   0   0   9   0  1.99 0.34
   50 A    6 -3 -3 -4 -1 -3 -3 -2 -4 -3 -3 -3 -3 -4 -3  0 -2 -5 -4 -2   96   0   0   0   1   0   0   0   0   0   0   0   0   0   0   3   0   0   0   0  1.29 0.30
   51 L   -2 -2 -3 -4 -3 -2 -3 -4 -4  0  5  2  1 -1 -4 -2  1 -3 -3  0    0   0   0   0   0   0   0   0   0   1  66  16   2   0   0   1  11   0   0   3  0.60 0.19
   52 S    1 -2 -2 -3 -1 -2 -1 -3 -3  3 -1 -1  0 -2 -3  0  2 -4 -2  3   17   1   1   0   0   1   3   0   0  21   1   4   0   0   0   5  14   0   0  32  0.28 0.12
   53 D   -1 -3  1  7 -4 -1  2 -3 -2 -5 -5 -2 -4 -5 -2 -1 -1 -6 -4 -4    4   0   3  71   0   0  15   1   1   0   0   0   0   0   1   0   3   0   0   0  1.23 0.24
   54 G   -2 -4 -2 -3 -5 -4 -4  7 -4 -6 -6 -4 -5 -5 -4 -2 -4 -5 -5 -5    0   0   0   0   0   0   0 100   0   0   0   0   0   0   0   0   0   0   0   0  1.97 0.32
   55 K   -1  1  0 -2 -2  0 -1 -3  1  1 -1  3 -1 -1 -3 -1  1 -3  0  2    3   7   5   0   0   3   2   0   4   6   1  25   1   1   0   2  10   0   4  26  0.17 0.10
   56 V   -2 -5 -5 -5 -3 -4 -4 -5 -5  2 -1 -4 -1 -3 -4 -4 -2 -5 -3  7    0   0   0   0   0   0   0   0   0   4   1   0   0   0   0   0   0   0   0  95  1.36 0.30
   57 V   -1  1  0 -1 -1  2  1 -2 -1 -2 -2  4 -1 -3 -2  0  1 -4 -2  0    4   4   3   1   1  13   8   0   1   0   2  35   0   1   0   5  12   0   0  12  0.29 0.11
   58 F   -4 -5 -5 -6 -5 -5 -5 -5 -3 -2 -2 -5 -2  9 -6 -5 -4 -1  1 -3    0   0   0   0   0   0   0   0   0   0   0   0   0  98   0   0   0   0   1   0  2.18 0.36
   59 I    0  2 -1  0 -3  1  4 -1  2 -3 -3  1 -2 -3 -2  0  0 -4 -2 -2    7  10   1   1   0   5  43   3   6   1   1   8   0   1   0   4   6   0   0   3  0.42 0.13
   60 N   -1  3  0 -1 -3  0  0 -3  0  0 -2  2 -1 -2 -2 -1  1 -3 -1  2    1  21   3   4   0   3   3   0   3   4   0  17   0   0   1   3  14   0   2  22  0.21 0.10
   61 K   -2  2 -2 -2 -4  0 -1  1 -1 -4 -3  6 -2 -2 -3 -1 -2 -4 -1 -3    0   7   0   0   0   1   1  12   1   0   2  69   0   2   0   1   1   0   2   0  0.81 0.22
   62 G    1  0 -1  0 -3 -1 -2  5 -2 -3 -2  0 -3 -2 -3 -1 -1 -3 -3 -3   11   7   1   5   0   1   0  54   1   0   4   8   0   2   0   3   3   0   0   1  0.57 0.13
   63 K    0  2  2  0 -4  0  0 -1 -1 -4 -2  4 -2 -4  2 -1 -1 -4 -3 -3    7  14  13   5   0   2   4   5   1   0   3  37   0   0   8   2   0   0   0   0  0.40 0.12
   64 G   -1 -1  4  2 -4 -1 -1  3 -1 -4 -3  1 -2 -4 -3  0 -1 -4 -3 -3    1   1  33  15   0   2   1  23   0   0   3   9   1   0   0   7   3   0   0   0  0.49 0.13
   65 A   -3  7 -1 -3 -5  0 -2 -1 -2 -5 -4  3 -3 -5 -4 -2 -3 -5 -4 -4    0  77   1   0   0   1   0   5   0   0   0  15   0   0   0   0   0   0   0   0  1.35 0.27
   66 R   -1  3 -1 -2 -2  1 -1 -3 -1 -3 -3  5 -1 -4 -3  1  1 -4 -3 -2    2  17   0   0   1   5   0   0   1   0   0  46   1   0   0  13  10   0   0   3  0.57 0.17
   67 F   -3 -1 -3 -4 -3  0 -3 -4  0 -2 -2  2 -2  5 -4 -2 -1  1  6 -1    0   3   0   0   0   6   0   0   2   1   1  15   0  30   0   1   4   1  33   3  0.71 0.19
   68 I   -2 -5 -5 -5 -1 -4 -4 -5 -5  3 -1 -4 -1 -3 -4 -4 -1 -5 -3  6    0   0   0   0   1   0   0   0   0  13   0   0   0   0   0   0   1   0   0  85  1.22 0.28
   69 S   -1 -2  0 -1 -2 -2 -2 -2  0 -4 -4 -2 -3 -4 -3  6  1 -5 -3 -2    1   0   4   2   1   0   0   0   3   0   0   0   0   0   0  81   6   0   0   2  1.04 0.29
   70 I   -2 -5 -5 -5 -3 -4 -5 -5 -5  5 -1 -4 -1 -2 -4 -4 -2 -5 -3  6    0   0   0   0   0   0   0   0   0  31   0   0   0   0   0   0   0   0   0  69  1.15 0.26
   71 E   -1 -1 -2  0 -3 -1  2 -4 -2  2  0 -1  0 -1 -3 -2 -1 -2  4  3    2   2   1   4   0   2  19   0   0  10   5   2   2   0   0   0   2   0  20  29  0.28 0.13
   72 A    3 -3 -3 -3 -3 -2 -2 -2 -4 -3 -4 -2 -3 -4  7  0  0 -5 -4 -2   28   0   0   0   0   1   1   1   0   0   1   1   0   0  55   5   4   0   0   2  1.28 0.25
   73 A    5 -3 -2 -3 -1 -2 -1 -2 -2 -2 -2 -1 -2 -2 -1  0 -1 -4 -3  0   74   0   1   0   0   1   3   0   0   1   3   2   0   1   3   3   1   0   0   7  0.69 0.20
   74 Q   -2 -1 -1  0 -5  4  6 -3 -1 -5 -4  1 -3 -5 -2 -1 -2 -4 -3 -4    0   0   0   0   0  22  71   0   0   0   0   7   0   0   0   0   0   0   0   0  1.09 0.19

                      K         Lambda
Standard Ungapped    0.1400     0.3188
Standard Gapped      0.0595     0.2670
PSI Ungapped         0.1945     0.3166
PSI Gapped           0.0595     0.2670
