
Last position-specific scoring matrix computed, weighted observed percentages rounded down, information per position, and relative weight of gapless real matches to pseudocounts
           A  R  N  D  C  Q  E  G  H  I  L  K  M  F  P  S  T  W  Y  V   A   R   N   D   C   Q   E   G   H   I   L   K   M   F   P   S   T   W   Y   V
    1 S    1 -2  3 -1 -2 -1 -1 -1 -2 -3 -3 -1 -2 -3 -2  4  4 -4 -3 -2    7   0  20   0   0   0   0   0   0   0   0   0   0   0   0  41  32   0   0   0  0.55 0.14
    2 K   -2  1 -2 -3 -5 -1 -1 -4 -3 -5 -5  7 -4 -5 -3  0 -3 -5 -4 -4    1   3   0   0   0   0   0   0   0   0   0  90   0   0   0   6   0   0   0   0  1.49 0.41
    3 T   -3 -4 -2 -4 -4 -4 -2 -4 -5 -4 -4 -4 -4 -5 -4  2  7 -6 -5 -2    0   0   1   0   0   0   2   0   0   0   0   0   0   0   0  12  83   0   0   1  1.71 0.62
    4 N   -5 -4  8  4 -7 -4 -3 -4 -4 -7 -7 -4 -6 -7 -6 -1 -4 -8 -6 -7    0   0  72  24   0   0   0   0   0   0   0   0   0   0   0   4   0   0   0   0  2.16 0.81
    5 P   -1 -3 -3 -4 -5 -1 -2 -5 -5  3 -2 -3 -2 -4  6 -3 -2 -3 -3  3    4   2   1   1   0   2   2   0   0  18   3   1   0   0  41   1   2   0   1  21  0.99 0.46
    6 R   -3  2  1 -5 -5  0  0 -5  0 -1 -2 -2  0 -1 -5 -4 -3 -2  8 -1    2  13   6   0   0   5   5   0   2   3   4   2   2   1   0   0   1   0  48   5  1.02 0.52
    7 L   -4 -3 -4 -6 -4 -5 -5 -6 -1  2  5 -3  2 -1 -6 -4 -2 -2 -1  1    0   2   1   0   0   0   0   0   2  10  68   2   4   1   0   1   2   0   2   7  1.05 0.49
    8 S   -2  5  0 -2 -4  0 -2 -2 -2  0 -1  3 -1 -3 -2 -1 -1 -5 -4  0    2  32   4   2   0   4   1   2   1   6   7  19   1   0   2   5   4   0   0   8  0.42 0.29
    9 S   -1  0  0  0 -4 -1  0 -4 -2 -1  3  2  2 -2 -4  0 -1 -4 -3 -2    5   5   6   4   0   2   7   0   1   1  41  13   5   1   0   7   2   0   0   1  0.31 0.27
   10 L   -5 -5 -6 -7 -5 -3 -3 -7 -6 -1  6 -6  2 -3 -5 -5  0  1 -4 -1    0   0   0   0   0   1   2   0   0   1  80   0   4   0   0   0   7   2   0   3  1.43 0.64
   11 I   -1 -6 -6 -5 -1 -3 -5 -4  0  6 -1 -5 -2 -1 -6 -3 -3 -6 -4  5    5   0   0   0   1   1   0   1   2  44   2   0   0   3   0   2   0   0   0  38  1.12 0.53
   12 A    0  3  1 -1 -5  0  0 -2 -2 -4 -3  5 -3 -4 -4 -1 -2 -2 -3 -4    6  18   5   4   0   3   6   2   1   1   2  44   0   1   0   5   1   1   1   1  0.71 0.41
   13 D   -2 -1 -1  1 -4 -2  1 -4 -4 -1  4 -1  0  1 -4 -1 -1 -4 -1 -1    2   3   3   9   0   1   9   1   0   2  48   3   2   6   0   5   4   0   2   2  0.39 0.30
   14 L   -5 -5 -5 -7 -3 -5 -6 -7 -2 -3  4 -6 -1  1 -6 -5 -5 -3  8 -2    0   0   0   0   0   0   0   0   0   0  46   0   1   4   0   0   0   0  45   1  1.61 0.70
   15 K   -2  5 -2 -3 -5 -1  0 -3 -3 -5 -2  5 -4 -3 -1 -1 -1 -2 -3 -4    3  38   1   1   0   1   5   1   0   0   3  32   0   1   3   4   4   1   1   1  0.86 0.46
   16 S   -1  0 -2 -2 -5 -1  0 -5 -2 -2 -2  4 -3  6 -5  0 -2 -3  1 -3    4   4   1   1   0   2   5   0   1   2   2  25   0  40   0   8   2   0   2   1  0.79 0.45
   17 A    1 -2 -4 -4 -4  1 -1 -4 -3  0  4  0  0 -3 -4 -2 -1 -4 -2  0   13   2   0   0   0   8   4   1   0   4  51   5   1   0   0   1   3   0   1   6  0.51 0.35
   18 A    5 -2 -2 -3  0 -2 -3 -2 -2 -4 -4 -1 -4 -3 -3  4 -1 -5  0 -1   45   2   1   1   2   1   1   1   1   0   0   4   0   1   0  29   3   0   3   5  0.73 0.44
   19 R   -2  7 -1 -3 -4 -1 -2 -2 -1 -5 -5  2 -3 -4 -5 -1 -3 -5 -2 -4    2  63   3   1   0   2   2   4   1   0   0  13   0   1   0   4   1   0   2   1  1.29 0.57
   20 S   -1  6  0 -1 -5  0  2 -4 -1 -4 -4  2 -3 -1 -4 -2 -2 -5 -4 -3    4  47   5   3   0   3  12   1   1   1   1  11   0   4   0   2   3   0   0   1  0.82 0.41
   21 S   -2 -2  4 -2 -4 -2  0 -3  0 -4 -4 -2 -4 -3 -4  1  6 -5  0 -3    1   2  17   1   0   1   6   1   2   1   0   1   0   1   0  10  51   0   3   0  0.92 0.49
   22 G   -3 -2  4  5 -5  1  1  2 -1 -3 -5  0 -4 -5 -3  0 -1 -5 -4 -3    0   1  21  29   0   5   9  14   1   1   0   6   0   0   1   5   4   0   0   2  0.64 0.34
   23 G    4 -2 -1 -4 -2 -3 -2 -2  0 -4 -4 -1 -4 -4 -2  4 -2 -5 -4  0   40   1   3   0   1   0   1   2   2   0   1   3   0   0   1  38   0   0   0   6  0.81 0.47
   24 A    0  0  1  0 -5 -1 -1 -2 -2 -4 -4  4 -3 -5  5  0  0 -6 -5 -4    9   5   7   4   0   1   2   2   1   1   2  24   0   0  30   5   5   0   0   1  0.70 0.38
   25 V   -3 -6 -6 -7 -5 -6 -4 -7 -5  4  2 -6 -3  7 -7 -6 -3 -3 -1  0    1   0   0   0   0   0   1   0   0  23  15   0   0  51   0   0   1   0   1   7  1.44 0.59
   26 W   -3 -5  6 -3 -2 -4 -5 -5 -2 -4 -6 -4 -5 -2 -5 -3 -4 10  4 -3    2   0  42   1   1   0   0   0   1   1   0   1   0   1   1   2   1  34  11   2  1.98 0.77
   27 G    1  4 -2 -3 -5  2 -1 -1 -1 -4 -4  5 -3 -3 -4 -1 -3 -5 -4 -4   11  26   2   1   0   9   2   4   1   0   1  37   0   1   0   3   1   0   0   1  0.81 0.43
   28 D    0  3 -2  3 -3 -2 -1 -4 -3  1 -1  1 -1 -3 -4 -2  1 -4 -1  3    6  16   1  17   0   0   3   0   0   9   3   8   1   0   0   1   9   0   2  25  0.34 0.28
   29 V   -3 -6 -6 -6 -4 -5 -6 -6 -6  5  1 -5  1 -3 -6 -5 -4 -6 -4  5    2   0   0   0   0   0   0   0   0  37  13   0   2   0   0   0   0   0   0  44  1.31 0.55
   30 A    4 -3 -5 -5 -4 -4 -3 -3 -1 -2  4 -4  0 -3  1 -2 -2 -1 -2 -3   39   1   0   0   0   0   1   1   2   1  38   0   2   1   8   2   1   1   1   0  0.73 0.44
   31 E   -3  4 -1  0 -6  0  2 -4  1 -4 -4  6 -1 -6 -4 -2 -4 -1 -4 -4    2  19   3   4   0   2  14   1   4   1   2  45   1   0   0   1   0   1   0   1  0.94 0.49
   32 R   -4  8 -2 -2 -7 -2 -1 -5 -2 -5 -2  0 -2 -3 -6 -2 -5 -3 -1 -6    1  73   2   2   0   0   4   1   1   0   5   3   1   1   0   2   0   0   3   0  1.69 0.72
   33 L   -2 -5 -6 -6 -5 -5 -6 -1 -6  0  6 -6  0 -1 -6 -4 -3 -5 -4 -1    4   0   0   0   0   0   0   6   0   4  78   0   1   2   0   1   1   0   0   2  1.35 0.60
   34 E   -1 -1  0 -2  2 -1  1 -3 -1 -1 -1 -1 -1  6 -2 -1 -2 -3  1 -3    4   4   4   2   4   2  12   1   1   3   5   4   1  37   2   6   2   0   3   1  0.52 0.33
   35 K   -1  1 -1 -5 -5 -1 -3 -4 -2 -2  0  3  8 -3 -5 -1 -1 -5 -4 -2    4   8   4   0   0   3   1   1   1   2   6  21  38   0   0   5   4   0   0   3  0.92 0.51
   36 P   -2 -2  0 -4 -2 -3 -4 -4 -5 -6 -6 -4 -5 -3  5  6 -1 -7 -6 -4    2   3   4   0   1   1   0   1   0   0   0   0   0   1  29  54   3   0   0   1  1.37 0.67
   37 R   -2  6  0 -5 -7 -3 -4 -4 -2 -3 -5  4 -5 -3 -3  0 -1 -7 -5 -6    3  49   4   0   0   0   0   1   1   2   1  26   0   1   1   8   4   0   0   0  1.28 0.61
   38 R   -3  4 -1 -3 -5 -2 -4 -5 -4  3 -3  2 -1 -5 -5  0  3 -6 -5  1    1  27   3   1   0   1   0   0   0  18   1  12   1   0   0   5  21   0   0   8  0.70 0.43
   39 T   -1  0  7 -1 -6  0  2 -4  1 -3 -5  1 -5 -2 -5 -1  0 -6 -3 -2    4   5  46   3   0   4  11   1   3   2   1   8   0   2   0   3   4   0   1   3  0.88 0.48
   40 H   -4  7 -2 -6 -4  2 -4 -7  1 -5 -5  1 -1 -2 -6 -4 -3  3  5 -5    1  49   1   0   0   7   0   0   3   1   1   7   2   2   0   1   1   4  20   1  1.42 0.66
   41 A    3  1 -5 -4 -3 -1 -3 -5  0 -3 -5 -3 -3 -4  6 -2 -3 -2 -3 -1   28   7   0   1   1   3   1   0   2   1   1   1   1   1  44   2   1   1   1   5  1.22 0.59
   42 E   -1 -6 -4 -3 -6 -2  2 -6 -3  0 -4 -4 -5 -4  7 -4 -3 -7 -3  2    5   0   1   1   0   2  12   0   1   5   1   1   0   1  53   1   2   0   1  14  1.42 0.64
   43 V   -3 -7 -7 -7 -5 -6 -7 -7 -7  3  3 -6  3 -4 -3 -6 -4 -6 -2  6    2   0   0   0   0   0   0   0   0  17  24   0   7   0   2   0   0   0   2  48  1.31 0.56
   44 N   -3 -3  6 -3 -1 -5 -5 -3 -5 -8 -8 -2 -7 -8 -6  6 -2 -8 -7 -7    2   1  37   1   1   0   0   2   0   0   0   2   0   0   0  52   2   0   0   0  1.69 0.81
   45 L   -5 -7 -7 -8 -5 -6 -7 -8 -7  2  5 -7  2 -1 -7 -6 -2 -6 -5  4    0   0   0   0   0   0   0   0   0  11  59   0   3   2   0   0   2   0   0  22  1.39 0.64
   46 G    0 -1 -1  0 -2 -3 -1  0 -2 -5 -6 -2 -3 -6 -3  6 -2 -2 -1 -4    6   4   2   5   1   1   3   7   1   1   0   2   1   0   1  61   1   1   2   1  1.05 0.63
   47 R   -3  7 -2  1 -7 -2 -3 -3 -1 -7 -5  4 -6 -7 -6 -3 -2  1 -6 -2    2  50   1   9   0   1   1   2   1   0   1  23   0   0   0   1   2   2   0   3  1.32 0.66
   48 I   -3 -7 -7 -8 -5 -6 -7 -8 -7  6  4 -7  4 -1 -7 -6 -5 -6 -5  1    2   0   0   0   0   0   0   0   0  41  41   0   8   2   0   0   0   0   0   6  1.47 0.65
   49 E    2 -3  4  0 -1  0  1 -2  0  0 -2 -1 -1 -3 -2  0 -1  0 -4  1   17   0  22   5   1   4   9   2   2   7   3   2   1   1   1   7   3   1   0   9  0.28 0.32
   50 R   -1  5 -1 -2 -1  0  0 -3 -1 -3 -3  4 -1 -5 -5 -1 -1  0 -2 -3    6  35   3   1   1   3   5   2   2   2   2  24   1   0   0   3   4   1   1   2  0.73 0.52
   51 Y    0 -1  1 -2 -1  0 -1 -3  4 -1  0  1  0  3 -2 -2 -2 -3  3 -1    7   3   8   1   1   3   5   2  10   4  11   8   3  13   2   2   2   0  11   4  0.21 0.23
   52 A    2 -2 -2 -2 -1 -3 -2  0 -1 -1 -1 -2  5  2 -2 -1  2 -4  0 -1   18   1   2   2   1   0   3   8   1   3   6   2  19   7   1   4  14   0   3   4  0.33 0.35
   53 Q    0  0  0  0 -3  1  0  0  1  0 -1  0  1  0  1  0  0 -2  1  0    6   6   5   6   0   5   6   6   5   6   6   6   5   5   6   6   6   0   5   6  0.03 0.06
   54 E   -1  0 -1  4 -5  1  5 -1 -3 -5 -5  0 -4 -5  0 -1 -2 -5 -5 -4    3   4   2  22   0   6  43   5   0   0   0   5   0   0   5   2   1   0   0   1  0.82 0.43
   55 D   -1 -2  4  3 -4 -2  0  4 -2 -4 -4  0 -4 -4 -3 -1 -2 -5 -2 -3    5   1  19  14   0   1   6  37   1   1   1   6   0   0   1   3   2   0   1   1  0.64 0.34
   56 E    0  0 -1  3 -2  0  3  1 -2 -4 -3  3 -2 -4 -1 -1 -1 -4 -3 -3    8   4   2  16   1   2  18  11   1   0   3  25   1   0   2   2   3   0   1   1  0.39 0.26
   57 T   -1 -1 -2 -2 -2 -2 -2 -3 -3  3  0 -2  0 -2 -3 -1  4 -4 -2  2    4   4   1   2   0   1   3   1   0  18   5   1   2   1   0   1  36   0   1  18  0.40 0.28
   58 V    2 -2 -3 -3 -1 -2 -1 -2 -2  2  1 -3  0  0 -2 -1 -1 -3 -2  3   26   2   0   0   1   0   4   2   1  14  10   0   2   4   1   1   2   0   0  27  0.28 0.22
   59 V   -1 -3 -3 -3 -1 -1 -2 -3 -4  2  1 -3  0 -1 -2 -2  1 -4 -1  5    3   0   0   1   1   2   2   2   0   7   9   1   1   2   1   3   9   0   1  54  0.52 0.31
   60 V    0 -3 -2 -3  0 -2 -1 -4 -4  2  0 -2 -1 -1 -3 -1  1 -4 -2  5    7   0   1   1   2   2   4   0   0  12   6   2   0   2   0   2   9   0   1  47  0.44 0.28
   61 P    0 -3 -2 -2 -3 -3 -2 -4 -4  0 -2  0 -2 -2  5 -2 -1 -4 -3  4    6   0   2   2   0   0   2   0   0   2   2   7   0   1  35   2   3   0   0  34  0.77 0.37
   62 G    0 -2 -1 -1 -3 -2 -1  6 -3 -3 -4 -2 -3 -4 -3  0 -2 -4 -4 -1    5   2   3   3   0   1   4  61   0   1   1   2   0   0   1   6   2   0   0   7  0.87 0.35
   63 K    0  1  0  0  1  0 -1 -2 -2 -2 -2  3 -2 -2  0  0  3 -3  0 -1    6   7   4   4   3   1   1   1   0   1   1  28   0   1   4   5  27   0   3   4  0.25 0.15
   64 V    0 -3 -3 -3 -2 -2 -3 -3 -3  3  1 -3  2 -1 -3 -2  0 -3 -2  4    9   1   0   1   0   0   1   1   0  18  10   1   5   0   1   1   6   0   0  46  0.40 0.18
   65 L   -1 -1  0  1 -2 -2 -2 -2 -2  0  2 -2  1  0 -2  0  3 -3 -2  0    4   4   4   8   0   0   1   1   0   1  27   1   4   4   1   4  30   0   0   7  0.19 0.14
   66 G   -1 -2  1  4 -3 -2  0  3 -2 -3 -3  0 -3 -2 -1  0  0 -3 -1  0    4   0   5  27   0   0   3  28   0   0   1   4   0   2   2   6   4   0   2   9  0.37 0.20
   67 S    0  1  1  5 -1 -1  0 -1 -2 -2 -2 -1 -2 -1 -2  0  1 -4 -1 -1    7   7   5  38   1   2   2   3   0   2   2   2   0   3   0   8   9   0   2   5  0.35 0.21
   68 G   -1 -3  0 -2 -4 -2 -1  5 -2 -1 -3 -1  0 -4  0 -2 -2 -5 -4  1    3   1   6   2   0   1   3  49   1   4   2   3   3   0   5   2   2   0   0  13  0.64 0.33
   69 V   -1  5  1  0 -1  0  2 -3 -1 -2 -2  1  1 -3 -3  0 -1 -2 -2 -1    6  33   6   4   1   2  13   1   1   2   2   7   5   1   0   6   3   0   1   6  0.40 0.26
   70 L   -3 -1 -5 -4 -3 -2 -4 -5 -3  3  4 -4  2 -1 -4 -4 -1 -4 -1  2    1   3   0   1   0   2   1   0   1  19  48   0   5   2   0   0   3   0   2  10  0.68 0.33
   71 Q   -1 -1  0  1 -2  1  1 -2  0  0  0 -1 -1 -1  0  0  2 -1  1  1    1   2   5   8   1   7   9   2   2   5   8   3   1   1   5   8  15   1   6  12  0.08 0.11
   72 K   -2  0  1 -3 -5 -1 -2 -2  5 -3 -4  4 -4 -5  4 -2 -2 -5 -3 -2    3   4   7   0   0   2   1   2  17   1   1  31   0   0  23   1   2   0   0   4  0.79 0.38
   73 D   -1  2  1 -2 -5 -1 -1 -2 -3 -5 -5  6 -4 -6  1  0 -2 -6 -5 -3    5  10   6   1   0   1   3   2   0   0   0  56   0   0   7   6   1   0   0   1  0.94 0.44
   74 V   -2 -4 -2 -5 -3 -4 -5 -5 -1  4  4 -4  2 -1 -3 -4 -2 -4 -1  3    2   0   3   0   0   0   0   0   1  23  36   0   5   2   1   0   2   0   1  23  0.71 0.32
   75 T   -2  0  0 -2 -1  0 -2 -4 -1 -2 -3  3 -3 -5 -4  1  6 -5 -4 -2    1   4   4   2   1   3   1   0   1   3   2  18   0   0   0   9  50   0   0   2  0.79 0.41
   76 V   -3 -5 -5 -5 -3 -4 -5 -5 -5  4  1 -4 -2 -3 -4 -4 -3 -5 -4  6    1   0   0   0   0   0   0   1   0  19  12   0   0   0   0   1   0   0   0  63  1.20 0.44
   77 A    3 -1 -1 -3  7 -1 -2 -2 -1 -2 -3  1 -3 -2 -3  0  0 -4 -2 -1   31   2   2   0  22   3   2   2   1   2   1  12   0   2   0   6   6   0   1   4  0.53 0.27
   78 A    6 -4 -4 -4  2 -3 -3 -3 -4 -4 -4 -3 -3 -4 -1  0 -3 -5 -4  0   76   0   0   0   3   0   0   1   0   0   1   0   0   0   3   6   0   0   0   6  1.26 0.50
   79 V   -2 -4 -1 -1 -4 -2 -2 -5  3  0  4 -3  0  3 -5 -2 -2  2  1  0    2   0   4   4   0   1   2   0   8   2  47   1   1  11   0   2   2   2   5   4  0.50 0.28
   80 D    0  4 -1 -1 -2  0 -2 -1  1 -3 -1  3 -1 -4 -3  1 -2  0 -2 -3    5  25   2   4   1   3   0   5   4   1   8  24   1   0   0  13   1   1   1   1  0.38 0.24
   81 F   -2 -6 -6 -7 -5 -6 -6 -6 -5  1 -2 -6 -1  8 -7 -5 -5  1  1  3    3   0   0   0   0   0   0   0   0   7   1   0   1  62   0   0   0   2   3  20  1.65 0.55
   82 S   -1 -4 -3 -4 -4 -4 -4 -4 -5 -3 -5 -4 -5 -6 -4  6  5 -6 -5 -4    4   0   0   0   0   0   0   0   0   1   0   0   0   0   0  61  33   0   0   0  1.49 0.61
   83 G    1  1  1  0 -4  1  2 -1 -1 -4 -3  2 -2 -4 -2  1  0 -4 -3 -2   16   6   6   4   0   7  18   4   1   0   1  13   1   0   1  12   6   0   0   2  0.28 0.18
   84 T    1  1 -1 -3 -2  0 -2  1 -3 -3 -4  1 -2 -5 -3  3  3 -5 -4 -3   14   7   2   0   1   3   1  11   0   0   1   7   0   0   0  29  23   0   0   1  0.50 0.30
   85 A    7  0 -5 -4 -4 -4 -4 -3 -5 -4 -4 -2 -4 -6 -4 -2 -3 -6 -5  0   85   5   0   1   0   0   0   0   0   0   1   1   0   0   0   1   0   0   0   6  1.59 0.61
   86 E    1  5 -2 -2 -2  0  0 -4 -1 -1 -1  3 -2 -4 -2 -2 -2 -2 -2 -1   13  38   2   1   1   3   5   0   1   4   6  18   1   0   1   0   1   0   1   4  0.55 0.29
   87 T    2  2  0 -1 -4  0  4 -3 -1 -3 -4  2 -3 -5 -3  1  0 -5 -4 -3   22  11   4   3   0   3  28   1   1   1   1  11   0   0   0   9   7   0   0   1  0.46 0.27
   88 K   -1  5 -3 -4 -2 -1 -3 -4 -2  0 -3  6 -4 -5 -3 -2 -1 -6 -5 -3    6  31   0   0   1   1   0   1   1   7   2  45   0   0   1   1   3   0   0   1  1.01 0.44
   89 I   -3 -6 -6 -7 -5 -6 -6 -7 -7  8  1 -3 -2 -3 -6 -5 -2 -6 -5  1    2   0   0   0   0   0   0   0   0  78  10   2   0   0   0   0   1   0   0   6  1.71 0.57
   90 D    0 -1 -2  1 -4 -1  4 -4 -2  0  1  1 -2 -2 -4 -2  0 -5 -4 -1    7   3   1   6   0   1  38   0   0   5  19   7   0   1   0   1   6   0   0   4  0.42 0.27
   91 Q    3  0  0 -1 -4  1  1 -1 -2 -4 -4  4 -4 -5 -3  0 -2 -5 -4 -3   31   5   5   4   0   4   7   5   1   0   1  33   0   0   0   4   1   0   0   1  0.58 0.31
   92 V    5 -3 -1 -2 -3 -3 -3  3 -4 -3 -3 -3 -2 -4 -4  1 -2 -5 -2 -1   57   1   3   1   0   0   1  18   0   1   1   1   1   0   0   9   1   0   1   4  0.83 0.39
   93 G   -3 -6 -2 -5 -6 -5 -6  7 -6 -7 -7 -5 -6 -7 -6 -4 -5 -6 -6 -3    0   0   2   0   0   0   0  94   0   0   0   0   0   0   0   0   0   0   0   2  2.33 0.69
   94 E   -2  1 -1 -1  1  2  5  1 -3 -5 -5  4 -4 -5 -3 -2 -2 -5 -4 -5    1   8   2   2   3   8  37  12   0   0   0  25   0   0   0   1   2   0   0   0  0.71 0.34
   95 A    2 -3 -4 -4  7 -3 -3 -4 -3  3 -1 -3 -1  0 -2  0  0 -4 -2  2   20   1   0   0  23   0   1   0   0  20   4   1   0   4   2   7   4   0   1  12  0.55 0.27
   96 V   -3 -4 -5 -5 -3 -3 -4 -5 -4  4  3 -4  5 -1 -5 -4 -2 -4 -1  2    1   0   0   0   0   1   1   1   0  31  33   1  16   2   0   0   1   0   2  11  0.78 0.32
   97 S   -2 -2 -2 -3 -4 -2 -1 -4  0 -4 -3 -2 -4 -2  0  2  6 -5  1 -3    2   2   1   1   0   1   3   1   2   0   1   1   0   1   4  12  64   0   5   0  1.03 0.48
   98 L   -3 -5 -5 -6 -4 -5 -4 -6 -2  4  3 -5 -1  5 -5 -4 -3 -3  1  0    1   0   0   0   0   0   1   0   1  26  35   0   0  30   0   1   0   0   3   2  0.93 0.36
   99 E   -2 -1 -1  6 -5 -1  3 -3 -1 -2 -2 -2 -3 -3 -1  0 -2 -5 -3 -3    3   2   1  46   0   1  22   1   1   2   4   1   0   1   3   7   1   0   1   1  0.79 0.35
  100 Q   -3 -2  0  2 -6  7  4 -5 -1 -6 -4  0 -4 -6 -2 -2 -2 -5 -4 -5    1   1   3  13   0  48  26   0   1   0   1   4   0   0   2   0   1   0   0   0  1.18 0.49
  101 A    0 -5 -5 -3 -2 -4 -5 -4 -5  1  5 -5  1  0 -5 -4 -3 -4 -1  0    8   0   0   2   1   0   0   1   0   5  71   0   3   4   0   0   0   0   2   4  0.95 0.39
  102 I    4 -4 -4 -4 -3 -3 -4 -3 -4  2  1 -3  2 -1 -3 -2 -1 -4 -3  2   46   0   0   1   0   0   0   0   0  11  15   0   6   2   1   0   1   0   0  17  0.58 0.31
  103 E   -1  1  0 -1 -4  0  3 -4 -1 -2  3  2  0 -3 -3 -2 -1 -4 -2 -1    5   6   4   2   0   2  24   0   1   1  32  15   2   0   1   1   2   0   1   3  0.31 0.23
  104 N    0  4 -1  1 -4  2  3 -4  0 -2 -2  2 -2 -4 -3 -1 -1 -5 -3 -2    7  24   2   7   0  10  25   0   2   2   3  10   0   0   0   1   2   0   0   2  0.47 0.25
  105 N    2 -1  6 -1  0 -2 -2 -3  0 -2 -3  0 -3 -1 -3  2 -1 -4  0 -3   21   3  39   3   2   0   0   0   2   2   1   6   0   3   0  13   1   0   3   1  0.58 0.32
  106 P   -4 -3 -3 -5 -6 -2 -3 -4 -5 -6 -5 -1 -5 -3  8 -3 -3 -7 -6 -5    0   1   1   0   0   1   1   1   0   0   1   3   0   1  86   1   1   0   0   0  2.50 0.71
  107 E   -2  0  0  0 -4 -1  2 -3 -3 -3 -2  4 -3 -4 -2 -1  3 -5 -4 -3    2   4   3   5   0   1  13   1   0   0   4  35   0   0   1   3  26   0   0   0  0.56 0.31
  108 G   -3 -4 -3 -2 -5 -4 -5  7 -5 -4 -4 -2 -2 -4 -2 -3 -4 -2 -2 -4    0   0   0   2   0   0   0  85   0   1   1   2   1   1   2   1   0   1   2   1  1.73 0.55
  109 S    0  0 -1 -1  2  2  0 -2 -2 -4 -4  4 -3 -5 -3  4  1 -5 -4 -2    6   2   1   2   4   9   6   1   0   0   0  26   0   0   0  35   7   0   0   2  0.54 0.32
  110 H   -3  0  6  0 -5 -1 -2  4 -1 -6 -4  1 -4 -5 -4 -1 -2 -6 -4 -5    0   5  45   4   0   1   1  30   1   0   1   9   0   0   0   1   1   0   0   0  1.01 0.42
  111 V   -2 -5 -4 -5  2 -4 -4 -5 -5  2 -1 -4 -1 -4 -4 -2  5 -5 -4  5    0   0   0   0   4   0   0   0   0  11   2   0   1   0   0   1  36   0   0  46  0.99 0.45
  112 R   -2  4 -2 -4 -3 -2 -3 -4 -1  1  0  3 -1 -2 -4 -3 -2 -4 -3  3    2  25   1   0   0   0   0   0   1   7  11  21   1   2   0   0   1   0   0  27  0.49 0.29
  113 V   -4 -5 -6 -6 -4 -5 -5 -6 -5  5  4 -5  1 -2 -5 -5 -3 -4 -3  2    0   0   0   0   0   0   0   0   0  38  50   0   1   0   0   0   0   0   0  10  1.10 0.40
  114 I   -3 -5 -5 -6 -3 -4 -5 -6 -5  4  4 -5  5  0 -5 -4 -3 -4 -3  2    0   0   0   0   0   0   0   0   0  27  43   0  15   4   0   0   0   0   0  10  0.94 0.36
  115 R   -3  7 -2 -3 -6  4 -1 -4 -2 -5 -4  3 -3 -5 -4 -3 -3 -5 -4 -5    0  59   0   0   0  20   0   0   0   0   0  20   0   0   0   0   0   0   0   0  1.37 0.41

                      K         Lambda
Standard Ungapped    0.1277     0.3096
Standard Gapped      0.0560     0.2670
PSI Ungapped         0.1835     0.3145
PSI Gapped           0.0560     0.2670
