
Last position-specific scoring matrix computed, weighted observed percentages rounded down, information per position, and relative weight of gapless real matches to pseudocounts
           A  R  N  D  C  Q  E  G  H  I  L  K  M  F  P  S  T  W  Y  V   A   R   N   D   C   Q   E   G   H   I   L   K   M   F   P   S   T   W   Y   V
    1 G   -1 -4 -2 -3 -4 -3 -4  7 -4 -6 -5 -3 -4 -5 -4 -2 -3 -4 -5 -5    0   0   0   0   0   0   0 100   0   0   0   0   0   0   0   0   0   0   0   0  1.81 0.26
    2 N   -3 -1  0 -2 -5  8  0 -4  3 -5 -4  0 -2 -5 -3 -2 -2 -4 -3 -4    0   0   4   0   0  89   0   0   7   0   0   0   0   0   0   0   0   0   0   0  1.54 0.30
    3 K   -2  1 -2 -2 -5  0 -1 -3 -2 -5 -4  7 -3 -5 -3 -2 -2 -5 -4 -4    0   0   0   0   0   0   0   0   0   0   0 100   0   0   0   0   0   0   0   0  1.49 0.28
    4 I   -2 -4 -4 -5 -2 -4 -4 -5 -5  3  0 -4  0 -2 -4 -3 -1 -4 -3  6    0   0   0   0   0   0   0   0   0  14   0   0   1   0   0   0   2   0   0  83  0.98 0.21
    5 H   -3 -2  6  0 -4 -1 -2 -3  7 -5 -5 -2 -4 -4 -3 -1 -2 -5 -2 -5    0   0  59   1   0   0   0   0  38   0   0   0   0   0   0   2   0   0   0   0  1.37 0.25
    6 P   -3 -4 -4 -3 -5 -3 -3 -4 -4 -5 -5 -3 -4 -6  9 -3 -3 -6 -5 -4    0   0   0   0   0   0   0   0   0   0   0   0   0   0 100   0   0   0   0   0  2.75 0.33
    7 I   -2 -1  1 -2 -3 -2 -2 -3  5  3 -1  0 -1 -2 -3 -1  2 -4 -1  1    0   1   9   0   0   0   0   0  23  28   0   7   0   0   0   0  20   0   0  11  0.36 0.13
    8 G   -1 -4 -2 -3 -4 -3 -4  7 -4 -6 -5 -3 -4 -5 -4 -2 -3 -4 -5 -5    0   0   0   0   0   0   0 100   0   0   0   0   0   0   0   0   0   0   0   0  1.81 0.26
    9 F   -2 -3 -4 -5 -2 -3 -4 -5 -4  3  4 -4  3  3 -4 -3 -2 -2 -1  0    0   0   0   0   0   0   0   0   0  19  54   0   9  16   0   0   0   0   0   1  0.63 0.14
   10 R   -3  8 -2 -3 -5 -1 -2 -4 -2 -5 -4  1 -3 -5 -4 -3 -3 -5 -4 -4    0 100   0   0   0   0   0   0   0   0   0   0   0   0   0   0   0   0   0   0  1.79 0.30
   11 L   -2 -4 -4 -5 -2 -3 -4 -5 -4  3  4 -4  1 -1 -4 -3 -2 -3 -2  4    0   0   0   0   0   0   0   0   0  13  50   0   0   0   0   0   0   0   0  37  0.66 0.15
   12 G   -1 -4 -2 -3 -4 -1 -3  7 -3 -5 -5 -3 -4 -5 -4 -2 -3 -4 -5 -5    1   0   0   0   0   4   0  95   0   0   0   0   0   0   0   0   0   0   0   0  1.62 0.24
   13 I   -2 -4 -5 -5 -2 -4 -4 -5 -5  6  0 -4  0 -2 -4 -3 -2 -4 -2  4    0   0   0   0   0   0   0   0   0  64   0   0   0   0   0   0   0   0   0  35  0.94 0.20
   14 T   -2 -3  2 -3 -2 -2 -3 -4 -3  5  0 -3  0 -2 -3 -1  1 -4 -3  2    1   0  16   0   0   0   0   0   0  56   0   0   0   0   0   3  10   0   0  13  0.51 0.15
   15 R   -2  5 -2 -2 -5  0  0 -3 -2 -4 -4  5 -3 -4 -3 -2 -2 -4 -3 -4    0  46   0   0   0   1   1   0   0   0   0  51   0   0   0   0   1   0   0   0  1.06 0.21
   16 D   -2 -3  1  6 -4 -1  0 -2 -2 -4 -4 -1 -4 -5  1 -1  3 -5 -4 -3    0   0   3  63   0   0   2   1   0   0   0   2   0   0   6   2  21   0   0   0  0.93 0.19
   17 W   -5 -5 -5 -6 -5 -4 -5 -5  2 -5 -4 -5 -4 -1 -6 -5 -5 12  0 -5    0   0   0   0   0   0   0   0   7   0   0   0   0   1   0   0   0  92   0   0  3.58 0.40
   18 E   -2 -1  3  5 -4 -1  3 -2 -2 -3 -4 -1 -3 -4 -3  0  0 -5 -4 -3    1   2  13  52   0   0  18   0   0   1   0   0   0   0   0   5   7   0   0   1  0.76 0.15
   19 S    2 -2 -1 -2 -2 -2 -2 -1 -2 -4 -4 -2 -3 -4 -2  6  1 -4 -3 -3   17   0   0   0   0   0   0   2   0   0   0   0   0   0   0  78   3   0   0   0  0.90 0.22
   20 R   -2  5 -1 -2 -4  0 -1 -3 -2 -3 -3  5 -1 -4 -3 -1  0 -4 -3 -1    0  37   1   0   0   0   0   0   0   1   0  47   1   0   0   0   8   0   0   4  0.77 0.17
   21 W   -5 -5 -6 -7 -5 -4 -5 -5 -5 -5 -4 -5 -4 -1 -6 -5 -5 13  0 -5    0   0   0   0   0   0   0   0   0   0   0   0   0   0   0   0   0 100   0   0  4.01 0.43
   22 Y   -4 -4 -4 -5 -4 -4 -4 -5  0 -3 -2 -4 -2  5 -5 -4 -3  0  8 -3    0   0   0   0   0   0   0   0   0   0   0   0   0  22   0   0   0   0  78   0  1.80 0.28
   23 A    6 -3 -3 -3 -2 -2 -2 -1 -3 -3 -3 -2 -2 -4 -2  0 -1 -4 -3 -1   96   0   0   0   0   0   0   0   0   0   0   0   0   0   0   1   0   0   0   1  1.09 0.24
   24 G   -1 -1  3  4 -3 -1  1  2 -1 -3 -3 -1 -3 -3 -2  0 -1 -3 -3 -3    2   1  20  37   0   1   6  16   0   1   1   3   0   1   1   6   1   0   0   2  0.48 0.09
   25 K   -1  0  0  1 -2  0  2 -1 -1 -3 -2  3 -2 -3 -1  2  1 -3 -2 -2    2   3   4   9   0   1  17   4   1   1   2  27   0   1   2  17   8   0   1   1  0.26 0.06
   26 K    0  2  0 -1 -4  1  0  1 -1 -4 -3  5 -2 -4 -2  0 -1 -4 -3 -3    8   7   4   2   0   4   1  10   1   0   0  59   0   0   0   3   1   0   0   0  0.55 0.14
   27 Q   -2 -2  4  6 -4  0  3 -2  0 -4 -4 -1 -4 -4 -3 -1 -1 -5 -4 -4    1   0  20  52   0   3  17   0   2   0   0   0   0   0   0   1   2   0   0   1  0.88 0.16
   28 Y   -4 -4 -4 -5 -4 -4 -4 -5 -1 -2 -2 -4 -2  6 -5 -4 -3  0  7 -3    0   0   0   0   0   0   0   0   0   0   0   0   0  45   0   0   1   0  54   0  1.56 0.25
   29 R    4 -1 -2 -2 -2 -1 -2  3 -3 -3 -3 -1 -2 -4  0  2 -1 -4 -3 -2   55   3   0   0   0   2   0  20   0   0   0   0   0   0   3  14   1   0   0   1  0.53 0.14
   30 H   -1 -1  2  5 -4  0  2 -1  0 -4 -4  1 -3 -4 -2  0  0 -4 -3 -3    4   1   9  48   0   3   9   3   2   0   0  12   0   0   0   2   5   0   0   2  0.58 0.12
   31 L   -2 -2  2 -3 -2 -1 -3 -3 -1  0  3 -1  1  2 -3 -2 -1  0  3 -1    0   0  14   0   0   2   0   0   0   1  45   6   3  10   0   0   3   1  14   0  0.32 0.11
   32 L   -3 -4 -5 -5 -3 -4 -4 -5 -4  0  6 -4  1 -1 -4 -4 -3 -3 -2  0    0   0   0   0   0   0   0   0   0   1  97   0   1   0   0   0   0   0   0   2  1.10 0.22
   33 L   -2 -2  1 -2 -3 -1 -2 -3  7  1  1 -2  0 -1 -3 -2 -2 -3  0  2    1   0   9   1   0   2   0   0  38   7  16   0   1   1   0   1   0   0   2  19  0.48 0.14
   34 E   -1 -1  0  0 -4  1  6 -2 -2 -4 -4  0 -3 -5 -2  0  0 -4 -3 -4    2   0   4   1   0   4  75   3   0   0   0   1   0   0   0   5   6   0   0   0  0.95 0.20
   35 D   -4 -3  0  8 -5 -2  0 -3 -3 -5 -6 -2 -5 -5 -3 -2 -3 -6 -5 -5    0   0   0 100   0   0   0   0   0   0   0   0   0   0   0   0   0   0   0   0  1.91 0.29
   36 Q   -2 -3 -1 -3 -2  0 -3 -4  2  2  3 -3  1  2 -4 -3 -2  0  2  1    0   0   4   1   0   5   0   0   7  18  40   0   1   7   0   0   0   1  11   6  0.32 0.10
   37 R    0  2  2 -1 -4  1  1 -2  0 -4 -3  5 -2 -4 -2 -1 -1 -4 -3 -3    6  11  10   0   0   5   8   0   1   0   0  56   0   0   0   1   1   0   0   1  0.61 0.15
   38 I   -2 -4 -4 -5 -2 -4 -4 -5 -4  6  1 -4  1 -1 -4 -3 -2 -4 -2  3    0   0   0   0   0   0   0   0   0  63  10   0   2   0   0   0   0   0   0  26  0.83 0.17
   39 R   -3  8 -2 -3 -5 -1 -2 -4 -2 -5 -4  1 -3 -5 -3 -2 -3 -5 -3 -4    0  98   0   0   0   0   1   0   0   0   0   1   0   0   0   0   0   0   0   0  1.73 0.29
   40 G   -1  1  1  2 -4  1  3 -1 -1 -4 -3  3 -2 -4 -2  0  0 -4 -3 -3    4   3   7  11   0   5  28   3   0   0   0  31   0   0   0   4   4   0   0   0  0.45 0.11
   41 L   -3 -3 -4 -4 -4 -3 -3 -4  2 -2  0 -4  0  6 -4 -3 -2  1  6 -2    1   0   0   0   0   0   1   0   5   0   4   0   3  43   0   0   1   1  39   1  1.04 0.19
   42 L   -2 -4 -4 -5 -2 -4 -4 -5 -4  4  4 -4  1 -1 -4 -3 -2 -3 -2  2    0   0   0   0   0   0   0   0   0  38  50   0   0   0   0   0   0   0   0  12  0.71 0.15
   43 E   -1  2  0 -1 -4  1  2 -2  0 -3 -2  5  0 -3 -2 -1  0 -4 -1 -3    2   7   2   1   0   5  13   1   2   0   2  53   3   1   0   2   4   0   1   0  0.48 0.13
   44 K   -2  1  2  0 -4  1  2 -1 -1 -4 -4  5 -3 -4 -2 -1 -1 -4 -3 -3    1   1   9   4   0   2  13   3   0   0   0  63   0   0   0   1   3   0   0   0  0.69 0.17
   45 E   -1  4 -1 -1 -4  1  2 -3 -1 -4 -4  5 -2 -4 -2 -1 -2 -4 -3 -3    2  25   2   1   0   5  16   0   0   0   0  48   0   0   0   1   1   0   0   0  0.70 0.15
   46 L   -2 -4 -5 -5  1 -3 -4 -5 -2  0  5 -4  1  0 -4 -3 -2 -3 -2  0    2   0   0   0   3   0   0   0   1   0  90   0   1   2   0   1   0   0   0   0  0.92 0.20
   47 Y    1 -1 -1 -2 -3  0 -1 -2  0 -2 -2  3 -2  1 -3  0 -1 -1  5 -2   18   0   1   1   0   3   2   1   0   0   0  28   0   4   0   6   1   0  32   1  0.40 0.13
   48 S    1 -1  1  2 -3  3  0 -1  3 -2 -2  0 -2 -3 -2  1  0 -4 -2 -2   13   0   7  18   0  21   3   3  12   2   2   3   0   0   1  13   4   0   0   0  0.30 0.09
   49 A    6 -3 -3 -3 -2 -2 -2 -1 -3 -3 -3 -2 -2 -3 -2  1 -1 -4 -3 -2   92   0   0   0   0   0   0   0   0   0   0   0   0   0   0   7   0   0   0   0  1.04 0.23
   50 G    2 -3 -1 -2 -3 -2 -2  5 -3 -4 -4 -2 -3 -4 -3  3 -1 -4 -4 -3   14   0   0   0   0   0   0  53   0   0   0   0   0   0   0  32   0   0   0   0  0.82 0.17
   51 L   -2 -4 -4 -5 -1 -4 -4 -5 -5  4  1 -4  0 -2 -4 -3 -1 -4 -2  5    0   0   0   0   1   0   0   0   0  32   4   0   0   0   0   0   0   0   0  63  0.84 0.18
   52 A    1 -2 -1 -2 -2 -2 -2 -1 -2 -4 -4 -2 -3 -4  1  6  0 -4 -3 -3    8   0   0   0   0   0   0   1   0   0   0   0   0   0   6  85   0   0   0   0  0.98 0.23
   53 R   -2  5 -1 -2 -4  1  0 -2  0 -4 -3  5 -2 -4 -3 -1  0 -4 -3 -3    0  40   2   1   0   2   1   1   2   0   0  43   0   0   0   2   7   0   0   0  0.77 0.17
   54 V   -2 -4 -5 -5 -2 -4 -4 -5 -5  6  0 -4  0 -1 -4 -3 -2 -4 -3  4    0   0   0   0   0   0   0   0   0  64   0   0   0   0   0   0   0   0   0  35  0.95 0.20
   55 D   -2 -1 -1  1 -3  2  5 -3 -1  1 -2 -1 -2 -3 -3 -1 -1 -4 -3  2    1   2   0   6   0   9  49   0   1   8   1   1   0   0   0   0   2   0   0  21  0.47 0.14
   56 I   -3 -5 -5 -5 -3 -4 -5 -5 -5  7  0 -4  0 -2 -4 -4 -2 -4 -3  1    0   0   0   0   0   0   0   0   0  97   1   0   0   0   0   0   1   0   0   1  1.31 0.25
   57 E   -3 -2 -1  1 -5  1  7 -4 -1 -5 -5 -1 -4 -5 -3 -2 -3 -5 -4 -4    0   0   1   3   0   1  95   0   0   0   0   0   0   0   0   0   0   0   0   0  1.49 0.27
   58 R   -3  8 -2 -3 -5 -1 -2 -4 -2 -5 -4  1 -3 -5 -4 -3 -3 -5 -4 -4    0 100   0   0   0   0   0   0   0   0   0   0   0   0   0   0   0   0   0   0  1.79 0.30
   59 A    4 -3 -3 -1 -3 -2 -2 -2 -3 -3 -3 -2 -2 -3  6  0  1 -4 -3 -2   44   0   0   2   0   0   0   0   0   0   0   0   0   1  40   3   7   0   0   1  0.93 0.17
   60 A    5 -2 -2 -3 -2 -2 -2 -1  4 -3 -3 -2 -2 -3 -1  1 -1 -4 -2 -2   74   0   0   0   0   0   0   2  12   0   0   1   0   0   1   9   1   0   0   0  0.74 0.19
   61 D   -2  1  5  2 -4  1  0 -1 -1 -4 -4  4 -3 -4 -3  0 -1 -4 -3 -4    0   4  39  11   0   5   1   2   0   0   0  35   0   0   0   3   0   0   0   0  0.66 0.15
   62 N   -2  5  2 -2 -4  0 -1 -2 -1 -4 -3  4 -2 -2 -3  0  0 -4 -3 -3    0  41  14   0   0   0   0   1   0   0   0  30   1   1   0   7   5   0   0   0  0.64 0.15
   63 V    2 -3 -4 -4  4 -3 -3 -3 -4  2  0 -3  0 -2 -1 -2 -1 -4 -2  4   23   0   0   0  12   0   0   0   0  13   4   0   1   0   2   0   1   0   0  46  0.46 0.13
   64 A   -2  5  3 -2 -4  0 -1 -3  1 -3 -3  4 -2 -4 -3 -1 -2 -4 -3 -3    2  40  18   0   0   0   0   0   3   1   1  34   0   0   0   0   0   0   0   0  0.72 0.16
   65 V   -2 -4 -4 -5 -2 -4 -4 -5 -5  5  1 -4  0 -2 -4 -3 -2 -4 -2  5    0   0   0   0   0   0   0   0   0  40   5   0   0   0   0   0   0   0   0  55  0.83 0.18
   66 T   -1 -2  2 -1 -2 -2 -2 -2  0  0 -2 -2 -2 -3 -2  2  5 -4 -2 -1    1   1  11   1   0   0   0   0   2   9   1   0   0   0   0  16  57   0   0   1  0.58 0.17
   67 V   -2 -4 -5 -5 -2 -4 -5 -5 -5  6  1 -4  0 -2 -4 -4 -2 -4 -3  3    0   0   0   0   0   0   0   0   0  77   4   0   0   0   0   0   0   0   0  19  1.00 0.20
   68 H   -3 -2  0 -3 -5 -2 -2 -4  9 -4 -4 -2 -3  1 -4 -2 -3 -2  5 -4    0   0   3   0   0   0   0   0  71   0   0   1   0   4   0   2   0   0  19   0  1.65 0.27
   69 V    1 -3 -2 -3  1 -2 -2 -3 -3 -2 -3 -2 -2 -4 -3  1  6 -4 -3 -1    9   0   0   0   3   0   0   0   0   0   0   0   0   0   0   8  77   0   0   2  0.94 0.22
   70 A    6 -3 -3 -3 -2 -2 -2  0 -3 -3 -3 -2 -3 -4 -2  0 -2 -4 -3 -2   96   0   0   0   0   0   0   4   0   0   0   0   0   0   0   0   0   0   0   0  1.11 0.24
   71 K   -2  6 -2 -3 -5  0 -1 -3 -2 -4 -4  5 -3 -5 -3 -2 -2 -4 -3 -4    0  48   0   0   0   0   0   0   0   0   0  52   0   0   0   0   0   0   0   0  1.14 0.22
   72 P   -3 -4 -4 -3 -5 -3 -3 -4 -4 -5 -5 -3 -4 -6  9 -3 -3 -6 -5 -4    0   0   0   0   0   0   0   0   0   0   0   0   0   0 100   0   0   0   0   0  2.75 0.33
   73 G   -1 -4 -2 -3 -4 -3 -4  7 -4 -6 -5 -3 -4 -5 -4 -2 -3 -4 -5 -5    0   0   0   0   0   0   0 100   0   0   0   0   0   0   0   0   0   0   0   0  1.81 0.26
   74 V   -2 -3 -4 -4 -2 -3 -4 -4 -4  4  1 -3  6 -1 -4 -3 -2 -3 -2  4    0   0   0   0   0   0   0   0   0  29   6   0  30   0   0   0   0   0   0  34  0.71 0.17
   75 V   -2 -4 -5 -5 -2 -4 -4 -5 -5  3  0 -4 -1 -2 -4 -3 -2 -4 -3  6    0   0   0   0   0   0   0   0   0  13   0   0   0   0   0   0   0   0   0  87  1.06 0.22
   76 I   -3 -5 -5 -5 -3 -5 -5 -6 -5  7  0 -4  0 -2 -5 -4 -2 -4 -3  1    0   0   0   0   0   0   0   0   0 100   0   0   0   0   0   0   0   0   0   0  1.41 0.27
   77 G   -1 -4 -2 -3 -4 -3 -4  7 -4 -6 -5 -3 -4 -5 -4 -2 -3 -4 -5 -5    0   0   0   0   0   0   0 100   0   0   0   0   0   0   0   0   0   0   0   0  1.81 0.26
   78 R   -2  3 -2 -2 -5  0 -1 -3 -2 -4 -4  7 -3 -5 -3 -2 -2 -5 -3 -4    0  14   0   0   0   0   0   0   0   0   0  85   0   0   0   0   0   0   0   0  1.24 0.24
   79 G   -1  0 -1 -2 -4 -1 -2  5 -3 -5 -4  4 -3 -5 -3 -1 -2 -4 -4 -4    0   2   1   0   0   0   0  52   0   0   0  44   0   0   0   0   0   0   0   0  0.92 0.19
   80 G   -1 -4 -2 -3 -4 -3 -4  7 -4 -6 -5 -3 -4 -5 -4 -2 -3 -4 -5 -5    0   0   0   0   0   0   0 100   0   0   0   0   0   0   0   0   0   0   0   0  1.81 0.26
   81 E    3 -2 -1 -1 -2  1  3 -1 -2 -2 -3 -1 -2 -4 -2  2  1 -4 -3 -1   37   0   1   0   0   6  26   1   0   1   0   1   0   0   0  21   6   0   0   2  0.41 0.12
   82 R   -2 -1  0  5 -5  0  4  1 -2 -4 -4 -1 -4 -5 -3 -1 -2 -5 -4 -4    1   2   1  41   0   0  40  14   0   0   1   0   0   0   0   0   0   0   0   0  0.84 0.17
   83 I   -1 -4 -4 -5 -2 -4 -4 -5 -5  5  0 -4  0 -2 -4 -3 -2 -4 -3  5    2   0   0   0   0   0   0   0   0  52   0   0   0   0   0   0   0   0   0  46  0.87 0.19
   84 R   -3 -1 -1  3 -5  0  6 -4 -2 -5 -5 -1 -4 -5 -3 -2 -2 -5 -4 -4    0   2   1  16   0   0  81   0   0   0   0   0   0   0   0   0   0   0   0   0  1.27 0.24
   85 V    1  1  1 -1 -3  0  1 -2 -2 -2 -2  4 -2 -3 -2  0  0 -4 -3  0   18   4   8   0   0   2   9   1   0   0   1  37   0   0   0   5   5   0   0  10  0.27 0.09
   86 L   -3 -4 -5 -5 -3 -4 -4 -5 -4  1  5 -4  1 -1 -4 -4 -1 -3 -2  1    0   0   0   0   0   0   0   0   0   3  90   0   0   0   0   0   2   0   0   5  0.96 0.20
   87 R   -3  7 -2 -3 -5  0 -1 -4 -2 -5 -4  4 -3 -5 -3 -2 -3 -4 -3 -4    0  75   0   0   0   0   0   0   0   0   0  25   0   0   0   0   0   0   0   0  1.33 0.24
   88 E    1  1  2 -1 -3  2  0 -1 -1 -3 -2  4 -2 -4 -2  0  0 -4 -3 -2   14   6  10   0   0   8   3   2   0   0   2  45   0   0   0   2   3   0   0   3  0.38 0.11
   89 E    0  0  0  2 -4  2  4 -2  0 -3 -3  2 -3 -4 -2  0 -1 -4 -2 -3   10   1   2  14   0  11  43   1   1   0   1  12   0   0   0   2   1   0   0   0  0.53 0.12
   90 L   -2 -3 -4 -5  0 -3 -4 -5 -4  2  4 -4  1 -1 -4 -3 -2 -3 -2  3    0   0   0   0   2   0   0   0   0  12  62   0   0   0   0   0   0   0   0  24  0.66 0.15
   91 A    2 -1  2 -1 -2  2  2 -1 -1 -3 -3  0 -2 -3 -2  2  1 -4 -3 -2   21   0  14   0   0  11  20   2   0   0   0   2   0   0   0  19   7   0   0   0  0.33 0.10
   92 K    0  1  0  0 -4  2  1 -1 -1 -3 -3  5 -2 -4 -2  0 -1 -4 -3 -3    9   3   4   5   0   7   7   3   1   0   0  54   0   0   0   3   3   0   0   1  0.50 0.13
   93 L   -2 -1 -4 -4 -3 -1 -3 -4 -3  2  4 -2  6  1 -4 -3 -2 -3 -1  0    0   2   0   0   0   2   0   0   0  10  41   2  37   4   0   0   0   0   1   1  0.64 0.16
   94 T    0 -3 -2 -3 -2 -2 -2 -3 -3  0 -1 -2  4 -3 -3  0  5 -4 -3 -1    7   0   0   0   0   0   0   0   0   5   3   0  18   0   0   3  64   0   0   2  0.71 0.19
   95 G   -1 -2  1  2 -4 -1 -1  5 -2 -5 -5  0 -4 -4 -3  0 -1 -4 -4 -4    2   0   7  13   0   2   1  62   0   0   0   8   0   0   0   3   2   0   0   0  0.82 0.15
   96 K   -1  1 -1 -2 -2  0 -1 -1 -2  0 -2  5 -1 -3 -2  1 -1 -4 -3  1    3   2   2   0   0   1   0   3   0   6   0  54   1   0   0  10   2   0   0  16  0.38 0.13
   97 N   -2  2  1  1 -4  2  2 -3 -1 -4 -4  2 -3 -4  4 -1 -1 -4 -3 -3    1  13   8   5   0   9  18   0   0   0   0  14   0   0  27   2   3   0   0   0  0.59 0.11
   98 V    0 -4 -4 -4 -1 -3 -4 -4 -4  2  1 -3  0 -2 -4 -2  0 -4 -2  5    7   0   0   0   0   0   0   0   0   8   9   0   0   0   0   0   3   0   0  73  0.70 0.17
   99 A    0 -1  1 -1 -3  1 -1 -3  7 -1 -1 -1 -1  0 -3  0 -2 -3  0 -1    8   0   7   1   0   9   0   0  45   4   7   1   1   6   0   5   0   0   1   4  0.56 0.15
  100 L   -2 -4 -4 -5 -2 -4 -4 -5 -4  5  3 -4  0 -1 -4 -3 -2 -4 -2  3    0   0   0   0   0   0   0   0   0  58  23   0   0   0   0   0   0   0   0  19  0.76 0.16
  101 N   -3 -2  8  2 -4 -2 -2 -2 -1 -5 -5 -2 -4 -5 -4  0 -1 -6 -4 -5    0   0  86  10   0   0   0   1   0   0   0   0   0   0   0   3   1   0   0   0  1.47 0.26
  102 V   -3 -4 -5 -5 -3 -4 -5 -5 -5  7  0 -4  0 -2 -4 -4 -2 -4 -3  3    0   0   0   0   0   0   0   0   0  84   1   0   0   0   0   0   0   0   0  16  1.11 0.22
  103 Q    0 -1 -1 -2 -2  1  2 -3 -2  1 -1  1  0 -2 -2  0  0 -4 -2  3    7   0   2   0   0   5  21   0   0   5   2   9   1   1   0   5   2   0   0  40  0.22 0.10
  104 E   -3 -2 -2  0 -6  0  7 -4 -2 -5 -5 -1 -4 -5 -3 -2 -3 -5 -4 -4    0   0   0   0   0   0 100   0   0   0   0   0   0   0   0   0   0   0   0   0  1.63 0.29
  105 V   -2 -4 -4 -5 -2 -4 -4 -5 -5  5  0 -4  0 -2 -4 -3 -2 -4 -3  5    0   0   0   0   0   0   0   0   0  48   0   0   0   0   0   0   0   0   0  52  0.91 0.19
  106 Q   -2  5 -2 -2 -5  1 -1 -3 -2 -4 -4  5 -3 -4 -3 -2 -2 -4 -3 -4    0  46   0   0   0   2   1   0   0   0   0  51   0   0   0   0   0   0   0   0  1.09 0.21
  107 N   -2  3  2 -1 -4  1  0 -3 -1 -3 -3  5 -2 -4 -2 -1 -1 -4 -3 -1    1  14   9   1   0   4   1   0   1   0   0  59   0   0   0   2   3   0   0   4  0.64 0.16
  108 P    0 -4 -4 -3 -4 -2 -3 -4 -4 -3 -4 -3 -4 -5  8 -2 -3 -5 -5 -3    8   0   0   0   0   1   0   0   0   1   0   0   0   0  88   0   0   0   0   1  2.22 0.28
  109 N   -3 -2  0  5 -5  0  5 -3 -2 -5 -5 -1 -4 -5 -3 -1 -2 -5 -4 -4    0   0   2  38   0   0  59   0   0   0   0   0   0   0   0   1   0   0   0   0  1.13 0.21
  110 L   -2 -1 -3 -4 -2 -2 -3 -4 -3  2  4 -1  2 -1 -3 -2  0 -3 -2  1    1   3   0   0   0   0   0   0   0  13  60   4   4   0   0   1   5   0   0   7  0.46 0.12
  111 S   -3 -3  1  7 -4 -2  1 -3 -3 -5 -5 -2 -5 -5 -3 -1 -2 -6 -5 -5    0   0   3  90   0   0   3   0   0   0   0   0   0   0   0   3   0   0   0   0  1.59 0.25
  112 A    6 -3 -3 -3 -2 -2 -2 -1 -3 -3 -3 -2 -2 -4 -2  1 -1 -4 -3 -2   94   0   0   0   0   0   0   2   0   0   0   0   0   0   0   4   0   0   0   0  1.08 0.24
  113 P   -1  1 -1 -2 -4  6  0 -3  0 -2 -3  3 -2 -4 -1 -1  1 -4 -2 -2    3   4   0   0   0  53   0   0   2   2   0  20   0   0   2   1  12   0   1   1  0.69 0.18
  114 L   -3 -4 -5 -5 -3 -4 -4 -5 -4  1  6 -4  1 -1 -4 -4 -3 -3 -3  0    0   0   0   0   0   0   0   0   0   2  98   0   0   0   0   0   0   0   0   0  1.13 0.22
  115 V   -2 -4 -5 -5 -2 -4 -4 -5 -5  2  0 -4  0 -2 -4 -3 -2 -4 -3  6    0   0   0   0   0   0   0   0   0   4   0   0   1   0   0   0   0   0   0  95  1.15 0.24
  116 A    6 -3 -3 -3 -2 -2 -2  1 -3 -3 -3 -2 -3 -4 -2  0 -2 -4 -3 -2   92   0   0   0   0   0   0   7   0   0   0   0   0   0   0   1   0   0   0   0  1.03 0.23
  117 Q   -2 -1 -2  2 -5  3  6 -4 -2 -4 -4 -1 -3 -5 -3 -1 -2 -4 -4 -3    1   0   0   8   0  10  78   0   0   0   1   0   0   0   0   0   0   0   0   1  1.14 0.22
  118 R   -1 -1  6  0 -3 -1 -1  1 -1 -4 -4 -1 -3 -4 -3  3 -1 -5 -3 -4    0   2  51   2   0   0   0   8   0   0   0   1   0   0   0  36   1   0   0   0  0.83 0.19
  119 V   -2 -4 -5 -5 -3 -4 -5 -5 -5  6  0 -4  0 -2 -4 -4 -2 -4 -3  3    0   0   0   0   0   0   0   0   0  77   0   0   0   0   0   0   0   0   0  23  1.05 0.21
  120 A    6 -3 -3 -3 -2 -2 -2 -1 -3 -3 -3 -2 -2 -4 -2  0 -1 -4 -3 -2   96   0   0   0   0   0   0   0   0   0   0   0   0   0   0   2   1   0   0   0  1.13 0.25
  121 E    1  2 -1 -2 -3  5  1 -1 -1 -3 -1  0 -1 -2 -2  1 -1 -3 -2 -2   10  11   0   0   0  45   4   4   0   0   6   0   1   1   0  14   2   0   0   0  0.46 0.14
  122 Q   -2 -1 -2 -1 -5  8  0 -4 -1 -5 -4  0 -2 -5 -3 -1 -2 -4 -3 -4    1   0   0   1   0  96   0   0   0   0   0   0   0   0   0   2   0   0   0   0  1.71 0.32
  123 I   -3 -4 -5 -5 -3 -4 -4 -5 -4  2  5 -4  1 -1 -4 -4 -3 -3 -2  0    0   0   0   0   0   0   0   0   0   7  92   0   1   0   0   0   0   0   0   0  1.03 0.20
  124 E   -3 -2 -2  0 -6  1  7 -4 -2 -5 -5 -1 -4 -5 -3 -2 -3 -5 -4 -4    0   0   0   0   0   1  99   0   0   0   0   0   0   0   0   0   0   0   0   0  1.59 0.28
  125 R   -2  6  3 -2 -5  0 -1 -2 -1 -4 -4  3 -3 -4 -3 -1 -2 -4 -3 -4    1  60  20   0   0   1   0   2   0   0   0  16   0   0   0   1   0   0   0   0  0.94 0.19
  126 R   -3  8 -2 -3 -5 -1 -2 -4 -2 -5 -4  1 -3 -5 -4 -3 -3 -5 -4 -4    0 100   0   0   0   0   0   0   0   0   0   0   0   0   0   0   0   0   0   0  1.79 0.30
  127 F   -2 -4 -4 -5 -2 -4 -4 -5 -4  5  0 -4  0 -1 -4 -3 -1 -4 -2  5    0   0   0   0   0   0   0   0   0  39   0   0   0   2   0   0   1   0   0  58  0.84 0.18
  128 A    3 -2 -2 -2 -2 -1 -2 -2 -2 -2 -2 -2  5 -3 -2  4  0 -4 -3 -2   32   0   0   0   0   1   0   0   0   0   0   0  24   0   0  42   1   0   0   0  0.58 0.18
  129 V   -4 -5 -5 -5 -4 -5 -5 -5 -3 -2 -1 -5 -2  8 -5 -4 -4  1  2 -2    0   0   0   0   0   0   0   0   0   0   0   0   0  94   0   0   0   1   3   2  1.80 0.28
  130 R   -3  8 -2 -3 -5 -1 -2 -4 -2 -5 -4  1 -3 -5 -4 -2 -3 -5 -4 -4    0  99   0   0   0   0   0   0   0   0   0   1   0   0   0   0   0   0   0   0  1.76 0.29
  131 R   -3  8 -2 -3 -5 -1 -2 -4 -2 -5 -4  1 -3 -5 -4 -2 -3 -5 -4 -4    0  99   0   0   0   0   0   0   0   0   0   1   0   0   0   0   0   0   0   0  1.75 0.29
  132 A    6 -3 -3 -3 -2 -2 -2 -1 -3 -3 -3 -2 -3 -4 -2  0 -2 -4 -3 -2   99   0   0   0   0   0   0   0   0   0   0   0   0   0   0   0   0   0   0   0  1.19 0.25
  133 I   -3 -3 -4 -5 -3  2 -3 -5 -3  0  0 -3  9 -2 -4 -3 -2 -3 -3 -1    0   0   0   0   0  10   0   0   0   2   2   0  85   0   0   0   0   0   0   0  1.58 0.31
  134 K   -2  1 -2 -2 -5  0 -1 -3 -2 -5 -4  7 -3 -5 -3 -2 -2 -5 -4 -4    0   2   0   0   0   0   0   0   0   0   0  98   0   0   0   0   0   0   0   0  1.45 0.28
  135 Q   -2  5 -1 -2 -4  6  0 -2 -1 -4 -4  1 -2 -4 -3  0 -2 -4 -3 -4    0  43   0   0   0  45   0   2   0   0   0   3   0   0   0   8   0   0   0   0  0.95 0.21
  136 A    5 -3 -2 -3  3 -2 -2 -1 -3 -2 -3 -2 -2 -3 -2  2  1 -4 -3 -1   64   0   0   0   8   0   0   2   0   0   0   0   0   0   0  16   7   0   0   4  0.62 0.16
  137 V   -2 -4 -4 -4 -2 -3 -4 -5 -4  4  1 -3  5 -2 -4 -3 -1 -4 -2  4    0   0   0   0   0   0   0   0   0  26   3   0  22   0   0   0   0   0   0  49  0.73 0.17
  138 Q   -1 -1 -1 -2 -4  7  0  2 -1 -4 -4 -1 -2 -4 -3  1  0 -4 -3 -4    2   0   1   0   0  65   0  18   0   0   0   0   0   0   0   8   5   0   0   0  0.89 0.22
  139 R   -2  5  4 -1 -4  0 -1 -2 -1 -4 -3  1 -2 -4 -3  1 -1 -4 -3 -4    0  51  28   0   0   0   0   0   0   0   0   3   1   0   0  14   2   0   0   0  0.78 0.18
  140 V    4 -3 -2 -3 -1 -2 -2 -1 -3 -2 -3 -2 -2 -3 -2  1  3 -4 -3  0   59   0   0   0   1   0   0   0   0   0   0   0   0   0   0   8  28   0   0   4  0.63 0.17
  141 M   -3 -3 -4 -5 -3 -2 -4 -5 -4  0  1 -3 10 -2 -5 -4 -3 -3 -3 -1    0   0   0   0   0   0   0   0   0   1   8   0  91   0   0   0   0   0   0   0  1.78 0.33
  142 E   -3  7 -2 -3 -5  0 -1 -4 -2 -5 -4  4 -3 -4 -3 -2 -2 -4 -3 -4    0  74   0   0   0   0   2   0   0   0   0  24   0   0   0   0   0   0   0   0  1.29 0.23
  143 S    2 -2 -2 -3 -2  0 -2 -2 -2  0  2 -2  2  1 -3  1 -1 -2 -1  0   25   0   0   0   0   7   0   1   0   2  33   0  10   7   0  12   1   0   0   1  0.22 0.10
  144 G   -1 -4 -2 -3 -4 -3 -4  7 -4 -6 -5 -3 -4 -5 -4 -2 -3 -4 -5 -5    0   0   0   0   0   0   0  99   0   0   0   0   0   0   0   0   0   0   0   0  1.78 0.26
  145 A    6 -3 -3 -3 -2 -2 -2 -1 -3 -2 -3 -2 -2 -4 -2  0 -1 -4 -3 -1   95   0   0   0   0   0   0   2   0   1   0   0   0   0   0   0   0   0   0   2  1.07 0.24
  146 K   -2  0 -2 -1 -4  3  2 -2 -2 -3  0  5 -1 -4 -2 -1 -2 -4 -3 -3    0   0   0   0   0  20  14   1   0   0  13  50   0   0   0   0   0   0   0   0  0.59 0.16
  147 G   -1 -4 -2 -3 -4 -3 -4  7 -4 -6 -5 -3 -4 -5 -4 -2 -3 -4 -5 -5    0   0   0   0   0   0   0 100   0   0   0   0   0   0   0   0   0   0   0   0  1.81 0.26
  148 A   -2 -5 -5 -5 -1 -4 -5 -5 -5  7  0 -4  0 -1 -4 -4 -2 -4 -3  2    2   0   0   0   1   0   0   0   0  89   0   0   1   1   0   0   0   0   0   7  1.14 0.23
  149 K   -2  4 -2 -2 -5  0 -1 -3 -2 -4 -4  6 -3 -5 -3 -2 -2 -4 -3 -4    0  26   0   0   0   0   0   0   0   0   0  74   0   0   0   0   0   0   0   0  1.16 0.23
  150 V   -1 -3 -3 -3 -2 -3 -3 -4 -4  4  0 -3  0 -2 -3 -1  4 -4 -3  3    2   0   0   0   0   0   0   0   0  38   0   0   0   0   0   0  33   0   0  26  0.57 0.16
  151 I    1 -1  3 -1 -1  4  1 -2 -1 -2 -2  0  2 -3 -2  1  0 -3 -2 -2   15   1  20   0   1  26   6   0   1   3   1   1   8   0   0  13   4   0   0   1  0.32 0.11
  152 V   -1 -4 -4 -5  7 -4 -4 -4 -4  1  0 -4 -1 -3 -4 -2 -1 -4 -3  5    1   0   0   0  28   0   0   0   0   2   2   0   0   0   0   2   2   0   0  63  0.92 0.20
  153 S    2 -2 -1 -2 -2 -2 -2  2 -2 -4 -4 -1 -3 -4 -2  5  0 -4 -3 -3   18   0   1   0   0   0   0  12   0   0   0   0   0   0   0  69   0   0   0   0  0.76 0.19
  154 G   -1 -4 -2 -3 -4 -3 -4  7 -4 -6 -5 -3 -4 -5 -4 -2 -3 -4 -5 -5    0   0   0   0   0   0   0 100   0   0   0   0   0   0   0   0   0   0   0   0  1.81 0.26
  155 R   -3  8 -2 -3 -5 -1 -2 -4 -2 -5 -4  1 -3 -5 -4 -3 -3 -5 -4 -4    0 100   0   0   0   0   0   0   0   0   0   0   0   0   0   0   0   0   0   0  1.79 0.30
  156 I   -3 -4 -5 -5 -3 -4 -4 -5 -4  1  6 -4  1 -1 -4 -4 -3 -3 -2  0    0   0   0   0   0   0   0   0   0   3  97   0   0   0   0   0   0   0   0   0  1.11 0.22
  157 G    0 -3  3 -2 -4 -3 -3  6 -3 -5 -5 -2 -4 -5 -3 -1 -2 -4 -4 -4    6   0  19   0   0   0   0  75   0   0   0   0   0   0   0   0   0   0   0   0  1.21 0.20
  158 G   -1 -4 -2 -3 -4 -3 -4  7 -4 -6 -5 -3 -4 -5 -4 -2 -3 -4 -5 -5    0   0   0   0   0   0   0 100   0   0   0   0   0   0   0   0   0   0   0   0  1.81 0.26
  159 A    6 -3 -3 -3 -2 -2 -2 -1 -3 -2 -3 -2 -2 -4 -2  0 -1 -4 -3 -2   98   0   0   0   0   0   0   0   0   1   0   0   0   0   0   1   0   0   0   0  1.16 0.25
  160 E   -3 -2 -1  5 -5  0  6 -3 -2 -5 -5 -1 -4 -5 -3 -2 -2 -5 -4 -4    0   0   0  31   0   0  69   0   0   0   0   0   0   0   0   0   0   0   0   0  1.24 0.23
  161 Q   -3 -4 -4 -5 -3 -2 -4 -5 -4  6  0 -4  5 -2 -4 -4 -2 -4 -3  1    0   0   0   0   0   2   0   0   0  73   0   0  25   0   0   0   0   0   0   0  1.04 0.23
  162 A    6 -3 -3 -3 -2 -2 -2 -1 -3 -3 -3 -2 -2 -4 -2  1 -1 -4 -3 -2   95   0   0   0   0   0   0   0   0   0   0   0   0   0   0   5   0   0   0   0  1.10 0.24
  163 R   -3  8 -2 -3 -5 -1 -2 -4 -2 -5 -4  1 -3 -5 -4 -3 -3 -5 -4 -4    0 100   0   0   0   0   0   0   0   0   0   0   0   0   0   0   0   0   0   0  1.79 0.30
  164 T    0 -1 -1 -2 -2 -2 -2 -2 -3 -1 -2 -1  1 -3 -2  3  5 -4 -2  0    6   2   0   0   0   0   0   1   0   1   1   1   5   0   0  22  53   0   1   6  0.52 0.16
  165 E   -3 -2 -2  0 -6  0  7 -4 -2 -5 -5 -1 -4 -5 -3 -2 -3 -5 -4 -4    0   0   0   0   0   0 100   0   0   0   0   0   0   0   0   0   0   0   0   0  1.63 0.29
  166 W   -3 -2 -3 -4 -4 -1 -3  1  3 -4 -3 -3 -2  2 -5 -1 -3 10  1 -4    0   2   0   1   0   3   0  11  10   0   0   0   0  11   0   6   0  55   1   0  1.68 0.24
  167 A   -2 -4 -4 -5 -4 -3 -4 -5  0 -3 -3 -4 -3  2 -5 -3 -2  0  9 -3    4   0   0   0   0   0   0   0   0   0   1   0   0   1   0   0   1   0  92   0  1.93 0.31
  168 A    0  5  0 -2 -3 -1 -1 -2  3 -4 -3  1 -3 -4 -3  3 -1 -1 -2 -3    4  47   3   0   0   0   0   0   9   0   0   3   0   0   0  32   1   1   0   0  0.67 0.17
  169 Q   -3 -2 -2  1 -5  1  7 -4 -2 -5 -5 -1 -4 -5 -3 -2 -3 -5 -4 -4    0   0   0   3   0   2  94   0   0   0   0   0   0   0   0   0   0   0   0   0  1.49 0.27
  170 G   -1 -4 -2 -3 -4 -3 -4  7 -4 -6 -5 -3 -4 -5 -4 -2 -3 -4 -5 -5    0   0   0   0   0   0   0 100   0   0   0   0   0   0   0   0   0   0   0   0  1.81 0.26
  171 R   -2  5  0 -2 -3 -1 -2 -3 -2 -3 -3  1 -2 -4 -3  0  4 -4 -3 -2    0  49   2   0   0   0   0   0   0   0   0   5   0   0   0   4  38   0   0   1  0.77 0.19
  172 V   -2 -4 -4 -5 -2 -4 -4 -5 -5  4  0 -4  0 -2 -4 -3 -1 -4 -3  6    0   0   0   0   0   0   0   0   0  24   0   0   0   0   0   0   0   0   0  76  0.97 0.21
  173 P   -3 -4 -4 -3 -5 -3 -3 -4 -4 -5 -5 -3 -4 -6  9 -3 -3 -6 -5 -4    0   0   0   0   0   0   0   0   0   0   0   0   0   0 100   0   0   0   0   0  2.75 0.33
  174 L   -3 -4 -5 -5 -3 -4 -4 -5 -4  0  6 -4  1 -1 -4 -4 -3 -3 -3 -1    0   0   0   0   0   0   0   0   0   0 100   0   0   0   0   0   0   0   0   0  1.17 0.23
  175 H   -3 -2 -1 -3 -5  4 -1 -4  9 -5 -5 -2 -3 -3 -4 -2 -3 -4  0 -5    0   0   0   0   0  24   0   0  75   0   0   0   0   0   0   0   0   0   0   0  1.83 0.30
  176 T   -2 -3 -2 -3 -3 -2 -3 -3 -4 -2 -3 -2 -2 -4 -3  0  7 -4 -3 -2    0   0   0   0   0   0   0   0   0   0   0   1   0   0   0   0  99   0   0   0  1.46 0.29
  177 L   -3 -4 -5 -5 -3 -4 -4 -5 -4  1  6 -4  1  0 -4 -4 -3 -3 -2  0    0   0   0   0   0   0   0   0   0   3  96   0   0   2   0   0   0   0   0   0  1.08 0.21
  178 R   -3  8 -2 -3 -5 -1 -2 -4 -2 -5 -4  1 -3 -5 -4 -3 -3 -5 -4 -4    0 100   0   0   0   0   0   0   0   0   0   0   0   0   0   0   0   0   0   0  1.79 0.30
  179 A    6 -3 -3 -3 -2 -2 -2 -1 -3 -3 -3 -2 -3 -4 -2  0 -2 -4 -3 -2   99   0   0   0   0   0   0   0   0   0   0   0   0   0   0   1   0   0   0   0  1.18 0.25
  180 N   -4 -3  1  8 -5 -2  0 -3 -3 -5 -6 -2 -5 -5 -3 -2 -3 -6 -5 -5    0   0   4  96   0   0   0   0   0   0   0   0   0   0   0   0   0   0   0   0  1.80 0.28
  181 I   -3 -5 -5 -5 -3 -4 -5 -5 -5  7  0 -4  0 -2 -4 -4 -2 -4 -3  2    0   0   0   0   0   0   0   0   0  93   0   0   0   0   0   0   0   0   0   7  1.26 0.24
  182 D   -3 -3  0  8 -5 -2  0 -3 -3 -5 -6 -2 -5 -5 -3 -2 -3 -6 -5 -5    0   0   1  98   0   0   1   0   0   0   0   0   0   0   0   1   0   0   0   0  1.83 0.28
  183 Y   -4 -4 -4 -5 -4 -3 -4 -5  0 -3 -3 -4 -3  2 -5 -4 -4  0  9 -3    0   0   0   0   0   0   0   0   0   0   0   0   0   1   0   0   0   0  99   0  2.24 0.34
  184 G    2 -3 -1 -3 -3 -3 -3  6 -3 -4 -4 -2 -3 -4 -3  0 -2 -4 -4 -3   25   0   1   0   0   0   0  70   0   0   0   0   0   0   0   5   0   0   0   0  1.08 0.18
  185 F   -2 -3 -2 -3 -2 -2 -3 -4  1 -1 -1 -3 -1  6 -3 -2  3  4  1  0    0   0   1   0   0   1   0   0   5   1   2   0   0  46   0   0  31   7   0   5  0.69 0.17
  186 A    5 -3 -2 -2 -1 -2  0 -1 -2 -2 -3 -2 -2 -2 -2  1 -1 -3  0  0   76   0   0   1   1   0   4   1   0   0   0   0   0   1   0   8   1   0   3   4  0.66 0.18
  187 L   -2 -2 -2  0 -5  0  7 -4 -1 -4 -3 -1 -3 -5 -3 -1  0 -4 -4 -4    0   0   0   0   0   0  89   0   0   0   2   0   0   0   0   1   7   0   0   0  1.26 0.25
  188 A    6 -3 -3 -3 -2 -2 -2 -1 -3 -3 -3 -2 -3 -4 -2  0 -2 -4 -3 -2   99   0   0   0   0   0   0   0   0   0   0   0   0   0   0   1   0   0   0   0  1.18 0.25
  189 R   -1  0  2  4 -4  0  0 -2  5 -3 -2  2 -1 -1 -2  0 -1 -4 -1 -3    4   5  12  28   0   2   2   0  19   1   4  15   1   3   0   3   1   0   1   0  0.37 0.10
  190 T   -2 -3 -2 -3 -3 -2 -3 -3 -4 -2 -3 -2 -2 -4 -3  0  7 -4 -3 -2    0   0   0   0   0   0   0   0   0   0   0   0   0   0   0   0 100   0   0   0  1.49 0.30
  191 T    0 -3 -2 -3 -2 -1 -2 -3 -3 -2 -3 -2 -2 -4 -1  0  7 -4 -3 -2    7   0   0   0   0   2   0   0   0   0   0   0   0   0   2   0  89   0   0   0  1.18 0.26
  192 Y   -4 -4 -4 -5 -4 -3 -4 -5  0 -3 -3 -4 -2  2 -5 -4 -4  0  9 -3    0   0   0   0   0   0   0   0   0   0   0   0   1   2   0   0   0   0  97   0  2.18 0.33
  193 G   -1 -4 -2 -3 -4 -3 -4  7 -4 -6 -5 -3 -4 -5 -4 -2 -3 -4 -5 -5    0   0   0   0   0   0   0 100   0   0   0   0   0   0   0   0   0   0   0   0  1.81 0.26
  194 V   -1  2 -2 -3 -3  0 -1 -3 -2  3 -1  4 -1 -3 -3 -1  0 -4 -2  2    2   9   0   0   0   1   0   0   0  25   1  40   0   0   0   1   6   0   0  16  0.35 0.12
  195 L   -2 -4 -4 -5  4 -4 -4 -5 -4  5  2 -4  0 -1 -4 -3 -2 -4 -3  2    0   0   0   0  10   0   0   0   0  61  22   0   0   0   0   0   0   0   0   6  0.75 0.17
  196 G   -1 -4 -2 -3 -4 -3 -4  7 -4 -6 -5 -3 -4 -5 -4 -2 -3 -4 -5 -5    0   0   0   0   0   0   0 100   0   0   0   0   0   0   0   0   0   0   0   0  1.81 0.26
  197 V   -2 -4 -4 -5 -1 -4 -4 -5 -5  3  0 -4  0 -2 -4 -3 -1 -4 -3  6    0   0   0   0   1   0   0   0   0  17   0   0   0   0   0   0   0   0   0  81  0.98 0.21
  198 K   -2  1 -2 -2 -5  0 -1 -3 -2 -5 -4  7 -3 -5 -3 -2 -2 -5 -4 -4    0   0   0   0   0   0   0   0   0   0   0 100   0   0   0   0   0   0   0   0  1.47 0.28
  199 A   -1 -4 -4 -5 -2 -4 -4 -4 -5  1 -1 -4 -1 -2 -4 -3  0 -4 -3  6    3   0   0   0   0   0   0   0   0   1   0   0   0   0   0   0   6   0   0  90  1.00 0.23
  200 Y   -5 -5 -6 -7 -5 -4 -5 -5 -5 -5 -2 -5 -3 -1 -6 -5 -5 12  1 -5    0   0   0   0   0   0   0   0   0   0   3   0   0   1   0   0   0  95   2   0  3.69 0.41
  201 I   -3 -4 -5 -5 -3 -4 -5 -5 -5  6  1 -4  0 -2 -4 -4 -2 -4 -3  3    0   0   0   0   0   0   0   0   0  83   5   0   1   0   0   0   0   0   0  12  1.06 0.21
  202 F   -3 -4 -1 -5  0 -4 -4 -5 -1 -2 -2 -4 -1  6 -5 -3 -3  0  7 -3    0   0   3   0   2   0   0   0   0   0   0   0   1  43   0   1   0   0  50   0  1.34 0.23
  203 L   -2  4 -1 -2 -5  0 -1 -3  0 -4 -3  6 -3 -4 -3 -2 -2 -4 -3 -4    0  23   2   0   0   0   1   0   2   0   2  71   0   0   0   0   0   0   0   0  1.00 0.21
  204 G   -1 -4 -2 -3 -4 -3 -4  7 -4 -6 -5 -3 -4 -5 -4 -2 -3 -4 -5 -5    0   0   0   0   0   0   0 100   0   0   0   0   0   0   0   0   0   0   0   0  1.79 0.26
  205 E   -3 -2 -2  1 -5  1  7 -4 -2 -5 -5 -1 -4 -5 -3 -2 -3 -5 -4 -4    0   0   0   2   0   1  97   0   0   0   0   0   0   0   0   0   0   0   0   0  1.55 0.28
  206 V   -2 -4 -4 -5 -2 -4 -4 -5 -5  4  0 -4  0 -2 -4 -3 -1 -4 -3  5    0   0   0   0   0   0   0   0   0  35   0   0   1   0   0   0   0   0   0  64  0.89 0.19

                      K         Lambda
Standard Ungapped    0.1370     0.3206
Standard Gapped      0.0641     0.2670
PSI Ungapped         0.2098     0.3167
PSI Gapped           0.0641     0.2670
