
Last position-specific scoring matrix computed, weighted observed percentages rounded down, information per position, and relative weight of gapless real matches to pseudocounts
           A  R  N  D  C  Q  E  G  H  I  L  K  M  F  P  S  T  W  Y  V   A   R   N   D   C   Q   E   G   H   I   L   K   M   F   P   S   T   W   Y   V
    1 F   -6 -7 -7 -7 -6 -7 -7 -7 -4 -4 -3 -7 -4  9 -8 -6 -6 -3  4 -5    0   0   0   0   0   0   0   0   0   0   0   0   0  88   0   0   0   0  12   0  2.78 0.89
    2 T   -2  1 -1 -3 -2 -2 -2 -4 -3 -3 -2  1  0 -3 -4  3  5 -5 -4 -3    1   8   1   0   1   1   2   0   0   1   4   9   3   1   0  21  46   0   0   0  0.75 0.46
    3 F   -6 -6 -6 -7 -2 -6 -6 -7 -1 -2 -4 -6 -5  4 -7 -6 -6  3  9 -5    0   0   0   0   1   0   0   0   1   2   0   0   0  15   0   0   0   3  78   0  2.61 0.90
    4 R   -5  8 -3 -5 -1  0 -3 -3  1 -7 -6  2 -3 -4 -4 -4 -5 -6 -5 -6    0  80   0   0   2   3   0   2   3   0   0   8   0   1   0   0   0   0   0   0  1.96 0.76
    5 G   -3 -6 -3 -3 -2 -5 -6  8 -6 -7 -7 -5 -6 -7 -6 -3 -5 -6 -7 -6    0   0   1   1   1   0   0  96   0   0   0   0   0   0   0   1   0   0   0   0  2.39 0.83
    6 K   -3 -1 -3 -5 -4 -3 -4 -5  3  1  0  1  1  0 -5 -4 -3 -3  5  4    0   3   1   0   0   0   0   0   7   7   8  11   3   4   0   0   0   0  19  38  0.66 0.40
    7 G   -2 -2  0  5 -5 -1  1 -3 -3 -4 -5 -1 -4 -5 -1  1  4 -6 -5 -4    1   1   2  39   0   2   9   1   0   1   0   3   0   0   2  11  27   0   0   0  0.86 0.46
    8 L   -3 -5 -5 -6 -4 -3 -5 -6 -3  2  5 -4  2  0 -4 -4 -2 -4 -3  0    1   0   0   0   0   1   0   0   1  10  70   1   3   4   1   1   1   0   0   6  1.06 0.49
    9 E   -2 -3 -1  6 -6 -1  5 -4 -2 -6 -6 -2 -5 -6 -3 -1 -4 -6 -5 -5    3   1   1  48   0   2  38   1   1   0   0   2   0   0   1   3   0   0   0   0  1.39 0.60
   10 E   -1  0 -1  1 -5  5  5 -4 -1 -5 -5  1 -4 -5 -2 -1 -2 -5 -4 -3    5   4   2   6   0  32  34   1   1   0   0   8   0   0   1   2   2   0   0   1  0.89 0.47
   11 L   -4 -5 -6 -6 -4 -3 -5 -6 -6  0  6 -3  0 -3 -6 -4 -3 -5 -4 -2    0   0   0   0   0   1   0   0   0   4  88   1   1   0   0   1   1   0   0   1  1.56 0.65
   12 T   -3 -1 -3 -2 -3  3 -1 -4 -3 -1  4  2  1 -3 -2 -3 -1 -4 -2 -1    0   2   0   1   0  16   3   0   0   2  50  12   3   0   1   1   3   0   1   3  0.58 0.36
   13 A    0 -2  2  5 -4  0  2 -1 -1 -4 -3  0 -3 -4 -3  0  0 -4 -2 -3    9   1  12  34   0   4  13   3   1   0   2   6   0   0   0   5   4   0   1   2  0.51 0.28
   14 L   -2 -3 -5 -5 -4 -3 -3 -5 -4 -1  3 -4  9 -3 -5 -4 -2 -4 -3 -2    2   1   0   0   0   1   2   1   0   2  24   1  61   0   0   1   2   0   1   1  1.73 0.67
   15 A   -1 -2  0 -1 -3 -2 -1 -2 -3 -4 -4  0 -3 -4  4  5 -1 -4 -3 -3    3   1   4   2   0   1   4   2   0   1   2   7   0   1  21  47   1   0   1   1  0.77 0.38
   16 S   -1 -2  0 -1 -1 -1  0 -2 -1  0  2 -2  3  0 -1  0  1 -1  3 -1    2   1   6   2   2   2   5   2   1   5  22   2  11   3   2   7  10   0  12   2  0.15 0.13
   17 G    0  0  0  0  0  0  1  0  0 -1  0  0  0  0  0  0  0  0  1  0    8   4   4   4   2   3  10   7   2   4  10   5   2   4   5   9   6   1   6   5  0.03 0.01
   18 S    0  0  0  0 -1  0  1  0  1 -1 -1  0  0 -1  1  0  0  0  0 -1    7   4   4   6   2   3  12   7   4   4   8   6   2   3   7   7   5   1   3   5  0.05 0.01
   19 N    0  0  0  0 -1  0  0  0  0  0  0  0  0  0  1  0  0  0  0  0    7   5   4   5   2   4   7   7   2   5  10   5   2   7   8   7   5   1   3   6  0.03 0.00
   20 S    0  0  0  0 -1  0  0  0  0  0  0  0  0 -1  0  0  0  0  0  0   10   4   5   7   2   3   8   6   2   5  11   6   2   3   4   7   6   1   3   6  0.02 0.00
   21 E    0  0  0  1 -1  1  1  0  0  0  0  0  0 -1  1  0  0  0  0  0    7   4   4   8   1   7  12   6   2   5  10   5   2   3   5   6   4   2   2   5  0.04 0.01
   22 K    0  0  0  1 -1  0  0  0  0 -1  0  1  0 -1  0  0  0 -1  0  0    6   4   3   8   1   4   7   6   2   4  12  15   2   3   4   5   4   1   2   6  0.03 0.01
   23 L    0  0  0  0 -1  0  0  0  0  0  1  0  2  0  1  0  0  0  0  0    6   5   3   5   1   3   5   6   2   5  12   5  10   3   6   6   5   1   3   7  0.02 0.01
   24 I    0  0  0  1  0  0  1  0  0 -1 -1  0 -1 -1  1  1  0 -1  0 -1    8   5   4   9   2   3   9   6   2   5   7   4   2   3   6   9   8   1   3   5  0.05 0.01
   25 S    0  0  0  0 -1  0  0 -1  0  0  0  0  0  0  0  0  0  0  0  0    9   5   4   6   1   4   4   5   3  10  12   5   2   5   4   8   4   1   4   5  0.00 0.00
   26 D   -3 -1  0  4 -4  1  5 -3 -2 -3 -4  0 -4 -4 -1 -1 -3 -4 -4 -4    1   3   5  25   0   4  44   1   0   1   2   5   0   0   2   5   1   0   0   1  0.87 0.42
   27 E   -3 -1 -1  3 -1  5  5 -4 -3 -3 -4  1 -3 -5 -2 -2 -3 -5 -4 -4    1   2   2  15   1  26  36   1   0   1   2   7   0   0   1   2   1   0   0   0  0.87 0.47
   28 L   -4 -2 -5 -6 -4 -5 -5 -6 -5  0  5 -5  0  5 -4 -5 -2 -3 -1  1    0   2   0   0   0   0   0   0   0   4  52   0   2  25   1   0   2   0   1  10  0.98 0.47
   29 A    2  0 -4 -4 -3 -2 -3 -3 -4  2  0 -1  6 -2 -3 -1  0 -4 -3  2   21   5   0   0   0   1   1   1   0  14   7   3  22   1   1   3   5   0   0  16  0.48 0.34
   30 A   -1  1 -1  0 -5  4  4 -3 -3 -5 -3  3 -3 -5  0 -2 -2 -5 -4 -4    5   5   2   4   0  23  27   1   0   0   2  22   0   0   4   1   2   0   0   1  0.70 0.42
   31 L   -4 -5 -6 -6 -4 -4 -6 -6 -4  2  6 -5  2 -3 -3 -5 -2 -5 -3  0    0   0   0   0   0   1   0   0   0   8  78   0   3   0   1   0   2   0   0   5  1.36 0.60
   32 F   -2 -3 -3 -5  3 -3 -5 -5 -1  0  4 -4  3  4 -5 -4 -3 -3  4  1    2   1   1   0   6   1   0   0   1   3  37   0   7  18   0   0   1   0  14   8  0.71 0.39
   33 D   -3  1  1 -2  0 -3 -3 -3  4 -4 -4 -2 -5 -6  6  2 -1 -6 -5 -5    1   8   7   2   2   0   0   1   9   1   2   2   0   0  46  16   3   0   0   0  1.15 0.56
   34 A    5 -2 -4 -3  2 -4 -4 -2 -5 -5 -5 -4 -4 -5 -3  4  0 -6 -5 -2   57   1   0   1   5   0   0   2   0   0   0   0   0   0   0  27   5   0   0   2  1.10 0.60
   35 K   -3  8 -3 -3 -1 -2 -3 -4 -1 -6 -3  0 -4 -6 -3 -2 -4 -6 -3 -5    1  80   1   1   2   1   1   1   1   0   3   4   0   0   1   2   1   0   1   0  1.83 0.75
   36 T    3 -1 -2 -3 -1  6  0 -3 -3  0 -2 -1 -1 -3 -2 -2 -2 -1 -4  0   25   3   1   0   1  40   5   1   0   5   4   2   1   1   1   1   1   1   0   6  0.70 0.47
   37 R   -5  8 -4 -5 -2  0 -4 -3 -2 -6 -6 -1 -5 -6 -6 -3 -5  1 -5 -6    0  86   0   0   1   4   0   2   1   0   0   2   0   0   0   1   0   2   0   0  2.24 0.88
   38 R   -6  8 -5 -6 -3  0 -4 -6 -5 -7 -4 -2 -5 -7 -4 -5 -5 -1 -6 -7    0  90   0   0   1   4   0   0   0   0   2   1   0   0   1   0   0   1   0   0  2.54 1.02
   39 R   -2  5 -2 -4 -1  0 -3 -4  0 -5 -4  2 -4 -4 -4  5  1 -2 -5 -4    1  27   1   0   2   4   0   0   2   0   1  13   0   1   0  39   8   1   0   0  0.93 0.58
   40 V   -4 -4 -3 -6 -3 -4 -6 -6 -5  3  5 -5  2  4 -3 -5 -4 -4  0  0    0   1   1   0   0   0   0   0   0  16  49   0   5  17   2   1   0   0   3   5  0.97 0.50
   41 K   -1  1  4 -1 -5  1 -1 -3 -3 -4 -1  5 -1 -3 -4  1  0 -5 -2 -3    4   7  18   2   0   5   2   1   0   0   6  35   2   1   0   9   5   0   1   1  0.58 0.40
   42 R   -5  8 -5 -5 -2 -2 -4 -6 -1 -5 -5  4 -5 -5 -3 -5 -5 -2 -6 -6    0  69   0   0   1   1   0   0   1   1   1  23   0   1   1   0   0   1   0   0  2.02 0.88
   43 G   -4 -2 -4 -4 -7 -4 -2  7 -1 -5 -7 -3 -6 -7 -6 -2 -4 -7 -7 -7    0   2   0   0   0   1   3  85   1   1   0   1   0   0   0   3   1   0   0   0  2.05 0.87
   44 I   -3 -3 -5 -6 -4 -5 -4 -6 -5  1  5 -3  2  3  3 -5 -3  0 -2  0    1   2   0   0   0   0   1   0   0   5  49   1   5  13  15   0   1   1   1   4  0.86 0.48
   45 S   -2  1  1 -1 -3 -1 -2 -1 -1 -3 -2  2 -3  2 -1  2  2  2  1 -3    1   8   8   3   0   1   1   4   1   1   4  15   0  10   2  18  16   3   6   0  0.29 0.29
   46 E   -1  4 -2  0  0  0  0 -3  1  0 -2  1 -1 -4  2 -1 -1 -1 -1  1    3  25   1   5   2   3   6   1   4   6   3   6   1   0  11   4   3   1   2  12  0.28 0.24
   47 K   -1  2 -1  2 -3  1  3 -1 -2 -4 -5  5 -4 -5 -4 -1 -3 -5 -1 -4    4   9   2  14   1   4  16   5   1   1   1  36   0   0   0   2   1   0   3   0  0.64 0.40
   48 Y   -2 -1 -2 -2  0  5  2 -4  4 -4 -4  0 -2 -2  4 -3 -3 -2 -2 -5    2   2   2   2   2  29  15   1  11   1   2   5   1   2  20   1   1   1   2   0  0.80 0.49
   49 A   -1  1 -1 -1 -4  1  1 -2  5 -1 -1  2  3 -2 -1 -1 -2 -3  0 -1    5   8   2   2   0   8   9   2  15   5   5  13  11   1   3   3   2   0   2   4  0.25 0.22
   50 K    1  1 -1 -1 -3  0 -1  0  0 -2 -2  3 -2 -3 -1  2  0 -3 -1 -1   11   7   2   3   0   3   1   6   3   2   4  26   1   1   3  17   6   0   2   4  0.24 0.23
   51 F   -4 -5 -6 -4 -5 -4 -6 -5 -2 -1  6 -5 -1  3 -5 -5 -4 -5 -2  1    1   0   0   1   0   1   0   1   1   1  72   1   0  10   1   0   0   0   1   9  1.27 0.62
   52 V   -3 -2 -5 -3 -4 -4 -3 -5 -3  4  4 -2  2  0 -3 -4 -3 -2  0  1    2   2   0   1   0   0   2   0   1  22  47   2   5   3   1   0   0   1   3   8  0.70 0.38
   53 N   -1  1 -1  1 -5  1  3 -3 -2 -4 -3  5 -1 -5 -4 -2 -3 -3 -3 -4    5   5   2   8   0   4  20   1   1   1   2  44   1   0   0   2   1   0   1   1  0.81 0.47
   54 K   -3  3  0  0  0  0  0 -4  0 -5 -4  6 -4 -6 -3 -2 -2 -2 -5 -5    1  13   3   6   3   4   6   1   2   0   1  54   0   0   1   2   2   1   0   0  1.02 0.54
   55 V    0 -4 -5 -5  2 -2 -5 -5 -5  4  4 -3  1 -1 -4 -4 -3 -4 -3  2    8   0   0   0   5   2   0   0   0  21  43   1   3   2   1   0   0   0   0  14  0.75 0.41
   56 R   -2  7 -2 -1 -3  0  0 -4 -2 -1 -1  1 -1 -3 -3 -3 -3 -5 -2 -3    3  56   1   3   1   3   6   1   1   4   7   7   1   1   1   1   1   0   1   1  0.99 0.51
   57 R    1  1 -1  0 -4  0  1 -2 -3 -3 -3  6 -3 -4 -3 -1 -2 -4 -4 -3   11   5   3   4   0   3  10   3   0   1   2  50   0   0   1   3   1   0   0   1  0.76 0.43
   58 S    4 -2 -1 -1 -3 -2 -2  0 -3 -1 -1  1  1 -2 -2  1 -1 -1 -2  0   45   2   2   3   0   1   1   5   0   3   5   9   3   1   1   8   3   1   2   5  0.40 0.30
   59 K   -2  2  1  0 -4  0  0 -2 -2 -2 -3  5 -2 -1 -2 -1 -1 -4 -2 -1    3  10   5   4   0   3   5   3   0   2   2  46   1   3   2   2   3   0   1   6  0.57 0.34
   60 E    0  1 -1  1 -4  2  2 -2 -1 -3 -2  5 -1 -3 -1 -1 -2 -4 -3 -3    7   7   2   7   0   7  11   2   1   1   4  37   1   1   2   4   2   0   0   2  0.43 0.28
   61 K    1 -1  1  1 -3  0  4 -1 -1 -3 -1  1 -1 -3 -2 -1 -1 -3 -3 -2   11   2   8   6   0   3  35   5   1   1   8   8   2   1   2   3   2   0   1   3  0.34 0.24
   62 C    3 -2  0 -1  3 -1  0 -1 -2 -1  0 -1  0 -1 -1 -1  0 -2  0  0   29   2   4   2   8   2   6   5   0   1  10   2   3   2   2   2   7   0   4   8  0.15 0.15
   63 P    0  0  1 -1 -2  0  1 -1 -1 -1 -1  0 -2 -3  4  0  1 -3 -2 -1    8   4   9   2   0   4   9   5   1   3   8   6   0   1  21   5  10   0   1   3  0.25 0.14
   64 A    1 -1 -1 -1  0 -1  0 -1 -1 -2 -1  0 -1 -2  5  0 -1 -3 -1 -1   14   3   3   2   2   2   8   4   1   2   7   6   1   2  26   8   3   0   2   3  0.33 0.17
   65 G   -1 -1  1 -1 -3 -1 -1  3  1 -2  0 -1  3 -2 -2  1  0  1 -2 -2    3   2   9   2   0   2   4  27   4   2  10   3  11   1   1  10   5   2   1   2  0.23 0.17
   66 E   -2  0  0  2 -1  0  4  0 -2 -3 -3  2 -3 -3  0 -1 -1 -3  0 -3    2   4   4  10   1   2  33   8   0   1   2  17   0   1   4   2   2   0   4   2  0.42 0.24
   67 K   -2  1 -1  0 -4  0  0 -2 -2 -3 -2  6 -1 -3 -3  0 -1 -4  0 -2    3   5   1   6   0   2   6   2   0   2   3  53   1   1   1   5   3   0   3   2  0.65 0.34
   68 P   -2 -1 -1  0 -4 -1 -1 -2 -3 -4 -4  3 -3 -4  6  0 -1 -4 -4 -2    3   2   3   4   0   2   4   2   0   1   1  23   0   0  42   7   3   0   0   4  0.91 0.38
   69 V    0  0  0  1 -3  1  3  0 -2 -2 -1  2 -2 -3 -1  0  0 -3 -2 -1    6   4   3   8   0   4  27   6   0   2   6  18   0   0   2   3   5   0   0   4  0.24 0.15
   70 P   -1 -2 -2 -2  2  0 -1 -2 -3  1  0 -1  0 -2  2 -1  0 -3 -2  3    4   2   2   2   6   4   5   3   0   6   7   2   2   0  11   2   5   0   0  35  0.22 0.16
   71 V    0 -4 -4 -4 -2 -3 -4 -3 -4  4  0 -3  0 -1 -4 -1  0 -4 -1  4    7   0   0   0   0   0   0   2   0  31   3   0   2   2   0   4   5   0   2  38  0.54 0.29
   72 K   -3  4  0 -2 -4 -1  0 -3 -2 -4 -3  6 -3 -4 -1 -2 -1 -4 -3 -4    0  25   3   0   0   0   6   0   0   0   3  52   0   0   3   0   3   0   0   0  0.89 0.39
   73 T   -2  0 -2 -3 -3 -3 -3 -4 -4 -1 -3 -3  1 -4 -3  1  7 -4 -4 -2    1   5   0   0   0   0   0   0   0   4   1   0   4   0   0   8  75   0   0   0  1.24 0.52
   74 H   -4 -1 -1 -4 -5 -1 -3 -4 10 -5 -5 -2 -4 -2 -5 -3 -2  7  0 -5    0   3   2   0   0   2   0   0  66   0   0   1   0   2   0   0   3  16   2   0  2.09 0.61
   75 Y    0 -1 -3 -2  4 -2 -2 -3  1 -1  3 -1  1 -1 -1  2 -1 -3 -1  0   10   4   0   1  10   1   1   0   4   1  37   3   2   1   2  17   1   0   1   3  0.25 0.20
   76 R   -3  7 -1 -4 -5  0 -2 -2  1 -5 -3  0 -3 -4 -4 -3 -3  1 -3 -4    0  81   3   0   0   3   0   3   3   0   3   0   0   0   0   0   0   2   0   0  1.48 0.46
   77 S    0  1  4  4 -1 -1  0  0 -1 -4 -4 -1 -3 -4 -2  1  0 -4 -1 -4    7   8  22  33   1   1   3   6   1   0   0   1   0   0   1   9   4   0   2   0  0.52 0.22
   78 M    0 -3 -3 -4  3 -2 -3 -3 -3  0  1 -1  7  0 -3  2  0 -3 -2  0    8   0   0   0   7   0   0   0   0   3   7   3  40   4   0  19   5   0   0   5  0.54 0.29
   79 I   -2 -3 -3 -3 -2 -1 -2 -4 -3  4  1 -3  1  1  0 -1  1 -3  0  2    0   0   0   0   0   3   3   0   0  41   6   0   5   5   4   4  13   0   3  13  0.36 0.20
   80 V   -3 -4 -4 -5 -3 -4 -5 -5 -5  6  1 -4 -1  0 -4 -1 -2 -4 -3  2    0   0   0   0   0   0   0   0   0  67   6   0   0   4   0   5   0   0   0  13  0.89 0.34
   81 I   -1 -3 -3 -3 -2 -2 -2 -3 -3  1  3 -3  1  1 -1  0  0  2  0  2    5   0   0   0   0   0   2   0   0   7  37   0   3   6   2   8   7   4   3  18  0.26 0.15
   82 P   -4 -5 -5 -5 -6 -4 -4 -5  2 -5 -2 -4 -5 -6  8 -4 -1 -7 -5 -5    0   0   0   0   0   0   0   0   6   0   5   0   0   0  86   0   4   0   0   0  2.47 0.60
   83 E   -1 -2  0  2  0  1  6 -1 -2 -3 -4 -1 -2 -3 -3 -1 -2 -5 -2 -3    4   1   3   9   3   3  59   5   0   1   1   1   1   1   0   4   1   0   1   2  0.77 0.32
   84 L   -3 -4 -4 -5 -4 -3 -4 -5 -4 -1  0 -4  9  3  0 -4 -1 -3 -1 -1    0   0   0   0   0   0   0   0   0   2   3   0  67  13   5   0   3   0   2   2  1.56 0.54
   85 V   -2 -4 -4 -5 -3 -4 -4 -5 -5  5  0 -4  1 -1 -4 -3 -1 -4 -3  5    2   0   0   0   0   0   0   0   0  32   2   0   2   2   0   0   4   0   0  54  0.95 0.36
   86 G   -2 -3 -2 -1 -4 -4 -2  7 -4 -5 -5 -3 -4  0 -4 -2 -4 -4 -4 -5    1   1   1   3   0   0   2  82   0   0   0   0   0   5   0   1   0   0   0   0  1.53 0.45
   87 G    0 -1  0 -2  1 -1 -1 -2  2 -1  0  1 -1  1 -2  3  0 -3 -1 -1    3   2   4   1   3   2   1   2   5   3  12  11   1   7   1  37   2   0   1   4  0.20 0.17
   88 I   -1 -1 -1 -2 -2 -1 -2 -3 -1  2 -1 -1  4  1 -2  0  3 -3 -2  2    3   2   2   1   0   2   1   0   1  15   2   3  16   5   1   4  27   0   0  13  0.29 0.20
   89 V   -2 -4 -4 -4 -3 -4 -4 -4 -4  4  0 -4  0  4 -4 -3 -2 -3 -1  4    2   0   0   0   0   0   0   0   0  27   4   0   2  20   0   0   0   0   0  41  0.75 0.30
   90 G    2 -2  0 -1 -3 -1  1  5 -1 -4 -3 -2 -2  0 -3  0 -2 -3 -2 -3   20   1   3   2   0   1  10  45   2   0   1   1   1   6   0   3   0   0   1   0  0.54 0.24
   91 V   -2 -4 -4 -4 -3 -4 -4 -3 -4  3  0 -4  2 -2 -4 -3 -2 -4 -3  6    2   0   0   0   0   0   1   2   0  13   4   0   6   0   0   1   0   0   0  68  0.96 0.36
   92 Y   -4 -3 -3 -4  0 -3 -3 -4  7 -4 -3 -4 -3  1 -4 -2 -4 -1  8 -4    1   0   0   0   2   0   1   1  24   0   1   0   0   4   0   2   0   0  61   1  1.75 0.51
   93 N   -3 -2  8  1 -2 -1 -2 -2  1 -5 -5 -2 -4 -5 -4  0 -1 -5 -4 -3    1   1  74   4   1   1   1   1   2   0   1   1   0   0   0   4   2   0   0   2  1.42 0.47
   94 G   -2 -1 -2  0 -4 -3 -3  7 -4 -5 -5 -3 -4 -5 -4 -1 -3 -4 -4 -3    1   3   0   5   0   0   1  81   0   0   1   0   0   0   0   3   0   0   0   2  1.48 0.43
   95 K   -2  1  2 -2 -2  2 -1 -3  0 -3 -4  6 -2 -4 -3 -2 -2 -4 -3 -3    1   5   9   0   1   8   1   1   2   2   1  61   1   0   0   1   2   0   0   1  0.85 0.35
   96 E   -1 -2  0  1 -2  0  2 -1 -2 -2 -2  0 -1 -3 -2  1  4 -4 -2  0    4   1   3   7   1   4  17   5   1   1   3   4   1   1   1   8  31   0   1   6  0.30 0.21
   97 F   -5 -5 -5 -5 -5 -5 -5 -5  3 -3 -3 -5 -1  8 -5 -5 -4  2  4 -4    1   0   0   0   0   0   1   1   7   0   1   0   1  73   0   1   0   2  10   1  1.98 0.59
   98 V   -2 -2  5 -1 -2 -1  0 -2 -1  2 -1 -1 -1 -1 -3  0 -1 -4 -2  2    1   2  34   2   1   2   6   1   1  12   4   3   1   3   0   6   3   0   1  19  0.41 0.24
   99 N   -2  1  1 -1 -4  5  1 -2 -1 -4 -4  1 -2 -4  4 -1 -1 -4 -3 -4    2   9   5   2   0  31   6   3   1   1   1   6   1   0  21   3   4   0   1   1  0.63 0.31
  100 V   -2 -5 -5 -5 -3 -4 -5 -5 -5  2 -1 -4 -1  2 -5 -4 -1 -4 -3  6    1   0   0   0   0   0   0   0   0   8   4   0   1   7   0   0   2   0   0  73  1.23 0.47
  101 E   -3  0 -2  0 -5  0  6 -4 -2 -3 -3  0 -3 -1 -3 -2 -1 -4  2 -3    1   3   1   4   0   2  60   0   0   1   2   4   1   3   1   1   3   0   8   2  0.92 0.41
  102 V   -3 -5 -5 -5 -4 -5 -5 -5 -5  7  0 -5  0 -2 -5 -4 -2 -5 -4  3    0   0   0   0   0   0   0   0   0  67   4   0   2   1   0   0   2   0   0  21  1.34 0.47
  103 K   -2  1 -1 -2 -5  1  0 -4 -2 -3 -3  6 -2  0 -2 -1  2 -5 -3 -1    1   4   2   1   0   6   4   0   0   1   1  51   1   5   1   4  15   0   0   4  0.70 0.37
  104 F    0 -4 -5 -2 -6 -3  2 -3 -5 -4 -4 -4 -3 -4  7 -3 -2 -6 -6 -3    9   1   0   1   0   1  16   1   0   1   1   0   1   1  64   1   2   0   0   1  1.66 0.57
  105 D   -4 -3  1  2 -7  0  7 -3 -3 -6 -6 -1 -5 -6 -3 -3 -4  1 -5 -6    0   0   6  12   0   3  72   1   0   0   0   2   0   0   1   1   0   2   0   0  1.54 0.58
  106 M   -3 -5 -6 -7 -5 -4 -6 -4  0 -3 -2 -3 11 -4 -6 -3 -2 -6 -5 -3    2   0   0   0   0   0   0   1   2   0   0   1  89   0   0   2   2   0   0   1  2.82 0.89
  107 I   -3 -5 -4 -6 -2 -5 -5 -6 -6  6  0 -5  1 -3 -5 -3 -1 -5 -4  4    0   0   1   0   1   0   0   0   0  53   7   0   2   0   0   2   3   0   0  33  1.16 0.43
  108 G   -2 -3 -2 -4 -2 -5 -5  7 -5 -6 -6 -4 -5  0 -5 -1 -4 -5 -5 -6    1   2   1   0   1   0   0  87   0   0   0   0   0   5   0   5   0   0   0   0  1.87 0.59
  109 K   -5  0 -3 -5  2 -3 -4 -5 10 -6 -5 -2  2 -1 -3 -3 -3 -5  0 -6    0   5   0   0   4   0   0   0  76   0   0   1   6   2   1   1   1   0   2   0  2.35 0.71
  110 Y   -3  2 -5 -4  1 -4 -4 -6 -1 -4 -3  1 -2  1 -6 -3 -4 -1  9 -4    2  11   0   1   3   0   0   0   0   0   1  11   1   3   0   1   0   0  66   1  1.66 0.58
  111 L   -4 -5 -6 -6 -4 -4 -6 -6 -5  0  6 -5  0  1 -2 -5 -3 -4 -3 -1    0   0   0   0   0   1   0   0   0   2  87   0   1   5   2   0   1   0   0   1  1.43 0.51
  112 A    1 -2 -2 -3 -3 -4 -4  7 -5 -6 -6 -3 -5 -6 -5 -1 -4 -5 -6 -3    9   2   1   0   1   0   1  79   0   0   0   1   0   0   0   4   0   0   0   2  1.58 0.51
  113 E   -3 -3 -3  1 -7  1  7 -2 -3 -6 -6 -1 -5 -6 -4 -3 -4 -6 -5 -6    1   0   0   6   0   4  82   3   0   0   0   3   0   0   0   0   0   0   0   0  1.72 0.60
  114 F   -5 -6 -6 -7 -5 -6 -6 -6 -4 -3 -1 -6 -1  9 -7 -4 -5 -2  4 -3    0   0   0   0   0   0   0   0   0   0   3   0   1  84   0   1   0   0  10   1  2.27 0.64
  115 A    3 -3 -2 -3 -3  0 -2 -3 -2 -3 -4 -3 -3 -2 -3  5 -1 -5 -4  0   31   0   0   0   0   4   0   0   1   1   0   0   0   2   0  53   2   0   0   6  0.84 0.41
  116 M   -3 -4 -4 -4 -1 -1 -3 -5 -3  5  2 -3  2 -1  4 -2 -3 -4 -3  0    0   0   0   0   1   2   1   0   1  44  17   1   6   1  18   4   0   0   0   4  0.71 0.32
  117 T   -2 -2 -2 -4 -1 -4 -4 -4 -5 -4 -4 -3 -2 -5 -2  2  7 -6 -5 -3    1   2   1   0   1   0   0   0   0   0   0   0   1   0   1  11  82   0   0   0  1.63 0.60
  118 Y   -4  5 -1 -5  0 -2 -3 -5 -2 -4 -4  0 -4 -1 -5 -3 -1 -2  7 -4    1  37   3   0   2   1   0   0   0   0   0   4   0   0   0   0   4   0  46   0  1.34 0.50
  119 K   -2  1 -1 -3 -5  0 -2 -2 -2 -3 -4  6 -4 -5 -3 -1  1 -5 -4 -2    1   5   2   0   0   3   1   2   1   1   1  67   0   0   0   3   9   0   0   3  1.05 0.44
  120 P   -2  1 -2 -3 -4 -2 -1 -4  0 -1 -3  0 -1  2  6  0 -2 -4 -1 -2    2   8   2   0   0   1   3   0   2   4   2   6   1  10  45   9   1   0   2   3  0.84 0.33
  121 T   -2 -1 -5 -5  0 -4 -4 -3 -4  0 -1 -1 -1 -3  0 -4 -1 -4 -3  6    1   4   0   0   2   0   0   2   0   2   2   4   1   0   5   0   4   0   1  72  1.03 0.45
  122 T   -1  2 -1 -3 -5  2  1  1 -2 -4 -4  5 -3 -5 -3  0  0 -5 -4 -3    3  12   1   0   0   8   8  10   1   1   1  41   0   0   0   8   7   0   0   1  0.60 0.30
  123 H   -6 -3 -2 -4 -7 -2 -4 -6 11 -7 -7 -5 -6 -5 -5 -5 -6 -6 -1 -7    0   1   1   0   0   2   0   0  95   0   0   0   0   0   0   0   0   0   1   0  3.44 0.90
  124 G   -2 -3 -3 -3  0 -4 -5  7 -3 -6 -6 -3 -5 -6 -5  1 -4 -5 -4 -6    0   1   0   1   2   0   0  82   0   0   0   1   0   0   0  13   0   0   1   0  1.74 0.54
  125 K   -3  6 -2 -3 -5  3  2 -4 -2 -5 -4  3 -3 -5 -4 -2 -3 -5 -4 -4    0  57   0   0   0  14  12   0   0   0   0  18   0   0   0   0   0   0   0   0  1.17 0.36

                      K         Lambda
Standard Ungapped    0.1355     0.3176
Standard Gapped      0.0552     0.2670
PSI Ungapped         0.1797     0.3167
PSI Gapped           0.0552     0.2670
