
Last position-specific scoring matrix computed, weighted observed percentages rounded down, information per position, and relative weight of gapless real matches to pseudocounts
           A  R  N  D  C  Q  E  G  H  I  L  K  M  F  P  S  T  W  Y  V   A   R   N   D   C   Q   E   G   H   I   L   K   M   F   P   S   T   W   Y   V
    1 M   -3 -4 -5 -5 -3 -3 -4 -5 -4  0  4 -4  8 -2 -5 -4 -3 -4 -3  0    0   0   0   0   0   0   0   0   0   2  34   0  62   0   0   0   0   0   0   3  1.38 0.35
    2 D    3 -3 -2  5 -4 -2  2 -2 -2 -4 -4 -2 -4 -5 -3 -1  2 -5 -4 -3   33   0   0  39   0   0  12   2   0   0   0   0   0   0   0   1  14   0   0   0  0.77 0.31
    3 T   -1 -3  1  2 -3 -1  2 -4 -1  3 -1 -2 -2 -2 -2 -2 -1 -4 -3  3    2   0   8  14   0   2  19   0   2  22   2   0   0   0   1   0   2   0   0  25  0.36 0.22
    4 Q   -4  1 -3 -3 -6  8  0 -5 -1 -6 -2 -1 -3 -6 -4 -2 -4 -5 -4 -5    0   5   0   0   0  85   2   0   1   0   4   1   0   0   0   2   0   0   0   0  1.98 0.64
    5 I   -1 -2  2 -2 -3 -2 -3 -3  3  1 -2 -2 -1 -4 -2  2  5 -4 -3  0    3   1  10   1   0   0   0   0  10   8   3   1   1   0   1  14  42   0   0   5  0.55 0.30
    6 Q   -4 -3 -1 -1 -6  2  7 -4 -1 -4 -5 -1 -5 -6 -4 -2 -4 -6 -3 -4    0   0   2   0   0   8  82   0   1   1   0   1   0   0   0   2   0   0   1   1  1.66 0.56
    7 R   -3  6 -2 -3 -3 -2 -2 -5  1 -6 -5  5 -4 -5 -4 -3 -4 -5 -1 -5    1  51   1   0   1   0   0   0   3   0   0  41   0   0   0   1   0   0   3   0  1.44 0.51
    8 A    6 -4 -4 -4 -3 -3 -4 -2 -4 -1 -4 -1 -3 -5 -4  0  0 -5 -3  0   77   0   0   0   0   0   0   0   0   3   0   3   0   0   0   5   5   0   0   7  1.17 0.48
    9 Y   -5 -5 -6 -7 -2 -5 -6 -6  0 -4 -3 -6 -4  7 -7 -5 -5 -2  7 -4    0   0   0   0   1   0   0   0   2   0   0   0   0  55   0   0   0   0  42   0  2.19 0.64
   10 Q   -4 -2 -3 -4 -6  8  0 -5 -2 -5 -1 -2 -2 -2  3 -2 -4 -5 -4 -5    0   1   0   0   0  70   3   0   1   0   7   0   0   2  13   2   0   0   0   0  1.61 0.62
   11 K   -4  2 -1 -4 -6  0  0 -5 -2 -6 -6  7 -4 -6 -4 -2 -4 -6 -5 -4    0   8   2   0   0   3   4   0   1   0   0  81   0   0   0   1   0   0   0   1  1.71 0.60
   12 Q   -4 -3 -2 -4 -7  9  0 -5 -3 -7 -6 -1 -4 -7 -3 -4 -4 -6 -5 -6    0   0   2   0   0  93   3   0   0   0   0   1   0   0   1   0   0   0   0   0  2.51 0.82
   13 D   -1 -2 -1  1 -4 -1  0 -3 -2 -3 -1  0 -3 -1  6 -1  0 -5 -4 -3    4   1   3   8   0   2   7   1   1   1   9   7   0   3  44   3   6   0   0   1  0.82 0.31
   14 G    1 -2 -1 -1 -2  0 -1  2  5 -2 -3  0 -2 -4 -2  0  3 -4 -3 -2   11   0   2   2   1   4   2  19  16   2   1   5   1   0   1   4  27   0   0   1  0.42 0.25
   15 V   -2 -5 -5 -5 -3 -4 -4 -5 -5  6  0 -4  1 -3 -5 -3  0 -5 -4  4    1   0   0   0   0   0   1   0   0  48   5   0   2   0   0   1   5   0   0  35  1.07 0.41
   16 F   -3 -5  1 -5 -1 -5 -5 -5 -3 -3 -3 -3 -3  8 -4 -1 -3 -2  3 -2    2   0   6   0   1   0   0   0   0   0   0   1   0  69   1   6   1   0   7   2  1.58 0.52
   17 L   -2 -2  0 -3 -1  6  0 -3  2 -1  2 -1 -1 -2 -3 -2 -1 -4 -2 -1    2   1   3   0   1  42   4   1   5   3  23   1   1   1   0   2   4   0   1   5  0.59 0.34
   18 N   -1 -2  7 -2  0 -3 -3 -1 -1 -5 -4 -1 -4 -3 -4  0 -1 -5  0 -4    6   2  66   1   2   0   0   5   1   0   1   3   0   1   0   6   2   0   3   1  1.25 0.49
   19 S    1  3 -1 -2 -3 -1 -1 -2  0 -2 -3  4 -2 -2  2  2 -1 -4 -3 -3   10  16   2   1   0   1   1   2   2   2   1  28   1   1  11  16   2   0   0   1  0.42 0.24
   20 K   -3  0 -3 -2 -1 -1 -1 -4 -1 -3 -4  7 -3 -3  0 -1 -2 -4  1 -3    1   2   0   2   1   0   3   0   1   2   0  70   0   1   4   3   1   0   6   1  1.11 0.45
   21 K    1  4 -1 -2 -2  0 -1 -1 -1 -3 -2  4 -2 -3 -1 -1  0 -2 -2 -2   11  27   2   1   1   3   2   5   1   1   2  29   0   1   2   3   5   0   1   3  0.42 0.23
   22 L   -1  0 -2 -2 -2 -1 -1 -1 -1  1  0  1 -1  0  0  0  1 -3 -1  3    3   4   1   0   0   1   2   6   2   5   9  12   0   3   4   7   8   0   2  30  0.11 0.12
   23 L    0 -2 -2 -2  2 -2 -2  1 -3  0  3 -2  0 -1 -1 -1  0 -3  0  0    8   1   2   2   5   1   2  13   0   3  41   2   1   0   2   4   6   0   3   4  0.19 0.14
   24 A    1  0  1  0 -2 -1 -1  1 -2 -1  1  2  0 -1 -1  0 -1  2 -2 -1   15   3   6   4   0   1   1  11   0   1  21  18   2   1   1   7   2   3   0   1  0.12 0.12
   25 K    0  1 -1 -2 -3  0  1  3 -2 -2 -2  3 -2 -3 -1  1 -1 -3 -3 -1    4   8   1   0   0   2   8  23   0   1   4  28   0   0   2   9   1   0   0   6  0.30 0.17
   26 K   -1  1 -1  0 -4  0  4 -1  1 -2 -3  4 -3 -3  0 -1 -2 -4 -1 -2    3   5   1   4   0   1  30   3   3   3   1  34   0   1   3   1   2   0   2   1  0.49 0.24
   27 T    0  0  0 -1 -2 -1  0  1 -1 -1 -2  1 -1 -2 -1  1  3  0 -2  0    9   5   3   2   0   1   4  12   1   1   2  11   1   1   2   9  26   1   1   9  0.17 0.12
   28 S   -1  0  2 -1 -3 -1  1  3 -2 -2 -2  2 -2 -3  0  0  0 -3 -3 -2    2   5  10   1   0   1   8  32   0   3   3  18   0   0   4   5   6   0   0   1  0.33 0.17
   29 A    0  1  0 -2 -3  0 -1  1 -2 -3 -2  5 -2 -4 -1  0 -1 -4 -3 -2    6   6   3   0   0   2   2  13   1   0   4  49   0   0   2   6   3   0   0   2  0.49 0.25
   30 G   -1 -1  1  0 -2  0  3  2  0 -3 -2  1 -2 -3  1 -1 -1 -3 -2 -2    5   1   7   3   1   2  29  18   2   1   3  12   0   0   8   1   3   0   1   2  0.31 0.17
   31 V   -1  1  0 -2 -3  0 -1  1 -1 -1 -1  1  0 -1  4  0 -1 -3 -1 -1    2  10   4   0   0   5   2  10   1   3   7  11   3   2  25   4   4   0   2   6  0.29 0.12
   32 R   -2  7 -2 -4  0  0 -2 -4  0 -1 -4  1 -3 -2 -3 -1 -3 -4 -3 -2    2  74   0   0   2   4   0   0   2   5   0   3   0   2   1   3   0   0   0   2  1.20 0.41
   33 Y   -3  2 -4 -4 -4 -2 -3 -4  1 -2 -1 -1  1  3 -4 -2 -3  7  6 -3    0  12   0   1   0   1   0   0   3   2   4   3   4  11   0   2   0  20  38   0  1.08 0.36
   34 Y   -2 -4 -4 -5 -1 -3 -4 -5  2 -1 -2 -4  4  2 -5 -2 -2  5  6  3    1   0   0   0   2   0   0   0   5   2   0   0  13   7   0   2   2   8  35  23  0.88 0.37
   35 K   -3  5  0 -3 -3  1 -1 -4 -2 -5 -5  6 -4 -5 -4 -3 -3 -5 -4 -4    0  29   4   0   1   4   1   0   1   0   0  60   0   0   0   0   0   0   0   1  1.30 0.50
   36 N   -2 -2  6  4 -5 -1  1 -2  1 -5 -5  0 -4 -5 -4  1 -1 -6 -4 -5    2   1  47  24   0   2   8   1   2   0   0   4   0   0   0   8   1   0   0   0  1.00 0.41
   37 I   -3 -5 -6 -5 -4 -5 -3 -6 -6  6 -1 -5  1 -2 -3 -4 -2 -5 -4  4    1   0   0   0   0   0   2   0   0  63   2   0   3   1   1   0   1   0   0  27  1.30 0.51
   38 G   -2 -2 -2 -3  0 -3 -4  7 -4 -4 -6 -3 -5 -5 -5  0 -4 -5 -5 -4    1   2   1   1   2   1   1  82   0   1   0   1   0   0   0   7   0   0   0   1  1.63 0.57
   39 L   -3 -2 -4 -4 -1 -3 -3 -5 -4  3  5 -4  2 -1 -5 -4 -3 -4 -2  0    0   2   1   0   1   1   2   1   0  17  65   1   3   1   0   0   0   0   1   5  0.89 0.39
   40 G   -2 -2  2  3 -5 -2 -1  5 -3 -4 -5 -1 -4 -5  1 -2 -3 -5 -5 -5    2   1   9  17   0   1   4  52   0   1   0   3   0   0   8   1   1   0   0   0  0.91 0.38
   41 F   -3 -5 -5 -5 -2 -5 -5 -2 -2  2 -1 -5 -2  6 -5 -4 -3  1  1  4    1   0   0   0   1   0   0   3   1  11   3   0   0  45   0   0   0   2   3  30  1.04 0.44
   42 K   -2  1  0 -2 -5  2  0 -4 -2 -2 -3  6 -3 -5  1 -1 -1 -5 -4 -1    3   4   4   1   0  10   4   0   1   2   2  53   0   0   7   3   3   0   0   4  0.74 0.39
   43 T    1 -2 -1 -3 -3 -1  0 -3 -3  1 -2 -2  1 -2  3 -1  4 -4 -3  0   10   1   2   0   0   2   7   0   0   7   2   1   4   1  14   2  38   0   0   6  0.47 0.31
   44 P   -4 -3 -5 -3 -6 -3 -4 -5  0 -6 -3 -2 -5 -6  8 -2 -3 -6 -6 -5    0   1   0   1   0   1   0   0   2   0   3   2   0   0  85   3   1   0   0   0  2.47 0.76
   45 K    0  2 -1 -1 -3  1  1 -2 -2 -2 -2  4 -2 -4  2  1  0 -4 -3 -2    7   9   2   2   0   6   9   1   0   3   2  33   0   0  10   8   4   0   0   1  0.38 0.22
   46 E    0  0 -1  0 -3  0  5 -2  0 -3 -3  1 -2 -3  0  0  0 -3 -3 -2    7   4   2   4   0   2  44   3   2   1   2   8   0   1   5   6   7   0   1   2  0.48 0.24
   47 A    4 -1 -2 -1 -2 -1  1  0 -2 -2 -2  0 -1 -3  1  0  0 -3 -2 -1   42   2   1   3   0   2   9   4   1   1   3   7   2   1   7   4   5   0   1   4  0.29 0.17
   48 I   -1 -1 -1 -1  4 -2 -1 -2 -2  4  0  0  0 -1 -1 -1  0  2 -1  1    3   4   3   4  11   1   4   2   1  31   4   5   1   2   3   3   4   3   2   9  0.20 0.13
   49 E   -2 -1  2  2 -4  0  5 -3  0 -4 -3  0 -3 -3 -1 -1 -1 -4 -2 -3    2   1  13  12   0   2  51   1   1   1   2   3   0   1   2   2   2   0   1   1  0.75 0.31
   50 G    0 -1  0 -1 -3 -2 -1  5 -2 -2 -1  0 -2 -3  0  0 -1 -3 -3 -2    5   3   4   3   0   1   4  46   0   2   6   8   0   1   4   7   2   0   1   3  0.45 0.18
   51 T    0 -1  1  0 -2  0  2 -2  2 -2 -2 -1 -2 -1 -1  1  4 -3 -2 -1    5   2   7   3   0   3  13   2   7   2   2   3   0   3   2  10  32   0   1   4  0.26 0.16
   52 Y   -2 -3 -3 -1  6 -3 -1 -3 -1 -2 -2 -2 -2  1 -3 -3 -3 -1  7 -2    2   1   1   4  22   1   4   1   0   2   1   2   0   4   1   1   1   0  50   1  1.14 0.37
   53 V   -1 -1  1  0 -2 -1 -2 -2 -1  4 -1 -1 -1 -1 -2 -1  0 -2  0  1    3   2   8   7   0   2   2   3   1  40   2   3   0   2   1   5   7   0   4   4  0.19 0.16
   54 D   -3 -3 -1  7 -4  0  0 -2  0 -4 -4 -2 -4 -4 -3 -2 -3 -4 -1 -4    1   1   1  76   0   4   4   2   2   1   1   1   0   1   1   1   1   0   2   1  1.37 0.40
   55 K   -1  1 -1 -1 -3  0  0 -2 -1 -2 -3  5 -2 -3  3  0 -1 -3 -3 -2    3   4   2   2   0   1   5   1   1   2   1  49   0   1  16   7   3   0   0   3  0.59 0.25
   56 K   -2  0  2  0 -3  0  0 -2  1 -2 -2  5 -2 -2 -2 -1 -1 -3 -2 -2    2   1  11   3   0   1   3   1   4   3   3  55   0   1   1   3   2   0   1   3  0.59 0.27
   57 C   -2 -2 -1 -2 10 -4 -4 -4 -4 -3 -3 -4 -3 -4 -4  0 -3 -4  0 -2    1   2   3   2  75   0   1   1   0   0   1   0   0   0   0   8   0   0   3   2  2.16 0.56
   58 P   -1 -2  1 -3 -4 -3 -3 -4 -3 -4 -2 -3 -4 -5  8 -1 -3 -5 -4 -4    3   2   7   0   0   0   1   1   0   0   4   0   0   0  74   4   0   0   0   1  1.84 0.49
   59 F   -3 -4 -4 -5  2 -4 -4 -4 -1 -1  0 -4 -2  7 -4 -4 -3  6  2 -2    1   0   0   0   5   0   1   1   1   2   8   0   0  64   0   1   0  11   3   2  1.34 0.42
   60 T   -2 -2  0 -3 -3 -2 -2 -3  7 -1 -1 -2 -2 -2 -2 -1  4 -3  1 -1    2   1   5   0   0   0   1   1  37   5   5   1   0   0   1   1  29   0   5   4  0.73 0.33
   61 S   -1 -3 -2  0  2 -3 -3  6 -3 -3 -1 -3 -3 -4 -3  0  0 -4 -4 -1    1   0   0   5   4   0   0  64   0   0   7   0   0   0   0   7   5   0   0   5  0.87 0.33
   62 N   -1  0  3  0 -3  0  1 -1  3 -3 -2  1  0 -3  0  0  0 -3  0 -1    4   4  18   5   0   4  11   4   9   0   4  11   3   0   3   6   5   0   3   4  0.22 0.16
   63 L    0 -2 -2 -2 -2  1 -2  0 -1  1  1 -2  2  2 -2 -1  1 -1  2  1   10   0   0   0   0   9   1  10   0  10  10   1   9   9   0   1  10   0   9  10  0.09 0.10
   64 S   -1  2  1 -2 -2 -1 -2 -2 -1 -3 -3  2 -3 -1  2  4  0 -4 -3 -2    2  10   5   0   1   1   0   2   1   1   2  13   0   3  10  43   5   0   0   1  0.48 0.32
   65 I   -2 -3 -1  1 -3 -3 -1 -4 -3  5  0 -3  0 -1  0 -3 -1 -4 -3  3    1   0   4  11   0   0   4   1   0  38   5   0   2   1   4   1   2   0   0  25  0.47 0.29
   66 R   -3  6 -1 -3 -2  2 -2 -4  2 -2 -3  2 -3 -4 -3 -1 -2  4 -1 -4    1  54   2   1   1   7   1   1   4   3   3  10   0   0   1   3   2   5   2   1  0.91 0.42
   67 G   -2  0  1  0 -4 -3 -3  5 -3 -1 -3 -1 -3 -4 -1  0 -1 -4 -4 -3    1   6   7   5   0   0   0  58   0   4   3   2   0   0   3   5   4   0   0   2  0.80 0.37
   68 K   -2  5  0 -3 -2  4 -2 -2  0 -1 -1  2 -1 -2 -2 -2 -1  2 -3 -2    2  32   5   0   1  19   0   2   2   5   6  12   1   1   2   2   3   3   0   2  0.49 0.32
   69 I   -2 -1 -3 -3 -2 -1 -2 -4 -3  4  1 -3  1  1 -3 -1  2 -3  1  2    1   3   0   0   0   2   3   1   0  34  10   0   3   7   0   5  14   0   5  12  0.33 0.23
   70 I   -2 -2 -3 -2 -3 -1 -3 -4  0  1  4 -2  2  2 -1 -3 -2 -2  2  0    2   2   0   2   0   3   0   1   2   8  46   3   4   9   3   1   0   0   8   4  0.41 0.26
   71 K   -1  1  0  0 -3  2  2 -2 -2 -1 -1  1 -1  0  0  1  1 -3 -2  0    3   6   2   3   0  10  14   1   0   2   3   8   2   6   4  15  12   0   0   9  0.15 0.15
   72 G   -1 -3 -2 -1  1 -3 -3  6  2 -4 -3 -1 -4 -4 -4 -1 -3 -4 -4 -1    3   0   0   3   3   0   0  66   5   0   3   4   0   0   0   4   0   0   0   5  1.05 0.45
   73 L    0  1  1  1 -2  1  0 -2  2  0  0  0  1  1 -2 -1  0 -3 -1  0    7   7   7   7   0   7   7   0   7   7   7   7   7   7   0   0   7   0   0   7  0.07 0.11
   74 V   -1 -4 -4 -4  3  1 -4 -4 -4  1  0 -4  2 -3 -4 -3  0 -4 -3  6    4   0   0   0   5   7   1   1   0   5   6   0   5   0   0   1   4   0   0  59  0.86 0.41
   75 I    0  0  1  0  0  0 -1 -2  2  1 -1  0  0 -1 -2  1  1 -3 -1  1    5   4   7   5   2   2   3   1   8  13   3   4   2   2   0  10  12   0   2  15  0.09 0.11
   76 S    0  1  1 -1  3  0  1  1 -1 -2 -2  1  1 -3 -2  1  1 -3 -2 -2   10  10   9   0   9   0  10  10   0   0   1  10   9   0   0  10  10   0   0   1  0.15 0.11
   77 T    0  0  1  1  2 -1  0 -2  0  0 -1  0  1  0 -2  1  2 -3  0  0    9   3   6   8   5   0   3   1   3   4   4   8   4   4   0  10  16   0   4   8  0.09 0.13
   78 K    0  1  1  1 -3  0  1  0  2 -2  0  1  1 -1 -2  0 -1 -2  1 -2    8   8   8   8   0   0   8   8   8   0   8   8   8   0   0   8   0   0   8   0  0.10 0.12
   79 M    1 -2 -2 -2  2 -1 -1  0 -3 -1  0 -3  8 -3 -1 -2 -1 -4 -3 -2   13   2   2   2   6   3   3   8   0   2   3   0  50   0   4   0   2   0   0   0  0.82 0.46
   80 N   -1  1  1  2 -3  3  1 -1  3  0 -2  1 -1 -3  0 -1  0 -3 -2 -2    2   6   6  11   0  15   9   5   9   7   2   9   2   0   4   3   7   0   0   2  0.20 0.15
   81 R   -1  4  1 -1 -4  1 -1 -1  2 -3 -4  4 -3 -4 -3 -1 -1 -4 -3 -1    2  28   8   2   0   4   0   5   4   0   0  33   0   0   0   2   4   0   0   6  0.56 0.32
   82 T    0 -2  0 -2  3 -2 -2 -2 -2  0  0 -2  1 -2 -2  2  3 -3 -2  0    7   0   5   0  10   0   0   0   0   6   6   0   7   0   0  19  32   0   0   6  0.28 0.18
   83 V    1 -2 -2 -3  2 -2 -2  0  2  2  1 -2  1  0 -2 -1  0 -2 -1  2   15   0   0   0   5   0   0   7  10  19  11   0   5   5   0   1   7   0   0  15  0.12 0.10
   84 I   -1 -2 -2 -1 -2 -2 -2 -3 -3  2  1 -1  0 -1 -3 -1  1 -2  1  3    3   0   0   4   0   0   0   1   0  15  12   3   0   0   0   3  10   0   5  42  0.25 0.15
   85 I    0 -3 -3 -3  1 -2 -3 -3 -3  4  1 -2  2  0 -3  0 -1 -3 -2  3    6   0   0   0   3   0   0   1   0  36   4   0   8   3   0   9   0   0   0  27  0.32 0.17
   86 R    0  4 -2 -2  2  2  3 -3  0 -2 -2  1 -1 -4 -3  0 -1 -4 -3 -1    8  27   1   0   4   8  20   1   2   3   3   7   2   0   0   7   3   0   0   5  0.43 0.29
   87 R   -3  6 -2 -4 -5  0 -3 -5  3  1 -4  1 -1 -2 -3 -1 -3  3 -3  0    1  48   1   0   0   3   0   0   6   9   0   9   1   2   1   4   0   4   0   8  0.90 0.47
   88 D   -3 -2  1  5 -5  0  5 -3 -1 -3 -5 -1 -4 -3 -3 -1 -1 -5  0 -3    1   2   7  29   0   2  37   2   1   2   1   3   0   1   1   3   3   0   4   2  0.82 0.43
   89 Y   -3  3 -3 -4 -2 -4 -4 -4  2 -2 -3 -3 -2  1 -5 -2 -2  3  8 -2    2  16   1   1   1   0   0   2   5   3   1   1   1   3   0   3   3   3  51   3  1.26 0.57
   90 L   -2 -1 -3 -1 -4 -2  0 -5 -2  0  4 -1  1  0  0 -3  0 -3  1  0    2   3   1   3   0   1   7   0   1   4  49   3   3   3   5   1   5   0   6   5  0.43 0.30
   91 H   -4  1 -2 -4 -3  0 -2 -4  8  0 -3  2 -1  0 -4 -3 -2 -4  3  2    0   7   1   0   1   3   2   1  36   5   1  11   2   4   0   1   1   0   8  16  0.90 0.48
   92 Y   -2  0 -1 -5 -6 -1 -2 -6 -3 -4 -1  1  0  2  0 -4 -2  5  7 -4    3   6   3   0   0   3   3   0   0   0   6   9   3   8   5   0   3   8  42   0  1.06 0.58
   93 V   -2 -2  0  0  1 -1 -2 -4  4  3 -1 -3  1  0 -4 -1 -1 -4  1  3    3   2   6   5   3   3   2   0  13  18   3   0   3   3   0   4   4   0   5  24  0.35 0.29
   94 R   -2  0 -1 -1  1  1 -1 -1  0 -2 -2  1  0 -2  5  0  0 -5  0 -4    2   6   3   2   3   5   3   5   2   2   3  11   3   2  31   8   5   0   3   0  0.49 0.33
   95 K   -4  0 -1 -4 -6 -1 -1 -5 -4 -1 -1  7  0 -2 -5 -2 -1 -6 -5 -2    0   3   2   0   0   2   2   0   0   4   7  68   2   2   0   2   3   0   0   2  1.29 0.65
   96 Y   -1 -4  0 -1  2 -3 -4 -4 -1 -3 -3 -4 -3  2 -5 -3 -3  0  8 -1    7   0   5   5   5   0   0   0   0   0   0   0   0   7   0   0   0   0  67   5  1.33 0.46
   97 N   -1  0  4  2  0  1  0  0  1  1 -2  0  1 -3 -1  0 -1 -4 -3 -2    2   3  26  10   2   6   5   6   3  13   0   6   7   0   2   6   2   0   0   0  0.21 0.15
   98 R   -2  6 -2 -3  2 -1 -2 -1  1 -4 -3  2 -3  0 -3  1 -1 -4 -2 -3    0  58   0   0   5   0   0   4   4   0   0   9   0   5   0  10   4   0   0   0  0.79 0.32
   99 Y   -2 -2 -2 -3 -4  0 -1 -4  1 -1 -1 -1 -2  5 -4  0 -2  3  6 -2    3   2   2   0   0   4   5   0   3   3   4   4   0  24   0   6   2   3  31   2  0.66 0.37
  100 E    0 -2 -2 -2 -3  2  4  0 -2  2 -1  0  2 -3 -3 -1 -2 -3 -3  1    7   0   0   0   0   8  31   7   0  12   5   6   8   0   0   2   0   0   0  10  0.30 0.26
  101 K   -1  4  0 -3 -4 -1 -1 -3 -3 -2 -2  5  0 -4 -1 -1  0  0 -3 -2    5  23   3   0   0   0   3   0   0   3   2  41   2   0   3   3   5   2   0   2  0.61 0.38
  102 R   -3  5 -1 -3  2  0 -2 -2  2 -4 -3  2 -1 -4  1  0 -1 -4 -1 -2    0  42   2   0   6   2   0   3   5   0   2  13   2   0   8   6   3   0   2   2  0.61 0.37
  103 H    0  0  1 -2 -2  1 -1  0  2  0  0  0 -1  1  1  0  0 -2  1  0    7   7   7   0   0   7   0   7   6   7   7   7   0   6   7   7   7   0   6   7  0.05 0.09
  104 R    0  2  1 -2 -3  1 -1 -1  1 -3 -3  3  1 -3 -2  2  1 -4 -3 -1    5  11   5   0   0   6   0   5   4   0   1  22   4   0   0  19  11   0   0   5  0.30 0.24
  105 N   -2  2  5  0 -4 -1 -1 -3  0 -2 -2  3 -3 -4 -3 -1  1 -4 -3 -2    1  13  33   3   0   0   2   1   1   2   5  24   0   0   0   3   8   0   0   1  0.56 0.32
  106 I   -2  0 -3 -4  3 -3 -3 -4 -3  3  1 -1  5  1 -4 -3 -1 -2  2  1    1   5   0   0   7   0   0   1   0  23  11   4  19   6   0   1   2   0  10   9  0.43 0.26
  107 P    0  0 -1 -2 -1 -1  0 -3  5 -2 -1 -1 -1 -3  3  2  0 -3  0 -2    7   6   2   0   1   2   4   1  20   1   6   3   1   0  16  18   6   0   2   2  0.38 0.24
  108 V    4 -3 -3 -4  2 -3 -3 -3 -3  0 -1  0  0  0 -3 -1 -2 -3  0  3   40   0   0   0   4   0   0   1   0   2   2   5   2   5   0   3   0   0   4  29  0.47 0.31
  109 H    0 -1 -1 -4 -5  0 -3 -5  9 -5 -5 -2 -4 -1 -5 -3  1 -5  0 -2    8   3   2   0   0   4   0   0  65   0   0   2   0   3   0   0   8   0   2   4  1.75 0.67
  110 I   -1 -3  0  0  5 -2 -2 -3 -1  0  2 -2  0  1 -2  0 -1 -3 -2  1    4   0   6   6  18   1   0   1   1   4  21   2   2   8   2   8   1   0   0  12  0.25 0.18
  111 S   -1  1 -1  1 -4 -2 -1  0 -3 -4 -4 -1 -4  1  4  3 -1 -4 -1 -4    2  10   2   7   0   0   2   8   0   0   0   3   0   7  24  31   2   0   1   0  0.56 0.34
  112 P   -2 -1  0  1 -5 -1  3 -2 -3 -5 -4 -2 -4 -5  7 -1 -2 -5 -5 -4    2   3   4   7   0   1  18   3   0   0   1   1   0   0  54   5   1   0   0   0  1.26 0.49
  113 C    0 -3  1 -4  9 -2 -3 -3 -2 -3 -2 -2 -3  3 -4 -1 -2 -3 -2 -2    8   1   7   1  51   1   1   2   1   1   2   2   0  12   1   4   2   0   1   3  1.22 0.46
  114 F    0  1  1 -2 -2  1 -2 -2 -2  1  0 -1  2  1  1  0 -1  4 -1  0    8   8   8   0   0   8   0   1   0   8   8   0   8   8   8   8   0   8   0   8  0.13 0.14
  115 S   -1  0  1  3 -3  1  2  1  1 -1 -2  0 -2 -1  0  0  0 -3 -2 -1    4   5   7  21   0   5  12  10   3   3   4   4   0   3   3   4   5   0   0   5  0.19 0.15
  116 V    1 -3 -3 -2  5 -3 -3 -3 -3  1  0 -3 -1  0 -1 -1 -1 -3  0  4   13   0   0   3  16   0   0   0   0   7   9   0   0   3   3   3   3   0   3  33  0.41 0.28
  117 K   -1  1  2  0 -4  4  2 -2  0 -4 -4  4 -2 -3 -3 -1 -1 -4 -3 -1    4   5  10   3   0  19  14   2   1   0   0  27   1   1   0   3   4   0   0   5  0.47 0.28
  118 E   -1 -2 -2 -2 -4  1  2 -4  0  4 -1 -2 -1 -3  0 -2 -1 -4 -3  3    3   1   1   2   0   8  19   0   3  29   4   1   1   0   5   2   2   0   0  20  0.40 0.28
  119 G   -3 -2 -1 -1 -1 -4 -1  7 -5 -1 -6 -4 -5 -6 -5 -2 -4 -6 -6 -5    0   2   2   3   2   0   4  80   0   5   0   0   0   0   0   2   0   0   0   0  1.60 0.58
  120 D   -4  0  0  8 -6 -3  0 -4 -4 -6 -6 -3 -5 -6 -4 -2 -1 -6 -5 -5    0   5   3  80   0   0   3   0   0   0   0   0   0   0   0   2   4   0   0   0  1.87 0.64
  121 I   -2  0 -1 -2 -3 -1 -1 -4  2  4  0  0  0 -2 -2 -1  1 -1 -1  1    2   6   2   1   0   2   4   0   7  33   8   7   1   1   1   2  12   1   1  10  0.27 0.21
  122 L   -2 -5 -5 -5 -4 -5 -5 -3 -5  2 -1 -5 -2 -1 -5 -4 -3 -5 -4  7    2   0   0   0   0   0   0   2   0   8   2   0   0   2   0   0   0   0   0  80  1.46 0.57
  123 V   -2  1 -1 -3 -3 -1  0 -3 -3  1  0  1  0  0 -1 -1  4 -3 -2  1    1   8   2   0   0   2   6   0   0  10   6   8   2   5   2   1  34   0   1  12  0.30 0.24
  124 A   -1 -4 -4 -5  3 -4 -4 -5 -5  5  0 -4  2  0 -4 -3 -1 -4 -3  4    3   0   0   0   6   0   0   0   0  40   4   0   5   4   0   0   2   0   0  32  0.84 0.37
  125 G    2  0 -2 -2 -4 -2 -2  5 -2 -3 -4 -1  1 -4 -3 -1 -2 -4 -2 -3   19   6   0   2   0   1   2  54   1   1   0   2   4   0   0   3   1   0   1   1  0.82 0.36
  126 Q   -3 -2 -3  0 -5  4  6 -3 -1 -5 -3  1 -1 -5 -4 -3 -2 -5 -2 -4    0   0   0   3   0  18  61   1   1   0   2   8   2   0   0   0   2   0   1   0  1.20 0.51
  127 C   -2 -6 -3 -6 10 -5 -6 -4 -5 -4 -4 -5 -4 -5 -5 -1  3 -1 -3 -2    2   0   1   0  70   0   0   1   0   0   0   0   0   0   0   5  17   1   1   2  2.37 0.71
  128 R   -4  7 -3 -4 -6  2 -3 -5 -3 -6 -5  2 -2 -5 -5 -3 -4  4 -4 -5    0  73   0   0   0  10   0   0   0   0   0   9   1   0   0   0   0   5   0   0  1.71 0.61
  129 P   -4 -2 -5 -5 -6 -3 -4 -5 -5 -6 -4 -2 -5 -4  8 -1 -2 -7 -6 -5    0   2   0   0   0   1   0   0   0   0   2   2   0   1  86   5   2   0   0   0  2.48 0.72
  130 I   -4 -5 -6 -6 -4 -2 -5 -6 -5  3  5 -5  0 -2 -5 -5 -2 -4 -3  0    0   0   0   0   0   3   0   0   0  18  76   0   0   0   0   0   2   0   0   2  1.20 0.43
  131 S    1 -4 -1 -3  1 -3 -3 -2 -4 -5 -5 -3 -4 -5 -4  7 -1 -6 -5 -4    7   0   1   0   3   0   0   2   0   0   0   0   0   0   0  86   1   0   0   0  1.53 0.56
  132 K   -4  1 -3 -4 -6 -2 -2 -5 -4 -6 -5  8 -4 -6 -4 -3 -4 -6 -5 -5    0   4   0   0   0   0   0   0   0   0   0  96   0   0   0   0   0   0   0   0  2.07 0.61
  133 T   -3 -3 -3 -2 -4 -3 -3 -1 -4 -3 -3 -3 -2 -4 -3  0  7  0 -4 -3    0   1   0   1   0   0   0   5   0   0   1   0   1   1   1   6  82   2   0   0  1.47 0.52
  134 V   -2 -2 -3 -4 -3 -2 -3 -4 -4  2 -2  4  2 -3 -4 -2 -1 -5 -3  5    1   0   0   0   0   0   0   0   0   8   1  34   7   0   0   1   2   0   0  46  0.76 0.34
  135 R   -1  5 -1 -2  3 -1 -2 -3  4 -4 -3  0 -3 -3 -1  3 -1 -4 -2 -4    3  38   2   1   6   1   0   0  10   0   1   4   0   0   2  29   2   0   1   0  0.68 0.31
  136 F   -4 -5 -5 -5 -5 -5 -5 -4  2 -3 -2 -5 -3  8 -6 -2 -4  7  3 -3    0   0   0   0   0   0   0   1   6   0   2   0   0  66   0   3   0  14   6   0  1.69 0.47
  137 N   -1  0  5 -2  0 -2 -2 -3  1 -1 -3 -2 -1 -3 -4 -1  0 -5 -2  3    5   4  40   0   2   0   1   0   4   2   0   1   1   0   0   1   5   0   1  32  0.62 0.31
  138 A   -2 -4 -5 -5 -3 -4 -4 -5 -5  2  1 -4  1 -2 -4 -4 -1 -4 -3  6    2   0   0   0   0   0   0   0   0   5  10   0   4   1   0   0   2   0   0  75  1.10 0.39
  139 L   -2 -1 -4 -5 -1 -3 -4 -5 -4  2  4 -3  0  0 -4 -3 -1 -3 -2  4    0   3   1   0   1   0   0   0   0  12  46   0   0   2   0   1   2   0   0  31  0.64 0.26
  140 Q   -2  2 -1 -1 -5  1  4  0 -1 -4 -4  5 -3 -5 -3 -1 -2 -4 -3 -4    2  10   1   2   0   3  27   7   1   0   0  44   0   0   0   2   1   0   0   0  0.73 0.29
  141 V   -2 -3 -4 -5 -3 -3 -4 -5 -1  3  0  0 -1 -1 -4 -2 -2 -4  0  6    1   0   0   0   0   0   0   0   1  12   3   8   1   1   0   1   1   0   3  68  0.86 0.35
  142 V   -1 -2 -1 -1 -2  0  0 -3 -2  2  0 -1  0 -2 -3  0  4 -4 -2  2    1   1   2   3   0   3   6   1   1  16   7   2   1   0   0   5  33   0   1  16  0.29 0.19
  143 P   -1  1  0 -1 -4  1  2 -1 -2 -4 -4  5 -3 -4  2  0 -1 -4 -3 -3    3   4   3   1   0   3  18   4   0   0   1  44   0   0  10   5   3   0   0   1  0.59 0.24
  144 N    0  2  1  0 -2  1  0  1  1 -2 -2  2 -1 -2 -1  1 -1 -2 -2 -2   10  15   8   5   1   4   4  12   3   1   2  17   1   1   1  10   2   0   1   2  0.18 0.08
  145 E    1  0  0  0 -2  1  2  1 -1 -1 -1  1  0 -2  0  1  0 -2 -2 -1   17   2   3   5   1   6  14   9   1   4   3   7   2   2   4  10   4   0   1   4  0.11 0.05
  146 I    1  0  1  0 -1  0  1 -1  0  0 -1  0 -1 -2  0  1  1 -2 -1  0   17   3   8   3   1   2   8   4   3   9   4   5   1   1   3  11   7   0   1   9  0.06 0.04
  147 I    3 -1 -1 -1 -2 -1  1  0 -2 -1 -2  0 -1  0  0  1  1 -3 -2  0   35   2   2   3   0   1   9   4   0   3   2   6   1   5   4  11   7   0   0   6  0.19 0.13
  148 G    4 -2 -1  0 -2 -1  1  3 -2 -3 -3 -1 -2 -3 -1  0 -1  2 -3 -2   43   2   1   4   0   1   8  21   0   0   1   3   1   0   3   5   2   3   0   1  0.42 0.20
  149 S    0  0  0  0  1 -1  1  4 -2 -3 -3  1 -2 -3 -3  1 -1 -4 -3 -2    7   3   5   6   3   1   8  34   0   0   1  12   1   0   0  12   3   0   0   2  0.35 0.16
  150 V    2 -1 -1 -1 -2 -1 -1  1 -2 -1 -2 -1 -1  0  0  1  3 -3 -2  1   18   2   2   3   0   1   1   9   0   3   1   3   1   4   3   8  27   0   0  12  0.19 0.14
  151 R   -2  2 -1 -3 -4 -1 -2 -1 -2 -4 -3  6 -3  0 -3 -1 -2 -4 -1 -1    1   9   2   0   0   1   0   5   0   0   1  63   0   6   0   3   1   0   2   4  0.84 0.33
  152 K   -3  2 -3 -3 -5 -1 -1 -3 -3 -5 -5  7 -4 -6 -4 -2 -2 -5 -4 -5    0   8   0   0   0   1   2   2   0   0   0  85   0   0   0   2   1   0   0   0  1.56 0.49
  153 Q    0 -1 -2 -2 -4  6  1 -1 -2 -3 -4  2 -1 -3 -3  1 -2 -4 -3 -2    8   0   0   0   0  50   5   4   0   2   0  14   1   1   0  10   1   0   0   2  0.75 0.32
  154 F   -5 -5 -5 -6  2 -6 -6 -6 -4 -3 -2 -6 -2  9 -6 -3 -4 -1  1 -3    0   0   0   0   4   0   0   0   0   0   1   0   0  94   0   1   0   0   0   0  2.19 0.51
  155 L    0  2  0 -1 -3  5  0 -1 -1 -3 -2  1 -1 -4 -3  1  1 -4 -3 -2    7  12   3   2   0  36   2   5   1   0   2   8   1   0   0  13   8   0   0   2  0.43 0.19
  156 L   -2  1 -2 -3 -4  0  0 -2 -3 -1 -1  6  0 -4 -2 -2 -2 -4 -3 -1    2   2   0   0   0   2   4   2   0   3   8  70   3   0   1   1   0   0   0   4  0.81 0.30
  157 F   -5 -5 -5 -6 -5 -5 -6 -6 -3 -2 -2 -5 -2  9 -6 -5 -4 -1  2 -3    0   0   0   0   0   0   0   0   0   0   0   0   0  96   0   0   0   0   4   0  2.24 0.46

                      K         Lambda
Standard Ungapped    0.1394     0.3234
Standard Gapped      0.0467     0.2670
PSI Ungapped         0.1514     0.3119
PSI Gapped           0.0467     0.2670
