
Last position-specific scoring matrix computed, weighted observed percentages rounded down, information per position, and relative weight of gapless real matches to pseudocounts
           A  R  N  D  C  Q  E  G  H  I  L  K  M  F  P  S  T  W  Y  V   A   R   N   D   C   Q   E   G   H   I   L   K   M   F   P   S   T   W   Y   V
    1 P   -2 -4 -4 -3 -5 -3 -3 -4 -4 -4 -5 -3 -4 -5  8 -2 -3 -5 -5 -4    0   0   0   0   0   0   0   0   0   0   0   0   0   0 100   0   0   0   0   0  2.66 0.26
    2 R   -3  8 -2 -3 -5 -1 -2 -4 -2 -5 -4  1 -3 -5 -4 -3 -3 -5 -4 -4    0 100   0   0   0   0   0   0   0   0   0   0   0   0   0   0   0   0   0   0  1.81 0.29
    3 R   -3  7 -2 -3 -5  0 -1 -4 -2 -5 -4  3 -3 -5 -4 -2 -3 -4 -3 -4    0  83   0   0   0   0   0   0   0   0   0  17   0   0   0   0   0   0   0   0  1.45 0.25
    4 R   -2  6 -1 -3 -4 -1 -2  3  5 -5 -4  0 -3 -4 -3 -2 -3 -4 -2 -4    1  57   1   0   0   0   0  22  19   0   0   0   0   0   0   1   0   0   0   0  0.94 0.19
    5 V    0  2  0 -1 -3  0  2 -2  0  0 -2  0 -1 -3  2  1 -1 -3 -1  2    9  14   4   0   0   0  20   0   2   4   1   2   0   0  11  10   0   0   2  22  0.20 0.08
    6 I    3 -3 -4 -4 -2 -3 -3 -3 -4  2 -1 -3 -1 -2  0 -1 -1 -4 -3  4   32   0   0   0   0   0   0   0   0  12   0   0   0   0   5   0   0   0   0  50  0.52 0.15
    7 G    2 -2 -2 -1 -3 -1  3  1 -2 -3 -3 -1 -3 -4  5 -1 -1 -4 -3 -2   21   0   0   1   0   0  25   9   0   0   0   0   0   0  37   2   3   0   0   2  0.76 0.14
    8 Q   -2  2 -2 -2 -5  2  0 -3 -2 -4 -4  6 -3 -5 -2 -2 -1 -4 -3 -4    1   4   0   0   0  11   0   0   0   0   0  81   0   0   1   0   2   0   0   0  1.08 0.22
    9 R   -3  8 -2 -3 -5 -1 -2 -4 -2 -5 -4  1 -3 -5 -4 -3 -3 -5 -4 -4    0 100   0   0   0   0   0   0   0   0   0   0   0   0   0   0   0   0   0   0  1.81 0.29
   10 K   -2 -1 -1  3 -4  2  5 -3 -1 -3 -4  2 -3 -4 -1 -1 -2 -4 -3 -2    1   0   0  17   0   5  53   0   0   1   0  16   0   0   1   0   1   0   0   3  0.73 0.16
   11 I   -2 -4 -4 -5 -2 -4 -4 -5 -5  5  0 -4  0 -2 -4 -3 -1 -4 -3  4    0   0   0   0   0   0   0   0   0  56   0   0   0   0   0   0   1   0   0  43  0.91 0.19
   12 L   -3 -3 -1 -4 -3 -3 -4 -5 -4  1  5 -4  1 -1 -3 -3 -2 -3 -2  0    0   0   5   0   0   0   0   0   0   6  86   0   1   0   1   0   1   0   0   0  0.86 0.19
   13 P   -2 -4 -4 -3 -5 -3 -3 -4 -4 -5 -5 -3 -4 -6  8 -3 -3 -6 -5 -4    2   0   0   0   0   0   1   0   0   0   0   0   0   0  97   0   0   0   0   0  2.64 0.31
   14 D   -4 -3  0  8 -5 -2  0 -3 -3 -5 -6 -2 -5 -5 -3 -2 -3 -6 -5 -5    0   0   0  99   0   0   1   0   0   0   0   0   0   0   0   0   0   0   0   0  1.91 0.29
   15 P    1 -4 -4 -3 -4 -3 -3 -3 -4 -4 -4 -3 -4 -5  8 -2 -3 -5 -5 -4   12   0   0   0   0   0   0   0   0   0   0   0   0   0  87   1   0   0   0   0  2.24 0.28
   16 K   -2  1 -2 -2 -4  0 -1 -3 -2  0 -2  6 -1 -3 -3 -2 -2 -4 -3  0    0   4   0   0   0   0   0   0   0   8   2  74   2   0   0   0   0   0   0   9  0.78 0.19
   17 F   -4 -4 -4 -5 -3 -4 -4 -5  1 -2 -1 -4 -2  7 -5 -4 -3  0  6 -3    0   0   0   0   1   0   0   0   4   0   0   0   0  56   0   0   0   0  40   0  1.45 0.24
   18 G   -1 -2  3 -2 -4 -1 -2  6  1 -5 -5  0 -4 -4 -3 -1 -2 -4 -4 -4    1   0  18   0   0   1   1  67   3   0   0   6   0   0   0   2   0   0   0   0  1.00 0.17
   19 S   -1 -2  3  4 -3 -1  0 -2 -1 -4 -4 -2 -3 -4 -2  4 -1 -5 -3 -4    0   0  14  30   0   0   1   0   0   0   0   0   0   0   0  55   0   0   0   0  0.80 0.19
   20 E   -1  1 -2 -1 -3  2  2 -3 -2  1  0  2  0 -2 -2 -1  0 -3 -2  2    2   6   0   1   0   9  21   0   0   6  10  19   0   0   0   0   4   0   0  20  0.20 0.08
   21 L   -1 -2 -3 -1 -2 -2  0 -3 -3  2  3 -2  1 -1 -3 -2  1 -3 -2  3    0   2   0   4   0   1   9   1   0   6  34   1   2   0   0   0   8   0   0  31  0.26 0.09
   22 L   -1 -3 -4 -5 -2 -3 -4 -5 -4  2  4 -4  1 -1 -4 -3 -2 -3 -2  4    2   0   0   0   0   0   0   0   0   7  54   0   0   1   0   0   0   0   0  36  0.65 0.15
   23 A    4 -2 -2 -2 -2 -2 -2 -2 -3 -2 -3 -2 -1 -3 -2  2  4 -4 -3 -1   44   0   0   0   0   0   0   0   0   0   0   0   1   0   0  16  40   0   0   0  0.65 0.17
   24 K   -2  3 -2 -2 -5  0 -1 -3 -2 -4 -4  7 -3 -5 -3 -2 -2 -5 -3 -4    0  14   0   0   0   0   0   0   0   0   0  86   0   0   0   0   0   0   0   0  1.28 0.24
   25 F   -4 -4 -5 -5 -4 -5 -5 -5 -3 -1  1 -5 -1  8 -5 -4 -4 -1  1 -2    0   0   0   0   0   0   0   0   0   0  15   0   0  85   0   0   0   0   0   0  1.57 0.25
   26 V   -2 -4 -4 -5 -3 -3 -4 -5 -4  4  0 -3  7 -1 -4 -3 -1 -3 -2  3    1   0   0   0   0   0   0   0   0  37   0   0  41   0   0   0   1   0   0  20  0.85 0.20
   27 N   -3 -2  8  0 -3 -2 -2 -2 -1 -5 -5 -2 -4 -5 -4 -1 -1 -6 -4 -5    0   0  98   0   0   0   0   0   0   0   0   0   0   0   0   1   1   0   0   0  1.81 0.30
   28 I    0  0  2 -2  0  0 -1 -2  2  1 -1  0  1 -2 -2  1  0 -3 -1  1    7   5  12   0   2   2   0   1   9   9   1   9   6   0   0  11   1   0   2  20  0.09 0.06
   29 L   -2 -4 -4 -4 -2 -3 -4 -5 -4  4  3 -3  1 -1 -4 -3 -1 -3 -2  4    0   0   0   0   0   0   0   0   0  30  34   0   3   0   0   0   1   0   0  33  0.62 0.13
   30 M   -3 -3 -4 -5 -4 -2 -4 -5 -4 -1  0 -3 10 -2 -5 -4 -3 -4 -3 -1    0   0   0   0   0   0   0   0   0   0   0   0 100   0   0   0   0   0   0   0  2.15 0.37
   31 V   -2  0 -3 -2 -2  0  0 -4 -1  1  2  0  0  0 -3 -2 -1  1  2  2    0   6   0   0   0   3   7   0   0   9  28   6   0   2   0   2   2   2  13  18  0.17 0.07
   32 D   -2 -2  0  6 -3 -1  0 -1  0 -4 -5 -2 -3 -5 -3  2 -2 -5 -4 -4    2   1   1  71   0   1   2   3   2   0   0   0   0   0   0  16   0   0   0   0  1.06 0.20
   33 G   -1 -4 -2 -3 -4 -3 -4  7 -4 -6 -5 -3 -4 -5 -4 -2 -3 -4 -5 -5    0   0   0   0   0   0   0 100   0   0   0   0   0   0   0   0   0   0   0   0  1.83 0.26
   34 K   -2  1 -2 -2 -5  0 -1 -3 -2 -4 -4  7 -2 -5 -3 -2 -2 -5 -4 -4    0   1   0   0   0   0   0   0   0   0   0  99   0   0   0   0   0   0   0   0  1.48 0.28
   35 K   -2  2 -2 -2 -5  0 -1 -3 -2 -4 -4  7 -3 -5 -3 -2 -2 -5 -4 -4    0   4   0   0   0   0   0   0   0   0   0  96   0   0   0   0   0   0   0   0  1.42 0.27
   36 S    2 -2 -1 -2 -2 -2 -2  2 -2 -4 -4 -2 -3 -4 -2  5  0 -4 -3 -3   13   0   0   0   0   0   0  16   0   0   0   0   0   0   0  72   0   0   0   0  0.82 0.20
   37 T    0 -3 -3 -4 -2 -3 -3 -4 -4  2  0 -2  0 -2 -3 -2  2 -4 -2  5    5   0   0   0   0   0   0   0   0  10   5   2   0   0   0   0  15   0   0  62  0.57 0.15
   38 A    6 -3 -3 -3 -2 -2 -2 -1 -3 -3 -3 -2 -3 -4 -2  1 -1 -4 -3 -2   95   0   0   1   0   0   0   0   0   0   0   0   0   0   0   4   0   0   0   0  1.11 0.24
   39 E   -2 -1 -2  0 -5  3  7 -4 -2 -5 -4 -1 -3 -5 -3 -2 -2 -4 -4 -4    0   1   0   0   0  13  86   0   0   0   0   0   0   0   0   0   0   0   0   0  1.38 0.25
   40 S    0  4  0 -2 -3  1 -1  0 -1 -4 -3  4 -2 -4 -2  1  0 -4 -3 -3    6  31   3   0   0   4   0   7   1   0   0  33   0   0   0  11   3   0   0   1  0.50 0.12
   41 I   -3 -5 -5 -5 -3 -4 -5 -5 -5  7  0 -4  0 -2 -4 -4 -2 -4 -3  2    0   0   0   0   0   0   0   0   0  93   1   0   0   0   0   0   0   0   0   6  1.28 0.24
   42 V   -1 -4 -4 -4  2 -3 -4 -4 -4  3  1 -4  0  0 -4 -3 -1 -4 -2  5    0   0   0   0   5   0   0   0   0  11  10   0   1   4   0   0   1   0   0  67  0.68 0.16
   43 Y   -4 -4 -4 -5 -5 -3 -4 -5  0 -3 -3 -4 -3  1 -5 -4 -4  0  9 -3    0   0   0   0   0   0   0   0   0   0   0   0   0   0   0   0   0   0 100   0  2.30 0.34
   44 S   -1 -2  1  0 -4 -2 -1  6 -2 -4 -4 -1 -4 -4 -3  0  0 -4 -4 -4    0   1   6   6   0   1   2  69   0   0   0   2   0   0   0   6   6   0   0   1  0.92 0.16
   45 A    6 -3 -3 -3 -1 -2 -2 -1 -3 -3 -3 -2 -3 -4 -2  0 -2 -4 -3 -2   98   0   0   0   1   0   0   0   0   0   0   0   0   0   0   1   0   0   0   0  1.18 0.25
   46 L   -3 -4 -5 -5 -3 -4 -4 -5 -3  0  4 -4  2  5 -4 -4 -3 -2  0 -1    0   0   0   0   0   0   0   0   0   1  56   0   3  40   0   0   0   0   0   0  0.89 0.18
   47 E   -2 -2  0  6 -5  0  4 -2 -2 -4 -5 -1 -4 -4 -3 -1 -1 -5 -4 -4    2   0   1  63   0   1  27   1   0   0   0   1   0   0   0   1   2   0   0   0  1.09 0.19
   48 T   -1  1 -1 -2 -2  2 -1 -3  0  3  1  0  0 -1 -3 -1  1 -3 -2  1    2  12   1   0   0  13   1   0   2  29  11   4   1   1   0   2  13   0   0   7  0.16 0.08
   49 L   -1 -4 -4 -4 -1 -3 -4 -4 -4  5  1 -3  2 -1 -4 -3 -1 -4 -2  4    2   0   0   0   0   0   0   0   0  45  11   0   6   0   0   0   1   0   0  35  0.64 0.14
   50 A    2  2 -1 -1 -3  2  4 -1 -1 -3 -3  1 -2 -4 -2  0 -1 -4 -2 -2   21  10   1   0   0   8  35   4   1   0   0   9   0   0   0   7   2   0   0   2  0.37 0.10
   51 Q    1  0  0  1 -3  2  4 -1 -1 -3 -3  1 -2 -4 -2  1  0 -4 -3 -3   10   1   3   4   0  12  38   4   0   1   0  11   0   0   0  10   5   0   0   0  0.41 0.10
   52 R   -2  4 -1 -2 -5  0 -1 -3 -2 -4 -4  6 -3 -5 -3 -1 -2 -4 -3 -4    0  29   0   0   0   0   0   0   0   0   0  69   0   0   0   1   1   0   0   0  1.10 0.22
   53 S    1 -1  0 -2 -2 -1 -1  0 -2 -1 -1  0 -1 -3 -2  2  4 -3 -2 -1   14   2   3   0   0   1   0   6   0   1   7   6   1   0   0  22  35   0   0   2  0.29 0.10
   54 G   -1  0  1 -1 -4 -1 -1  5  0 -4 -4  3 -3 -4 -3  0 -2 -4 -3 -4    0   4   7   1   0   1   2  51   3   0   0  26   0   0   0   4   0   0   0   0  0.68 0.14
   55 K    0  2  0  0 -3  2  2  0 -1 -3 -3  4 -2 -4 -2  0 -1 -4 -3 -2    8  10   2   3   0   9  12   6   0   0   0  41   0   0   0   4   2   0   0   2  0.41 0.10
   56 S   -1 -2  2  6 -4  0  3 -2 -1 -4 -4 -1 -3 -4 -1  0 -1 -5 -4 -3    6   0   8  53   0   1  20   1   0   0   0   2   0   0   1   5   1   0   0   1  0.78 0.15
   57 E    0 -3 -3 -3 -4 -2 -2 -1  3 -4 -4 -2 -4 -5  7 -2 -2 -5 -2 -4   10   0   0   0   0   0   2   5   8   0   0   0   0   0  73   1   0   0   1   0  1.71 0.23
   58 L   -2 -3 -4 -4 -2 -3 -4 -5 -4  3  4 -3  3 -1 -4 -3 -2 -3 -2  2    0   0   0   0   0   0   0   0   0  16  54   0  10   0   0   0   0   0   0  18  0.62 0.13
   59 E   -1  0 -1  2 -4  1  5 -1 -1 -4 -4  1 -3 -4 -2 -1 -1 -4 -3 -3    5   4   0   9   0   5  63   4   0   0   0   5   0   0   1   2   1   0   0   1  0.74 0.16
   60 A    1 -3 -4 -4 -2 -3 -3 -4 -4  2  1 -3  1  0 -3 -2  0 -3 -2  4   12   0   0   0   0   0   0   0   0  11  14   0   2   2   0   0   3   0   0  55  0.48 0.13
   61 F   -4 -5 -5 -5 -4 -5 -5 -5 -3 -2  0 -5 -1  8 -5 -4 -4 -1  1 -2    0   0   0   0   0   0   0   0   0   0   7   0   1  91   0   0   0   0   0   1  1.72 0.27
   62 E   -2  0  0  1 -4  1  4 -2  5 -3 -3  1 -1 -4 -2  0  0 -4 -2 -3    1   2   4   4   0   3  45   1  21   1   1   6   1   0   0   4   7   0   0   1  0.59 0.14
   63 V    0  0 -1  1 -3  3  3 -2 -1 -2 -2  2 -1 -3 -2  0  1 -3 -3 -1   10   1   1   8   0  18  23   1   0   2   2  18   1   0   0   2   9   0   0   4  0.31 0.09
   64 A    6 -3 -3 -3  0 -2 -2 -1 -3 -3 -3 -2 -2 -4 -2  0 -1 -4 -3 -1   95   0   0   0   1   0   0   0   0   0   0   0   0   0   0   2   1   0   0   1  1.09 0.24
   65 L   -3 -3 -4 -5 -2 -3 -4 -5 -4  2  5 -4  4 -1 -4 -4 -2 -3 -2  1    0   0   0   0   0   0   0   0   0  11  73   0  12   0   0   0   0   0   0   4  0.82 0.17
   66 E   -1 -1  3  4 -4  0  4 -2 -1 -4 -4  1 -3 -4 -2 -1 -1 -5 -3 -4    2   1  18  33   0   0  35   1   0   0   0   7   0   0   0   2   1   0   0   0  0.73 0.15
   67 N   -2 -2  8  0 -4 -2 -2 -2  0 -5 -5 -1 -4 -5 -4 -1 -1 -5 -4 -4    3   0  91   0   0   0   1   0   1   0   0   1   0   0   0   1   1   0   0   0  1.56 0.27
   68 V   -1 -4 -4 -4 -1 -4 -4 -5 -4  4  0 -4  0 -2 -4 -3 -1 -4 -3  5    2   0   0   0   1   0   0   0   0  32   2   0   0   0   0   0   0   0   0  63  0.83 0.18
   69 R    0  4 -2 -2 -3  1 -1 -2 -2 -2 -2  3  4 -3 -3 -1 -2 -4 -3 -2   10  31   0   0   0   4   0   2   0   0   0  28  20   0   0   4   0   0   0   0  0.50 0.14
   70 P   -3 -4 -4 -3 -5 -3 -3 -4 -4 -5 -5 -3 -5 -6  9 -3 -3 -6 -5 -4    0   0   0   0   0   0   0   0   0   0   0   0   0   0 100   0   0   0   0   0  2.77 0.32
   71 T    1 -1 -1 -2 -2  0 -1 -1  1  1  1 -1  2 -1 -2  1  1 -3 -1  2   15   3   1   0   0   4   1   2   4   3   9   1  12   1   0  10   9   0   1  25  0.12 0.07
   72 V   -2 -4 -4 -5 -2 -3 -4 -5 -4  3  2 -4  0 -2 -4 -3 -1 -4 -2  5    0   0   0   0   0   0   0   0   0  11  24   0   1   0   0   0   0   0   0  64  0.74 0.17
   73 E   -3 -2 -2  0 -6  0  7 -4 -2 -5 -5 -1 -4 -5 -3 -2 -3 -5 -4 -4    0   0   0   0   0   0 100   0   0   0   0   0   0   0   0   0   0   0   0   0  1.65 0.29
   74 V   -2 -4 -5 -5 -2 -4 -4 -5 -5  1 -1 -4 -1 -2 -4 -3 -1 -5 -3  6    0   0   0   0   0   0   0   0   0   2   0   0   0   0   0   0   1   0   0  97  1.22 0.25
   75 K   -2  5 -2 -2 -5  0 -1 -3 -2 -4 -4  6 -3 -5 -3 -2 -2 -4 -3 -4    0  33   0   0   0   0   0   0   0   0   0  67   0   0   0   0   0   0   0   0  1.15 0.22
   76 S    2 -2 -1 -2 -2 -2 -2 -1 -2 -4 -4 -2 -3 -4 -1  6  0 -4 -3 -3   18   0   0   0   0   0   0   1   0   0   0   0   0   0   2  79   1   0   0   0  0.93 0.22
   77 R   -3  8 -2 -3 -5 -1 -2 -4 -2 -5 -4  1 -3 -5 -4 -3 -3 -5 -4 -4    0 100   0   0   0   0   0   0   0   0   0   0   0   0   0   0   0   0   0   0  1.82 0.29
   78 R   -3  8 -2 -3 -5 -1 -2 -4 -2 -5 -4  1 -3 -5 -4 -3 -3 -5 -4 -4    0 100   0   0   0   0   0   0   0   0   0   0   0   0   0   0   0   0   0   0  1.82 0.29
   79 V   -2 -4 -5 -5 -2 -4 -4 -5 -5  2 -1 -4 -1 -2 -4 -3 -2 -5 -3  6    0   0   0   0   0   0   0   0   0   2   0   0   0   0   0   0   0   0   0  98  1.24 0.25
   80 G   -1 -4 -2 -3 -4 -3 -4  7 -4 -6 -5 -3 -4 -5 -4 -2 -3 -4 -5 -5    0   0   0   0   0   0   0 100   0   0   0   0   0   0   0   0   0   0   0   0  1.83 0.26
   81 G   -1 -4 -2 -3 -4 -3 -4  7 -4 -6 -5 -3 -4 -5 -4 -2 -3 -4 -5 -5    0   0   0   0   0   0   0 100   0   0   0   0   0   0   0   0   0   0   0   0  1.83 0.26
   82 S    5 -3 -2 -3 -2 -2 -2 -1 -3 -3 -3 -2 -2 -4 -2  2 -1 -4 -3 -2   81   0   0   0   0   0   0   0   0   0   0   0   0   0   0  19   0   0   0   0  0.93 0.21
   83 T   -2 -2  4 -2 -3 -2 -2 -3 -2 -3 -3 -2 -3 -4 -3  0  6 -4 -3 -2    0   0  26   0   0   0   0   0   0   0   0   0   0   0   0   0  74   0   0   0  1.10 0.24
   84 Y   -4 -4 -4 -5 -5 -3 -4 -5  0 -3 -3 -4 -3  1 -5 -4 -4  0  9 -3    0   0   0   0   0   0   0   0   0   0   0   0   0   0   0   0   0   0 100   0  2.30 0.34
   85 Q   -3 -1 -2 -2 -5  8  0 -4 -1 -5 -4 -1 -2 -5 -3 -2 -3 -4 -3 -4    0   0   0   0   0 100   0   0   0   0   0   0   0   0   0   0   0   0   0   0  1.88 0.33
   86 V   -2 -4 -5 -5 -2 -4 -4 -5 -5  1 -1 -4 -1 -2 -4 -3 -2 -5 -3  7    0   0   0   0   0   0   0   0   0   2   0   0   0   0   0   0   0   0   0  98  1.25 0.25
   87 P   -3 -4 -4 -3 -5 -3 -3 -4 -4 -5 -5 -3 -5 -6  9 -3 -3 -6 -5 -4    0   0   0   0   0   0   0   0   0   0   0   0   0   0 100   0   0   0   0   0  2.77 0.32
   88 V   -2 -4 -4 -5 -1 -4 -4 -5 -5  2  0 -4  3 -2 -4 -3 -1 -4 -3  6    0   0   0   0   1   0   0   0   0   8   0   0   8   0   0   0   0   0   0  83  0.97 0.21
   89 E   -3 -2 -2  1 -6  0  7 -4 -2 -5 -5 -1 -4 -5 -3 -2 -3 -5 -4 -4    0   0   0   3   0   0  97   0   0   0   0   0   0   0   0   0   0   0   0   0  1.56 0.28
   90 V   -2 -4 -5 -5 -2 -4 -4 -5 -5  2 -1 -4 -1 -2 -4 -3 -2 -5 -3  6    0   0   0   0   0   0   0   0   0   2   0   0   0   0   0   0   0   0   0  98  1.23 0.25
   91 R   -3  8 -2 -3 -5 -1 -2 -4 -2 -5 -4  1 -3 -5 -4 -2 -3 -5 -4 -4    1  98   0   0   0   0   0   0   0   0   0   1   0   0   0   0   0   0   0   0  1.76 0.29
   92 P    0 -3 -2 -3 -4 -2 -2 -3 -1 -4 -4 -2 -3 -4  8  0  0 -5 -4 -3    8   0   1   0   0   1   0   0   1   0   0   0   1   0  75   7   4   0   0   1  1.72 0.23
   93 V    0 -2 -1  3 -3  0  4 -2 -2 -1 -2 -1 -2 -3 -2  1 -1 -4 -3  1    7   0   1  16   0   1  36   0   0   1   0   0   0   0   0  16   2   0   0  20  0.38 0.12
   94 R   -3  8 -2 -3 -5 -1 -2 -4 -2 -5 -4  1 -3 -5 -4 -3 -3 -5 -4 -4    0 100   0   0   0   0   0   0   0   0   0   0   0   0   0   0   0   0   0   0  1.82 0.29
   95 R   -1  7 -2 -3 -5  2 -1 -3 -2 -4 -4  1 -3 -4 -3 -2 -2 -4 -3 -4    6  82   0   0   0   8   0   1   0   0   0   3   0   0   0   1   0   0   0   0  1.28 0.23
   96 N   -1  0  3 -1 -3  4  1 -3 -1 -1 -1  0  2 -3 -3  0  2 -3 -2 -1    1   2  16   1   0  33   5   0   0   3   7   1   8   0   0   3  14   0   0   4  0.32 0.12
   97 A    5 -3 -2 -3 -2 -2 -2 -1 -3 -3 -3 -2 -2 -4 -2  1  3 -4 -3 -1   72   0   0   0   0   0   0   0   0   0   0   0   0   0   0   7  20   0   0   0  0.78 0.19
   98 L   -3 -4 -5 -5 -3 -4 -4 -5 -4  0  6 -4  1 -1 -4 -4 -3 -3 -3 -1    0   0   0   0   0   0   0   0   0   0  99   0   1   0   0   0   0   0   0   0  1.16 0.22
   99 A    5 -3 -2 -3 -2 -2 -2  3 -3 -3 -3 -2 -3 -4 -2  1 -1 -4 -3 -2   72   0   0   0   0   0   0  22   0   0   0   0   0   0   0   6   0   0   0   0  0.82 0.19
  100 M   -3 -3 -4 -5 -3 -3 -4 -5 -4  4  2 -3  7 -1 -4 -3 -2 -3 -2  0    0   0   0   0   0   0   0   0   0  37  12   0  50   1   0   0   0   0   0   0  0.99 0.22
  101 R   -3  8 -2 -3 -5 -1 -2 -4 -2 -5 -4  1 -3 -5 -4 -3 -3 -5 -4 -4    0  99   0   0   0   0   0   0   0   0   0   1   0   0   0   0   0   0   0   0  1.78 0.29
  102 W   -5 -5 -6 -7 -5 -4 -5 -5 -5 -5 -4 -5 -4 -1 -6 -5 -5 13  1 -5    0   0   0   0   0   0   0   0   0   0   0   0   0   0   0   0   0  99   1   0  3.99 0.43
  103 I   -2 -3 -5 -5 -2 -3 -4 -5 -4  3  5 -4  2 -1 -4 -3 -2 -3 -2  1    0   0   0   0   0   0   0   0   0  22  70   0   4   0   0   0   0   0   0   3  0.78 0.16
  104 V   -1  1 -3 -4 -2 -3 -3 -4 -4  4  0 -1  0 -2 -3 -2  0 -4 -2  4    2  10   0   0   0   0   0   0   0  37   2   3   1   0   0   0   4   0   0  40  0.48 0.13
  105 E    0 -2  2  4 -3  0  3  0 -1 -3 -3 -1 -3 -4 -2  0  1 -4 -3 -3    6   0  14  27   0   2  28   4   0   0   1   1   0   0   0   5  10   0   0   0  0.48 0.11
  106 A    5 -3 -2 -3 -2 -2 -2 -2 -1 -3 -3 -2 -2  0 -3  1 -2 -2  5 -2   63   0   0   0   0   0   0   0   0   0   0   0   0   2   0   7   0   0  27   0  0.75 0.19
  107 A    5 -3 -2 -3 -1 -2 -2 -1 -3 -3 -3 -2 -2 -4 -2  3 -1 -4 -3 -2   76   0   0   0   1   0   0   0   0   0   0   0   0   0   0  23   0   0   0   0  0.88 0.21
  108 R   -2  7 -2 -3 -5 -1 -2 -4 -2 -5 -4  2 -3 -5 -4 -2 -3 -4 -3 -4    2  90   0   0   0   0   0   0   0   0   0   6   0   0   0   1   0   0   0   0  1.53 0.26
  109 K    0  0  1 -1 -3  0  0  1 -2 -3 -1  5 -2 -4 -2  1 -1 -4 -3 -3    8   0   7   0   0   3   2  10   0   0   6  54   0   0   0   8   2   0   0   0  0.45 0.13
  110 R   -3  8 -2 -3 -5 -1 -2 -4 -2 -5 -4  1 -3 -5 -4 -3 -3 -5 -4 -4    0 100   0   0   0   0   0   0   0   0   0   0   0   0   0   0   0   0   0   0  1.82 0.29
  111 G   -1 -2  3 -1 -3 -2 -2  5 -1 -4 -4 -2 -3 -4 -1  3 -1 -4 -4 -3    1   0  19   0   0   0   0  49   1   0   0   0   0   0   2  26   0   0   0   1  0.76 0.15
  112 D   -2 -2 -2  2 -5  0  7 -2 -2 -5 -5 -1 -4 -5 -3 -2 -2 -5 -4 -4    1   0   0   8   0   0  90   2   0   0   0   0   0   0   0   0   0   0   0   0  1.39 0.25
  113 K   -2  2  2 -2 -4  0 -1 -2  0 -4 -4  6 -3 -4 -2 -1  1 -4 -3 -3    0   7   9   0   0   1   0   0   3   0   0  70   0   0   0   0   9   0   0   0  0.82 0.19
  114 S   -1 -2 -1 -2 -1 -2 -2  0 -3 -3 -3 -1 -2 -4 -2  4  5 -4 -2 -2    0   0   0   0   1   0   0   5   0   0   0   1   0   0   0  42  50   0   1   0  0.76 0.19
  115 M   -3 -3 -4 -5 -4 -2 -4 -5 -4 -1  0 -3 10 -2 -5 -4 -3 -4 -3 -1    1   0   0   0   0   0   0   0   0   0   0   0  99   0   0   0   0   0   0   0  2.12 0.36
  116 A    2  1 -1  0 -1  0  1  0 -1 -1 -2  0 -1 -3  0  0  0 -3 -2  1   29   8   1   6   1   3  12   6   1   4   0   5   1   0   4   4   4   0   0  12  0.13 0.05
  117 L    0 -1 -1  1 -3  2  3 -2  0 -1  1 -1  0 -2 -2 -1 -1 -3 -2 -1   11   1   1   8   0  13  33   1   2   1  23   0   2   0   0   2   0   0   0   1  0.28 0.10
  118 R   -3  7 -2 -3 -5  0 -2 -4 -2 -5 -4  2 -3 -5 -4 -2 -3 -4 -3 -4    0  89   0   0   0   0   0   0   0   0   0  11   0   0   0   0   0   0   0   0  1.56 0.26
  119 L   -3 -4 -5 -5 -3 -4 -4 -5 -4  0  6 -4  1 -1 -4 -4 -3 -3 -3  0    0   0   0   0   0   0   0   0   0   0  98   0   1   0   0   0   0   0   0   1  1.15 0.22
  120 A    5 -3 -2 -3 -1 -2 -2 -1 -3 -3 -3 -2 -2 -3 -2  3 -1 -4 -3 -2   77   0   0   0   0   0   0   1   0   0   0   0   0   0   0  21   0   0   0   1  0.85 0.20
  121 N    2 -3  3 -2 -3 -2 -3  5 -2 -4 -4 -2 -3 -4 -3 -1 -2 -4 -4 -3   19   0  18   1   0   0   0  60   0   0   0   0   0   0   0   1   0   0   0   0  0.91 0.17
  122 E   -3 -2 -2  0 -6  0  7 -4 -2 -5 -5 -1 -4 -5 -3 -2 -3 -5 -4 -4    0   0   0   0   0   0 100   0   0   0   0   0   0   0   0   0   0   0   0   0  1.65 0.29
  123 L   -3 -3 -5 -5 -2 -3 -4 -5 -4  3  5 -4  3  0 -4 -4 -2 -3 -2  1    0   0   0   0   0   0   0   0   0  20  69   0   6   2   0   0   0   0   0   2  0.77 0.16
  124 S   -1 -3 -3 -4 -2 -2 -3 -4 -3  2  4 -3  6  0 -4 -2 -2 -1 -1  0    2   0   1   0   0   1   0   1   0   8  47   0  30   1   0   4   1   1   1   4  0.57 0.14
  125 D   -3 -3  0  7 -5 -2  2 -3 -3 -5 -5 -2 -5 -5 -3 -2 -3 -6 -5 -5    0   0   0  89   0   0  11   0   0   0   0   0   0   0   0   0   0   0   0   0  1.66 0.26
  126 A    6 -3 -3 -3 -2 -2 -2 -1 -3 -3 -3 -2 -3 -4 -2  0 -2 -4 -3 -2   99   0   0   0   0   0   0   0   0   0   0   0   0   0   0   1   0   0   0   0  1.21 0.25
  127 A    4 -2 -2 -3  0 -2 -2 -1 -2 -1 -1 -2 -1  0 -2  2  0 -3  1  0   50   0   0   0   1   0   0   0   0   2   2   0   1   3   0  20   4   0   6   9  0.36 0.12
  128 E   -1 -1  5  2 -4  2  4 -2 -1 -4 -4 -1 -3 -4 -3  0 -1 -4 -3 -4    2   0  44   8   0   8  34   1   0   0   0   0   0   0   0   2   1   0   0   0  0.80 0.17
  129 N   -2 -2  6 -1 -4 -1 -1  3  0 -5 -5 -1 -3 -4 -3  1 -1 -4 -3 -4    0   0  55   0   0   2   1  27   1   0   0   3   0   0   0  10   0   0   0   0  0.86 0.18
  130 K   -2  6 -2 -3 -4  0 -1 -3 -2 -4 -3  4 -2 -4 -3 -1  2 -4 -3 -3    1  56   0   0   0   0   0   0   0   0   1  26   1   0   0   0  14   0   0   1  0.88 0.18
  131 G   -1 -4 -2 -3 -4 -3 -4  7 -4 -6 -5 -3 -4 -5 -4 -2 -3 -4 -5 -5    0   0   0   0   0   0   0 100   0   0   0   0   0   0   0   0   0   0   0   0  1.83 0.26
  132 T    2 -2  2 -1 -2 -1 -2  3 -2 -3 -3 -1 -2 -3 -2  3  2 -4 -3 -2   27   0  13   0   0   0   0  21   0   0   0   0   0   0   0  25  14   0   0   0  0.44 0.12
  133 A    6 -3 -3 -3 -2 -2 -2 -1 -3 -3 -3 -2 -2 -4 -2  1 -1 -4 -3 -2   93   0   0   0   0   0   0   0   0   0   0   0   0   0   0   7   0   0   0   0  1.08 0.23
  134 V   -1 -4 -4 -5 -2 -3 -4 -4 -4  2  0 -4  3  0 -4 -3 -1 -4 -1  5    2   0   0   0   0   0   0   0   0   7   1   0  11   4   0   0   0   0   1  75  0.81 0.19
  135 K   -2  2 -2 -2 -5  0 -1 -3 -2 -4 -4  7 -3 -5 -3 -2 -2 -5 -4 -4    0   4   0   0   0   0   0   0   0   0   0  96   0   0   0   0   0   0   0   0  1.42 0.27
  136 K   -2  1 -2 -2 -5  0 -1 -3 -2 -5 -4  7 -3 -5 -3 -2 -2 -5 -4 -4    0   1   0   0   0   0   0   0   0   0   0  99   0   0   0   0   0   0   0   0  1.47 0.28
  137 R   -3  7 -2 -3 -2  0 -1 -4 -2 -5 -4  3 -3 -5 -4 -2 -3 -4 -3 -4    0  84   0   0   1   0   0   0   0   0   0  15   0   0   0   0   0   0   0   0  1.45 0.25
  138 E   -3 -2 -2  2 -5  0  7 -4 -2 -5 -5 -1 -4 -5 -3 -2 -2 -5 -4 -4    0   0   0  10   0   0  89   0   0   0   0   1   0   0   0   0   0   0   0   0  1.42 0.26
  139 D   -3 -3  0  7 -5 -1  3 -3 -3 -5 -5 -2 -5 -5 -3 -2 -3 -6 -5 -5    0   0   0  85   0   0  15   0   0   0   0   0   0   0   0   0   0   0   0   0  1.57 0.25
  140 V   -1 -3 -2 -3 -2 -3 -3 -3 -4  0 -2 -3 -1 -3 -3 -1  5 -4 -3  4    0   0   0   0   0   0   0   0   0   1   0   0   1   0   0   1  62   0   0  35  0.82 0.21
  141 H   -4 -2 -1 -3 -5 -2 -2 -4 10 -5 -4 -3 -4 -3 -4 -3 -4 -4  0 -5    0   0   0   0   0   0   0   0  99   0   0   0   0   0   0   0   0   0   1   0  2.53 0.36
  142 R   -3  6 -2 -3 -5  0 -1 -4 -2 -4 -4  4 -3 -4 -3 -2 -2 -4 -3 -4    0  67   0   0   0   0   0   0   0   0   0  33   0   0   0   0   0   0   0   0  1.26 0.23
  143 M   -3 -3 -4 -5 -4 -2 -4 -5 -4 -1  0 -3 10 -2 -5 -4 -2 -4 -3 -1    0   0   0   0   0   0   0   0   0   0   0   0  99   0   0   0   1   0   0   0  2.11 0.36
  144 A    6 -3 -3 -3 -2 -2 -2 -1 -3 -3 -3 -2 -3 -4 -2  0 -2 -4 -3 -2  100   0   0   0   0   0   0   0   0   0   0   0   0   0   0   0   0   0   0   0  1.23 0.26
  145 E   -3 -2 -1  3 -5  0  6 -4 -2 -5 -5 -1 -4 -5 -3 -2 -2 -5 -4 -4    0   0   0  15   0   0  85   0   0   0   0   0   0   0   0   0   0   0   0   0  1.37 0.25
  146 A    6 -3 -3 -3 -2 -2 -2 -1 -3 -3 -3 -2 -3 -4 -2  0 -2 -4 -3 -2   98   0   0   0   0   0   0   0   0   0   0   0   0   0   0   2   0   0   0   0  1.18 0.25
  147 N   -3 -2  8  0 -5 -2 -2 -2 -1 -5 -5 -2 -4 -5 -4 -1 -2 -6 -4 -5    0   0 100   0   0   0   0   0   0   0   0   0   0   0   0   0   0   0   0   0  1.89 0.31
  148 K   -2  4 -2 -2 -5  0 -1 -3 -2 -4 -4  6 -3 -5 -3 -2 -2 -4 -3 -4    0  20   0   0   0   0   0   0   0   0   0  80   0   0   0   0   0   0   0   0  1.18 0.22
  149 A    6 -3 -3 -3 -2 -2 -2 -1 -3 -3 -3 -2 -2 -4 -2  0 -1 -4 -3 -1   99   0   0   0   0   0   0   0   0   0   0   0   0   0   0   0   0   0   0   1  1.16 0.24
  150 F   -4 -5 -5 -5 -4 -5 -5 -5 -3 -2 -1 -5 -2  8 -6 -4 -4 -1  1 -3    0   0   0   0   0   0   0   0   0   0   0   0   0 100   0   0   0   0   0   0  1.96 0.28
  151 A    4 -2 -1 -2 -2 -2 -2 -1 -2 -3 -3 -2 -2 -4 -2  4  0 -4 -3 -2   48   0   0   0   0   0   0   0   0   0   0   0   0   0   0  52   0   0   0   0  0.78 0.19
  152 H   -4 -2 -1 -3 -5 -1 -2 -4 10 -5 -5 -3 -4 -3 -4 -3 -4 -4  0 -5    0   0   0   0   0   0   0   0 100   0   0   0   0   0   0   0   0   0   0   0  2.52 0.34
  153 Y   -4 -4 -4 -5 -4 -3 -4 -5  0 -3 -2 -4 -2  5 -5 -4 -3  0  8 -3    0   0   0   0   0   0   0   0   0   0   0   0   0  25   0   0   0   0  75   0  1.72 0.26
  154 R   -3  8 -2 -3 -5 -1 -2 -4 -2 -5 -4  1 -3 -5 -4 -2 -3 -4 -3 -4    0  99   0   0   0   0   0   0   0   0   0   1   0   0   0   0   0   0   0   0  1.74 0.27
  155 W   -4 -5 -6 -6 -4 -4 -5 -5 -4 -4 -3 -5 -3  4 -6 -5 -4 12  1 -4    0   0   0   0   0   0   0   0   0   0   0   0   0  22   0   0   0  77   1   0  2.95 0.33
  156 L   -1  1 -1 -2 -2  0 -1 -3 -2  0  2  3  1 -1 -2 -1 -1 -2 -2  0    0   0   0   0   0   0   0   0   0   0  50  50   0   0   0   0   0   0   0   0  0.19 0.00
  157 S    1 -1  1  0 -1  0  0  0 -1 -3 -3  0 -2 -3 -1  4  1 -3 -2 -2    0   0   0   0   0   0   0   0   0   0   0   0   0   0   0 100   0   0   0   0  0.45 0.00
  158 L   -2 -2 -4 -4 -1 -2 -3 -4 -3  2  4 -3  2  0 -3 -3 -1 -2 -1  1    0   0   0   0   0   0   0   0   0   0 100   0   0   0   0   0   0   0   0   0  0.45 0.00
  159 R   -2  6  0 -2 -4  1  0 -2  0 -3 -2  2 -1 -3 -2 -1 -1 -3 -2 -3    0 100   0   0   0   0   0   0   0   0   0   0   0   0   0   0   0   0   0   0  0.74 0.00
  160 S    1 -1  1  0 -1  0  0  0 -1 -3 -3  0 -2 -3 -1  4  1 -3 -2 -2    0   0   0   0   0   0   0   0   0   0   0   0   0   0   0 100   0   0   0   0  0.45 0.00
  161 F   -2 -3 -3 -4 -3 -3 -3 -3 -1  0  0 -3  0  6 -4 -3 -2  1  3 -1    0   0   0   0   0   0   0   0   0   0   0   0   0 100   0   0   0   0   0   0  0.73 0.00
  162 S    1 -1  1  0 -1  0  0  0 -1 -3 -3  0 -2 -3 -1  4  1 -3 -2 -2    0   0   0   0   0   0   0   0   0   0   0   0   0   0   0 100   0   0   0   0  0.45 0.00
  163 H   -2  0  1 -1 -3  0  0 -2  8 -3 -3 -1 -2 -1 -2 -1 -2 -3  2 -3    0   0   0   0   0   0   0   0 100   0   0   0   0   0   0   0   0   0   0   0  0.84 0.00
  164 Q   -1  1  0  0 -3  6  2 -2  0 -3 -2  1  0 -3 -1  0 -1 -2 -2 -2    0   0   0   0   0 100   0   0   0   0   0   0   0   0   0   0   0   0   0   0  0.64 0.00
  165 A    4 -2 -2 -2  0 -1 -1  0 -2 -1 -2 -1 -1 -2 -1  1  0 -3 -2  0  100   0   0   0   0   0   0   0   0   0   0   0   0   0   0   0   0   0   0   0  0.40 0.00
  166 G    0 -2  0 -1 -3 -2 -2  6 -2 -4 -4 -2 -3 -3 -2  0 -2 -3 -3 -3    0   0   0   0   0   0   0 100   0   0   0   0   0   0   0   0   0   0   0   0  1.04 0.00
  167 A    4 -2 -2 -2  0 -1 -1  0 -2 -1 -2 -1 -1 -2 -1  1  0 -3 -2  0  100   0   0   0   0   0   0   0   0   0   0   0   0   0   0   0   0   0   0   0  0.40 0.00
  168 S    1 -1  1  0 -1  0  0  0 -1 -3 -3  0 -2 -3 -1  4  1 -3 -2 -2    0   0   0   0   0   0   0   0   0   0   0   0   0   0   0 100   0   0   0   0  0.45 0.00
  169 S    1 -1  1  0 -1  0  0  0 -1 -3 -3  0 -2 -3 -1  4  1 -3 -2 -2    0   0   0   0   0   0   0   0   0   0   0   0   0   0   0 100   0   0   0   0  0.45 0.00
  170 K   -1  2  0 -1 -3  1  1 -2 -1 -3 -3  5 -1 -3 -1  0 -1 -3 -2 -2    0   0   0   0   0   0   0   0   0   0   0 100   0   0   0   0   0   0   0   0  0.51 0.00
  171 Q   -1  1  0  0 -3  6  2 -2  0 -3 -2  1  0 -3 -1  0 -1 -2 -2 -2    0   0   0   0   0 100   0   0   0   0   0   0   0   0   0   0   0   0   0   0  0.64 0.00
  172 P   -1 -2 -2 -2 -3 -1 -1 -2 -2 -3 -3 -1 -3 -4  8 -1 -1 -4 -3 -3    0   0   0   0   0   0   0   0   0   0   0   0   0   0 100   0   0   0   0   0  2.03 0.00
  173 A    4 -2 -2 -2  0 -1 -1  0 -2 -1 -2 -1 -1 -2 -1  1  0 -3 -2  0  100   0   0   0   0   0   0   0   0   0   0   0   0   0   0   0   0   0   0   0  0.40 0.00
  174 L   -2 -2 -4 -4 -1 -2 -3 -4 -3  2  4 -3  2  0 -3 -3 -1 -2 -1  1    0   0   0   0   0   0   0   0   0   0 100   0   0   0   0   0   0   0   0   0  0.45 0.00
  175 G    0 -2  0 -1 -3 -2 -2  6 -2 -4 -4 -2 -3 -3 -2  0 -2 -3 -3 -3    0   0   0   0   0   0   0 100   0   0   0   0   0   0   0   0   0   0   0   0  1.04 0.00
  176 Y   -2 -2 -2 -3 -3 -2 -2 -3  2 -1 -1 -2 -1  3 -3 -2 -2  2  7 -1    0   0   0   0   0   0   0   0   0   0   0   0   0   0   0   0   0   0 100   0  0.85 0.00
  177 L   -2 -2 -4 -4 -1 -2 -3 -4 -3  2  4 -3  2  0 -3 -3 -1 -2 -1  1    0   0   0   0   0   0   0   0   0   0 100   0   0   0   0   0   0   0   0   0  0.45 0.00
  178 N   -2  0  6  1 -3  0  0  0  1 -3 -4  0 -2 -3 -2  1  0 -4 -2 -3    0   0 100   0   0   0   0   0   0   0   0   0   0   0   0   0   0   0   0   0  0.72 0.00

                      K         Lambda
Standard Ungapped    0.1290     0.3159
Standard Gapped      0.0597     0.2670
PSI Ungapped         0.1956     0.3149
PSI Gapped           0.0597     0.2670
