
Last position-specific scoring matrix computed, weighted observed percentages rounded down, information per position, and relative weight of gapless real matches to pseudocounts
           A  R  N  D  C  Q  E  G  H  I  L  K  M  F  P  S  T  W  Y  V   A   R   N   D   C   Q   E   G   H   I   L   K   M   F   P   S   T   W   Y   V
    1 M   -2 -3 -4 -5 -3 -2 -4 -4 -3  0  1 -3  9 -1 -4 -3 -2 -3 -2  2    0   0   0   0   0   0   0   0   0   0   0   0  87   0   0   0   0   0   0  13  1.31 0.25
    2 E   -2  2 -1 -1 -4  3  2 -3 -1 -4 -4  5 -2 -4 -2 -1 -2 -4 -3 -3    0  10   1   0   0  18  17   0   0   0   0  54   0   0   0   0   0   0   0   0  0.74 0.16
    3 A    2 -3 -2 -3 -3 -3 -2  6 -3 -4 -4 -3 -2 -4  0 -1 -2 -4 -4 -2   24   0   0   0   0   0   2  65   0   0   0   0   1   0   4   0   1   0   0   2  1.00 0.23
    4 L    1 -2 -1 -3  0 -1 -2 -3 -2  3  1 -1  1  0 -3 -1  1 -3 -1  1   16   1   4   0   2   2   0   0   0  28  12   4   3   5   0   2  10   0   2   8  0.14 0.09
    5 G    1  3 -1 -2 -4  1 -1  0 -2 -3 -4  5 -3 -4 -1  0 -1 -4 -3 -3   11  17   1   0   0   4   0   8   0   1   0  47   0   0   1   7   3   0   0   0  0.55 0.19
    6 A    1 -2 -2 -3 -2 -2 -2  1 -1 -2 -1 -1  0  4  1  2 -1 -2  1 -2   15   2   0   0   0   0   0  11   1   1   4   2   3  24   8  23   2   0   5   1  0.26 0.13
    7 D   -2  6  1  0 -4  0 -1 -1  2 -4 -4  3 -3 -4 -2 -1 -1 -4 -1 -4    1  54   7   6   0   1   0   3   5   0   0  15   0   0   1   3   2   0   2   0  0.76 0.24
    8 V   -2 -3 -4 -4 -2  0 -2 -4 -4  4  1 -3  4 -1 -2 -2  0 -4 -3  3    0   0   0   0   0   5   3   0   0  37   6   0  18   0   2   1   4   0   0  22  0.53 0.21
    9 T    0 -3 -1 -2 -3 -2 -2 -3 -2 -2 -3 -2 -1 -4  2  4  5 -4 -3 -1    3   0   2   0   0   0   0   0   0   2   0   0   1   0  10  37  42   0   0   3  0.71 0.28
   10 Q   -1  4 -3 -3  0  0 -2 -4  0 -1  3  1  0 -2  0 -2 -1 -3 -2 -1    3  29   0   0   2   4   0   0   2   0  42   6   1   0   6   1   2   0   1   1  0.38 0.19
   11 G    2 -4 -2 -2 -2 -3 -3  6 -4 -4 -4 -3 -4 -4 -3  0 -2 -4 -4 -2   19   0   0   1   1   0   0  69   0   0   0   0   0   0   1   5   1   0   0   3  1.09 0.28
   12 L   -3 -4 -5 -5 -1 -4 -5 -5 -5  4  5 -4  0  0 -5 -4 -3 -4 -3  1    0   0   0   0   1   0   0   0   0  28  61   0   0   2   0   0   0   0   0   7  0.91 0.29
   13 E   -2 -2  0 -3 -2  5 -1 -4 -2 -4 -3 -2 -3 -1  6 -2 -2 -3 -4 -3    2   0   4   0   1  32   2   0   1   0   2   0   0   3  49   1   1   0   0   1  1.28 0.38
   14 K   -1 -2 -1 -3 -2  3 -2 -4 -1  0  0 -1  1 -3 -2 -2  1 -4 -3  5    3   1   4   0   0  15   1   0   1   2   4   3   4   0   1   1  12   0   0  50  0.45 0.24
   15 G    0 -2 -1 -2 -4  1  2  5 -2 -5 -5 -2 -3 -3 -3 -1 -2 -4 -1 -4    9   2   2   0   0   6  18  57   0   0   0   0   1   1   0   1   1   0   2   0  0.85 0.27
   16 S    5 -3 -2 -3 -2 -2 -2 -2 -3 -3 -3 -2 -3 -4 -3  3  3 -5 -4 -2   55   0   0   0   0   0   0   0   0   0   0   0   0   0   0  26  18   0   0   1  0.82 0.32
   17 L   -2  4 -2 -4 -3 -1 -2 -4 -3  1  0 -1  0 -2 -4 -2  0 -3  1  4    0  31   1   0   0   1   1   0   0   8   7   2   2   0   0   1   4   0   5  37  0.45 0.22
   18 I   -2 -4 -4 -5 -1 -3 -4 -5 -4  4  4 -4  4 -1 -4 -3 -2 -3 -3  2    1   0   0   0   1   0   0   0   0  27  40   0  15   0   0   0   0   0   0  15  0.70 0.23
   19 T   -2  1  6  0 -4  0 -1 -2 -1 -3 -3  2 -2 -3 -2 -1  0 -5 -3 -1    3   6  51   3   0   2   2   0   1   1   1  15   0   1   2   1   6   0   0   6  0.66 0.26
   20 C   -2 -2 -5 -5 10 -4 -5 -5 -5 -1 -3 -4 -3 -4 -5 -2 -3 -2 -4  4    1   3   0   0  61   0   0   0   0   1   0   0   0   0   0   2   0   1   0  31  1.79 0.44
   21 A    6 -3 -3 -4  2 -3 -3 -2 -4 -2 -3 -3 -3 -4 -3  0 -1 -4 -4  0   82   0   0   0   4   0   0   1   0   2   0   0   0   0   0   2   1   0   0   7  1.04 0.36
   22 D   -4 -4 -1  8 -6 -3 -1 -4 -3 -5 -6 -3 -5 -6 -4 -3 -3 -6 -5 -5    0   0   0  98   0   0   0   0   0   0   0   0   0   0   0   0   0   0   0   0  2.19 0.51
   23 N   -4 -3  8 -1 -5 -2 -3 -3 -2 -6 -6 -3 -5 -5 -4 -1 -2 -6 -4 -5    0   0  96   0   0   0   0   0   0   0   0   0   0   0   0   2   0   0   0   0  2.14 0.53
   24 T   -2 -3 -2 -3 -3 -2 -3 -3 -3 -3 -4 -2 -3 -4 -2  4  6 -5 -4 -3    0   0   0   0   0   0   0   0   0   0   0   1   0   0   1  37  60   0   0   0  1.15 0.40
   25 G   -2 -4 -3 -3 -3 -4 -4  7 -4 -6 -6 -3 -5 -5 -4 -2 -4 -5 -5 -5    0   0   0   0   0   0   0  96   0   0   0   1   0   0   0   0   0   0   0   0  1.95 0.45
   26 A    6 -3 -3 -4 -2 -3 -3  0 -4 -3 -3 -3 -3 -4 -3 -1 -1 -4 -4 -1   88   0   0   0   0   0   0   4   0   0   0   0   0   0   0   0   3   0   0   2  1.21 0.40
   27 R   -3  4 -2 -3 -5  0 -1 -4 -3 -5 -4  7 -3 -5 -3 -2 -2 -5 -4 -4    0  20   0   0   0   2   0   0   0   0   0  74   0   0   0   1   1   0   0   0  1.34 0.40
   28 E   -2 -2  5 -1 -4  0  4 -3 -2 -1 -1  0 -1 -4 -3 -1 -1 -4 -3  0    1   1  35   0   0   2  31   0   0   4   6   3   2   0   0   3   2   0   0   9  0.53 0.24
   29 L   -1 -4 -4 -5 -3 -4 -4 -3 -4  3  4 -4  1 -1 -4 -3 -2 -3 -3  3    4   0   0   0   0   0   0   1   0  14  56   0   1   0   0   0   0   0   0  21  0.69 0.24
   30 K   -2 -1 -2 -3 -2  1  1 -3  0 -2  1  1  2  1 -3 -1 -2 -1  5 -2    1   2   1   0   1   8   8   0   2   0  16  13   8   3   0   3   1   0  32   1  0.42 0.21
   31 V   -2 -4 -4 -5  6 -4 -4 -5 -5  5  1 -4  0 -2 -4 -3 -1 -4 -3  3    0   0   0   0  19   0   0   0   0  43   7   0   1   1   0   0   4   0   0  25  0.86 0.28
   32 I   -3 -5 -5 -5 -3 -5 -5 -6 -5  7  0 -5  0 -2 -5 -4 -2 -5 -4  2    1   0   0   0   0   0   0   0   0  89   1   0   1   0   0   0   1   0   0   6  1.56 0.45
   33 S    2  3  0 -1 -3  0 -1  1 -2 -4 -3  0 -1 -4 -3  3  0 -4 -3 -3   21  19   2   1   0   3   2  11   0   0   0   2   2   0   0  34   2   0   0   0  0.43 0.21
   34 V   -2 -5 -5 -5 -2 -5 -5 -5 -5  1 -1 -5 -2 -3 -3 -4 -2 -5 -4  7    1   0   0   0   0   0   0   0   0   2   0   0   0   0   1   0   1   0   0  94  1.50 0.46
   35 H   -2  0 -1 -2 -1  0 -1 -3  1 -1  2  4  0  0 -1 -1 -1 -3  0 -1    1   3   1   1   1   3   0   0   4   1  23  39   2   5   3   2   2   0   2   4  0.27 0.18
   36 G   -1  0  0 -2 -5 -2 -2  6 -2 -5 -5 -1 -4 -5 -4 -2 -3 -5 -5 -5    3   5   5   2   0   1   2  77   1   0   0   4   0   0   0   0   0   0   0   0  1.29 0.35
   37 Y   -2 -3 -3 -3 -2 -3 -3  1  0  3  0 -2 -1  1 -3 -2 -1  3  5  1    2   0   0   1   1   0   1  13   2  28   4   2   0   5   0   1   3   4  25   8  0.39 0.17
   38 S   -1  2 -1 -2 -3  0 -1  1  3 -2 -3  4 -2 -3 -2  2 -1 -4 -2 -3    1   9   0   0   0   2   1  14  10   2   1  40   0   0   0  16   2   0   0   2  0.47 0.20
   39 G    0 -4 -1 -3 -2 -3 -4  6 -2 -5 -5 -3 -4 -4 -4  0  0 -3 -4 -3    7   0   2   0   1   0   0  76   1   0   0   0   0   0   0   5   6   0   0   1  1.28 0.35
   40 T   -2  6 -2 -3  0  0 -2 -4  1 -3 -3  0 -3 -4 -4  0  1  0 -3  2    1  56   0   0   2   3   0   0   3   0   0   1   0   0   0   7   9   2   0  17  0.79 0.31
   41 K   -1  3 -2 -4 -3 -1 -2 -4  0 -1  4  2  0 -2 -3 -2 -1 -1 -2 -1    4  19   1   0   0   1   0   0   3   1  50  14   1   0   1   1   2   1   1   3  0.44 0.22
   42 N   -2  4  6  0 -4 -1 -1 -2 -1 -4 -4  0 -3 -4 -3  0 -1 -4 -3 -3    1  30  47   3   0   1   1   1   0   1   1   3   0   0   1   5   2   0   0   1  0.86 0.27
   43 R   -3  8 -2 -3 -4 -1 -2 -3 -2 -4 -3  0 -3 -4 -3 -2 -2 -4 -3 -4    1  85   1   1   0   1   1   1   0   1   3   2   0   0   1   1   1   0   0   1  1.52 0.36
   44 H   -2 -2 -3 -3 -2  0 -3 -4  1  1  4 -3  1  0 -3 -2 -2 -2  3  0    1   1   1   1   0   5   1   1   3   7  53   1   2   2   1   1   1   0  14   5  0.44 0.17
   45 P    0 -3 -3 -2 -3 -2 -2 -3 -3 -3 -2 -2 -3 -3  8 -1 -2 -3 -2 -3    6   1   1   2   0   1   1   2   0   1   3   2   0   1  70   3   1   0   1   1  1.57 0.28
   46 K    4 -1 -1 -2  0 -1 -2  0 -2 -2 -2  1 -2  0 -1  1  0 -2  2 -1   42   2   1   1   2   1   1   4   0   0   1  11   0   3   2  12   3   0  11   2  0.30 0.16
   47 A    6 -4 -4 -4 -2 -3 -3 -1 -4 -3 -3 -3 -1 -4 -2  0 -2 -5 -4 -2   89   0   0   0   0   0   0   3   0   0   2   0   1   0   1   2   0   0   0   1  1.22 0.39
   48 G    1 -2  1 -2  1 -3 -3  5 -2 -4 -4 -3 -4 -4 -3  2 -1 -4 -4 -3    8   1   6   1   3   0   0  57   1   0   0   0   0   0   0  17   3   0   0   1  0.83 0.25
   49 L   -1 -4 -4 -4  0 -4 -4 -4 -4  3  1 -4  0 -1  0 -2 -1 -4 -3  5    2   0   0   0   2   0   0   0   0  22  11   0   1   2   5   3   1   0   0  51  0.61 0.23
   50 G   -1 -5 -3 -4 -5 -4 -4  7 -4 -6 -6 -4 -5 -5 -4 -1 -4 -5 -5 -4    3   0   0   0   0   0   0  94   0   0   0   0   0   0   0   2   0   0   0   2  1.86 0.42
   51 D   -4 -4  0  8 -6 -2 -1 -4  0 -6 -6 -3 -6 -6 -4 -2 -3 -7 -5 -6    0   0   2  94   0   0   0   0   2   0   0   0   0   0   0   2   0   0   0   0  2.04 0.48
   52 K   -3 -3 -4 -5 -3 -2 -3 -5 -4  2  1  0  8 -1 -4 -3  0 -4 -2  2    0   0   0   0   0   1   0   0   0  12  10   6  52   1   0   0   5   0   0  12  0.92 0.32
   53 I   -1 -4 -5 -5  1 -4 -4 -5 -5  4  0 -4 -1  1 -4 -3 -2 -4 -2  5    3   0   0   0   3   0   0   0   0  30   3   0   0   6   0   0   0   0   0  54  0.85 0.28
   54 T   -2 -2 -3 -4 -3 -3 -4 -4 -4  2  1 -2  6 -1 -4 -2  1 -4 -3  4    1   1   1   0   0   0   0   0   0  10   7   2  27   1   0   2   7   0   0  41  0.63 0.25
   55 V    5 -4 -4 -4  3 -3 -3 -2 -4  0 -2 -3 -2 -3 -3 -1 -2 -4 -3  3   57   0   0   0   8   0   0   2   0   2   0   0   0   0   0   1   1   0   0  30  0.76 0.30
   56 S   -1 -3 -2 -3 -3 -2 -2 -3 -3 -2 -3 -2 -3 -4  0  4  5 -5 -4 -1    2   0   0   0   0   0   0   0   0   1   0   0   0   0   4  40  51   0   0   3  0.94 0.34
   57 V   -2 -5 -5 -6  1 -5 -5 -6 -6  1 -1 -5 -1 -3 -5 -4 -2 -5 -3  7    0   0   0   0   3   0   0   0   0   2   0   0   0   0   0   0   0   0   0  95  1.52 0.43
   58 T   -3  2 -2 -3 -5  0 -1 -4 -3 -3 -4  7 -3 -5 -3 -2 -1 -5 -4 -2    0   6   0   0   0   2   0   0   0   1   0  85   0   0   0   0   4   0   0   2  1.39 0.41
   59 K   -2  1 -1  2 -5  0  1 -3 -2 -5 -5  6 -3 -5 -3 -1 -2 -5 -4 -4    0   4   1  12   0   1   8   0   0   0   0  70   0   0   0   3   0   0   0   0  1.07 0.34
   60 G    2 -4 -3 -3 -4 -4 -4  6 -4 -5 -5 -3 -4 -5 -4 -1 -3 -5 -5 -4   21   0   0   0   0   0   0  77   0   0   0   0   0   0   0   2   0   0   0   0  1.43 0.36
   61 T   -1  1 -2 -2 -4 -1 -1 -3 -3  1 -2  5 -2 -4 -1  0  3 -4 -3 -2    2   4   0   1   0   0   0   0   0  10   2  47   0   0   2   4  28   0   0   0  0.58 0.26
   62 P   -2 -5 -4 -4 -5 -4 -4 -5 -5 -5 -3 -3 -5 -6  8 -2 -3 -6 -3 -3    3   0   0   0   0   0   0   0   0   0   2   0   0   0  90   2   1   0   1   1  2.47 0.50
   63 E   -2 -2  0  3 -5  0  5  2 -1 -3 -5 -1 -4 -5 -3 -1 -3 -5 -4 -4    1   0   3  19   0   2  53  17   1   2   0   0   0   0   0   2   0   0   0   1  0.85 0.28
   64 M   -3 -2 -4 -4 -3 -2 -3 -4 -3  0  4  2  5  0 -2 -3 -2 -3 -2  0    0   0   0   0   0   0   0   0   0   2  44  21  22   3   2   1   2   0   0   4  0.58 0.25
   65 R   -3  7 -3 -4 -5 -1 -2 -4 -2 -4 -4  3 -2 -5 -4 -2 -3 -5 -4 -3    1  76   0   0   0   0   1   0   0   1   0  19   1   0   0   1   0   0   0   1  1.50 0.40
   66 R   -2  3 -2 -3 -5 -1 -2  3  0 -5 -4  6 -3 -5 -3 -2 -1 -5 -4 -4    1  14   0   0   0   0   0  24   2   0   0  57   0   0   0   1   2   0   0   0  0.91 0.31
   67 Q   -2  0 -2  2 -5  4  1 -3 -2 -5 -4  5 -1 -5 -3 -2 -2 -5 -4 -4    1   0   0  13   0  22   8   0   0   0   0  52   1   0   0   1   2   0   0   0  0.89 0.31
   68 V   -2 -4 -5 -5 -3 -4 -4 -5 -5  3  0 -3 -1 -3 -2 -3 -1 -5 -3  6    0   0   0   0   0   0   1   0   0  13   6   2   0   0   1   0   2   0   0  76  1.02 0.33
   69 L   -2 -3 -3 -4 -1 -2 -2 -4  5  0  1 -3  4  2 -4 -1 -1 -2 -1  3    0   0   0   0   1   0   1   0  18   1  14   0  18   9   0   5   2   0   1  30  0.47 0.22
   70 E   -2  2  0 -2 -2  0  0 -2 -1 -3 -2  3 -1 -3  5 -2 -1 -4  1 -3    0  10   5   1   1   3   3   1   1   0   5  24   1   0  34   0   4   0   5   1  0.64 0.21
   71 A    6 -4 -4 -4  1 -3 -2 -1 -4 -3 -4 -3 -3 -4 -3 -1 -2 -5 -4 -1   90   0   0   0   2   0   1   3   0   0   0   0   0   0   0   1   1   0   0   2  1.25 0.40
   72 V   -1 -5 -5 -5 -3 -4 -4 -2 -5  3 -1 -4  0 -3 -3 -4 -2 -5 -3  6    2   0   0   0   0   0   0   3   0  12   1   0   2   0   1   0   0   0   0  79  1.10 0.35
   73 V   -2 -5 -5 -5 -3 -4 -5 -5 -5  4  0 -4  0 -2 -3 -3 -2 -5 -3  6    0   0   0   0   0   0   0   0   0  31   5   0   1   0   1   1   0   0   0  61  1.02 0.32
   74 V   -2 -5 -5 -5 -2 -4 -5 -5 -5  5 -1 -4 -1 -2 -4 -3 -2 -5 -3  5    1   0   0   0   1   0   0   0   0  41   0   0   0   0   0   1   0   0   0  57  1.12 0.34
   75 R   -4  8 -3 -4 -6 -1 -3 -5 -3 -6 -5  0 -4 -5 -5 -3 -4  1 -4 -5    0  96   0   0   0   1   0   0   0   0   0   0   0   0   0   0   0   2   0   0  2.07 0.50
   76 Q   -2 -2 -2 -3 -5  8 -1 -4 -2 -5 -4 -1 -2 -5 -4 -1  3 -5 -4 -4    2   0   0   0   0  77   0   0   0   0   0   0   1   0   0   2  18   0   0   0  1.54 0.47
   77 R   -1  6 -2 -3 -5  1 -1 -4  0 -4 -4  4 -3 -4 -3 -1 -2 -5 -3 -1    4  50   1   0   0   6   0   0   2   0   0  29   0   0   0   3   1   0   0   4  0.90 0.29
   78 K   -2  3 -1 -3 -5  1 -1 -4 -2 -4 -4  7  0 -5 -3 -2 -2 -5 -1 -4    1  11   1   0   0   3   0   0   0   0   0  77   3   0   0   1   1   0   2   0  1.21 0.37
   79 P    0 -2 -2 -1 -2  0  3 -1 -1 -1 -3 -2 -2 -4  5  2 -1 -4 -3 -2    7   1   0   0   1   2  29   4   1   4   1   0   1   0  30  17   2   0   0   1  0.64 0.22
   80 I   -3 -1 -4 -5  1 -3 -4 -4 -1  2 -1 -2 -1  3 -4 -3 -1  8  5  0    1   3   0   0   3   0   0   1   1  12   1   2   1  15   0   1   4  21  26   7  0.84 0.25
   81 R   -3  8 -3 -4 -6  0 -2 -2 -3 -5 -5  1 -3 -5 -3 -3 -3 -5 -4 -5    1  87   0   0   0   3   0   3   0   0   0   5   0   0   1   0   0   0   0   0  1.70 0.44
   82 R   -4  8 -3 -4 -6 -1 -3 -5 -3 -6 -5  0 -4 -5 -5 -3 -4 -5 -4 -5    0 100   0   0   0   0   0   0   0   0   0   0   0   0   0   0   0   0   0   0  2.21 0.53
   83 P    0  1 -2 -2 -4 -1 -1 -3 -2 -3 -3  5 -2 -4  5 -1 -2 -5 -4 -2    7   8   0   0   0   1   2   0   0   1   2  41   1   0  33   1   0   0   0   2  0.86 0.27
   84 D   -4 -4  2  8 -6 -2  1 -4 -2 -6 -6 -3 -5 -6 -4 -2 -3 -7 -5 -5    0   0   7  86   0   0   5   0   0   0   0   0   0   0   0   2   0   0   0   0  1.80 0.43
   85 G   -2 -5 -3 -4 -5 -4 -3  7 -4 -6 -6 -4 -5 -6 -4 -2 -4 -5 -5 -6    1   0   0   0   0   0   2  97   0   0   0   0   0   0   0   0   0   0   0   0  2.00 0.44
   86 T   -1 -3 -1 -3 -1 -1 -2 -3 -3  0  0 -2  0 -2 -3  2  3 -4 -1  3    1   0   1   0   1   2   0   1   0   3   9   0   2   0   0  23  25   0   2  29  0.34 0.19
   87 R   -3  3 -2 -4 -4 -2 -3 -4  2 -2 -2 -2  0  5 -4 -2 -2  6  5 -2    0  19   1   0   0   0   0   0   4   2   0   0   3  25   0   3   1  11  27   3  0.82 0.26
   88 V   -2 -4 -5 -5 -3 -4 -4 -5 -4  5  2 -4  2 -1 -4 -4 -2 -4 -3  3    0   0   0   0   0   0   0   0   0  47  22   0   5   1   0   0   0   0   0  25  0.80 0.25
   89 K   -1  2 -2 -3  0  0 -1 -2  0 -3 -3  2 -1  0 -3  1 -2 -1  6 -2    5  13   0   0   2   3   1   2   1   0   1  19   1   1   0  11   1   0  37   1  0.55 0.23
   90 F   -4 -5 -5 -6 -5 -5 -5 -5 -4 -2 -2 -5 -2  9 -6 -3 -4 -1  1 -2    0   0   0   0   0   0   0   0   0   0   0   0   0  95   0   2   0   0   0   1  2.22 0.49
   91 E   -3 -2 -2  4 -5  0  6 -3 -2 -5 -5 -1 -4 -5 -3 -2 -3 -5 -4 -5    0   0   0  24   0   1  70   2   0   0   0   1   0   0   0   1   0   0   0   0  1.30 0.37
   92 D   -4 -3 -1  7 -6 -2  3 -4 -3 -6 -6 -3 -5 -6 -4 -2 -3 -6 -5 -5    0   0   0  80   0   0  20   0   0   0   0   0   0   0   0   0   0   0   0   0  1.76 0.43
   93 N   -4 -3  8  0 -5 -2 -3 -3 -2 -6 -6 -2 -5 -6 -5 -1 -2 -6 -5 -5    0   0  95   2   0   0   0   0   0   0   0   1   0   0   0   1   1   0   0   0  2.09 0.51
   94 A    7 -4 -4 -4 -3 -3 -3 -2 -4 -4 -4 -3 -3 -5 -3 -1 -2 -5 -4 -2   98   0   0   0   0   0   0   0   0   0   0   0   0   0   0   0   1   0   0   1  1.51 0.45
   95 A    4 -3 -3 -3  3 -3 -2  4 -4 -2 -3 -3 -1 -3 -3 -1 -2 -4 -4  0   40   0   0   0   7   0   2  38   0   1   0   0   2   1   0   1   0   0   0  10  0.68 0.25
   96 V   -2 -5 -5 -5 -1 -4 -5 -3 -5  1 -1 -5 -1 -3 -5 -4 -2 -5 -3  7    1   0   0   0   1   0   0   2   0   3   0   0   0   0   0   0   0   0   0  93  1.43 0.42
   97 I   -3 -5 -5 -5 -3 -5 -5 -6 -5  7  2 -5  0 -2 -5 -4 -2 -4 -3  1    0   0   0   0   0   0   0   0   0  73  20   0   1   0   0   0   2   0   0   5  1.17 0.34
   98 V   -1 -4 -4 -5  0 -4 -4 -5 -5  4  1 -4  0 -2 -4 -3  0 -4 -3  5    2   0   0   0   2   0   0   0   0  26  10   0   1   0   0   0   5   0   0  54  0.78 0.26
   99 D   -3 -1  6  2 -4 -1 -2 -3  0 -4 -4  2 -3 -5 -3  0  2 -5 -4 -4    0   2  50  10   0   1   0   0   2   0   1  15   0   0   0   3  17   0   0   0  0.85 0.29
  100 E   -1 -2  5  2 -4 -1  1 -3 -2 -4 -4 -1 -4 -5  5 -1 -1 -5 -4 -3    4   0  33  12   0   2  11   0   0   1   0   1   0   0  31   1   1   0   0   1  0.87 0.26
  101 N   -2  0  1  4 -5  1  2 -3 -2 -4 -4  5 -2 -5 -3 -1 -1 -5 -4 -4    1   3   5  23   0   4  12   1   0   0   1  47   1   0   0   1   2   0   0   0  0.72 0.25
  102 E   -2 -3  0 -2 -1 -3 -1  7 -4 -6 -5  0 -4 -5 -4 -2 -3 -5 -5 -5    0   0   5   1   1   0   3  82   0   0   1   5   0   0   0   0   1   0   0   0  1.41 0.35
  103 D   -2 -2  1  2 -5  0  6 -3 -2 -3 -4  1 -3 -4 -3 -1  1 -5 -4 -2    0   0   5  11   0   1  58   0   0   1   1   7   0   0   0   3   9   0   0   2  0.80 0.28
  104 P   -2 -3 -4 -4 -4 -3 -4 -4 -4 -1  1 -3  7 -3  6 -3 -1 -4 -4  0    1   0   0   0   0   0   0   0   0   2   8   1  39   0  40   0   3   0   0   7  1.24 0.36
  105 R   -2  5 -2 -3 -5  0 -1 -4 -3 -4 -4  6 -3 -5 -3 -2 -2 -5 -4 -4    1  30   1   0   0   1   0   0   0   1   0  66   0   0   0   0   0   0   0   0  1.28 0.37
  106 G   -2 -5 -3 -2 -5 -4 -4  7 -4 -6 -6 -4 -5 -5 -3 -2 -4 -5 -5 -5    1   0   0   1   0   0   0  97   0   0   0   0   0   0   1   0   0   0   0   1  1.95 0.43
  107 T   -1 -3 -1 -2 -3 -2 -2 -2 -3 -3 -4 -2 -3 -3 -3  5  5 -5 -4 -3    0   0   2   0   0   0   0   1   0   0   0   1   0   1   0  51  44   0   0   0  1.01 0.36
  108 E    3  3 -2  1 -3  1  3 -1 -2 -2 -3 -1 -2 -3 -2 -1 -1 -4 -3 -2   36  20   0   7   0   6  22   2   0   2   0   0   0   1   0   1   2   0   0   0  0.42 0.20
  109 L   -3 -5 -5 -5 -3 -5 -5 -6 -5  7  0 -3  0 -1 -5 -4 -2 -5 -3  2    0   0   0   0   0   0   0   0   0  87   3   1   1   1   0   0   2   0   0   6  1.38 0.38
  110 K   -1  2 -1 -3 -3 -1 -2 -3 -1 -2 -2  2 -2  3 -2  0  3 -3  0 -2    5  12   2   0   0   1   0   0   1   1   2  19   0  20   2   4  31   0   1   0  0.37 0.20
  111 G   -2 -3 -2 -3 -5 -4 -4  7 -4 -6 -6 -4 -5 -5 -4 -2 -3 -5 -5 -5    0   1   1   0   0   0   0  97   0   0   0   0   0   0   0   0   1   0   0   0  1.94 0.42
  112 P   -2 -5 -5 -4 -5 -4 -4 -4 -5 -5 -6 -4 -5 -6  9 -3 -4 -6 -6 -5    1   0   0   0   0   0   0   1   0   0   0   0   0   0  97   1   0   0   0   0  2.83 0.53
  113 I   -2 -3 -5 -5 -2 -4 -4 -5 -5  3 -1 -4 -1 -1 -4 -4 -2 -5 -3  6    1   1   0   0   0   0   0   0   0  18   1   0   0   2   0   0   0   0   0  77  1.13 0.34
  114 A    6 -2 -3 -3 -2 -3 -3  2 -3 -3 -3 -3 -3 -4  0  0 -2 -4 -4 -2   77   2   0   0   0   0   0  12   0   0   1   0   0   0   4   4   0   0   0   0  0.95 0.32
  115 R   -2  6 -2 -3 -5  0 -1 -4 -2 -4 -4  5 -1 -5 -2 -2 -3 -5 -4 -4    1  43   0   0   0   0   0   0   0   1   0  51   1   0   2   1   0   0   0   0  1.17 0.34
  116 E   -3 -2 -2 -1 -6  1  7 -3 -2 -6 -5 -1 -4 -6 -3 -2 -3 -5 -4 -5    0   0   0   0   0   3  94   2   0   0   0   2   0   0   0   0   0   0   0   0  1.71 0.45
  117 V    3 -4 -4 -4  7 -2 -4 -3 -1 -1  2 -3 -1 -3 -4 -1 -2 -3 -3  2   27   0   0   0  33   2   0   0   2   0  20   0   0   0   0   1   0   0   0  14  0.72 0.25
  118 A    5  3 -3 -3  1 -2 -2 -2 -3 -2 -3 -1 -3 -4 -3  0 -1 -4 -3 -1   66  22   0   0   2   0   0   0   0   1   0   0   0   0   0   3   2   0   0   3  0.78 0.29
  119 Q   -3 -3 -1  6 -5  0  5 -3 -2 -4 -4 -2 -4 -5 -2 -2 -3 -5 -4 -3    0   0   0  48   0   1  46   1   0   0   1   0   0   0   1   0   0   0   0   2  1.23 0.34
  120 R   -2  5 -2 -3 -1 -1 -2 -4 -2 -1  3  2  0 -2 -4 -2 -1 -4 -3 -2    0  37   1   0   1   1   0   0   0   2  37  14   2   0   0   2   2   0   0   0  0.55 0.23
  121 F   -5 -2 -6 -6 -5 -5 -5 -4 -4 -4 -3 -5 -3  5 -6 -5 -5 11  3 -5    0   3   0   0   0   0   0   1   0   0   0   0   0  23   0   0   0  67   7   0  2.76 0.51
  122 G   -2 -4 -4 -4 -2 -3 -3 -1 -4 -3 -3 -3  5 -5  8 -2 -2 -5 -5 -3    1   0   0   0   1   0   0   4   0   0   0   0  19   0  70   2   1   0   0   1  1.79 0.40
  123 S   -2  5 -1 -2 -5  1 -1 -2 -2 -4 -3  5 -3 -5 -3  0 -2 -4 -3 -4    1  43   0   1   0   3   1   3   0   0   1  40   0   0   0   6   1   0   0   0  0.89 0.27
  124 V   -3 -5 -5 -5 -3 -5 -5 -6 -5  7  1 -5 -1  0 -5 -4 -2 -4 -3  2    0   0   0   0   0   0   0   0   0  80   7   0   0   2   0   0   0   0   0  10  1.23 0.34
  125 A    4 -3 -2 -3 -2 -2 -2  1 -3  0 -2 -2 -2 -3 -1  1 -1 -4 -3  1   53   0   1   0   0   0   0  10   0   6   2   0   0   0   2  11   2   0   0  14  0.46 0.20
  126 S    1 -1  1 -2 -3 -2 -2 -2 -3 -4 -4 -1 -3 -4 -1  6  1 -5 -3 -3    8   2   7   0   0   0   0   1   0   0   0   3   0   0   2  71   5   0   0   1  0.84 0.30
  127 A    1 -2  4 -2 -2  0 -2 -2  0  1  2 -2  1 -2 -3  0  1 -3 -2  0   14   0  26   0   0   4   0   0   2  10  27   0   4   0   0   4   8   0   0   2  0.24 0.15
  128 A    6 -3 -3 -4 -2 -3 -3 -1 -4 -3 -4 -3 -3 -4 -1  1 -2 -5 -4 -2   91   0   0   0   0   0   0   1   0   0   0   0   0   0   3   5   0   0   0   0  1.21 0.37
  129 T   -1 -1  1 -2 -2 -2 -2  3 -3 -4 -4 -1 -3 -4  4  2  2 -4 -4 -3    2   2   6   0   1   0   0  23   0   0   0   3   0   0  25  24  14   0   0   0  0.60 0.19
  130 M    0 -2 -2 -2  0  0  2 -2 -2  2 -1 -2  3 -3 -3  3  1 -4 -3  0    7   0   0   0   2   3  20   0   0  18   1   0  10   0   0  28   9   0   0   3  0.27 0.17
  131 I   -3 -5 -5 -5 -3 -4 -5 -5 -5  6  0 -4 -1 -2 -4 -4 -2 -4 -3  4    0   0   0   0   0   0   0   0   0  63   1   0   0   0   0   0   0   0   0  36  1.12 0.31
  132 V   -2 -4 -4 -5 -2 -4 -4 -5 -5  4  2 -4  1 -2 -4 -3 -2 -4 -3  5    0   0   0   0   0   0   0   0   0  21  20   0   2   0   0   0   0   0   0  57  0.77 0.21

                      K         Lambda
Standard Ungapped    0.1317     0.3141
Standard Gapped      0.0634     0.2670
PSI Ungapped         0.2077     0.3156
PSI Gapped           0.0634     0.2670
