
Last position-specific scoring matrix computed, weighted observed percentages rounded down, information per position, and relative weight of gapless real matches to pseudocounts
           A  R  N  D  C  Q  E  G  H  I  L  K  M  F  P  S  T  W  Y  V   A   R   N   D   C   Q   E   G   H   I   L   K   M   F   P   S   T   W   Y   V
    1 A    6 -3 -3 -4 -2 -3 -3 -2 -3 -3 -3 -3 -3 -4 -3 -1 -2 -4 -4 -2  100   0   0   0   0   0   0   0   0   0   0   0   0   0   0   0   0   0   0   0  1.32 0.31
    2 R   -3  8 -2 -4 -6 -1 -2 -4 -2 -5 -4  0 -3 -5 -4 -3 -3 -5 -4 -5    0 100   0   0   0   0   0   0   0   0   0   0   0   0   0   0   0   0   0   0  1.94 0.35
    3 I   -3 -4 -5 -5 -3 -4 -5 -5 -5  6  3 -4  0 -1 -4 -4 -2 -4 -3  1    0   0   0   0   0   0   0   0   0  75  22   0   0   0   0   0   0   0   0   3  1.05 0.24
    4 A    5 -3 -2 -3 -2 -2 -2 -1 -3 -2 -3 -2 -2 -3 -2  2 -1 -4 -3  0   75   0   1   0   0   0   1   0   0   1   0   0   1   0   0  12   0   0   0   8  0.76 0.22
    5 G   -2 -4 -2 -3 -4 -4 -4  7 -4 -6 -6 -3 -5 -5 -4 -2 -3 -4 -5 -5    0   0   0   0   0   0   0  99   0   0   0   0   0   0   0   1   0   0   0   0  1.89 0.31
    6 V   -2 -4 -5 -5 -2 -4 -4 -5 -5  3 -1 -4 -1 -2 -4 -3 -2 -5 -3  6    0   0   0   0   0   0   0   0   0  10   0   0   0   0   0   0   0   0   0  90  1.20 0.28
    7 E   -4 -3  2  7 -5 -2  0 -3 -3 -5 -6 -2 -5 -5 -3 -2 -3 -6 -5 -5    0   0   8  90   0   0   2   0   0   0   0   0   0   0   0   0   0   0   0   0  1.75 0.31
    8 I   -3 -4 -5 -5 -3 -4 -4 -5 -4  3  5 -4  1 -1 -4 -4 -3 -3 -3  0    0   0   0   0   0   0   0   0   0  20  79   0   0   0   0   0   0   0   0   1  1.00 0.23
    9 P   -3 -4 -4 -4 -5 -4 -3 -4 -4 -5 -5 -3 -5 -6  9 -3 -3 -6 -5 -5    0   0   0   0   0   0   0   0   0   0   0   0   0   0 100   0   0   0   0   0  2.87 0.41
   10 R   -3  7  0 -2 -5 -1 -2 -4 -2 -4 -4  2 -3 -5 -4 -2  0 -5 -3 -3    0  81   3   1   0   0   0   0   0   0   0   7   0   0   0   1   5   0   0   1  1.34 0.29
   11 N   -2 -2  3  5 -5  0  4 -2 -2 -5 -5 -1 -4 -5 -3 -1 -2 -5 -4 -4    2   0  19  41   0   2  36   1   0   0   0   0   0   0   0   0   0   0   0   0  0.97 0.22
   12 K   -3  0 -2 -3 -5 -1 -1 -4 -3 -5 -5  7 -3 -5 -3 -2 -3 -5 -4 -4    0   0   0   0   0   0   0   0   0   0   0 100   0   0   0   0   0   0   0   0  1.67 0.36
   13 R   -3  8 -2 -4 -6 -1 -2 -4 -2 -5 -4  1 -3 -5 -4 -3 -3 -5 -4 -5    0  97   0   0   0   1   0   0   0   0   0   2   0   0   0   0   0   0   0   0  1.89 0.36
   14 V   -1 -4 -4 -5 -2 -3 -4 -5 -4  4  1 -4  3 -2 -4 -3 -1 -4 -3  5    2   0   0   0   0   0   0   0   0  23   6   0   8   0   0   0   0   0   0  61  0.80 0.21
   15 D   -2 -2 -2  0 -3  0  7 -4 -2 -3 -4 -1 -3 -5 -2 -2 -2 -5 -4 -1    0   0   0   2   1   1  87   0   0   1   0   0   1   0   1   0   0   0   0   6  1.32 0.30
   16 V   -2 -5 -5 -5 -3 -4 -5 -5 -4  6  0 -4  0 -2 -4 -4 -2 -4 -1  3    1   0   0   0   0   0   0   0   0  77   0   0   0   0   0   0   0   0   2  19  1.11 0.26
   17 A    5 -3 -2 -3 -3 -3 -3  4 -3 -4 -4 -2 -3 -4 -3  0 -2 -4 -4 -3   57   0   0   0   0   0   0  39   0   0   0   0   0   0   0   5   0   0   0   0  0.90 0.22
   18 L   -3 -4 -5 -5 -3 -4 -5 -5 -5  0  6 -4  1 -1 -5 -4 -3 -3 -3 -1    0   0   0   0   0   0   0   0   0   1  98   0   1   0   0   0   0   0   0   0  1.27 0.28
   19 T   -2 -2 -2 -3 -1 -2 -3 -4 -4 -3 -3 -3 -3 -4 -1  0  7 -5 -4 -2    1   1   0   0   1   1   0   0   0   0   0   0   0   0   2   0  94   0   0   0  1.45 0.34
   20 Y   -4 -4 -4 -5 -5 -4 -4 -5  0 -4 -3 -4 -3  1 -5 -4 -4  0  9 -3    0   0   0   0   0   0   0   0   0   0   1   0   0   0   0   0   0   0  99   0  2.44 0.42
   21 I   -3 -5 -5 -5 -3 -5 -5 -6 -5  7  0 -4  0 -2 -5 -4 -2 -4 -3  2    0   0   0   0   0   0   0   0   0  90   2   0   0   0   0   0   0   0   0   8  1.35 0.29
   22 Y   -4 -4 -4 -5 -4 -4 -4 -5  2 -3 -2 -4 -3  5 -5 -4 -3  0  8 -3    0   0   0   0   0   0   0   0   4   0   0   0   0  21   0   0   1   0  74   0  1.80 0.33
   23 G   -2 -4 -2 -3 -4 -4 -4  7 -4 -6 -6 -3 -5 -5 -4 -2 -3 -4 -5 -5    0   0   0   0   0   0   0 100   0   0   0   0   0   0   0   0   0   0   0   0  1.94 0.33
   24 I   -3 -5 -5 -5 -3 -5 -5 -6 -5  7  0 -4  0 -2 -5 -4 -2 -4 -3  2    0   0   0   0   0   0   0   0   0  89   0   0   1   0   0   0   0   0   0  10  1.34 0.29
   25 G   -2 -4 -2 -3 -1 -4 -4  7 -4 -6 -6 -3 -5 -5 -4 -2 -3 -4 -5 -5    0   0   0   0   1   0   0  99   0   0   0   0   0   0   0   0   0   0   0   0  1.89 0.32
   26 K   -2  5 -1 -3 -4  0 -2 -4 -1 -2  1  1 -1 -3  2 -2 -2  0 -3 -2    1  52   2   0   0   2   0   0   1   1  21   7   0   0  10   0   0   2   0   1  0.64 0.19
   27 A    1 -2 -1 -1 -2 -1 -2 -2 -1 -2 -3  0 -2 -3  1  2  5 -4 -3 -1    9   1   1   1   0   1   0   0   1   0   0   6   0   0   8  21  49   0   0   3  0.56 0.18
   28 R   -1  5 -1 -2 -3 -1 -2 -3 -2 -3 -1  1 -2 -3 -3  2  3 -4 -3 -2    1  37   1   0   0   1   0   0   0   0   5   6   0   0   0  19  29   0   0   0  0.56 0.18
   29 A    4 -3 -2 -2 -2 -2 -2 -1 -3 -3 -4 -2 -3 -4 -2  4 -1 -4 -3 -2   51   0   0   0   0   0   0   2   0   0   0   0   0   0   0  47   0   0   0   0  0.85 0.25
   30 K   -1  2  2  0 -4  4  0 -2  1 -3 -2  3 -1 -3 -2  0  0 -4 -2 -2    4   7  13   3   0  24   2   1   3   1   4  28   1   1   0   2   4   0   0   1  0.37 0.13
   31 E   -1  2  0  1 -5  2  4 -3 -1 -4 -3  4 -3 -4 -2 -1 -2 -4 -3 -3    2   7   2   4   0  10  43   0   1   0   1  29   0   0   0   0   0   0   0   0  0.71 0.18
   32 A   -1 -4 -4 -4 -3 -4 -4 -5 -4  6  1 -4  0 -2 -4 -3  1 -4 -3  2    4   0   0   0   0   0   0   0   0  69   9   0   0   0   0   0  12   0   0   6  0.80 0.22
   33 L   -3 -4 -5 -5  3 -4 -4 -5 -4  1  5 -4  0 -1 -4 -4 -2 -3 -3  0    0   0   0   0   7   0   0   0   0   6  83   0   0   0   0   0   2   0   0   3  0.95 0.23
   34 E    4  0 -1  0 -2  0  2 -1 -2 -3 -3  1 -2 -4 -2  1  0 -4 -3 -2   48   3   1   3   0   1  20   1   0   0   1  12   0   0   0   5   3   0   0   1  0.43 0.15
   35 K    3  0 -1 -1 -3  1  3 -2 -2 -3 -3  3 -2 -4 -2  0 -1 -4 -3 -2   34   4   2   2   0   5  21   1   0   0   1  23   1   0   0   4   2   0   0   1  0.39 0.14
   36 T    3 -3 -2 -3 -2 -2 -3 -3 -3 -2 -2 -2 -2 -4 -3  0  6 -4 -3  0   25   0   0   0   0   0   0   0   0   1   2   0   0   0   0   1  66   0   0   5  0.85 0.25
   37 G   -1 -3  1 -2 -4 -1 -1  6 -3 -5 -5 -1 -4 -5 -4 -1 -3 -4 -4 -5    1   0   6   1   0   2   3  82   0   0   0   2   0   0   0   2   0   0   0   0  1.31 0.25
   38 I   -2 -4 -5 -5 -2 -4 -4 -5 -5  5  0 -4  0 -2 -4 -3 -2 -4 -3  5    0   0   0   0   0   0   0   0   0  44   3   0   0   0   0   0   0   0   0  53  0.97 0.23
   39 N   -2 -2  6  4 -4 -1  0 -2 -2 -4 -5 -2 -4 -5  0  2 -1 -5 -4 -4    1   0  48  24   0   0   2   0   0   0   0   0   0   0   3  21   0   0   0   0  0.91 0.22
   40 P    0 -3 -4 -3 -4 -3  0 -1 -4 -4 -4 -2 -3 -3  8 -2 -2 -1 -4 -2    6   1   0   0   0   0   5   5   0   0   1   1   0   1  76   0   0   1   0   2  1.79 0.29
   41 A   -2 -3  3  7 -5 -1  1 -3 -2 -5 -5 -2 -4 -5 -3  0 -2 -1 -4 -5    2   0  12  73   0   1   6   0   0   0   0   0   0   0   0   4   1   1   0   0  1.27 0.26
   42 T   -2  1 -2 -3 -3 -2 -2 -3 -3  1  0  0 -1 -3 -3 -1  6 -4 -3  1    1   7   0   0   0   0   0   0   0   7   9   5   0   0   0   0  64   0   0   7  0.66 0.22
   43 R   -3  8 -2 -4 -6 -1 -2 -4 -1 -5 -4  1 -3 -5 -4 -3 -3 -5 -3 -5    0  97   1   0   0   0   0   0   0   0   0   2   0   0   0   0   0   0   0   0  1.85 0.35
   44 V   -1 -4 -4 -4  1 -4 -4 -4 -4  2 -1 -4 -1 -3 -3 -1  1 -4 -3  6    2   0   0   0   3   0   0   0   0   5   0   0   0   0   1   3   9   0   0  78  0.86 0.24
   45 K   -2  5  0  1 -5  0 -1 -3  1 -4 -4  5 -3 -4 -3 -1 -2 -4 -2 -4    0  33   4   7   0   1   0   0   4   0   0  49   0   0   0   1   0   0   0   0  0.85 0.21
   46 D   -3 -3  1  7 -5  0  1 -3 -3 -5 -5 -2 -5 -5 -3 -2 -3 -6 -5 -5    1   0   5  84   0   4   5   0   0   0   0   0   0   0   0   0   0   0   0   0  1.57 0.30
   47 L   -3 -4 -5 -5 -3 -4 -5 -5 -5  0  6 -4  1 -1 -5 -4 -3 -3 -3 -1    1   0   0   0   0   0   0   0   0   1  97   0   1   0   0   0   0   0   0   1  1.23 0.28
   48 T    0 -3  0 -1 -3 -2 -2 -1 -3 -3 -3 -2 -2 -4 -2  3  6 -4 -3 -2    3   0   2   3   0   1   0   3   0   0   0   0   0   0   1  20  67   0   0   1  0.87 0.25
   49 E   -2 -2 -1  6 -5  0  5 -3 -2 -5 -5 -1 -4 -5 -3 -2 -3 -5 -4 -4    1   0   0  48   0   0  50   0   0   0   0   0   0   0   0   1   0   0   0   0  1.26 0.27
   50 A    1 -2  0  5 -4  0  4 -2 -2 -4 -4 -1 -3 -4 -2  0 -1 -5 -4 -3   16   0   2  40   0   1  35   1   0   0   0   0   0   0   0   3   1   0   0   0  0.77 0.19
   51 E   -2 -2 -1  4 -5  3  6 -3 -2 -5 -5 -1 -4 -5 -3 -2 -2 -5 -4 -4    1   0   1  23   0  14  61   0   0   0   0   0   0   0   0   0   0   0   0   0  1.12 0.25
   52 V   -1 -4 -4 -4 -2 -2 -2 -4 -4  3  2 -3  0 -2 -4 -3 -1 -4 -2  5    2   0   0   0   0   1   4   0   0  12  23   0   0   0   0   0   1   0   0  57  0.63 0.18
   53 V    2 -1  1 -1 -2  0 -1  0 -2  0 -1  0 -1 -2 -2  1  1 -3 -2  1   26   1  11   1   0   4   0   6   0   3   6   6   0   0   0  12   7   0   0  17  0.14 0.08
   54 R    1  3 -1 -2 -3  2  0 -2 -1 -3 -3  4 -2 -4 -2  0 -1 -4 -3 -3   16  16   1   0   0   9   3   0   1   0   2  44   0   0   1   4   3   0   0   1  0.51 0.16
   55 L   -3 -4 -5 -5 -3 -4 -4 -5 -4  4  5 -4  1 -1 -4 -4 -2 -3 -3  0    0   0   0   0   0   0   0   0   0  32  67   0   0   0   0   0   0   0   0   1  0.92 0.22
   56 R   -2  8 -2 -3 -5  0 -2 -4 -2 -5 -4  1 -3 -5 -4 -1 -2 -5 -4 -4    1  91   0   0   0   1   0   0   0   0   0   1   0   0   0   5   1   0   0   0  1.64 0.33
   57 E    0 -1  1  5 -4  1  4 -2 -1 -4 -4  1 -3 -4 -2  0 -1 -5 -3 -3    6   1   4  37   0   3  35   1   0   0   0   6   0   0   0   4   2   0   0   0  0.70 0.17
   58 Y    0 -2 -2 -2 -1 -1  0 -3  1  1 -1 -2 -1  1 -3 -2 -1  3  4  2   11   0   0   0   1   1  10   0   4  12   3   0   0   4   0   0   3   4  25  19  0.29 0.12
   59 V   -3 -5 -5 -5 -3 -4 -5 -5 -5  7  1 -4  1 -2 -4 -4 -2 -4 -3  2    0   0   0   0   0   0   0   0   0  82   5   0   2   0   0   0   0   0   0  12  1.18 0.26
   60 E   -2 -2  0  5 -5  0  5 -2 -2 -4 -5 -1 -4 -5 -3 -1 -2 -5 -4 -4    1   0   3  46   0   1  44   2   0   0   0   0   0   0   0   1   1   0   0   0  1.07 0.23
   61 N    1  1  2  0 -3  0  2  1  1 -3 -3  2 -2 -3 -2  1  0 -3 -2 -2   18   5  11   2   0   3  14  10   5   0   0  20   0   0   0   7   4   0   0   1  0.25 0.08
   62 T   -2 -2  5  2 -3  0  2 -1  2 -4 -4 -1 -3 -3 -3  1  1 -4 -3 -3    1   0  43  12   0   2  13   2   5   0   0   1   0   0   0   8  12   0   0   0  0.62 0.17
   63 W   -3 -3 -3 -4  0  0 -3 -4  2  0  0 -3  0  3 -4 -3 -3  3  7 -1    1   0   0   0   2   4   0   0   6   5   9   0   2  11   0   0   0   3  52   4  0.89 0.21
   64 K   -2  2 -1 -2 -3  3  0 -3  0 -2 -1  4  1 -3 -2 -1  2 -4 -3 -1    1   7   0   0   0  14   1   0   2   2   4  44   4   0   0   1  16   0   0   4  0.45 0.16
   65 L   -2 -4 -4 -5 -2 -4 -4 -5 -5  2  0 -4 -1 -2 -4 -3  0 -4 -3  6    0   0   0   0   0   0   0   0   0   8   3   0   0   0   0   0   4   0   0  85  1.09 0.27
   66 E   -3 -2 -2  0 -6  0  7 -4 -2 -5 -5 -1 -4 -5 -3 -2 -3 -5 -4 -5    0   0   0   0   0   0 100   0   0   0   0   0   0   0   0   0   0   0   0   0  1.79 0.36
   67 G   -2 -4 -2 -3 -4 -4 -4  7 -4 -6 -6 -3 -5 -5 -4 -2 -3 -4 -5 -5    0   0   0   0   0   0   0 100   0   0   0   0   0   0   0   0   0   0   0   0  1.94 0.33
   68 E   -3 -4  0  8 -6 -2  1 -3 -3 -5 -6 -3 -5 -6 -3 -2 -3 -6 -5 -5    1   0   0  96   0   0   3   0   0   0   0   0   0   0   0   0   0   0   0   0  1.92 0.35
   69 L   -3 -4 -5 -6 -3 -4 -5 -6 -5  0  6 -4  0 -1 -5 -4 -3 -3 -3 -1    0   0   0   0   0   0   0   0   0   0 100   0   0   0   0   0   0   0   0   0  1.31 0.29
   70 R   -3  8 -2 -4 -6 -1 -2 -4  0 -5 -4  1 -3 -5 -4 -3 -3 -5 -4 -5    0  97   0   0   0   1   0   0   1   0   0   1   0   0   0   0   0   0   0   0  1.85 0.35
   71 A   -2  8 -2 -4 -5 -1 -2 -4 -2 -5 -4  1 -3 -5 -4 -2 -3 -5 -4 -4    1  94   0   0   0   0   0   0   0   0   0   1   0   0   0   2   0   0   0   0  1.73 0.34
   72 E   -2 -2 -1  1 -5  2  6 -4 -2 -4 -2 -1 -3 -3 -3 -2 -2  2 -3 -4    1   0   1   5   0   7  76   0   0   0   4   0   0   1   0   0   1   4   0   0  1.08 0.26
   73 V   -2 -2 -3 -3 -2 -2  1 -4 -4  4  0 -3 -1 -2 -4 -3 -1 -4 -3  5    0   1   0   0   0   0  11   0   0  24   0   0   0   0   0   0   3   0   0  59  0.66 0.20
   74 A    4 -1  0 -2 -2  3 -1 -1 -2 -3 -3 -1 -2 -4 -2  2  0 -4 -3 -2   47   3   4   1   0  19   0   2   0   0   0   1   0   0   0  20   2   0   0   0  0.51 0.18
   75 A    2 -2 -3 -4 -2  1 -3 -2 -3 -1  3 -2  6 -1 -3 -2 -2 -3 -2 -1   26   1   0   0   0   7   0   1   0   0  29   0  33   1   0   1   0   0   0   0  0.54 0.19
   76 N   -3 -2  7  5 -5 -2 -1 -2 -2 -5 -5 -2 -4 -5 -4 -1 -2 -6 -4 -5    0   0  67  31   0   0   0   0   0   0   0   0   0   0   0   2   0   0   0   0  1.41 0.29
   77 I   -3 -5 -5 -5 -3 -5 -5 -6 -5  7  0 -5 -1 -2 -5 -4 -2 -5 -3  2    0   0   0   0   0   0   0   0   0  95   0   0   0   0   0   0   1   0   0   4  1.47 0.32
   78 K   -2  4 -2 -3 -5  0 -1 -3 -2 -5 -4  6 -3 -5 -3 -2 -2 -5 -4 -4    1  26   0   0   0   0   0   0   0   0   0  72   0   0   0   0   0   0   0   0  1.23 0.28
   79 R   -3  8 -2 -4 -6 -1 -2 -4 -2 -5 -4  0 -3 -5 -4 -3 -3 -5 -4 -5    0  99   0   0   0   0   0   0   0   0   0   0   0   0   0   0   1   0   0   0  1.95 0.37
   80 L   -3 -2 -4 -4 -3 -2 -3 -4 -4  0  5  3  1 -2 -4 -3 -2 -3 -3 -1    0   0   0   0   0   0   0   0   0   1  71  26   2   0   0   0   0   0   0   0  0.75 0.22
   81 M   -1 -2 -3 -4 -3  1 -3 -3 -3  4  0 -2  6 -2 -4 -2  0 -3 -3  3    2   1   0   0   0   7   0   1   0  27   0   2  35   0   0   0   4   0   0  21  0.59 0.20
   82 D   -3 -2 -1  5 -5  0  6 -4 -2 -5 -5 -1 -4 -5 -3 -2 -3 -5 -4 -4    0   0   0  35   0   1  64   0   0   0   0   0   0   0   0   0   0   0   0   0  1.31 0.28
   83 I   -3 -5 -4 -5 -3 -4 -5 -6 -5  7  1 -4  0 -2 -5 -4 -2 -4 -3  1    0   0   0   0   0   0   0   0   0  88  10   0   1   0   0   0   0   0   0   1  1.27 0.28
   84 G   -1 -3  0 -2 -4 -2 -4  7 -4 -6 -5 -2 -4 -5 -4 -2 -3 -4 -5 -5    1   1   3   0   0   1   0  92   0   0   0   1   0   0   0   0   0   0   0   0  1.63 0.29
   85 C   -1 -4 -3 -4 10 -4 -4 -4 -4 -3 -3 -4 -3 -4 -4  2  1 -4 -4 -3    1   0   0   0  71   0   0   0   0   0   0   0   0   0   0  20   8   0   0   0  1.91 0.34
   86 Y   -4 -4 -4 -5 -5 -4 -4 -5  0 -4 -3 -4 -3  2 -5 -4 -4  0  9 -3    0   0   0   0   0   0   0   0   0   0   0   0   0   2   0   0   0   0  98   1  2.40 0.42
   87 R   -3  7 -2 -3 -5  4  1 -4 -2 -5 -4  0 -3 -5 -4 -2 -3 -4 -3 -4    1  74   0   0   0  19   6   0   0   0   0   0   0   0   0   0   0   0   0   0  1.32 0.29
   88 G   -2 -4 -2 -3 -4 -4 -4  7 -4 -6 -6 -3 -5 -5 -4 -2 -3 -4 -5 -5    0   0   0   0   0   0   0 100   0   0   0   0   0   0   0   0   0   0   0   0  1.94 0.33
   89 L   -2  2 -3 -4 -3 -2 -3 -4 -3  3  4 -1  1 -1 -4 -3 -1 -3 -2  1    0  14   0   0   0   0   0   0   0  27  48   2   1   0   0   0   1   0   0   6  0.51 0.15
   90 R   -4  8 -2 -4 -6 -1 -2 -4 -2 -5 -4  0 -3 -5 -4 -3 -3 -5 -4 -5    0 100   0   0   0   0   0   0   0   0   0   0   0   0   0   0   0   0   0   0  1.97 0.37
   91 H   -4 -3 -2 -4 -5 -2 -2 -4 10 -6 -5 -3 -4 -4 -5 -3 -4  0  0 -6    0   0   0   0   0   0   0   0  98   0   0   0   0   0   0   0   0   2   0   0  2.74 0.45
   92 R   -3  8 -2 -4 -5 -1 -2 -4 -2 -4 -4  1 -3 -5 -4 -3 -3 -5 -4 -4    1  96   0   0   0   0   0   0   0   0   0   2   0   0   0   0   0   0   0   0  1.82 0.35
   93 R   -1  6 -2 -3 -4  1 -1 -3 -2 -3 -1  4  2 -3 -3 -2 -2 -4 -3 -3    3  52   0   0   0   4   0   0   0   0   5  28   6   0   0   1   0   0   0   0  0.83 0.21
   94 G   -2 -3  0 -3 -4 -3 -4  7 -1 -6 -6 -3 -4 -5 -4 -1 -3 -4 -5 -5    0   0   4   0   0   0   0  93   1   0   0   0   0   0   0   1   0   0   0   0  1.70 0.30
   95 L   -3 -4 -5 -5 -3 -4 -5 -5 -5  0  6 -4  1 -1 -5 -4 -3 -3 -3 -1    0   0   0   0   0   0   0   0   0   0  98   0   2   0   0   0   0   0   0   0  1.27 0.28
   96 P   -3 -4 -4 -4 -5 -3 -3 -4 -4 -5 -4 -3 -5 -6  9 -3 -3 -6 -5 -5    0   0   0   0   0   0   0   0   0   0   1   0   0   0  99   0   0   0   0   0  2.83 0.40
   97 V   -2 -4 -5 -5  2 -4 -4 -5 -5  1  0 -4 -1 -3 -4 -3 -1 -5 -3  6    0   0   0   0   4   0   0   0   0   0   2   0   0   0   0   0   1   0   0  92  1.23 0.30
   98 R   -3  7 -2 -4 -5 -1 -2 -4  4 -5 -4  0 -3 -5 -4 -3 -3 -2 -3 -5    0  87   0   0   0   0   0   0  12   0   0   0   0   0   0   0   0   0   0   0  1.67 0.33
   99 G   -2 -4 -2 -3 -4 -4 -4  7 -4 -6 -6 -3 -5 -5 -4 -2 -3 -4 -5 -5    0   0   0   0   0   0   0 100   0   0   0   0   0   0   0   0   0   0   0   0  1.94 0.33
  100 Q   -3 -1 -2 -2 -5  8  0 -4 -2 -5 -4 -1 -3 -6 -4 -2 -3 -4 -4 -4    0   0   0   0   0 100   0   0   0   0   0   0   0   0   0   0   0   0   0   0  2.03 0.41
  101 R   -3  7  0 -3 -5  0 -1 -4 -1 -5 -4  3 -3 -5 -3 -1 -2 -4 -3 -4    0  76   4   0   0   0   0   0   0   0   0  16   0   0   0   2   1   0   0   0  1.27 0.26
  102 T   -2 -2 -2 -3 -3 -2 -3 -3 -4 -3 -3 -2 -3 -4 -3  1  7 -4 -4 -2    0   1   0   0   0   0   0   0   0   0   0   0   0   0   0   5  94   0   0   0  1.44 0.33
  103 R   -2  3 -1 -2 -5  1 -1 -3  4 -4 -4  6 -3 -4 -3 -1 -2 -4 -2 -4    0  16   0   0   0   3   0   0  13   0   0  65   0   0   0   2   1   0   0   0  0.98 0.23
  104 T   -2 -2  1 -3 -1 -1 -2 -3 -3 -3 -3 -2 -2 -4 -3  0  7 -4 -3 -2    0   1   7   0   1   2   0   0   0   0   0   0   0   0   0   0  90   0   0   0  1.26 0.30
  105 N   -3 -2  8  0 -5 -2 -2 -2 -1 -5 -5 -2 -4 -5 -4 -1 -2 -6 -4 -5    0   0  98   0   0   0   0   0   0   0   0   0   0   0   0   2   0   0   0   0  1.87 0.34
  106 A    6 -2 -3 -3 -2 -2 -2 -1 -3 -3 -3 -2 -3 -4 -2  0 -2 -4 -3 -2   97   2   0   0   0   0   0   0   0   0   0   0   0   0   0   1   0   0   0   0  1.17 0.28
  107 R   -3  8 -2 -3 -5 -1 -2 -4 -2 -5 -4  0 -3 -5 -4 -3 -2 -5 -4 -4    0  98   0   0   0   0   0   0   0   0   0   0   0   0   0   0   2   0   0   0  1.78 0.32
  108 T   -2 -1 -2 -3 -3 -2 -3 -3 -3 -3 -3 -2 -2 -4 -3  0  7 -4 -3 -2    0   2   0   0   0   0   0   0   0   0   0   0   0   0   0   1  96   0   0   0  1.41 0.32
  109 R   -3  8 -2 -3  0 -1 -2 -4 -2 -5 -4  0 -3 -5 -4 -2 -3 -5 -4 -4    0  97   0   0   2   0   0   0   0   0   0   0   0   0   0   1   0   0   0   0  1.75 0.32
  110 K   -2  2 -2 -2 -5  0 -1 -2 -2 -4 -4  7 -3 -5 -3 -2 -2 -5 -3 -4    0   8   0   0   0   0   0   2   0   0   0  90   0   0   0   0   0   0   0   0  1.29 0.27
  111 G   -1 -4 -2 -3 -4 -3 -4  7 -4 -6 -5 -3 -4 -5 -4 -2 -3 -4 -5 -5    0   0   0   0   0   0   0  99   0   0   0   0   0   0   0   1   0   0   0   0  1.81 0.28
  112 P   -2 -1 -3 -3 -4 -3 -3 -3 -4 -4 -4 -1 -4 -5  8 -2 -1 -5 -5 -3    2   4   0   0   0   0   0   1   0   0   0   3   0   0  86   0   3   0   0   1  2.13 0.29
  113 R    0  5 -1 -2 -4  0 -1 -3 -2 -3 -3  5 -3 -4 -3 -1 -2 -4 -3 -2    9  42   0   0   0   0   0   0   0   0   0  46   0   0   0   1   0   0   0   2  0.86 0.20
  114 K   -2  5 -2 -2 -5  1 -1 -3 -2 -4 -3  5 -3 -4 -2 -2 -2 -4 -3 -3    0  46   0   0   0   3   0   0   0   0   1  47   0   0   1   0   0   0   0   2  0.99 0.22
  115 T    1 -2 -1 -3 -2 -1 -2 -2 -3 -2 -2 -2 -1 -4  1  0  6 -4 -3 -2   10   1   0   0   0   3   0   1   0   0   1   0   1   0   6   1  75   0   0   0  0.87 0.23
  116 V   -2 -4 -4 -4 -2 -3 -4 -5 -4  4  0 -4  1 -2 -3 -3 -1 -4 -3  5    0   0   0   0   0   0   0   0   0  33   0   0   2   0   0   0   1   0   0  63  0.86 0.20
  117 A    5 -3 -3 -3 -2 -2 -2  2 -3 -3 -3 -2 -2 -4 -2  0 -1 -4 -3 -1   76   0   0   0   0   0   0  17   0   0   0   0   1   0   0   4   0   0   0   2  0.82 0.21
  118 G    0 -1  3 -2 -3 -2 -2  5 -2 -3 -4 -1 -3 -4 -3 -1 -2 -4 -4 -2    5   3  23   0   0   0   0  59   0   1   0   3   0   0   0   0   1   0   0   5  0.83 0.17
  119 K   -2  2 -2 -2 -5  0 -1 -3 -2 -4 -4  7 -2 -5 -3 -1 -2 -5 -3 -4    0   4   0   0   0   0   0   1   0   0   0  92   0   0   0   2   0   0   0   0  1.30 0.28
  120 K   -2  2 -2 -2 -5  0 -1 -3 -2 -4 -4  7 -3 -5 -3 -2 -2 -5 -3 -4    0   8   0   0   0   0   0   0   0   0   0  91   0   0   0   1   1   0   0   0  1.32 0.28
  121 K   -2  1 -2 -2 -5  0 -1 -3 -2 -4 -4  7 -3 -5 -2 -2 -1 -5 -4 -4    1   1   0   0   0   0   0   0   0   0   0  95   0   0   1   0   2   0   0   0  1.35 0.29
  122 A    5 -2 -2 -3 -1 -2 -2 -1 -3 -1 -2 -2 -2 -3  3  0 -1 -4 -3  0   75   0   0   0   0   0   0   0   0   2   0   0   0   0  15   2   1   0   0   4  0.63 0.12
  123 P    0 -2 -1 -2 -3 -2 -2  3 -3 -3 -3 -1 -2 -4  5  0  2 -4 -3 -2    6   2   0   0   0   0   0  34   0   0   0   1   0   0  31   1  24   0   0   1  0.69 0.08
  124 R   -1  4 -1 -2 -3  0  0  0 -1 -3 -3  4 -1 -4 -2  0 -1 -3 -2 -3    2  28   0   0   0   0   0   9   0   0   0  49   2   0   0   9   1   0   0   1  0.51 0.08
  125 K   -1  2 -1 -1 -4  1  0 -2 -1 -4 -3  6 -2 -4 -2 -1 -1 -4 -3 -3    0   0   0   0   0   0   0   0   0   0   0 100   0   0   0   0   0   0   0   0  0.91 0.12

                      K         Lambda
Standard Ungapped    0.1351     0.3182
Standard Gapped      0.0655     0.2670
PSI Ungapped         0.2147     0.3158
PSI Gapped           0.0655     0.2670
