
Last position-specific scoring matrix computed, weighted observed percentages rounded down, information per position, and relative weight of gapless real matches to pseudocounts
           A  R  N  D  C  Q  E  G  H  I  L  K  M  F  P  S  T  W  Y  V   A   R   N   D   C   Q   E   G   H   I   L   K   M   F   P   S   T   W   Y   V
    1 G    0 -2  0 -1 -2 -1 -1  3 -2 -3 -4 -1 -2 -3 -2  5  0 -4 -3 -3    0   0   0   0   0   0   0  22   0   0   0   0   0   0   0  78   0   0   0   0  0.66 0.12
    2 K   -2  0  1  0 -4  3  0 -2  6 -4 -3  3 -2 -3 -2 -1 -2 -3  0 -3    0   0   7   4   0  23   0   0  40   0   0  26   0   0   0   0   0   0   0   0  0.66 0.10
    3 K   -2  1  1 -2 -4  0  0 -3 -2 -3 -2  6 -2 -4 -2 -1 -2 -4 -3 -3    0   0   7   0   0   0   2   0   0   0   4  87   0   0   0   0   0   0   0   0  0.90 0.18
    4 S    0 -2 -1 -2 -2 -1 -1  0 -2 -2 -2 -1  1 -3  3  3  4 -3 -3 -2    0   0   0   0   0   0   0   5   0   0   0   2   5   0  14  35  38   0   0   0  0.49 0.12
    5 K   -2 -1 -2 -3 -3 -2 -2 -3 -2 -1  1  3 -1  6 -3 -1 -2 -1  1 -1    0   0   0   0   0   0   0   0   0   0  13  28   0  50   0   6   0   0   0   3  0.49 0.13
    6 A    1  4 -1 -2 -3 -1 -1  2 -2 -1 -2  1 -2 -2  0  0 -1 -3 -2 -2   18  37   0   0   0   0   0  23   0   6   0   4   0   2   4   6   0   0   0   0  0.34 0.09
    7 T   -1  1 -2 -2 -2  2 -1 -3 -2  2  0  2  0 -2 -2 -1  2 -3  0  1    0   7   0   0   0  12   0   0   0  28   5  19   2   0   0   1  17   0   3   6  0.16 0.07
    8 K   -2  1 -1 -2 -4  0  0 -3 -2 -4 -4  7 -3 -4 -2 -1 -2 -4 -3 -4    0   0   0   0   0   0   0   0   0   0   0 100   0   0   0   0   0   0   0   0  1.19 0.22
    9 K   -1  3 -1 -2 -3  3  0 -3 -1  0  0  3  0 -1 -2 -1 -1 -3 -2  0    0  21   0   0   0  18   0   0   0   9  13  25   2   3   0   1   1   0   0   8  0.25 0.07
   10 R   -2  5 -1 -2  0  0 -1 -3  1 -1 -1  3 -1  2 -3 -1 -1 -2 -1 -2    0  46   0   0   3   0   0   0   4   4   5  20   0  15   0   0   4   0   0   0  0.42 0.10
   11 L   -2 -3 -4 -4 -2  0 -3 -5 -4  1  5 -3  1  0 -4 -3 -2 -3 -2  0    0   0   0   0   0   5   0   0   0   0  95   0   0   0   0   0   0   0   0   0  0.80 0.15
   12 A    4 -2 -1 -2 -2 -2 -2  2 -2 -1 -2 -2 -2 -3  0  0 -1 -3 -3 -1   70   0   2   0   0   0   0  17   0   3   0   0   0   0   4   2   0   0   0   2  0.53 0.12
   13 K   -2  2 -1 -2 -4  0  1 -3 -2 -4 -4  6 -2 -4 -2 -1 -2 -4 -3 -3    0   4   0   0   0   0   4   0   0   0   0  92   0   0   0   0   0   0   0   0  1.01 0.18
   14 L    3  0 -2 -2 -2 -1 -1 -1 -2 -2  0  3 -1 -3 -2  0 -1 -3 -1 -1   47   0   0   0   0   0   0   0   0   0  12  38   0   0   0   2   0   0   2   0  0.35 0.11
   15 D    0  0  0  0  1  3  2 -2  2  0  0  0  1 -2 -2 -1 -1 -3 -1 -1   10   3   2   3   4  26  12   0   9   6  14   3   5   0   0   0   0   0   2   0  0.16 0.06
   16 N   -2  4  1 -1 -4  0  0 -2  1 -3 -3  5 -2 -4 -2 -1 -1 -4 -2 -2    0  24   6   2   0   0   2   0   3   0   0  60   0   0   0   0   0   0   0   3  0.65 0.12
   17 Q   -1  0 -1 -1 -4  7  1 -3 -1 -4 -3  0 -2 -4 -2  0 -2 -3 -3 -2    3   2   0   0   0  84   2   0   0   0   0   0   0   0   0   7   0   0   0   3  1.04 0.20
   18 N   -3 -2  7  0 -4 -1 -1 -2  0 -4 -5 -1 -3 -4 -3 -1 -1 -4  0 -4    0   0  96   0   0   0   0   0   0   0   0   0   0   0   0   0   0   0   4   0  1.36 0.21
   19 S   -1  5  0 -2 -1  1 -1 -2  3 -4 -3  1 -2 -3 -2  2 -1 -4 -2 -3    0  53   1   0   1   3   0   0  11   0   0   3   0   0   0  26   2   0   0   0  0.61 0.12
   20 R   -1  4 -2 -2 -4 -1 -2 -1 -2 -4 -4  0 -3 -4  7 -1 -2 -4 -3 -3    3  32   0   0   0   0   0   3   0   0   0   0   0   0  58   4   0   0   0   0  1.27 0.15
   21 V   -1 -3 -4 -4 -2 -3 -3 -4 -4  4  1 -3  1 -1 -3 -3  0 -3 -2  4    0   0   0   0   0   0   0   0   0  40   9   0   3   0   0   0   3   0   0  46  0.54 0.11
   22 P   -2 -3 -3 -3 -4 -3 -2 -3 -4 -4 -4 -2 -4 -5  8 -2 -2 -5 -4 -4    0   0   0   0   0   0   0   0   0   0   0   0   0   0 100   0   0   0   0   0  2.53 0.23
   23 A    2 -1  1 -2 -2  4  0 -2  2 -1 -1  0 -1 -3 -1  0  0 -3 -1  0   25   0   7   0   0  38   0   0   7   4   4   0   0   0   1   0   5   0   2   8  0.27 0.09
   24 W   -4 -4 -5 -6 -4 -4 -5 -4 -4 -4 -3 -5 -3 -1 -5 -4 -4 12  1 -5    0   0   0   0   0   0   0   0   0   0   0   0   0   0   0   0   0 100   0   0  3.55 0.32
   25 V   -1 -3 -4 -4  1 -3 -4 -4 -3  3  0 -3  0  4 -3 -3 -1 -2  0  4    3   0   0   0   3   0   0   0   0  28   0   0   0  24   0   0   0   0   0  42  0.46 0.10
   26 M   -2  4 -2 -3 -3  2 -1 -3 -2  2  0  0  3 -2 -1 -2 -2 -3 -2  0    0  42   0   0   0  10   0   0   0  26   0   0  15   0   2   0   0   0   0   4  0.40 0.11
   27 L   -2 -3 -4 -4 -2 -2 -3 -4 -3  2  3 -3  6  0 -3 -3 -2 -2  0  1    0   0   0   0   0   0   0   0   0  15  33   0  40   0   0   0   0   0   4   8  0.54 0.12
   28 K   -2  4 -1 -2 -4  0  0 -3 -2 -4 -3  6 -2 -4 -2 -1 -2 -4 -3 -3    0  20   0   0   0   0   0   0   0   0   0  80   0   0   0   0   0   0   0   0  0.95 0.17
   29 T    0 -2 -1 -2 -2 -2 -2 -3 -3 -2 -2 -2 -2 -3 -2  1  6 -4 -3 -1    4   0   0   0   0   0   0   0   0   0   0   0   0   0   0   5  92   0   0   0  0.97 0.19
   30 D   -1 -1  4  4 -4  0  0  3 -1 -4 -4  0 -3 -4 -2  0 -1 -4 -3 -4    0   3  25  34   0   2   0  32   0   0   0   4   0   0   0   2   0   0   0   0  0.63 0.10
   31 E   -1  6  1 -2 -4  2  0 -2 -1 -4 -3  1 -2 -4 -3 -1  0 -4 -3 -3    2  70   7   0   0   8   1   2   0   0   0   2   0   0   0   0   7   0   0   0  0.79 0.13
   32 R   -2  3 -1 -3 -3 -1 -1 -3  0 -3 -2  2 -2  2 -3 -1 -1  0  6 -2    0  20   2   0   0   0   2   0   0   0   2  17   0   4   0   3   1   0  49   0  0.61 0.12
   33 N   -2 -1  7  1 -4 -1 -1 -2  5 -4 -4 -1 -3 -4 -3  0 -1 -5 -2 -4    0   0  73   4   0   0   0   0  19   0   0   0   0   0   0   4   0   0   0   0  1.06 0.17
   34 H    2 -2 -2 -2 -2 -1 -2 -2  1 -2 -3 -1 -1  0  5  2 -1 -3 -2 -1   23   0   0   0   0   0   0   0   4   0   0   2   1   7  40  20   0   0   0   2  0.69 0.10
   35 K   -2  1  0 -2 -4  0  0 -3  0 -3 -1  6 -2 -4 -2 -1 -1 -4 -3 -3    0   2   2   0   0   0   0   0   2   0   7  85   0   0   0   0   2   0   0   0  0.79 0.16
   36 R   -3  7 -2 -3 -5  0 -1 -4 -1 -4 -3  1 -3 -4 -3 -2 -2 -4 -3 -4    0 100   0   0   0   0   0   0   0   0   0   0   0   0   0   0   0   0   0   0  1.45 0.20
   37 R   -2  7 -1 -3 -4  0 -1 -2 -1 -4 -3  1 -2 -4 -3 -2 -1 -4 -3 -4    0  93   0   0   0   0   0   3   0   0   0   0   0   0   0   0   4   0   0   0  1.24 0.19
   38 H   -2 -1  4  0 -4  0 -1 -2  8 -4 -4 -1 -3 -3 -3  0 -2 -4  0 -4    0   0  31   2   0   2   0   0  59   0   0   0   0   0   0   5   0   0   0   0  1.09 0.17
   39 W   -4 -4 -6 -6 -4 -4 -5 -4 -4 -4 -3 -5 -3 -1 -5 -4 -4 12  1 -5    0   0   0   0   0   0   0   0   0   0   0   0   0   0   0   0   0 100   0   0  3.56 0.31
   40 R   -3  7  0 -3 -5  0 -1 -3 -1 -4 -3  1 -3 -4 -3 -2 -2 -4 -3 -4    0  96   4   0   0   0   0   0   0   0   0   0   0   0   0   0   0   0   0   0  1.33 0.19
   41 R   -2  7 -1 -3 -5  0 -1 -3  1 -4 -3  2 -2 -4 -3 -2 -2 -4 -3 -4    0  94   0   0   0   0   0   0   3   0   0   3   0   0   0   0   0   0   0   0  1.28 0.18
   42 N   -1  0  3 -1 -2 -1 -1 -1 -2 -2 -3 -1 -2 -3 -2  2  4 -4 -3 -2    0   5  23   0   0   0   0   3   0   0   0   0   0   0   0  16  53   0   0   0  0.52 0.11
   43 D   -1  1  2  3 -3  0  0 -2 -1 -3 -3  4 -2 -4 -2  1 -1 -4 -3 -2    0   2   9  26   0   0   0   0   0   0   0  49   0   0   0  12   0   0   0   3  0.49 0.10
   44 T   -2 -3 -3 -4 -2 -3 -3 -4 -3  1  4 -3  2 -1 -3 -2  1 -2 -2  0    0   0   0   0   0   0   0   0   0   2  78   0   6   0   0   0  15   0   0   0  0.57 0.11
   45 D   -2  0  3  4 -4  0  1 -2 -1 -4 -4  3 -3 -4  0  0 -1 -4 -3 -3    0   0  19  34   0   0   5   0   0   0   0  39   0   0   2   0   0   0   0   0  0.55 0.07
   46 E   -1  0  0  2 -4  2  5 -2  0 -4 -3  1 -2 -4 -1  0 -1 -3 -2 -3    0   0   0   0   0   0 100   0   0   0   0   0   0   0   0   0   0   0   0   0  0.79 0.02

                      K         Lambda
Standard Ungapped    0.1245     0.3125
Standard Gapped      0.0415     0.2670
PSI Ungapped         0.1344     0.2981
PSI Gapped           0.0415     0.2670
