
Last position-specific scoring matrix computed, weighted observed percentages rounded down, information per position, and relative weight of gapless real matches to pseudocounts
           A  R  N  D  C  Q  E  G  H  I  L  K  M  F  P  S  T  W  Y  V   A   R   N   D   C   Q   E   G   H   I   L   K   M   F   P   S   T   W   Y   V
    1 M   -4 -5 -5 -6 -4 -4 -5 -6 -5  2  0 -4 10 -3 -6 -5 -4 -5 -4 -2    0   0   0   0   0   0   0   0   0  12   5   0  83   0   0   0   0   0   0   0  2.28 0.54
    2 K   -2  2  3  1 -5  0  2 -3 -1 -5 -4  5 -2 -5 -3  0 -2 -5 -4 -4    1   8  17   9   0   3  11   0   1   0   1  40   1   0   0   7   0   0   0   0  0.69 0.27
    3 M   -2  0  4  2 -3  0  0 -3  1 -3 -1  2  3 -4 -1  1 -1 -5 -3 -3    2   4  26  11   0   3   6   0   3   1   6  14   9   0   2  13   1   0   0   0  0.41 0.22
    4 L   -3 -5 -5 -6 -4 -3 -5 -6 -5  3  5 -5  4  1 -5 -3 -3 -4  0  0    1   0   0   0   0   1   0   0   0  20  54   0  10   6   0   1   1   0   3   4  0.96 0.34
    5 E    0  0  2  1 -4  1  3 -2  0 -3 -3  2 -2 -5 -1  1  0 -5 -4 -2    5   3  10   7   0   5  27   1   2   2   2  16   0   0   2  12   4   0   0   2  0.40 0.20
    6 Q   -1  4  0  0 -5  2  4 -3 -2 -3 -3  2 -3 -5 -3 -1 -1 -5 -3 -3    4  21   4   4   0   8  35   1   0   2   2  10   0   0   1   3   3   0   0   1  0.63 0.28
    7 L   -5 -6 -7 -7 -5 -6 -6 -7 -6  0  6 -6 -1  4 -6 -6 -5 -4 -3 -1    0   0   0   0   0   0   0   0   0   3  80   0   0  14   0   0   0   0   0   2  1.57 0.49
    8 E   -2 -3 -3 -2  2  5  6 -5 -2 -6 -4 -2  0 -5 -3 -1 -3 -6 -1 -4    2   0   0   0   4  28  53   0   1   0   1   1   2   0   1   4   1   0   2   1  1.28 0.48
    9 K   -2  4  1  0 -5  2  3 -2  0 -4 -5  4 -4 -5 -3 -1 -2 -5 -3 -5    3  21   6   4   0   8  19   2   1   1   0  28   0   0   0   4   2   0   1   0  0.66 0.28
   10 K   -1  4  0 -3 -3  0 -1 -3 -2  0 -2  5 -2 -5 -4 -1 -1 -5 -3 -1    5  20   5   0   1   3   1   1   1   7   4  41   1   0   0   2   4   0   1   3  0.63 0.28
   11 L   -4 -6 -6 -7 -4 -6 -6 -7 -6  6  4 -6 -1 -3 -6 -5 -2 -5 -4 -1    0   0   0   0   0   0   0   0   0  52  45   0   1   0   0   0   1   0   0   1  1.49 0.46
   12 G   -3 -4  2  0 -5 -2 -3  7 -3 -7 -7 -2 -6 -7 -5 -2 -4 -6 -6 -6    1   0   8   5   0   2   2  78   1   0   0   2   0   0   0   2   0   0   0   0  1.70 0.50
   13 Y   -6 -6 -5 -7 -6 -6 -6 -7  3 -1 -4 -6 -5  0 -7 -6 -5 -2 10 -1    0   0   0   0   0   0   0   0   5   4   1   0   0   1   0   0   0   0  85   4  2.76 0.73
   14 T   -2  1  0 -1 -1  3  1 -4  3 -2 -4  1 -3 -2 -3  0  3 -4 -1 -2    2   8   3   2   1  17   9   0   7   1   0  10   0   2   1   6  26   0   2   3  0.43 0.24
   15 F   -7 -7 -7 -8 -4 -8 -8 -7 -5 -4 -4 -7 -4  9 -8 -7 -6 -1  0 -5    0   0   0   0   0   0   0   0   0   0   0   0   0  98   0   0   0   1   1   0  3.16 0.77
   16 K   -1  1  3 -2 -5  3  0 -3  1 -4 -5  5 -4 -5 -4  0  0 -5 -4 -4    4   7  15   1   0  14   3   0   3   1   0  41   0   0   0   5   5   0   0   0  0.78 0.33
   17 D   -3 -3  6  6 -4  2  0 -4  0 -6 -7 -2 -5 -6 -5 -2 -3 -7 -5 -6    1   1  34  45   0   8   4   0   2   0   0   1   0   0   0   2   1   0   0   0  1.42 0.46
   18 K   -2  1 -2 -2 -4  2  1 -3 -1  1  0  4 -2 -1  3 -2 -2 -3 -3 -1    3   5   0   2   0  10   7   1   1   9   8  31   0   3  13   2   2   0   0   3  0.38 0.21
   19 S    0  0  2  2 -4  0  3  0  0 -4 -4  2 -3 -5 -3  2  0 -5 -4 -3    9   4   9  14   0   3  20   5   2   1   0  12   0   0   0  17   4   0   0   1  0.40 0.20
   20 L   -5 -3 -3 -7 -5 -4 -6 -7 -3  0  6 -5 -1 -1 -6 -6 -4 -3  1 -2    0   1   1   0   0   1   0   0   1   2  85   0   0   2   0   0   1   0   5   0  1.52 0.49
   21 L   -5 -6 -7 -7 -5 -5 -6 -7 -6  1  6 -6  2 -1 -6 -6 -4 -5 -4 -1    0   0   0   0   0   0   0   0   0   8  85   0   4   2   0   0   0   0   0   2  1.66 0.50
   22 E   -2  1  0 -1 -2  2  3 -3  1  0  0  3 -1 -2 -3 -1  0 -3 -2 -1    2   5   4   2   1   9  21   0   3   7   9  22   1   1   0   1   6   0   1   5  0.28 0.17
   23 K   -2  0  1 -2 -4  5  2 -4  0 -2  2  1 -1 -4 -4 -2  1 -3 -3 -2    2   5   6   0   0  28  15   0   2   2  20   7   1   0   0   1   8   0   0   1  0.46 0.26
   24 A    7 -5 -5 -6 -4 -5 -5 -3 -6 -5 -5 -5 -5 -6 -5 -2 -4 -7 -6 -4   98   0   0   0   0   0   0   0   0   0   0   0   0   0   0   1   0   0   0   0  2.19 0.67
   25 L   -5 -5 -7 -7 -3 -5 -6 -7 -6  0  6 -6  3  0 -6 -6 -4 -5 -4 -1    0   0   0   0   1   0   0   0   0   4  83   0   8   3   0   0   0   0   0   2  1.58 0.48
   26 T   -3 -2 -3 -5 -5 -4 -5 -5 -5 -1 -4 -4  0 -6 -5  0  8 -6 -3 -2    0   2   0   0   0   0   0   0   0   3   0   0   2   0   0   4  86   0   1   2  1.94 0.62
   27 H   -6 -5 -4 -6 -8 -4 -5 -7 11 -8 -8 -5 -6 -6 -7 -5 -6 -7 -3 -8    0   0   0   0   0   0   0   0 100   0   0   0   0   0   0   0   0   0   0   0  4.00 0.91
   28 V   -3  6 -3 -4 -5 -2 -3 -4 -4 -4 -5  2 -4 -6 -2  4  0 -6 -5 -2    0  40   0   0   0   0   0   0   0   1   0  11   0   0   2  39   5   0   0   3  1.13 0.44
   29 S   -3 -5 -3 -4 -5 -4 -4 -4 -5 -6 -6 -4 -5 -6 -5  7 -2 -7 -6 -6    0   0   0   0   0   0   0   0   0   0   0   0   0   0   0  99   0   0   0   0  2.31 0.72
   30 Y    0 -3 -4 -5  1 -4 -4 -4  0 -3 -3 -4 -2  4 -4 -3 -3  1  8 -1   10   1   0   0   3   0   1   1   2   0   1   1   1  19   0   1   1   1  51   5  1.36 0.40
   31 S    5 -2 -3 -3 -3 -3 -3  1 -4 -3 -4  1 -4 -4 -3  2 -1 -5 -4 -1   57   1   0   1   0   0   1   8   0   1   1   8   0   0   1  15   3   0   0   3  0.80 0.34
   32 K   -2 -2  7 -2 -5 -1 -3  1  2 -5 -4  2 -4 -3 -4  0 -2 -5  0 -3    3   1  50   0   0   2   0  12   5   0   1  12   0   1   0   7   1   0   4   1  0.97 0.37
   33 K   -2  1 -2 -1 -5  0  6  0 -2 -4 -5  2 -3 -5  1 -1 -2 -5 -4 -4    3   6   1   2   0   2  52   6   1   1   0  14   1   0   6   4   1   0   0   0  0.84 0.33
   34 E   -1  1  2 -1 -3  2  1 -2  4 -2 -2  3 -2 -2 -2 -1 -1 -3  2 -2    3   5  10   2   0   9  10   2  14   2   3  21   1   1   1   3   2   0   9   3  0.35 0.16
   35 H   -4 -1  6  1 -3 -2 -3 -4  8 -6 -6 -2 -5 -5 -5  1 -4 -6  1 -6    0   4  34   6   1   1   0   0  35   0   0   2   0   0   0  12   0   0   5   0  1.43 0.47
   36 Y   -6 -5  9 -3 -7 -4 -4 -5 -3 -7 -7 -4 -6 -5 -6 -4 -4 -6  4 -7    0   0  88   0   0   0   0   0   0   0   0   0   0   0   0   0   0   0  12   0  2.60 0.71
   37 E   -5 -4 -4 -2 -8 -1  8 -6 -4 -7 -7 -3 -6 -7 -5 -4 -5 -7 -6 -7    0   0   0   0   0   2  98   0   0   0   0   0   0   0   0   0   0   0   0   0  2.57 0.73
   38 T   -5  8 -4 -6 -7 -3 -4 -6 -4 -4 -6  0 -5 -7 -6 -5 -2 -7 -6 -3    0  92   0   0   0   0   0   0   0   1   0   3   0   0   0   0   2   0   0   2  2.45 0.67
   39 L   -5 -6 -7 -7 -5 -4 -6 -7 -6 -1  7 -6 -1 -2 -7 -6 -5 -5 -5 -2    0   0   0   0   0   1   0   0   0   1  97   0   1   1   0   0   0   0   0   0  1.97 0.57
   40 E   -5 -4 -4 -2 -8 -2  8 -6 -4 -7 -7 -3 -6 -7 -5 -4 -5 -7 -6 -7    0   0   0   0   0   0 100   0   0   0   0   0   0   0   0   0   0   0   0   0  2.64 0.74
   41 F   -6 -7 -7 -8 -7 -7 -7 -7 -5 -4 -3 -7 -4  9 -8 -7 -6 -3  0 -5    0   0   0   0   0   0   0   0   0   0   1   0   0  97   0   0   0   0   2   0  3.11 0.75
   42 L   -5 -6 -7 -7 -5 -6 -7 -7 -7 -2  7 -6 -1 -3 -7 -6 -5 -5 -5 -3    0   0   0   0   0   0   0   0   0   0 100   0   0   0   0   0   0   0   0   0  2.11 0.60
   43 G   -4 -6 -4 -5 -7 -6 -6  8 -6 -8 -8 -5 -7 -7 -6 -4 -6 -6 -7 -7    0   0   0   0   0   0   0 100   0   0   0   0   0   0   0   0   0   0   0   0  2.65 0.67
   44 D   -6 -6 -3  9 -8 -4 -2 -5 -5 -7 -8 -5 -7 -8 -6 -4 -5 -9 -7 -7    0   0   0 100   0   0   0   0   0   0   0   0   0   0   0   0   0   0   0   0  2.93 0.75
   45 A    5 -4 -4 -4 -4 -4 -4 -3 -5 -5 -5 -4 -5 -6 -4  5 -2 -6 -5 -3   49   0   0   0   0   0   0   1   0   0   0   0   0   0   0  49   0   0   0   1  1.43 0.52
   46 L   -3 -6 -6 -6 -4 -6 -6 -7 -6  5  0 -6 -2 -4 -6 -5 -3 -6 -4  6    0   0   0   0   0   0   0   0   0  33   8   0   0   0   0   0   0   0   0  59  1.52 0.47
   47 V   -5 -6 -7 -7 -5 -5 -6 -7 -6  0  6 -6  1 -3 -6 -6 -4 -5 -4  1    0   0   0   0   0   0   0   0   0   2  89   0   2   0   0   0   0   0   0   7  1.72 0.52
   48 N   -3 -3  4  2 -5  1  3  3 -3 -6 -6 -3 -5 -6 -4  3 -3 -6 -5 -5    0   0  22  11   0   5  21  19   0   0   0   0   0   0   0  23   0   0   0   0  0.80 0.33
   49 F   -4 -5 -6 -6 -2 -5 -6 -6 -4  2  4 -5  3  5 -6 -4 -4 -2  1  0    0   0   0   0   1   0   0   0   0  12  40   0   8  30   0   1   0   0   4   4  1.04 0.35
   50 F   -2 -5 -5 -6  0 -5 -5 -6 -6  5 -1 -5 -1 -1 -5 -3  0 -5 -4  6    3   0   0   0   2   0   0   0   0  28   2   0   1   3   0   1   7   0   0  54  1.14 0.39
   51 I   -1 -5 -5 -5 -3 -5 -5 -5 -5  6 -2 -5 -1 -4 -5  2  0 -6 -4  4    3   0   0   0   0   0   0   0   0  45   0   0   1   0   0  18   5   0   0  28  1.02 0.38
   52 V    4 -4 -3 -4 -4 -3 -4  2 -4 -4 -5 -3 -4 -5 -4  5  0 -6 -5 -1   37   0   0   0   0   0   0  13   0   0   0   0   0   0   0  40   5   0   0   4  0.96 0.40
   53 D   -3 -3  2  5 -5 -1  6 -4  0 -4 -5 -1 -5 -6 -4 -3 -2 -6 -4 -4    1   1  10  28   0   1  48   0   2   1   0   3   0   0   0   1   2   0   1   1  1.17 0.41
   54 L    2 -4 -3 -1 -4 -2 -1 -4  2 -1 -1 -3 -2  4 -5 -3 -3 -1  7 -3   20   0   1   4   0   2   4   0   4   4   4   0   1  16   0   0   1   0  39   1  0.92 0.35
   55 L   -5 -6 -7 -7 -5 -6 -6 -7 -6  1  6 -6  1  0 -6 -6 -4 -5 -4 -2    0   0   0   0   0   0   0   0   0   7  88   0   2   2   0   0   0   0   0   1  1.70 0.51
   56 V   -5 -6 -6 -7 -6 -6 -6 -7 -3 -1 -3 -6 -2  7 -7 -6 -5 -2  8 -1    0   0   0   0   0   0   0   0   0   3   1   0   1  44   0   0   0   0  48   4  2.14 0.58
   57 Q   -1  2  1 -1 -3  2  2 -3  6 -3 -2  2 -3 -1 -4 -1 -1 -4 -1 -3    3  11   7   2   1  12  11   1  21   2   5  15   0   2   0   3   2   0   1   0  0.48 0.23
   58 Y   -1  4  2 -2 -4  2  1 -3  3 -4 -3  3 -1 -4 -4 -2  0 -5 -1 -3    4  22  11   1   0  11   8   1   7   0   1  24   1   0   0   1   5   0   2   1  0.56 0.25
   59 S   -5 -2 -1 -5  0 -4 -3 -6  3 -4 -2 -4 -3  8 -6 -3 -5 -2  6 -4    0   2   3   0   2   0   2   0   6   0   2   1   0  56   0   2   0   0  23   0  1.66 0.49
   60 P   -2 -2 -3 -4 -5 -2 -1 -4 -5 -4 -5  1 -5 -6  8 -2 -1 -7 -3 -5    2   2   1   0   0   1   3   1   0   1   1  10   0   0  70   3   4   0   1   0  1.90 0.53
   61 N   -3  1  3  3 -4  3  2 -2  3 -5 -4  3 -4 -4 -4 -1 -1 -5 -2 -4    1   5  14  17   0  12  12   2   7   0   1  21   0   0   0   3   4   0   1   0  0.57 0.25
   62 K    1 -1 -2 -2  1 -1  0 -3 -1  0  1  1  3  0 -3  0 -1 -2  0  1   17   1   1   1   3   1   5   0   2   4  17  10  11   3   0   6   2   0   3  12  0.14 0.13
   63 R   -1  2  3  2 -5 -1 -2 -3 -2 -5 -5  1 -4 -6  5  0 -1 -6 -5 -4    4  12  15  10   0   3   1   1   0   0   0   8   0   0  34   7   3   0   0   0  0.84 0.31
   64 E   -5 -4 -4 -2 -8 -2  8 -6 -4 -7 -7 -3 -6 -7 -5 -4 -5 -7 -6 -7    0   0   0   0   0   0 100   0   0   0   0   0   0   0   0   0   0   0   0   0  2.64 0.74
   65 G   -4 -6 -4 -5 -7 -6 -6  8 -6 -8 -8 -5 -7 -7 -6 -4 -6 -6 -7 -7    0   0   0   0   0   0   0 100   0   0   0   0   0   0   0   0   0   0   0   0  2.65 0.67
   66 F   -3  0 -2  5 -6  3  5 -4 -1 -4 -5  1 -4 -2 -4 -2 -3 -3 -2 -3    1   4   1  29   0  11  37   1   1   1   0   8   0   2   0   1   0   0   1   2  0.91 0.35
   67 L   -5 -6 -7 -7 -5 -5 -6 -7 -6 -2  6 -6  5 -3 -6 -6 -5 -5 -5 -3    0   0   0   0   0   0   0   0   0   0  85   0  15   0   0   0   0   0   0   0  1.86 0.55
   68 S   -1 -4 -3 -4 -4 -4 -4 -4 -5 -5 -5 -4 -5 -6 -4  5  6 -6 -5 -4    5   0   0   0   0   0   0   0   0   0   0   0   0   0   0  49  46   0   0   0  1.53 0.54
   69 P   -4  6 -4 -4 -7  0 -3 -5 -4 -6 -6  6 -5 -6 -1 -3 -4 -6 -5 -4    0  45   0   0   0   3   0   0   0   0   0  48   0   0   3   1   0   0   0   1  1.65 0.52
   70 L   -2 -3 -4 -6 -4 -4 -5 -6 -3  3  4 -1  7 -1 -5 -4  0 -1  0  0    2   1   0   0   0   0   0   0   0  15  35   4  29   1   0   0   5   1   3   3  0.88 0.34
   71 K   -5  8 -4 -6 -8 -3 -4 -6 -4 -7 -6  1 -5 -7 -6 -5 -5 -7 -6 -7    0  94   0   0   0   0   0   0   0   0   0   6   0   0   0   0   0   0   0   0  2.64 0.70
   72 A    7 -5 -5 -5 -4 -4 -4 -3 -5 -5 -5 -4 -5 -6 -4  3 -3 -6 -5 -4   83   0   0   0   0   0   0   0   0   0   0   0   0   0   0  17   0   0   0   0  1.74 0.57
   73 Y    1  1  0 -2 -3 -1 -2 -3 -1 -3 -2 -1 -1 -1 -3  4  3 -4  0 -2   13   7   3   1   0   1   1   1   1   0   3   2   1   3   0  33  23   0   4   2  0.46 0.26
   74 L   -3 -5 -6 -6 -4 -5 -5 -6 -5  3  5 -4  4  0 -6 -4 -4 -2 -3  1    1   0   0   0   0   0   0   0   0  17  59   0   9   2   0   1   0   0   0  10  1.08 0.36
   75 I   -4 -6 -7 -7 -5 -6 -6 -7 -7  1 -3 -6 -3 -5 -6 -6 -4 -7 -5  8    0   0   0   0   0   0   0   0   0   4   0   0   0   0   0   0   0   0   0  96  2.25 0.64
   76 S   -4  3  2 -5  9 -4 -4 -5 -5 -5 -5  2 -5 -6 -5  1 -4 -6 -5 -5    0  18  10   0  46   0   0   0   0   0   0  14   0   0   0  12   0   0   0   0  1.65 0.50
   77 E   -2 -2 -4 -2 -7  1  6  3 -4 -7 -6 -2 -5 -7 -5 -3 -3 -6 -6 -6    2   1   0   0   0   4  66  24   0   0   0   1   0   0   0   1   2   0   0   0  1.48 0.50
   78 E    0 -1  2  1 -5  1  3 -2  0 -4 -4  2 -3 -5  4 -1 -1 -5 -3 -2    6   2  10   6   0   7  18   2   3   0   0  14   0   0  22   2   4   0   0   2  0.52 0.23
   79 F    1 -4 -2 -4 -4 -3 -3 -1 -3 -2 -4 -3 -1  0 -3  4  5 -5 -2 -2   12   0   1   0   0   0   1   4   0   2   0   0   1   4   0  32  39   0   1   2  0.83 0.37
   80 F   -5 -6 -7 -7 -5 -6 -6 -7 -6 -1  6 -6 -1  3 -6 -6 -5 -5 -3 -3    0   0   0   0   0   0   0   0   0   1  87   0   0  12   0   0   0   0   0   0  1.77 0.53
   81 N    5 -4 -1 -3  0 -2 -3 -1  1 -4 -4 -3 -3 -1 -4  1 -1 -3  1 -2   60   0   3   1   2   1   1   4   4   0   0   0   0   3   0  10   3   0   6   1  0.83 0.36
   82 L   -2  1 -1  0 -3  1  4 -2 -2 -1 -1  2 -1  1 -3 -1 -2 -4  1 -1    2   6   2   3   0   4  32   3   0   4   7  16   1   6   0   4   1   0   5   4  0.31 0.19
   83 L   -2 -3 -5 -6  6 -4 -5 -5 -4  4  3 -3  0  2 -5 -4 -3 -2 -2  2    2   1   0   0  18   0   0   0   0  22  31   1   2   8   0   0   0   1   1  11  0.79 0.28
   84 A    7 -5 -5 -5 -4 -4 -4  1 -5 -5 -5 -4 -5 -6 -4  0 -2 -6 -5 -4   84   0   0   0   0   0   0   9   0   0   0   0   0   0   0   5   2   0   0   0  1.64 0.54
   85 Q   -3  6  1 -3 -6  2 -1 -3 -2 -4 -3  3 -4 -4 -5 -2 -2 -5 -3 -3    1  52   6   1   0   9   2   2   1   1   3  16   0   1   0   1   2   0   1   1  1.03 0.37
   86 K   -1  0  0  2 -4  2  4 -1 -1 -5 -4  2 -3 -4 -3  0 -1 -5 -3 -4    5   5   3  12   0   8  36   3   1   0   1  15   0   0   0   5   4   0   1   0  0.59 0.26
   87 L   -4 -5 -6 -6 -4 -5 -6 -6  0  4  4 -5  1  5 -6 -5 -4  1 -2 -1    1   0   0   0   0   0   0   0   2  30  34   0   2  27   0   0   0   2   0   1  1.08 0.36
   88 E   -2 -1  3  3 -3  1  3  1  2 -5 -5  1 -4 -5 -3  0 -2 -5 -3 -4    1   3  15  19   1   4  24  10   5   0   0   9   0   0   0   6   0   0   1   0  0.56 0.24
   89 L   -4 -6 -7 -7 -5 -5 -6 -7 -6  1  6 -6 -1  1 -6 -6 -4 -5 -4 -1    0   0   0   0   0   0   0   0   0   7  85   0   1   5   0   0   0   0   0   3  1.60 0.48
   90 H   -3 -5 -2 -2 -6 -2 -3  7  0 -7 -7 -4 -6 -6 -2  0 -4 -6 -6 -6    0   0   1   1   0   2   2  82   2   0   0   0   0   0   2   8   0   0   0   0  1.81 0.52
   91 K   -3  1  0  4 -5  1  4 -3 -3 -5 -5  3 -4 -5 -4  0 -2 -6 -4 -4    1   6   4  29   0   5  27   1   0   0   0  17   0   0   0   8   1   0   0   0  0.80 0.31
   92 F   -3 -5 -3 -6  4 -3 -5 -5  2 -4 -3 -5 -3  5 -6 -3 -4 -1  8 -4    1   0   1   0   8   1   0   0   4   0   2   0   0  21   0   2   0   0  57   1  1.82 0.53
   93 I   -4 -5 -6 -7 -4 -5 -4 -7 -6  4  6 -6  2 -3 -6 -5 -4 -5 -4 -1    0   0   0   0   0   0   1   0   0  22  71   0   4   0   0   0   0   0   0   2  1.42 0.44
   94 R   -3  4 -2 -4 -3 -1 -2 -5 -1  1  3  1  1  2 -4 -2 -3 -3  2 -2    0  24   2   0   0   2   1   0   2   7  30  10   3   9   0   2   0   0   8   1  0.47 0.24
   95 I   -5 -5 -7 -7 -5 -5 -6 -7 -4  2  6 -6  3 -2 -6 -6 -4 -5 -4 -1    0   0   0   0   0   0   0   0   0   8  83   0   7   1   0   0   0   0   0   1  1.60 0.49
   96 K   -3 -5 -4 -4 -6 -5 -5  7 -5 -7 -7 -2 -6 -6 -5  3 -3 -6 -6 -6    0   0   0   0   0   0   0  75   0   0   0   2   0   0   0  23   0   0   0   0  1.83 0.54
   97 R   -2  2  0 -3 -5  0 -1 -1  0 -4 -4  5 -2 -5  3  0  0 -5 -4 -4    2  10   4   0   0   2   3   5   3   0   1  42   1   0  14   8   4   0   0   0  0.69 0.29
   98 G   -4 -6 -4 -5 -6 -6 -6  8 -6 -8 -8 -5 -7 -7 -6 -3 -5 -6 -7 -7    0   0   0   0   0   0   0  99   0   0   0   0   0   0   0   1   0   0   0   0  2.60 0.66
   99 K   -5  4 -2 -2 -7 -2  7 -6 -4 -7 -6  0 -5 -5 -5 -4 -4 -6 -5 -6    0  24   1   0   0   0  70   0   0   0   0   4   0   0   0   0   0   0   0   0  1.78 0.57
  100 I   -3 -2 -2  1 -3 -1  5 -5 -4 -1  3  0  1 -4 -4 -3 -1 -5 -4 -2    1   1   2   8   0   1  40   0   0   3  32   4   3   0   0   0   3   0   0   1  0.69 0.32
  101 N   -5  8  0 -5 -7 -3 -4 -6 -4 -7 -6  3 -5 -7 -6 -4 -5 -7 -5 -6    0  80   4   0   0   0   0   0   0   0   0  16   0   0   0   0   0   0   0   0  2.19 0.62
  102 E   -1 -3  0  4 -5 -2  4 -4 -1 -2 -4 -1 -3 -5  4  0 -2 -6 -5 -1    4   1   4  25   0   0  26   0   1   3   1   3   1   0  19   7   2   0   0   4  0.70 0.29
  103 T   -1 -5 -3 -4 -5 -4 -4 -4 -5 -6 -6 -4 -5 -6 -5  7 -1 -7 -6 -6    2   0   0   0   0   0   0   0   0   0   0   0   0   0   0  96   2   0   0   0  2.17 0.69
  104 I   -5 -6 -4 -7 -5 -6 -7 -7 -7  8  1 -6 -1 -4 -6 -6 -2 -6 -5  1    0   0   1   0   0   0   0   0   0  83   8   0   0   0   0   0   2   0   0   5  1.93 0.55
  105 I   -4 -5 -6 -6 -4 -2 -6 -7 -6  1  6 -5 -1 -3 -6 -5  0 -5 -4  1    0   0   0   0   0   2   0   0   0   6  79   0   0   0   0   0   5   0   0   8  1.39 0.45
  106 G    5 -4 -4 -4  1 -4 -1  0 -4 -5 -5 -4 -4 -6 -4  4 -3 -6 -5 -4   58   0   0   0   2   0   3   5   0   0   0   0   0   0   0  32   0   0   0   0  1.22 0.46
  107 D   -6 -5  1  8 -2 -4 -2 -5 -5 -7 -8 -5 -7 -8 -5 -3 -5 -8 -7 -7    0   0   5  92   1   0   0   0   0   0   0   0   0   0   0   2   0   0   0   0  2.57 0.68
  108 V    6 -5 -4 -5  3 -4 -4 -2 -5 -3 -4 -4 -3 -5 -4 -1  2 -6 -5  0   67   0   0   0   6   0   0   2   0   1   0   0   0   0   0   3  12   0   0   8  1.17 0.44
  109 F   -4 -5 -6 -6 -2 -5 -6 -6 -5  0  1 -5  5  6 -6 -5 -1 -3 -2  4    0   0   0   0   1   0   0   0   0   2  12   0  13  37   0   0   4   0   0  32  1.15 0.39
  110 K   -5 -4 -4 -2 -8 -2  8 -6 -4 -7 -7 -2 -6 -7 -5 -4 -5 -7 -6 -7    0   0   0   0   0   0  99   0   0   0   0   1   0   0   0   0   0   0   0   0  2.59 0.73
  111 A    7 -5 -5 -5 -4 -4 -4 -3 -5 -5 -5 -4 -5 -6 -4  1 -4 -6 -6 -4   92   0   0   0   0   0   0   1   0   0   0   0   0   0   0   7   0   0   0   0  1.95 0.61
  112 L   -4 -5 -6 -6 -4 -5 -6 -6 -6  5  4 -5  0 -1 -5 -5 -2 -5 -4  4    0   0   0   0   0   0   0   0   0  29  36   0   1   1   0   0   1   0   0  32  1.08 0.36
  113 W   -5 -6 -6 -7 -5 -6 -6 -7 -6  7  1 -6  2  1 -6 -5 -3  3 -4  0    0   0   0   0   0   0   0   0   0  72   9   0   5   5   0   0   1   4   0   4  1.58 0.48
  114 A    3 -5 -4 -5 -5 -5 -5  7 -5 -6 -6 -5 -6 -6 -5 -3 -4 -6 -6 -5   28   0   0   0   0   0   0  72   0   0   0   0   0   0   0   0   0   0   0   0  1.82 0.53
  115 A    7 -5 -5 -5 -4 -4 -5 -1 -5 -5 -5 -4 -5 -6 -5 -1 -4 -6 -6 -4   92   0   0   0   0   0   0   4   0   0   0   0   0   0   0   3   0   0   0   0  1.92 0.60
  116 V   -4 -6 -6 -6 -3 -6 -6 -7 -6  7  0 -6  1 -3 -6 -4 -4 -6 -4  4    0   0   0   0   0   0   0   0   0  67   5   0   3   0   0   1   0   0   0  22  1.62 0.48
  117 Y   -5 -6 -6 -7 -2 -6 -6 -7 -1 -5 -5 -6 -5  4 -7 -3 -6 -2  9 -5    0   0   0   0   1   0   0   0   1   0   0   0   0  12   0   2   0   0  84   0  2.83 0.73
  118 I   -5 -4 -7 -7 -4 -4 -6 -7 -6  2  6 -6  1 -2 -6 -6 -3 -5 -4 -1    0   0   0   0   0   1   0   0   0   9  83   0   2   1   0   0   1   0   0   2  1.54 0.47
  119 D   -6 -5 -3  8 -8 -4  2 -5 -5 -7 -8 -4 -7 -8 -5 -4 -5 -8 -7 -7    0   0   0  90   0   0  10   0   0   0   0   0   0   0   0   0   0   0   0   0  2.53 0.67
  120 S    1 -3 -3 -4  1  0 -3  5 -3 -5 -5 -1 -4 -5 -4  4 -1 -5 -5 -5   13   0   0   0   3   5   0  42   0   0   0   3   0   0   0  31   3   0   0   0  0.92 0.36
  121 G   -2 -4  0 -1 -4 -3 -4  7 -4 -5 -5 -3 -4 -5 -4 -2 -4 -4 -5 -5    2   1   5   3   0   1   1  80   0   1   1   1   0   0   1   2   1   0   0   1  1.68 0.43
  122 R   -3 -1 -3 -4 -3 -3 -3 -4 -3  2  2 -3  5  5 -4 -3 -3  0  1 -1    1   4   1   1   0   1   1   1   0  14  21   1  15  29   1   1   1   1   4   1  0.67 0.23
  123 D   -1 -2 -1  5 -4  0  5 -3 -2 -3 -3 -1 -3 -4 -2 -1 -2 -4 -3 -3    4   1   2  34   0   3  37   2   0   1   2   2   0   1   2   3   2   0   1   2  0.82 0.26
  124 A    2 -1  0 -1  1  0  0 -1 -1  0  0  1  0 -1  1  0  0 -2 -1  0   20   2   4   2   3   2   6   2   1   8   9  11   2   2   8   6   5   0   1   4  0.07 0.05
  125 N    2 -1  1  0  0  0  0  0  0 -1 -1  0 -1 -1  0  0  0 -1 -1 -1   22   3   9   5   3   5   7   6   2   3   5   5   1   2   4   6   6   1   2   5  0.08 0.04
  126 F   -1  0  1 -1 -1  0  0 -1 -1  0  0  0  0  1 -1  0  2 -1  0  0    3   5   9   2   1   4   5   3   1   5   6   7   2   9   2   7  16   0   2   9  0.05 0.04
  127 T    5 -4 -3 -4  3 -2 -2 -3 -4  0 -1 -3 -2 -4 -2 -1  1 -4 -4  2   50   0   0   0   7   1   2   1   0   3   4   1   0   0   1   1   9   0   0  18  0.66 0.29
  128 R   -1  5 -2 -2 -2  1  1 -3 -1 -4 -3  4 -2 -4 -3  0  0 -4 -3 -4    3  34   1   1   1   6   7   1   1   1   1  30   1   0   0   5   5   0   0   1  0.76 0.28
  129 E   -1  1  1  2 -2  1  4 -1 -1 -3 -3  3 -3 -3 -1  0  0 -4 -3 -3    5   7   5  10   1   4  28   3   1   1   1  19   0   1   2   5   4   0   0   2  0.41 0.18
  130 L   -2 -1 -4 -4 -2 -2 -3 -4  0  3  2 -3 -1  5 -4 -3 -2 -1  1  1    2   5   0   0   1   1   1   1   2  19  17   1   1  33   1   1   1   0   5   7  0.62 0.23
  131 F   -1 -5 -5 -5 -3 -5 -5 -5 -5  6  0 -5 -1  2 -5 -3 -2 -4 -1  4    6   0   0   0   0   0   0   0   0  46   3   0   0   7   0   2   2   0   1  31  0.99 0.34
  132 Y   -2 -2 -1 -2 -3 -2 -1 -5  3  1  4 -3  1 -1 -4 -3 -2 -2  0  0    2   2   4   2   0   2   4   0   8   7  51   1   3   1   0   1   2   0   4   5  0.51 0.23
  133 K   -1  4  2  0 -4  0  0 -1  1 -4 -2  3 -1 -4 -2  1 -1 -4 -3 -4    5  24   8   5   0   3   4   5   3   0   4  23   1   0   1  10   3   0   0   0  0.40 0.19
  134 L   -3 -3  1 -5 -2 -2 -4 -5  1 -2  2 -3 -1  5 -5 -4 -3  9  1 -2    1   1   8   0   1   2   1   0   4   1  21   1   1  22   0   1   1  28   4   1  1.12 0.35
  135 F   -3 -3 -3 -4 -3 -3 -3 -3  0  1  2 -3  2  4 -3 -3 -2  3  6  0    2   1   1   1   0   1   1   1   1   6  21   1   5  20   1   1   1   3  27   5  0.69 0.23
  136 K    0  0  0  0 -2  1  1 -1  0 -1  0  2  0 -1  0  0  0 -2  0 -1    9   5   3   5   1   8  10   4   2   4   8  17   3   3   3   5   4   0   3   4  0.07 0.04
  137 E   -1 -1  0  2 -2  1  4 -2 -1 -3 -3  1 -1 -3  1  1  0 -3 -3 -2    4   3   4  11   1   5  28   2   1   1   2   9   1   1   8  10   6   0   1   2  0.34 0.14
  138 D   -1  3  0  1 -3  0  1 -2  1 -1 -2  1 -1 -1  0  0  0 -2 -1 -2    4  20   4  10   0   4  10   2   3   5   3   8   1   3   5   6   6   0   2   3  0.17 0.08
  139 I   -2  0 -3 -3  0 -2 -2 -3 -3  4  1 -2  1 -1 -3 -2 -2  0  1  2    2   5   1   1   2   2   3   2   0  37  15   2   2   1   1   2   1   1   6  13  0.38 0.16
  140 L   -2 -2 -2 -1 -3 -2  0 -4 -1  1  4 -2  0  0 -4 -3 -2 -1  0 -1    2   2   2   3   0   1   8   1   2   9  53   3   1   3   1   1   2   1   3   2  0.47 0.21
  141 S    0 -1  3  2 -2  1  2 -2 -1 -3 -3  2 -2 -4  1  0  0 -4 -2 -3    8   2  15  13   1   5  16   2   1   1   1  13   0   0   7   7   6   0   2   1  0.31 0.15
  142 A    1 -1  0  3 -3  0  2 -1  2 -2 -2  1  0 -3 -3  0  0 -4 -2 -2   16   3   4  21   0   3  13   3   6   2   3   7   3   0   0   6   6   0   1   1  0.26 0.14
  143 I   -2 -4 -4 -4 -2 -4 -3 -5 -4  6  2 -3  1 -2 -4 -3  0 -3 -2  2    3   1   0   1   1   0   1   0   0  50  17   1   3   1   0   2   5   0   1  12  0.80 0.28
  144 K   -1  0  2  3 -4  1  4 -3 -2 -2 -3  2 -2 -4 -1  1  0 -5 -4 -3    3   4   8  17   0   4  27   0   0   2   2  12   1   0   2  11   5   0   0   1  0.44 0.20
  145 E   -1 -1  1  0 -4  0  1 -2  3 -3  0  1 -1 -2  5  0 -1 -4 -2 -2    3   3   7   6   0   3   7   1   8   1  14   8   1   1  26   6   4   0   1   2  0.40 0.17
  146 G   -1 -1  1  0 -4  0  0  4  1 -3 -4  3 -3 -3 -2 -1 -1 -4 -4 -2    2   1   8   4   0   5   6  32   3   1   1  22   0   1   1   2   4   0   0   4  0.44 0.21
  147 R   -1  1  1  3 -3  2  1 -2  0  0 -2  1 -2 -2 -2  0 -1 -4 -2  0    5   7   5  17   0   8  10   1   3   7   2  12   0   1   1   7   2   0   1   9  0.18 0.11
  148 V   -1  0  1 -2 -3  0 -1 -1  0  1  2 -1  0 -1 -3  0  0 -3 -1  0    5   4   9   1   0   4   3   3   3  12  28   4   1   2   1   5   7   0   2   7  0.10 0.09
  149 K   -3 -1  0 -2 -3  4 -1 -3  0  1  0 -1  0  5 -1 -2 -2 -3  1 -1    1   2   5   2   0  21   2   1   2   8   7   4   2  31   3   2   2   0   4   3  0.47 0.24
  150 K   -3  2 -2 -4 -5  0 -1 -4 -2 -3 -1  6 -1  0 -4 -2 -2 -4  4 -4    1  10   1   0   0   2   2   0   1   1   6  53   2   4   0   1   2   0  14   1  0.91 0.36
  151 D   -6 -6 -3  9 -8 -4 -2 -5 -5 -7 -8 -5 -7 -8 -6 -4 -5 -9 -7 -7    0   0   0 100   0   0   0   0   0   0   0   0   0   0   0   0   0   0   0   0  2.93 0.75
  152 Y   -1 -5 -3 -4 -2 -4 -4 -5  0 -5 -5 -4 -5  1  5  2 -4 -3  7 -5    5   0   1   0   1   0   0   0   2   0   0   0   0   5  28  17   0   0  41   0  1.39 0.47
  153 K   -5 -2 -4 -5 -7 -3 -3 -6 -5 -7 -7  8 -5 -7 -5 -4 -5 -7 -6 -6    0   0   0   0   0   0   0   0   0   0   0 100   0   0   0   0   0   0   0   0  2.62 0.73
  154 T   -4 -5 -4 -5 -5 -5 -5 -5 -6 -5 -5 -5 -5 -6 -5  1  8 -7 -6 -4    0   0   0   0   0   0   0   0   0   0   0   0   0   0   0  10  90   0   0   0  2.26 0.69
  155 I    0  4 -2 -3 -3  1 -1 -4  0  3  0  0  0 -2 -4 -2  0 -3 -1  0    8  29   1   0   0   6   3   0   3  20   8   5   2   1   0   2   5   0   2   4  0.35 0.20
  156 L   -5 -6 -7 -7 -5 -6 -7 -7 -7 -2  7 -6 -1 -2 -7 -6 -5 -5 -5 -2    0   0   0   0   0   0   0   0   0   0  99   0   0   0   0   0   0   0   0   1  2.05 0.59
  157 Q   -5 -3 -4 -5 -7  9 -2 -6 -1 -7 -7 -3 -5 -8 -6 -4 -5 -6 -6 -7    0   0   0   0   0  99   0   0   1   0   0   0   0   0   0   0   0   0   0   0  3.03 0.84
  158 E   -5 -4 -4 -2 -8 -2  8 -6 -4 -4 -7 -2 -6 -7 -5 -4 -5 -7 -6 -6    0   0   0   0   0   0  98   0   0   1   0   1   0   0   0   0   0   0   0   0  2.54 0.72
  159 I   -3 -3 -5 -5 -2 -4 -2 -5  0  4  2 -2  1  3 -5 -4 -3  1  5  1    0   1   0   0   1   0   3   0   2  27  16   2   4  11   0   0   1   2  22   9  0.67 0.27
  160 T   -3 -5 -5 -5 -1 -4 -5 -6 -5  2  4 -5  0 -1 -5 -3  2 -5 -4  3    0   0   0   0   1   0   0   0   0  12  43   0   1   1   0   1  16   0   0  25  0.81 0.31
  161 Q   -5 -3 -4 -5 -7  9 -2 -6 -1 -7 -7 -3 -5 -8 -6 -4 -5 -6 -6 -7    0   0   0   0   0  99   0   0   1   0   0   0   0   0   0   0   0   0   0   0  3.03 0.84
  162 K    2  1 -2 -3 -4  1 -1  2 -2 -4 -5  3 -4 -5 -3  2 -2 -5 -4 -4   21   9   0   0   0   6   3  19   0   0   0  23   0   0   0  18   1   0   0   0  0.56 0.27
  163 R   -3  5  3  0 -4  0  0 -2  3 -3 -3  3 -1 -3 -4 -2 -2 -5 -3 -4    1  32  18   5   0   4   5   3   6   1   2  17   1   1   0   2   2   0   0   1  0.64 0.27
  164 W   -1  1 -1 -2 -3  0 -2  1  3 -3 -2  2 -1  2  1 -1 -1  3  2 -3    3   8   3   1   0   5   1  13  10   1   2  15   2  10   8   5   2   4   6   0  0.26 0.16
  165 K   -1  0  0  1  1  0  1  1  0 -1  1  2  0 -2 -2 -1 -1 -4 -2 -2    3   2   5   8   3   3  12  12   2   2  15  20   2   2   1   3   3   0   0   1  0.14 0.12
  166 E    0 -2 -1  0  0  1  3 -1 -2 -1 -3  0 -2 -4  4  0 -1 -5 -2  0    8   1   2   4   2   6  24   4   1   3   1   4   0   0  21   5   2   0   1   9  0.40 0.20
  167 R   -2  1 -1 -2 -3 -1 -1 -3 -1  1  3  1  0 -2  0 -1  1 -4 -3  0    2   8   2   2   0   2   4   2   1   7  38  10   1   0   4   3   8   0   0   5  0.23 0.16
  168 P   -4 -5 -5 -5 -5 -5 -5 -6 -5  3  1 -5 -3 -3  7 -4 -4 -6 -5  1    0   0   0   0   0   0   0   0   0  19  13   0   0   1  57   0   0   0   0   8  1.59 0.47
  169 E   -1  1  0  0 -2  1  3 -2  1 -1 -3  1 -3 -4 -3  1  2 -1 -2  0    3   7   4   3   1   5  22   1   4   3   1   7   0   0   0  12  16   1   1   9  0.27 0.17
  170 Y   -6 -6 -7 -8 -7 -6 -7 -8 -3 -6 -6 -6 -5 -1 -8 -6 -6 -2 10 -6    0   0   0   0   0   0   0   0   0   0   0   0   0   0   0   0   0   0 100   0  3.55 0.87
  171 R   -2  2  0  0 -2  1  4 -4  0 -1 -2  1 -3 -2 -3 -2  1 -5 -3  1    2  12   4   3   1   6  33   0   2   3   3   8   0   1   0   1  11   0   0  11  0.41 0.22
  172 L   -4 -5 -6 -6 -4 -5 -5 -6 -6  2  4 -5  1 -3 -4 -5 -2 -5 -4  5    0   0   0   0   0   0   0   0   0  10  40   0   2   0   1   0   2   0   0  45  1.13 0.38
  173 I   -2 -4 -4 -5 -3 -4 -2 -5 -5  4  2 -3 -1 -3 -5 -3  1 -5 -4  4    3   0   0   0   0   0   3   0   0  27  17   1   1   0   0   1  10   0   0  36  0.74 0.29
  174 S    0  0  1  3 -4  1  1  2 -1 -5 -4  2 -3 -5 -3  2 -2 -5 -4 -4    6   5   7  17   0   6   8  17   1   0   1  15   0   0   0  16   1   0   0   0  0.41 0.20
  175 V   -1 -4 -4 -2 -5 -1  5 -5 -2  3 -3 -3 -3 -3 -4  0  0 -5 -2  2    3   0   0   0   0   2  46   0   1  18   1   0   0   1   0   7   4   0   1  17  0.76 0.34
  176 E   -2  1 -2  0 -4  2  4 -3  0 -3 -4  2 -3 -1 -3  2  0 -3 -1 -3    1   6   1   3   0   8  28   0   2   2   1  15   0   3   0  21   5   0   3   1  0.48 0.25
  177 G   -4 -6 -4 -5 -7 -6 -6  8 -6 -8 -8 -5 -7 -7 -6 -4 -6 -6 -7 -7    0   0   0   0   0   0   0 100   0   0   0   0   0   0   0   0   0   0   0   0  2.65 0.67
  178 P   -4 -4 -5  0 -7  0  4 -6 -5 -6 -6 -2 -6 -7  7 -4 -4 -7 -6 -6    0   0   0   4   0   3  25   0   0   0   0   2   0   0  64   0   0   0   0   0  1.99 0.57
  179 H    3 -4 -3  6 -5 -2  1 -4 -1 -6 -6 -4 -5 -6  1 -2 -3 -7 -6 -5   28   0   0  54   0   1   6   0   2   0   0   0   0   0   8   1   0   0   0   0  1.30 0.45
  180 H   -6 -5 -3 -6 -8 -4 -5 -7 11 -8 -7 -5 -6 -6 -1 -5 -6 -7 -3 -8    0   0   0   0   0   0   0   0  96   0   0   0   0   0   3   0   0   0   0   0  3.76 0.88
  181 K    0  0  5  4  2  0 -1 -3  0 -5 -4  1 -4 -5 -4 -1 -3 -6 -5 -5    9   5  33  27   5   4   2   1   2   0   1   8   0   0   0   2   0   0   0   0  0.83 0.33
  182 K   -4  2 -4 -4 -7  6 -2 -5 -4 -6 -6  7 -5 -7 -5 -4 -4 -6 -5 -6    0   7   0   0   0  32   0   0   0   0   0  61   0   0   0   0   0   0   0   0  1.79 0.57
  183 K   -2  0 -2 -2 -4  1  2 -4  2  0 -1  1 -1 -4 -3  1  3 -4 -3  1    1   6   1   0   0   5  17   0   7   6   4   9   1   0   0   8  26   0   0   9  0.35 0.22
  184 F   -6 -7 -7 -8 -7 -7 -8 -7 -5 -4 -4 -7 -4  9 -8 -7 -6 -3  0 -5    0   0   0   0   0   0   0   0   0   0   0   0   0  99   0   0   0   0   1   0  3.20 0.76
  185 I   -2 -2 -2 -1 -2  0  3 -4  0  0 -2  0 -2  0 -4 -1  4 -2  1  1    1   1   0   2   1   2  21   0   3   5   2   6   0   5   0   3  31   1   4  10  0.38 0.23
  186 V    0 -5 -6 -6 -2 -5 -5 -6 -6  3 -2 -5  3 -3 -5 -3  0 -6 -4  6    6   0   0   0   1   0   0   0   0  15   0   0   6   1   0   1   4   0   0  66  1.26 0.43
  187 E    1 -1  0  0  0  2  5 -1  2 -4 -5 -1 -4 -5 -4  0 -2 -5 -4 -3   13   3   3   2   2   7  47   3   6   0   0   1   0   0   0   8   2   0   0   1  0.72 0.31
  188 A    0 -6 -6 -6  8 -6 -6 -6 -6  0  0 -6 -3 -5 -6 -3 -3 -6 -5  5    9   0   0   0  38   0   0   0   0   3   6   0   0   0   0   1   0   0   0  43  1.61 0.48
  189 K   -1  1  0 -1  1  1  0 -3  2  0  0  1  0  0 -3  0  0  1  1 -1    2   8   4   2   3   8   6   1   8   5  10  13   3   5   0   6   6   2   6   5  0.09 0.08
  190 I   -3 -5 -5 -5 -1 -5 -5 -6 -3  5  3 -5 -1  0 -5 -4 -3 -5 -2  4    0   0   0   0   1   0   0   0   1  37  23   0   1   3   0   0   0   0   1  33  1.02 0.34
  191 K   -1 -1  4  3 -3  1  2  2 -2 -4 -5  1 -4 -5 -2  0 -1 -5 -4 -4    4   1  27  15   1   5  15  13   0   1   0   9   0   0   1   6   2   0   0   0  0.57 0.25
  192 E   -3 -3  3  4 -5 -1  2  4 -3 -6 -5  0 -4 -6 -3 -1 -2 -6 -5 -5    1   0  17  24   0   2  17  28   0   0   0   6   0   0   0   4   1   0   0   0  0.79 0.30
  193 Y   -2  0 -1 -2 -2  0  1 -4 -2  2  1  2  0 -1 -3 -2 -1 -4 -1  3    1   3   3   1   1   5   9   0   1  11  17  16   2   2   0   1   2   0   2  24  0.23 0.16
  194 R   -1  1 -1 -1 -3  0  1 -3  0  1  0  2  0 -2  3 -1  0 -3  1 -1    3   8   1   2   0   2  10   0   2  12  10  15   2   1  13   5   4   0   6   4  0.17 0.12
  195 T    1 -4 -2 -4 -2 -3 -2  5 -4 -1 -3 -3 -2  0 -4  0  2 -5 -4  1   14   0   1   0   1   0   2  42   0   4   0   1   0   4   0   6  13   0   0  12  0.61 0.27
  196 L   -1  2 -1 -2 -2  0  0 -3  0  2 -1  1  0 -2 -3  0  2 -4 -1  1    2  13   2   0   0   4   7   0   2  16   5  11   2   1   0   6  14   0   2  12  0.18 0.14
  197 G    2 -6 -4 -5 -6 -5 -5  7 -6 -7 -7 -5 -6 -7 -5 -2 -5 -6 -6 -6   14   0   0   0   0   0   0  84   0   0   0   0   0   0   0   2   0   0   0   0  2.05 0.56
  198 E   -1  0 -1 -2 -1  1  2 -2 -2  1 -2  3 -1 -3 -3  1  2 -3 -3  1    3   4   1   0   1   6  15   2   1   9   1  21   1   0   0   8  15   0   0  12  0.27 0.18
  199 G   -2 -6 -4 -5 -6 -6 -6  7 -6 -8 -8 -5 -7 -7 -6 -4 -5 -6 -7 -7    3   0   0   0   0   0   0  97   0   0   0   0   0   0   0   0   0   0   0   0  2.51 0.65
  200 K   -2  4  0 -3 -4 -1 -2 -2  3 -4 -4  3 -4 -3 -2  3  1 -5  0 -2    2  21   4   0   0   1   1   3   7   0   0  23   0   1   1  21  10   0   3   2  0.55 0.27
  201 S   -3 -4  1 -4 -5 -4 -4 -4 -5 -6 -6 -4 -5 -6 -5  7  3 -7 -5 -5    0   0   6   0   0   0   0   0   0   0   0   0   0   0   0  78  16   0   0   0  1.73 0.60
  202 K   -5  5 -4 -5 -7 -2 -3 -5 -4 -7 -6  7 -5 -7 -5 -4 -4 -7 -5 -6    0  35   0   0   0   0   0   0   0   0   0  65   0   0   0   0   0   0   0   0  1.96 0.58
  203 K   -5  6 -4 -5 -7 -2 -3 -5 -4 -6 -6  7 -5 -7 -5 -4 -4 -7 -5 -6    0  36   0   0   0   0   0   0   0   0   0  63   0   0   0   0   0   0   0   0  1.94 0.57
  204 E    0  0 -1  0 -4  1  4 -3  0  0 -2  3 -2 -1 -3  0 -2 -4 -2 -2   10   4   2   3   0   4  32   1   2   7   2  22   0   4   0   5   1   0   1   2  0.41 0.22
  205 A    7 -5 -5 -5 -4 -4 -4 -3 -5 -5 -5 -4 -5 -6 -4 -1 -4 -6 -5 -4   97   0   0   0   0   0   0   0   0   0   0   0   0   0   0   3   0   0   0   0  2.05 0.61
  206 E   -5 -4 -4 -2 -8  2  8 -5 -4 -7 -7 -3 -6 -7 -5 -4 -5 -7 -6 -6    0   0   0   0   0   9  91   1   0   0   0   0   0   0   0   0   0   0   0   0  2.27 0.65
  207 Q   -5 -3 -4 -4 -7  9 -2 -6 -4 -4 -6 -1  0 -7 -5 -4 -4 -6 -6 -6    0   0   0   0   0  93   0   0   0   1   0   2   3   0   0   0   1   0   0   0  2.66 0.75
  208 R    1  0  2  1 -4  3  2 -2  1 -2 -2  1  2 -4 -3  0 -1 -4 -2 -1   12   3  12   6   0  16  16   1   3   2   4   7   6   0   0   6   1   0   1   4  0.28 0.17
  209 A    7 -5 -5 -5  1 -4 -4 -3 -5 -5 -5 -4 -4 -6 -4 -1 -3 -6 -5 -2   93   0   0   0   3   0   0   1   0   0   0   0   0   0   0   2   0   0   0   2  1.88 0.58
  210 A    7 -5 -5 -6 -4 -5 -5 -3 -5 -5 -5 -4 -5 -6 -5 -2 -4 -6 -6 -4  100   0   0   0   0   0   0   0   0   0   0   0   0   0   0   0   0   0   0   0  2.17 0.64
  211 E    0  3 -2 -2 -3  1  3 -4 -1 -5 -4  4 -2 -3 -4 -2 -2 -2  4 -4    8  13   1   0   1   5  18   0   1   0   1  32   1   0   0   1   1   0  16   0  0.65 0.29
  212 E   -1  1  1  1 -1  3  3 -3  1  0 -2  2 -1 -4 -3 -1 -1 -4 -3 -2    4   6   7   6   1  16  24   0   3   6   5  14   1   0   0   3   2   0   0   1  0.36 0.19
  213 L    6 -4 -4 -5 -3 -4 -4 -1 -5  1 -1 -4  1 -3 -4 -1  0 -5 -4  0   66   0   0   0   0   0   0   3   0   9   5   0   4   1   0   2   5   0   0   6  0.96 0.38
  214 I   -4 -5 -6 -7 -1 -5 -6 -7 -6  3  6 -5  1 -1 -6 -5 -4 -5 -3  0    0   0   0   0   1   0   0   0   0  17  75   0   2   1   0   0   0   0   1   3  1.36 0.41
  215 K   -1  0  0  0 -3  1  4 -3 -2 -1  0  4 -1 -4 -3 -1 -1 -5 -4 -2    5   3   3   4   1   5  28   1   0   3  10  26   1   0   0   4   3   0   0   1  0.41 0.21
  216 L    0  0  0 -2 -4  1  0 -3 -2  1  2  3  0 -2 -3 -2 -1 -4 -2 -1    7   4   4   0   0   8   5   1   1   7  25  27   2   1   0   1   2   0   1   2  0.26 0.17
  217 L   -4 -5 -6 -6 -4 -5 -6 -6 -4  2  5 -5  5 -1 -6 -5 -3 -5 -3 -1    0   0   0   0   0   0   0   0   0  11  69   0  16   1   0   0   0   0   0   1  1.36 0.42
  218 E   -3  1  1  0 -5  2  4  0 -2 -5 -5  4 -4 -5 -3 -2 -1 -5 -4 -4    0   7   6   4   0   9  27   7   0   0   0  36   0   0   0   0   3   0   0   0  0.73 0.27
  219 E   -3 -1  3  2 -5  3  3 -3 -2 -5 -5  5 -4 -5 -3 -2 -2 -5 -4 -4    0   1  16   9   0  15  21   0   0   0   0  37   0   0   0   0   1   0   0   0  0.83 0.29
  220 S    1 -2  4 -1  1 -1 -2  2 -2 -3 -4 -2 -3 -4 -2  3  2 -4 -3 -3   13   0  30   0   3   0   0  15   0   0   0   0   0   0   0  25  14   0   0   0  0.49 0.15

                      K         Lambda
Standard Ungapped    0.1367     0.3182
Standard Gapped      0.0665     0.2670
PSI Ungapped         0.2178     0.3163
PSI Gapped           0.0665     0.2670
