
Last position-specific scoring matrix computed, weighted observed percentages rounded down, information per position, and relative weight of gapless real matches to pseudocounts
           A  R  N  D  C  Q  E  G  H  I  L  K  M  F  P  S  T  W  Y  V   A   R   N   D   C   Q   E   G   H   I   L   K   M   F   P   S   T   W   Y   V
    1 E   -2 -2  0  5 -5  2  4 -3 -1 -4 -4 -1 -3 -4 -2 -1 -2 -4 -3 -4    0   0   0  52   0   9  39   0   0   0   0   0   0   0   0   0   0   0   0   0  0.97 0.18
    2 R   -2  3 -2 -2 -4  2  1 -3 -2  0 -3  5 -2 -4 -3 -1 -1 -4 -3 -1    1  16   0   0   0   9   6   0   0   9   0  52   0   0   0   2   1   0   0   4  0.66 0.29
    3 D   -2 -4  1  8 -6 -2 -1 -4 -3 -5 -6 -3 -5 -6 -4 -2 -3 -7 -5 -3    2   0   4  89   0   1   1   0   0   0   0   0   0   0   0   1   0   0   0   2  1.92 0.59
    4 L   -4 -3 -6 -6 -1 -4 -5 -6 -5  1  6 -5  0 -1 -4 -5 -3 -4 -2 -1    0   1   0   0   1   0   0   0   0   3  91   0   0   1   0   0   0   0   1   1  1.32 0.48
    5 L   -1 -2 -3 -5 -3 -4 -4 -3 -3  0  5 -3  0 -1 -3 -2 -3 -4 -3 -1    6   3   1   0   0   0   0   2   0   2  79   1   1   1   1   3   0   0   0   0  0.88 0.39
    6 N   -4 -1  4 -2 -5 -1 -3 -4  9 -5 -3 -3 -4  0 -1 -3 -3 -4  2 -5    0   3  24   1   0   1   0   0  55   0   3   0   0   5   3   0   0   0   5   0  1.46 0.52
    7 P   -3 -3 -5 -4 -2 -2 -4 -5 -3 -5 -3 -4 -5 -6  8 -1 -3 -6 -4 -3    0   1   0   0   1   2   0   0   0   0   2   0   0   0  86   4   1   0   1   1  2.39 0.69
    8 I   -1 -2  0  0 -3 -2 -2 -3 -2 -3 -3 -2 -3 -1  2  5  2 -4 -3 -2    2   1   4   5   0   1   1   0   1   1   1   0   0   3  11  55  13   0   0   2  0.67 0.37
    9 Y    1 -2 -4 -4 -4 -2 -3 -4 -2 -2  0 -2 -2 -2  6 -1 -2 -4  1  0   13   2   0   0   0   1   0   0   1   2  11   1   0   1  49   5   0   0   7   7  0.96 0.37
   10 E    0 -1 -2  1 -4  0  6 -3 -2 -3 -3  0 -3 -5 -2  0 -1 -5 -4 -1    9   2   0   4   0   2  64   1   0   1   2   4   0   0   1   4   2   0   0   4  0.84 0.39
   11 E   -1 -1 -1  0 -4  2  4 -3  0 -2  0  1 -1 -3 -1  0  0 -4 -2 -2    4   1   2   2   0   7  42   0   2   1  10  10   1   0   2   7   6   0   0   3  0.40 0.23
   12 E   -2 -2 -2  0 -4  1  6 -2 -2 -1 -3  0 -3 -4 -3 -1 -2 -4 -3 -1    1   0   0   3   0   4  70   3   0   5   2   4   0   0   0   2   1   0   0   4  0.94 0.38
   13 K    1  3 -1 -2 -3  1  0 -3 -2 -3 -3  5 -2 -4 -1 -1 -2 -4 -3 -3   13  14   1   0   1   4   2   0   0   1   1  57   1   0   2   1   0   0   0   1  0.76 0.33
   14 Q   -2  6 -2 -3 -2  1 -1 -2  1 -4 -3  3  1 -4 -3 -1 -1 -1 -3 -4    1  54   0   0   1   5   1   2   4   0   1  17   4   0   0   4   4   1   0   0  0.85 0.36
   15 K   -1  1 -2 -2 -2  0  0 -3  0 -3 -3  6 -2 -4 -3 -1  2 -4 -3 -3    3   3   0   0   1   3   3   0   2   0   2  62   1   0   0   1  16   0   0   1  0.82 0.37
   16 N   -2 -1  1 -3  2 -1 -1 -2  9 -4 -3  1 -3 -3 -2 -2 -3 -4  1 -4    2   2   5   0   5   1   3   2  60   1   2   9   0   0   2   1   0   0   4   0  1.30 0.46
   17 K   -2  1 -2 -2 -4  0  0 -3 -1 -4 -4  7 -3 -4 -1 -2 -1 -1 -3 -4    1   4   0   0   0   2   3   1   1   0   1  79   0   0   3   1   3   1   0   0  1.21 0.46
   18 F   -1  2 -2 -2 -1  0  0 -3 -2 -1  1  4 -1 -1 -2 -1  0  1 -2 -2    2   8   1   1   1   1   3   1   0   2  19  44   1   3   1   3   6   2   0   1  0.38 0.23
   19 K   -3  2  1  1 -5  1  0 -3  0 -4 -4  6 -3 -5 -3 -2 -2 -4 -3 -4    0   7   7   6   0   6   2   0   2   0   1  65   0   0   0   1   0   0   0   0  1.00 0.41
   20 R   -2  5  0 -2  4  0 -2 -2  5  0 -3  0 -2 -3 -3 -2  0  0 -2 -1    1  38   4   1  10   2   1   3  16   6   1   3   1   0   1   1   5   2   1   4  0.56 0.31
   21 L   -2 -4 -4 -5 -3 -3 -4 -5 -4  1  5 -4  1 -1 -1 -2 -3 -3 -3  1    1   0   0   0   0   1   0   0   0   5  76   0   2   1   3   2   0   0   0   6  0.88 0.37
   22 I   -1 -4 -1 -4 -3 -3 -3 -2 -4  3  0 -3  2  0 -4 -3 -1 -3  0  5    2   0   4   0   0   0   1   3   0  22   4   0   5   4   0   0   1   0   4  50  0.58 0.32
   23 Q   -2  2 -2 -3 -4  6 -1 -3  0 -4 -2 -1 -1 -4  4 -1 -1  0 -3 -2    1  13   0   0   0  42   1   2   2   0   5   0   1   0  23   2   2   1   0   2  0.82 0.42
   24 A    0  0  1 -1 -1  1  2 -1  1 -4 -3  1 -1 -4 -3  4  0 -4 -3 -2    2   3   4   2   2   6  12   2   4   0   1   7   1   0   0  47   5   0   0   2  0.45 0.29
   25 P   -2 -3  0 -3 -5 -2 -3 -2 -4 -4 -2 -3 -4 -5  8 -2 -1 -6 -5 -2    1   1   6   0   0   2   0   2   0   0   5   0   0   0  75   2   3   0   0   3  1.82 0.54
   26 N   -1  3  6  0 -4  0 -1 -2 -1 -2 -3  1 -3 -4 -3  0  1 -4 -3 -3    3  19  47   3   0   2   0   0   0   2   2   5   0   0   0   7   7   0   0   0  0.67 0.33
   27 S   -1 -3 -2 -1  0 -2 -2  0 -3 -4 -4 -2 -3 -1 -1  6  0 -4 -1 -3    2   0   0   2   2   0   0   5   0   0   0   0   0   3   2  76   3   0   3   0  0.97 0.48
   28 Y   -2  2 -1 -3  1 -2 -1 -4  3 -3 -3  1 -2  2 -4 -1 -2  4  6 -3    3  12   3   0   4   0   3   0   8   0   0  12   0   9   0   3   2   6  34   0  0.63 0.32
   29 F   -3 -4 -4 -4  1 -4 -4 -4 -3 -1 -1 -4  1  7 -4 -1 -1 -1  2  0    1   0   0   0   3   0   1   1   0   3   4   1   4  64   0   5   3   0   4   6  1.17 0.43
   30 M   -2 -1 -3 -4 -3 -1 -3 -4  0  2  2 -1  6  0 -3 -1  0 -2  2  1    1   4   0   0   0   3   1   1   3  11  16   3  31   3   0   3   5   0   9   7  0.45 0.29
   31 D   -1  2  1  3 -3  0  0 -1 -2 -2 -2  2 -2  0 -1  0 -1 -3 -1 -1    4  12   6  25   0   3   3   5   0   2   3  15   0   6   2   4   3   0   2   4  0.22 0.17
   32 V    0 -4 -4 -4 -3 -3 -1 -2 -3  2  0 -3  1 -2 -4 -3  0 -3  1  5    5   0   0   0   0   0   5   4   0   8   5   0   4   0   0   0   4   0   6  56  0.60 0.35
   33 K   -1  2  0 -3 -5  1  0 -4 -1 -2 -2  5 -3 -5  0 -1  0 -5 -4 -3    3  11   4   0   0   6   5   0   2   2   4  49   0   0   5   4   5   0   0   2  0.69 0.39
   34 C   -4 -1 -6 -7 11 -6 -7 -3 -6 -5 -5 -6 -5 -1 -7 -1 -5  2  0 -5    0   4   0   0  81   0   0   3   0   0   0   0   0   2   0   4   0   2   4   0  2.99 0.92
   35 A   -2 -2  0 -1 -5 -2 -2 -2 -1 -3 -3  0 -2 -5  7 -1  0 -5 -2 -3    3   2   5   4   0   2   2   3   1   1   3   4   1   0  54   5   6   0   1   2  1.14 0.47
   36 Q    0  1  1  1 -2  1  1  1 -1 -2 -2  1 -2 -3 -2  1  1 -3 -2  0    9   9   9   9   0   9   9   9   0   0   1   9   0   0   0   9   9   0   0   9  0.15 0.09
   37 C   -3  0 -4 -5 10 -4 -5 -1 -4 -4 -4 -4 -4  1 -4  0 -3 -4  1 -3    1   6   0   0  66   0   1   5   0   0   1   0   0   5   0   6   0   0   5   1  1.96 0.60
   38 Q   -1  0  0 -1  0  0  0  1  2 -2 -1 -1  0  1 -3 -1 -1 -1  5 -2    3   6   5   4   2   3   5  14   5   2   4   3   2   5   0   4   3   0  29   1  0.31 0.20
   39 N    1  0  4 -1 -4  1  0 -1  0 -3 -4  3 -3 -2 -3  0  0 -4 -1 -2   10   2  25   2   0   6   4   3   2   1   0  26   0   2   0   5   5   0   2   2  0.42 0.30
   40 I   -3 -2 -2 -1 -3 -1  2 -4 -1  5  0 -1  1 -2 -2 -3 -1 -4 -3  1    0   2   2   2   0   2  18   0   1  43   8   3   4   1   2   0   3   0   0   8  0.51 0.33
   41 Q   -1 -2  1 -3 -4  4 -1 -3  1 -1 -3 -1 -3 -4 -2  0  5 -4 -4 -1    3   2   8   0   0  24   2   2   3   3   2   2   0   0   1   5  41   0   0   3  0.70 0.44
   42 M   -2  0 -1 -3  0 -3 -3 -4 -4  2 -1 -2  1 -1 -1 -1  5 -4 -3  2    2   5   2   0   2   0   0   0   0  16   2   2   5   3   2   2  41   0   0  16  0.54 0.35
   43 I   -1 -1 -5 -3  3 -4 -5 -4 -5  4  0 -4  0 -1 -5 -4  0 -5 -3  5    4   3   0   1   6   0   0   1   0  24   4   0   1   2   0   0   4   0   0  50  0.83 0.43
   44 F   -5 -5 -5 -6  0 -2 -5 -6 -3 -2 -2 -5 -1  8 -6 -2 -4  2  5 -2    0   0   0   0   2   2   0   0   0   2   2   0   1  66   0   4   0   2  16   2  1.71 0.65
   45 S   -1 -3  0  0 -2 -2 -2  0 -1 -3 -5 -2 -4 -5 -1  6  0 -5 -4 -4    2   0   4   5   1   1   2   6   1   1   0   1   0   0   3  70   2   0   0   0  1.02 0.54
   46 N   -1  1  1  1  3  1 -1 -2  2 -2  0  1  2 -2 -2  0  1 -2  1 -2    1   8   8   8   8   8   0   1   8   0   8   8   8   0   0   8   8   0   8   0  0.14 0.15
   47 A    4 -2 -2 -3  2 -2  0  0 -3  0 -1  0 -2 -3  1  1  1 -4 -3  0   38   0   0   0   4   0   5   5   0   5   5   5   0   0   6  12   8   0   0   5  0.31 0.25
   48 Q    0  0  0  0  1  3  0 -3  4 -1 -2  0 -2 -3  0  2  0 -4 -2 -1    7   4   4   4   3  19   4   1  12   4   4   4   0   0   4  18   5   0   0   4  0.26 0.22
   49 S   -1  0 -1 -1 -3 -1  0 -1  0 -1 -2 -1  2  1 -1  1  4 -3 -1 -1    4   5   2   2   0   2   6   4   2   4   2   4   5   6   2  12  33   0   2   3  0.28 0.27
   50 T    0  0 -2 -1 -1  1 -1 -2  0 -1 -2  1  0 -2  2 -1  0  2 -2  4    8   4   2   3   1   6   4   3   2   2   2   8   3   1  10   3   4   3   1  31  0.24 0.24
   51 I   -1 -1 -5 -5 -4  0 -4 -3 -5  2 -3 -1  0 -1 -5 -2 -2 -5 -4  6    4   3   0   0   0   4   0   2   0  10   1   4   2   3   0   3   2   0   0  59  1.01 0.53
   52 I    0  0  0  0 -2  1  0 -2 -1  0  0  0  1  1  1  0  0 -2  1  0    6   6   6   6   0   6   6   0   0   6   6   6   6   6   6   6   6   0   6   6  0.06 0.09
   53 C   -2 -2 -5 -6 10 -5 -6 -2  1 -1 -4 -5  1 -5 -6 -2 -4  3  0 -4    3   3   0   0  66   0   0   3   3   3   0   0   3   0   0   3   0   3   3   0  2.26 0.89
   54 E    0 -1  0  0 -2  0 -1  1  0  0  0  0 -1 -1 -1  0  0  1 -2  2    8   3   4   5   0   6   3  12   2   4  11   6   0   2   3   4   4   2   0  19  0.04 0.10
   55 K    0 -1  0 -2 -3  0 -2  4 -3  0 -1  0 -1 -2 -3  0 -1 -4  0  1    6   2   5   2   0   5   2  34   0   6   4   5   1   2   0   9   2   0   3  11  0.29 0.22
   56 C   -4 -2 -6 -6 11 -6 -6 -3 -6 -5 -2 -6 -5  0  0 -1 -4 -5 -1 -4    0   2   0   0  72   0   0   3   0   0   4   0   0   5   5   4   0   0   2   0  2.53 0.88
   57 S    0 -1  1 -1  0  0  0  3  0 -4 -2 -2 -3 -2  0  4 -1 -4  0 -4    5   2   6   2   2   4   6  19   2   0   3   0   0   1   5  35   3   0   3   0  0.41 0.32
   58 A    1  0  0 -1  1 -1 -2 -3 -1 -2 -3 -1 -1 -3 -3  1  5  0 -2 -2   10   5   5   3   3   2   2   1   1   2   2   4   1   1   1  10  42   1   1   2  0.52 0.39
   59 I   -1 -4 -2 -3 -3 -2 -3 -4 -1  2 -1 -3  0 -2  0  0  1 -5 -3  5    5   0   1   1   0   2   1   1   2   9   5   1   2   1   4   6  10   0   0  47  0.57 0.38
   60 L   -4 -5 -6 -6 -4 -5 -6 -1 -2  1  6 -5  1 -1 -6 -3 -4 -5 -4 -1    0   0   0   0   0   0   0   5   1   6  77   0   2   2   0   2   0   0   0   2  1.31 0.62
   61 C    2 -3 -5 -5  9 -2 -5 -3 -2 -3 -3 -5 -2 -5 -3  0 -2  0 -2  0   17   1   0   0  51   2   0   2   1   1   2   0   1   0   1   8   2   1   1   8  1.57 0.65
   62 K   -2  1 -2 -3 -5  6  2 -4 -1 -3 -3  1 -2 -4 -1 -2  1  3  0 -3    3   8   1   0   0  43  12   0   1   2   1   6   1   0   3   1   8   4   3   1  0.84 0.50
   63 P   -1 -4 -5 -5  0 -5 -5 -3 -2 -4 -4 -5 -5 -3  8  0 -3 -6 -6 -5    4   1   0   0   2   0   0   2   1   1   2   0   0   1  75   7   1   0   0   0  2.14 0.85
   64 T    0  0 -3 -4 -2 -2 -1 -4 -2 -1 -3 -1 -2 -5 -1  0  6 -5 -1 -3    6   6   0   0   1   1   3   0   1   3   1   4   1   0   2   5  62   0   3   1  1.04 0.56
   65 G   -1 -2 -4 -4 -5 -1 -1  7 -5 -6 -6 -2 -5 -6 -5 -2 -4 -5 -6 -6    4   2   0   0   0   3   4  81   0   0   0   2   0   0   0   2   0   0   0   0  1.76 0.67
   66 G   -2 -1 -3 -2 -5 -2 -3  7 -5 -6 -6 -4 -5 -6 -5 -1 -4 -5 -5 -4    1   4   0   2   0   2   1  82   0   0   0   0   0   0   0   4   0   0   0   1  1.78 0.66
   67 K   -2  2 -2 -2 -5 -1 -2 -4 -4 -4 -4  7 -2 -3 -4 -1 -4 -5 -4 -5    2   9   1   1   0   1   1   0   0   1   2  74   1   1   0   3   0   0   0   0  1.50 0.64
   68 V    6 -3 -4 -5  1 -4 -4  1 -5 -4 -3 -4 -4 -3 -3  0 -2 -6 -5  0   71   1   0   0   3   0   0   9   0   0   1   0   0   1   1   6   1   0   0   6  1.17 0.58
   69 Q   -3  6 -1 -1 -6  1  1 -3 -1 -3 -3  3 -1 -3 -4 -1 -2 -5 -3 -3    1  50   2   3   0   4   7   1   1   1   2  16   2   1   0   4   2   0   0   1  0.93 0.46
   70 I   -3 -4 -6 -6 -4 -3 -6 -6 -6  4  5 -5  0  0 -4 -5 -4 -5 -4  0    2   1   0   0   0   1   0   0   0  22  67   0   1   3   1   0   0   0   0   4  1.24 0.52
   71 Q    0  0 -2 -3 -4  0 -3 -2 -4 -2 -3  2  1 -4 -1 -1  5 -5 -1  0    6   4   1   0   0   4   0   2   0   2   0  14   4   0   2   2  50   0   2   6  0.71 0.42
   72 A    2 -1 -3 -1 -5  0  6  0 -3 -5 -3 -1 -4 -5 -2 -2 -2 -5 -3 -3   17   3   0   2   0   3  58   7   0   0   2   2   0   0   2   1   1   0   1   1  0.92 0.47
   73 G   -2 -1  0 -3 -5 -1  0  7 -4 -6 -5 -3 -5 -5 -5 -2 -3  1 -5 -5    1   3   4   1   0   2   7  77   0   0   1   0   0   0   0   1   1   2   0   0  1.47 0.54
   74 C   -2 -2 -5 -6 11 -5 -6 -2 -3 -2 -4 -5 -4 -5 -5 -1 -2 -1 -1 -4    3   3   0   0  77   0   0   3   1   2   0   0   0   0   0   5   2   1   2   0  2.52 0.74
   75 A    1 -2 -2 -3 -3 -2 -1 -2 -2 -4 -1 -1 -3  0 -2  6 -1 -5 -2 -3    9   2   0   0   0   1   2   2   1   0   7   4   0   4   1  65   1   0   1   1  0.80 0.46
   76 F   -5 -2 -6 -6 -1 -5 -6 -6 -4 -2 -1 -5 -3  8 -6 -4 -5  3  3 -3    0   3   0   0   1   0   0   0   0   2   3   0   0  77   0   1   0   3   9   1  1.91 0.62
   77 K   -4  7 -3 -4 -1 -1 -3 -3 -1 -6 -4  2 -4 -5 -5 -2 -3 -5 -2 -5    0  78   0   0   1   1   0   1   1   0   0  12   0   0   0   2   1   0   1   0  1.69 0.60
   78 I   -3  6 -2 -3 -1  1 -2 -4 -1 -1 -4  4 -3 -4 -2 -1 -2  4 -3 -2    0  48   0   0   1   5   0   0   1   5   0  26   0   0   1   3   1   5   0   3  0.92 0.40
   79 K   -3  0 -3 -3 -6 -1 -2 -4 -3 -5 -5  8 -4 -6 -4 -2 -3 -6 -5 -5    0   0   0   0   0   1   0   0   0   0   0  97   0   0   0   2   0   0   0   0  1.93 0.62
   80 N   -1 -2  5  0 -3 -1 -1  3  2 -4 -4 -1 -3 -3 -2  1  1 -4 -2 -3    0   0  40   3   0   0   0  28   7   0   0   0   0   0   0   9  13   0   0   0  0.55 0.10

                      K         Lambda
Standard Ungapped    0.1340     0.3218
Standard Gapped      0.0586     0.2670
PSI Ungapped         0.1908     0.3138
PSI Gapped           0.0586     0.2670
