
Last position-specific scoring matrix computed, weighted observed percentages rounded down, information per position, and relative weight of gapless real matches to pseudocounts
           A  R  N  D  C  Q  E  G  H  I  L  K  M  F  P  S  T  W  Y  V   A   R   N   D   C   Q   E   G   H   I   L   K   M   F   P   S   T   W   Y   V
    1 T    0 -1  0 -1 -1 -1 -1 -2 -2 -1 -1 -1 -1 -2 -1  1  5 -3 -2  0    0   0   0   0   0   0   0   0   0   0   0   0   0   0   0   0 100   0   0   0  0.58 0.04
    2 Q   -1  1  0 -1 -3  6  2 -2  2 -3 -3  1 -1 -4 -2  0 -1 -2 -1 -3    0   0   0   0   0  95   0   0   5   0   0   0   0   0   0   0   0   0   0   0  0.74 0.04
    3 Q    2  0 -1 -1 -2  5  1 -1  1 -3 -2  1 -1 -3 -1  0 -1 -2 -2 -2   28   0   0   0   0  67   0   0   5   0   0   0   0   0   0   0   0   0   0   0  0.46 0.03
    4 M    0 -2 -1 -2 -1 -1 -2 -2 -2  1  1 -1  5 -1 -2  2  0 -2 -1  0    0   0   0   0   0   0   0   0   0   9   3   0  59   0   0  28   0   0   0   0  0.24 0.03
    5 A    2 -2 -2 -3 -1 -2 -2  0 -3  1  0 -2  0 -1 -2  0  0 -3 -2  3   36   0   0   0   0   0   0   5   0   0   4   0   0   0   0   0   0   0   0  55  0.21 0.02
    6 V    0 -1  0  0  1  1  2 -1 -1  0 -2  0 -1 -2 -2  2  0 -3 -2  0    0   0   3   0   4   9  28   3   0  10   0   0   0   0   0  33   0   0   0   9  0.18 0.01
    7 S    1 -1  0 -1 -1 -1 -1 -1 -2 -3 -3 -1 -2 -2 -2  4  1  7 -1 -2    3   0   0   0   0   0   0   0   0   0   0   0   0   0   0  74   0  24   0   0  0.64 0.05
    8 I   -2 -3 -4 -4 -2 -3 -4 -4 -4  5  2 -3  1  0 -3 -3 -1 -3 -2  3    0   0   0   0   0   0   0   0   0  89   5   0   0   0   0   0   0   0   0   6  0.49 0.05
    9 I   -2 -3 -4 -4 -2 -3 -3 -4 -3  3  3 -3  1  3 -3 -3 -1 -1  0  1    0   0   0   0   0   0   0   0   0  45  29   0   2  24   0   0   0   0   0   0  0.36 0.03
   10 N   -1 -1  6  1 -3  0 -1 -1  0 -2 -3 -1 -2 -3 -2  1  0 -4 -2 -1    0   0  73   3   0   0   0   0   0   0   0   0   0   0   0  12   0   0   0  11  0.55 0.05
   11 S    2 -2 -1 -2 -1 -1 -1 -1 -2  0 -1 -1 -1 -2 -1  2  2 -3 -2  1   24   0   0   0   0   0   0   0   0   0   0   0   0   0   0  29  23   0   0  24  0.23 0.02
   12 S    3 -1 -1 -1 -1 -1 -1  0 -2 -2 -2 -1 -1 -3 -1  3  1 -3 -2 -1   53   0   0   0   0   0   0   0   0   0   0   0   0   0   0  47   0   0   0   0  0.41 0.04
   13 F   -2 -3 -3 -4 -3 -4 -4  1 -2 -1  0 -3 -1  7 -4 -3 -3  0  2 -2    0   0   0   0   0   0   0  17   0   0   0   0   0  83   0   0   0   0   0   0  0.82 0.09
   14 E   -1 -1  2  3 -3  1  3 -2  3 -4 -3  0 -2 -3 -2  1 -1 -4 -2 -3    0   0  10  23   0   0  38   0  14   0   0   0   0   0   0  17   0   0   0   0  0.48 0.05
   15 A    3 -2 -2 -2  3 -2 -2  2 -2 -1 -2 -2 -1 -1 -2  0 -1 -2  1  0   50   0   0   0  10   0   0  22   0   0   0   0   0   0   0   0   0   0   9   9  0.30 0.05
   16 A    5 -2 -2 -2 -1 -1 -1  0 -2 -2 -2 -1 -1 -3 -1  1 -1 -3 -2 -1  100   0   0   0   0   0   0   0   0   0   0   0   0   0   0   0   0   0   0   0  0.63 0.09
   17 V    0 -3 -2 -3 -1 -2 -3  0 -3  2  0 -2  0  1 -3  0  0 -3 -1  3    8   0   0   0   0   0   0   9   0  14   0   0   0   9   0   8   0   0   0  52  0.20 0.04
   18 V    1 -2 -1 -2  1 -1 -1 -2 -2  1  0 -1  0 -1 -2  2  0 -2 -1  3   11   1   1   1   4   1   1   1   0   5   1   1   0   1   1  26   1   0   0  45  0.15 0.04
   19 A    3 -1 -1 -2  4 -1 -1 -1 -2 -2 -2 -1 -1 -3 -1  2  2 -3 -2 -1   48   3   0   0  14   0   0   0   0   0   0   0   0   0   0  16  18   0   0   0  0.34 0.05
   20 A    3 -2 -2 -2  1 -1 -2  2 -2 -1  0 -1 -1 -2 -2  0  2 -3 -2  0   49   0   0   0   3   0   0  14   0   0  15   0   0   0   0   0  20   0   0   0  0.24 0.04
   21 T   -1  2  0  2 -2  0  0 -2 -1 -2 -2  2 -2 -3 -2  1  3 -3 -2 -1    0  14   0  15   0   0   0   0   0   0   0  18   0   0   0   9  43   0   0   0  0.32 0.05
   22 S    0  0  0 -1 -2  0  0 -1 -1 -3 -3  3 -2 -3 -1  4  1 -3 -2 -2    0   0   0   0   0   0   0   0   0   0   0  29   0   0   0  71   0   0   0   0  0.48 0.08
   23 A    1 -2 -1 -2 -1 -1 -2 -2 -2  2 -1 -1  0  1 -2  1  3 -2 -1  0   21   0   0   0   0   0   0   0   0  23   0   0   0   9   0   9  37   0   0   0  0.20 0.04
   24 L   -2 -3 -4 -4 -2 -3 -3 -4 -3  2  4 -3  2  1 -3 -3 -2 -2 -1  1    0   0   0   0   0   0   0   0   0  15  80   0   2   4   0   0   0   0   0   0  0.51 0.06
   25 E   -1  2  0  3 -4  1  4 -1 -1 -4 -3  2 -2 -4 -2 -1 -1 -4 -3 -3    0  13   0  22   0   0  48   2   0   0   0  15   0   0   0   0   0   0   0   0  0.55 0.05
   26 N   -1  0  0  3 -3 -1  1  1 -2 -1  1 -1  0  0 -2 -1 -1 -3 -2 -1    0   9   6  23   0   0  10  13   0   0  33   0   0   6   0   0   0   0   0   0  0.13 0.03
   27 M    1  1 -2 -2 -2  3 -1 -2 -1 -1  0  0  5 -2 -2 -1 -1 -2 -2 -1   24   9   0   0   0  23   0   0   0   0   0   0  44   0   0   0   0   0   0   0  0.27 0.06
   28 G    0 -1 -1 -1 -3  1  0  6 -2 -4 -4  0 -3 -4 -2 -1 -2 -3 -3 -3    0   0   0   0   0  10   4  77   0   0   0   9   0   0   0   0   0   0   0   0  0.81 0.06
   29 I   -1 -3 -2 -3 -2 -3 -3  1 -3  4  1 -3  0  2 -3  0 -1 -2  0  1    0   0   0   0   0   0   0  14   0  58   0   0   0  16   0   9   0   0   0   2  0.22 0.05
   30 E   -1  0  0  0 -2  4  3 -2 -1 -3 -2  1 -1 -3 -1  1  2 -3 -2 -2    0   0   0   0   0  32  26   0   0   0   0   3   0   0   0  14  24   0   0   0  0.41 0.05
   31 Y   -1 -2 -2 -2 -3 -1  1 -3  1 -2 -2 -1 -2  2  3  0 -1  1  6 -2    0   0   0   0   0   0  14   0   0   0   0   0   0   0  14  10   0   0  62   0  0.63 0.07
   32 D   -2 -2  3  6 -4 -1  1 -2 -1 -3 -3 -1 -3  1 -2 -1 -1 -4 -2 -3    0   0  14  76   0   0   0   0   0   0   0   0   0  10   0   0   0   0   0   0  0.81 0.07
   33 Y   -1 -2  1 -2 -2 -1  0 -3  1 -1 -1 -2 -1  3 -3  0 -1  0  5  0    0   0  10   0   0   0   9   0   3   0   0   0   0  13   0   8   0   0  43  14  0.34 0.04
   34 Q    0  0  5  0 -3  1  0 -1  0 -3 -3  2 -2 -3 -2  1  0 -4 -2 -3   10   0  49   0   0   5   0   0   0   0   0  22   0   0   0  13   0   0   0   0  0.43 0.05
   35 D   -1  0  0  2 -3  1  4 -2  0 -3 -3  1 -2 -2 -2  1 -1 -2  1 -3    0   0   0  13   0   0  52   0   0   0   0  13   0   0   0  14   0   0   8   0  0.46 0.05
   36 I   -1 -3 -4 -4 -1 -3 -3 -4 -4  3  2 -3  1 -1 -3 -2 -1 -3 -2  4    0   0   0   0   0   0   0   0   0  29  13   0   0   0   0   0   0   0   0  58  0.43 0.05
   37 Y   -2 -1 -2 -2 -3 -1  0 -3  3  1 -1  0 -1  3 -3 -2 -2  0  5  0    0   0   0   0   0   0   8   0  13  17   0   8   0  12   0   0   0   0  36   5  0.33 0.05
   38 S    2 -2 -1  1 -1 -1 -1 -1 -2  0 -2 -1 -1 -2 -1  1  3 -3 -2  0   34   0   0  13   0   0   0   0   0   8   0   0   0   0   0   6  39   0   0   0  0.27 0.05
   39 R   -2  5 -1  1 -4  1  0 -3 -1 -2 -2  3 -2 -3 -2 -1 -1 -3 -2 -1    0  60   0  13   0   0   0   0   0   0   0  19   0   0   0   0   0   0   0   8  0.54 0.06
   40 V    0 -3 -3 -3 -1 -3 -3 -3 -3  3  1 -3  1  3 -3 -2 -1 -2  0  3   11   0   0   0   0   0   0   0   0  23   8   0   0  22   0   0   0   0   0  36  0.27 0.04
   41 K    0  3 -1 -2 -3  0  0 -2  0 -3 -2  4 -2 -1 -2 -1 -1 -1  3 -2   13  19   0   0   0   0   0   0   0   0   0  46   0   0   0   0   0   0  22   0  0.37 0.05
   42 N    0  1  2  2  2  1  0 -1 -1 -2 -2  0  1 -3 -2  2  0 -3 -2 -2    0  11  10  19   8   8   0   0   0   0   0   0  13   0   0  31   0   0   0   0  0.22 0.04
   43 K   -1  3  3 -1 -4  1  0 -2 -1 -3 -3  5 -2 -4 -2  0 -1 -4 -2 -3    0  11  22   0   0   0   0   0   0   0   0  67   0   0   0   0   0   0   0   0  0.56 0.07
   44 F   -2 -3 -3 -4 -3 -3 -3 -4 -1  0  1 -3  3  6 -4 -3 -2  1  4 -1    0   0   0   0   0   0   0   0   0   0  11   0  16  51   0   0   0   0  22   0  0.61 0.06
   45 D   -2  0  2  4 -4  1  3 -2 -1 -4 -4  2 -3 -4 -2  0 -1 -4 -3 -3    0   0   8  43   0   0  27   0   0   0   0  22   0   0   0   0   0   0   0   0  0.59 0.05
   46 F   -2 -2  0  2 -3 -2 -1 -2  0 -1  0 -2 -1  4 -3  0 -1  0  4 -1    0   0   4  18   0   0   0   0   0   0  12   0   0  25   0  13   0   0  28   0  0.30 0.04
   47 V   -1 -3 -3 -3  3 -2 -3 -3 -3  3  1 -2  2 -1 -3  0  0 -3 -2  3    0   0   0   0  11   0   0   0   0  20   0   0  13   0   0  11   0   0   0  44  0.28 0.04
   48 M   -2 -2 -3 -4 -2 -2 -3 -4 -3  2  3 -2  5  0 -3 -2 -1 -2 -1  1    0   0   0   0   0   0   0   0   0  16  40   0  38   0   0   0   0   0   0   6  0.43 0.06
   49 D   -2 -2  1  6 -4  0  3 -2 -1 -3 -4 -1 -3 -4 -2 -1 -1 -5 -3 -3    0   0   0  76   0   0  21   0   0   0   0   0   0   0   0   0   0   0   0   2  0.92 0.08
   50 D   -2 -2  1  6 -4  0  2 -2 -1 -4 -4 -1 -4 -4 -2 -1 -2 -5 -4 -4    0   0   0  87   0   0  13   0   0   0   0   0   0   0   0   0   0   0   0   0  1.05 0.09
   51 S    1 -1  0 -1 -1 -1 -1 -1 -1 -3 -3 -1 -2 -3 -1  5  2 -3 -2 -2    0   0   0   0   0   0   0   0   0   0   0   0   0   0   0  84  16   0   0   0  0.57 0.08
   52 G    0 -3 -1 -2  0 -2 -3  6 -3 -4 -4 -2 -3 -4 -3 -1 -2 -3 -4 -4    0   0   0   0   3   0   0  97   0   0   0   0   0   0   0   0   0   0   0   0  1.19 0.08
   53 V   -1 -3 -4 -4 -1 -3 -3 -4 -4  3  1 -3  0 -1 -3 -2 -1 -3 -2  5    0   0   0   0   0   0   0   0   0  16   0   0   0   0   0   0   0   0   0  84  0.52 0.07
   54 K   -1  2 -1 -2 -3  2  0 -2  0 -3 -3  4 -2 -1 -2 -1 -1 -1  3 -2    0   5   0   0   0   8   0   0   0   0   0  65   0   0   0   0   0   0  22   0  0.48 0.07
   55 N    1 -1  6  0 -3 -1 -1  1  0 -3 -4 -1 -2 -3 -2  0 -1 -4 -3 -3   16   0  73   0   0   0   0  11   0   0   0   0   0   0   0   0   0   0   0   0  0.65 0.08
   56 N    2 -1  5  0 -2 -1 -1 -1  0 -3 -3 -1 -2 -3 -2  1  0 -4 -2 -2   32   0  58   0   0   0   0   0   0   0   0   0   0   0   0  10   0   0   0   0  0.51 0.06
   57 P   -1 -3 -4 -4  5 -3 -3 -4 -3  1  3 -3  2  0 -1 -2 -1 -2 -2  1    0   0   0   0  22   0   0   0   0   5  56   0   5   0   2   0   0   0   0  10  0.42 0.04
   58 I   -2 -3 -4 -4 -2 -3 -3 -4 -3  3  3 -3  3  2 -3 -3 -1 -2  0  1    0   0   0   0   0   0   0   0   0  42  30   0  15  12   0   0   0   0   0   0  0.37 0.04
   59 G    0 -3 -1 -2  3 -2 -3  6 -3 -4 -4 -2 -3 -4 -3 -1 -2 -3 -4 -3    0   0   0   0  10   0   0  90   0   0   0   0   0   0   0   0   0   0   0   0  1.08 0.07
   60 K   -1  5 -1 -1 -4  1  0 -2 -1 -3 -3  5 -2 -4 -2 -1 -1 -3 -2 -3    0  40   0   0   0   0   0   0   0   0   0  60   0   0   0   0   0   0   0   0  0.68 0.06
   61 A    5 -2 -2 -2 -1 -1 -1  0 -2 -2 -2 -1 -1 -3 -1  1  0 -3 -2 -1  100   0   0   0   0   0   0   0   0   0   0   0   0   0   0   0   0   0   0   0  0.61 0.07
   62 I    2  2 -2 -2 -2  0 -1 -2 -2  1 -1  2 -1 -1 -2  0  0 -3 -2  1   28  11   0   0   0   0   0   0   0  21   0  29   0   2   0   0   2   0   0   7  0.14 0.03
   63 T   -1 -2 -1 -2 -1 -1 -1 -2 -2 -1 -2 -1 -1 -3 -2  1  6 -3 -2 -1    0   0   0   0   0   0   0   0   0   0   0   0   0   0   0   0 100   0   0   0  0.75 0.09
   64 I   -1 -3 -4 -4 -2 -3 -4 -4 -4  5  1 -3  1 -1 -3 -3 -1 -3 -2  3    0   0   0   0   0   0   0   0   0  74   0   0   0   0   0   0   0   0   0  26  0.52 0.06
   65 D   -2 -2  1  7 -4 -1  1 -2 -2 -4 -4 -1 -4 -4 -2 -1 -2 -5 -4 -4    0   0   0 100   0   0   0   0   0   0   0   0   0   0   0   0   0   0   0   0  1.21 0.09
   66 Q   -1  1  0 -1 -4  5  2 -2  3 -3 -3  3 -1 -3 -2 -1 -1 -3 -1 -3    0   0   0   0   0  58   9   0  11   0   0  22   0   0   0   0   0   0   0   0  0.61 0.06
   67 A    5 -2 -2 -2 -1 -1 -1  0 -2 -2 -2 -1 -1 -3 -1  1  0 -3 -2 -1  100   0   0   0   0   0   0   0   0   0   0   0   0   0   0   0   0   0   0   0  0.61 0.07
   68 L   -2 -3 -4 -4 -2 -3 -3 -4 -3  2  5 -3  2  0 -3 -3 -2 -2 -1  1    0   0   0   0   0   0   0   0   0   9  91   0   0   0   0   0   0   0   0   0  0.58 0.06
   69 N   -2  1  6  2 -3  0 -1 -1  0 -3 -4  0 -2 -3 -2  1  0 -4 -3 -3    0  11  75   6   0   0   0   0   0   2   0   0   0   0   0   7   0   0   0   0  0.70 0.07
   70 N   -1 -2  3  2 -3 -2 -1  5 -2 -4 -4 -1 -3 -4 -2  0 -1 -3 -3 -4    0   0  23  11   0   0   0  66   0   0   0   0   0   0   0   0   0   0   0   0  0.78 0.06
   71 K   -1  2 -1 -1 -3  1  0 -2 -1 -3 -3  5 -2 -4  2  1 -1 -4 -2 -3    0   8   0   0   0   0   0   0   0   0   0  69   0   0  12  11   0   0   0   0  0.55 0.06
   72 F   -2 -2 -2 -2 -2 -2 -2 -2 -1  0  1 -2  2  6 -2 -2 -1  0  2 -1    2   1   1   1   0   1   1   2   1   1   4   1  15  59   1   2   5   0   1   1  0.40 0.04
   73 G    0  1  1 -1 -3  0  1  3 -1 -3 -3  1 -2  0 -2  1 -1 -2 -1 -2    7  11   6   0   0   0  11  34   0   0   0  12   0   8   0  12   0   0   0   0  0.27 0.02
   74 S    1 -1  0 -1 -1 -1 -1 -1 -2 -2 -1  0 -1 -3 -1  4  1 -3 -2 -1    8   0   0   0   0   0   0   0   0   0   5   6   0   0   0  77   0   0   0   4  0.41 0.07
   75 A    4 -2 -2 -2 -1 -1 -1 -1 -2 -1 -2 -1 -1 -2 -1  1  0 -3 -2  1   76   0   0   0   0   0   0   0   0   0   0   0   0   0   0   9   3   0   0  12  0.40 0.06
   76 I   -1 -1  0 -1 -2  1  3 -3 -1  3  0 -1  1 -2 -2 -1  0 -3 -2  1    2   0   3   0   0   8  34   0   0  38   0   0   3   0   0   3   2   0   0   6  0.19 0.04
   77 R   -2  6 -1 -2 -4  1  0 -3 -1 -4 -3  3 -2 -3 -2 -1 -2 -3 -2 -3    0  81   0   0   0   0   0   0   0   0   0  19   0   0   0   0   0   0   0   0  0.88 0.08
   78 N   -2 -1  7  1 -3 -1 -1 -1  0 -4 -4 -1 -3 -4 -3  0 -1 -5 -3 -4    0   0 100   0   0   0   0   0   0   0   0   0   0   0   0   0   0   0   0   0  1.08 0.11
   79 R    0  5 -1 -1 -4  1  2 -2  3 -3 -3  2 -2 -3 -2 -1 -1 -3 -2 -3    7  54   0   0   0   0  23   0  11   0   0   6   0   0   0   0   0   0   0   0  0.53 0.06
   80 N   -2  1  5  2 -4  0  3 -1  0 -4 -4  0 -3 -4 -2  0 -1 -4 -3 -3    0   8  56   8   0   0  28   0   0   0   0   0   0   0   0   0   0   0   0   0  0.62 0.06
   81 W   -3 -3 -4 -5 -3 -3 -4 -3 -2 -3 -2 -4 -2  1 -4 -3 -3 11  4 -3    0   0   0   0   0   0   0   0   0   0   0   0   0   0   0   0   0  81  19   0  2.37 0.13
   82 L   -2 -2 -2 -3 -2 -1 -2 -3  2  0  2 -2  6  0 -3 -2 -1 -1  2  0    0   0   0   0   0   0   0   0   9   0   9   0  70   0   0   0   0   0  12   0  0.47 0.07
   83 A    1 -2 -1 -2  1 -1 -1 -2 -2 -1 -2 -1 -1 -3 -1  1  5 -3 -2  0   17   0   0   0   2   0   0   0   0   0   0   0   0   0   0   3  78   0   0   0  0.50 0.06
   84 D   -2  1  3  5 -3  0  1 -2 -1 -3 -3  0 -3 -4 -2  0  1 -4 -3 -3    0  11  21  55   0   0   0   0   0   0   0   0   0   0   0   0  13   0   0   0  0.59 0.04
   85 T    0 -2 -1 -2 -1  0 -1 -2 -2  2  0 -1  0 -2 -2  2  2 -3 -2  1    0   0   0   0   0   5   0   0   0  19   9   0   0   0   0  41  14   0   0  12  0.17 0.03
   86 S    1  2 -1  0 -3  1  2 -2 -1 -3 -3  3 -2 -2 -1  1 -1 -2  0 -2   17  17   0   0   0   3  24   0   0   0   0  25   0   0   0   9   0   0   5   0  0.30 0.02
   87 R   -1  1  0 -2 -1 -1 -1 -2 -2 -1 -2 -1 -1 -3 -2  1  5 -3 -2 -1    0   9   0   0   0   0   0   0   0   0   0   0   0   0   0   0  91   0   0   0  0.60 0.07
   88 P    0 -3 -3 -3 -1 -3 -3 -3 -3  3  1 -3  0 -1  0 -2  0 -3 -2  4    5   0   0   0   0   0   0   0   0  29   0   0   0   0   6   0   3   0   0  57  0.34 0.04
   89 A    3 -1 -1 -1 -1  0  1 -1 -1 -2 -2  1 -1 -3 -1  2  0 -3 -2 -1   53   0   0   0   0   0  11   0   0   0   0  12   0   0   0  21   2   0   0   0  0.31 0.03
   90 K   -1  4  1 -1 -4  1  0 -2 -1 -3 -3  4 -2 -3 -2 -1 -1 -3 -2 -3    0  36  10   0   0   0   0   0   0   0   0  54   0   0   0   0   0   0   0   0  0.58 0.05
   91 L   -2 -3 -4 -4 -2 -3 -3 -4 -3  1  5 -3  2  0 -3 -3 -2 -2 -1  1    0   0   0   0   0   0   0   0   0   0 100   0   0   0   0   0   0   0   0   0  0.61 0.06
   92 D   -2 -2  1  6 -4  0  3 -2 -1 -4 -4 -1 -3 -4 -2 -1 -1 -5 -3 -4    0   0   0  81   0   0  19   0   0   0   0   0   0   0   0   0   0   0   0   0  0.96 0.06
   93 E   -1 -1 -1  0 -3  1  4 -2 -1 -2  1  0 -1 -2 -2  1 -1 -3 -2 -2    0   0   0   0   0   0  60   0   0   0  21   0   0   0   0  19   0   0   0   0  0.38 0.05
   94 D   -2 -2  1  6 -4  0  3 -2 -1 -4 -4 -1 -3 -4 -2 -1 -1 -5 -3 -4    0   0   0  79   0   0  21   0   0   0   0   0   0   0   0   0   0   0   0   0  0.95 0.06
   95 V   -1 -3 -4 -4 -1 -3 -3 -4 -3  2  3 -3  1 -1 -3 -2 -1 -3 -1  4    0   0   0   0   0   0   0   0   0   0  40   0   0   0   0   0   0   0   0  60  0.40 0.04
   96 N    1 -1  5  0 -2 -1 -1 -1  0 -2 -1 -1 -1 -2 -2  0 -1 -3  1 -2   21   0  60   0   0   0   0   0   0   0  11   0   0   0   0   0   0   0   8   0  0.37 0.05
   97 K   -1  3  0  0 -4  2  3 -2 -1 -3 -3  4 -2 -4 -2 -1 -1 -3 -2 -3    0  15   0   0   0  11  21   0   0   0   0  53   0   0   0   0   0   0   0   0  0.52 0.04
   98 L   -2 -2 -4 -4 -2 -2 -3 -4 -3  1  4 -3  4  0 -3 -3 -1 -2 -1  1    0   0   0   0   0   0   0   0   0   0  81   0  19   0   0   0   0   0   0   0  0.53 0.05
   99 R   -2  6 -1 -2 -4  1  0 -3 -1 -3 -3  3 -2 -3 -2 -1 -1 -3 -2 -3    0  79   0   0   0   0   0   0   0   0   0  21   0   0   0   0   0   0   0   0  0.81 0.06
  100 M   -1 -2 -3 -3 -2 -1 -3 -3 -2  1  3 -2  5  0 -3 -2  1 -2 -1  1    0   0   0   0   0   0   0   0   0   7  30   0  52   0   0   0  11   0   0   0  0.39 0.05
  101 M   -1 -2 -2 -3 -2  1 -2 -3 -2  2  2 -1  6 -1 -3 -1  0 -2 -2  1    0   0   0   0   0  11   0   0   0  11  14   0  55   0   0   0   9   0   0   0  0.33 0.05
  102 L   -2 -3 -4 -4 -2 -3 -3 -4 -3  2  5 -3  2  0 -3 -3 -2 -2 -1  1    0   0   0   0   0   0   0   0   0   4  96   0   0   0   0   0   0   0   0   0  0.58 0.05
  103 G    0 -3  0  1 -3 -2 -2  6 -2 -4 -4 -2 -3 -4 -2  0 -2 -3 -3 -4    0   0   0   9   0   0   0  84   0   0   0   0   0   0   0   7   0   0   0   0  0.94 0.05
  104 I   -2 -3 -4 -4 -2 -3 -4 -4 -4  5  1 -3  2  0 -3 -3 -1 -3 -2  2    0   0   0   0   0   0   0   0   0  94   0   0   6   0   0   0   0   0   0   0  0.54 0.06
  105 D   -1  0  0  3 -2  0  1 -2 -1 -2 -2  2 -2 -3 -1  0  2 -3 -2 -2    0   0   0  33   0   0   0   0   0   0   0  33   0   0   0   0  33   0   0   0  0.34 0.02
  106 Q   -1  4  0 -1 -3  5  1 -2  2 -3 -3  2 -1 -3 -2 -1 -1 -3 -1 -3    0  39   0   0   0  55   0   0   6   0   0   0   0   0   0   0   0   0   0   0  0.58 0.03
  107 K   -1  2  0  2 -4  1  3 -2 -1 -3 -3  4 -2 -4 -1  0 -1 -3 -2 -3    0   6   0  14   0   0  23   0   0   0   0  57   0   0   0   0   0   0   0   0  0.46 0.02
  108 M    1 -1 -2  0 -2  0  1 -2 -2  0  1 -1  5 -1 -2  0  0 -2 -2  0   22   0   0   4   0   0  13   0   0   0   0   0  54   0   0   0   7   0   0   0  0.18 0.03
  109 R   -2  6 -1 -2 -4  1  0 -3  0 -3 -3  2 -2 -3 -2 -1 -1 -3 -2 -3    0 100   0   0   0   0   0   0   0   0   0   0   0   0   0   0   0   0   0   0  0.87 0.04
  110 V    0 -3 -3 -4 -1 -3 -3 -4 -4  3  1 -3  1 -1 -3 -2  0 -3 -1  5    0   0   0   0   0   0   0   0   0   0   0   0   0   0   0   0   0   0   0 100  0.43 0.03
  111 L   -2 -2 -4 -4 -2 -2 -3 -4 -3  2  4 -3  2  0 -3 -3 -1 -2 -1  1    0   0   0   0   0   0   0   0   0   0 100   0   0   0   0   0   0   0   0   0  0.52 0.03
  112 N    0 -1  6  1 -2  0  0 -1  0 -3 -3  0 -2 -3 -2  2  0 -4 -2 -3    8   0  78   0   0   0   0   0   0   0   0   0   0   0   0  14   0   0   0   0  0.61 0.03
  113 A    3 -1  0 -1 -1 -1 -1  0 -1 -2 -2 -1 -1 -3 -1  3  1 -3 -2 -1   45   0   4   0   0   0   0   0   0   0   0   0   0   0   0  51   0   0   0   0  0.37 0.02
  114 C   -1 -3 -3 -4  8 -2 -4 -3 -3  0  1 -3  2 -1 -3 -2 -1 -2 -2  0    0   0   0   0  61   0   0   0   0   0  22   0  17   0   0   0   0   0   0   0  0.74 0.03
  115 F   -3 -3 -3 -4 -3 -4 -4 -4 -2  0  0 -4  0  7 -4 -3 -2  1  3 -1    0   0   0   0   0   0   0   0   0   0   0   0   0 100   0   0   0   0   0   0  0.89 0.04
  116 S    1  0  0  1 -2  2  0 -1 -1 -3 -3  1 -2 -3 -1  4  1 -3 -2 -2    0   0   0   8   0  14   0   0   0   0   0   9   0   0   0  69   0   0   0   0  0.38 0.02
  117 V   -1 -3 -3 -3 -1 -3 -3 -4 -3  4  1 -3  1 -1 -3 -2  0 -3 -1  3    0   0   0   0   0   0   0   0   0  50   0   0   0   0   0   0   0   0   0  50  0.35 0.00
  118 K   -1  1 -1 -1 -2  1  2 -2 -1 -1 -2  3 -1 -3 -2  0  2 -3 -2  1    0   5   0   0   0   4  14   0   0   0   0  41   0   0   0   0  18   0   0  17  0.25 0.04
  119 R   -2  6 -1 -2 -4  1  0 -3 -1 -3 -3  3 -2 -3  2 -1 -1 -3 -2 -3    0  71   0   0   0   0   0   0   0   0   0  14   0   0  13   2   0   0   0   0  0.74 0.07
  120 I   -1 -1 -1  0 -2  0  2 -3 -2  2 -1  1 -1 -1 -2 -1 -1  5 -1  1    1   0   0   5   0   0  22   0   0  25   0  14   0   0   0   4   1  13   0  13  0.21 0.03
  121 P   -1  0 -1 -1 -3  0  1 -2 -2 -3 -3  2 -2 -4  6  0  1 -4 -3 -2    0   0   0   0   0   0  10   0   0   0   0  26   0   0  50   0  14   0   0   0  0.92 0.06
  122 G    0 -3  1 -1 -3 -2 -2  6 -2 -4 -4 -2 -3 -4 -3 -1 -2 -3 -4 -4    0   0  10   0   0   0   0  90   0   0   0   0   0   0   0   0   0   0   0   0  1.09 0.07
  123 K   -1  3 -1 -1 -4  1  0 -2 -1 -3 -3  5 -2 -4 -2 -1 -1 -4 -2 -3    0  17   0   0   0   0   0   0   0   0   0  83   0   0   0   0   0   0   0   0  0.70 0.07
  124 S    1 -1  0 -1 -1 -1 -1 -1 -2 -1 -2 -1 -2 -3 -1  5  1 -3 -2  0    0   0   0   0   0   0   0   0   0   0   0   0   0   0   0  87   0   0   0  13  0.49 0.08
  125 S    1 -1  0 -1 -1 -1 -1  2 -2 -3 -3 -1 -2 -3 -1  4  2 -3 -2 -2    0   0   0   0   0   0   0  14   0   0   0   0   0   0   0  72  13   0   0   0  0.48 0.06
  126 S    0 -1  3  0 -2  0 -1 -1 -1 -3 -3 -1 -2 -3 -1  4  1 -4 -2 -2    0   0  22   0   0   0   0   0   0   0   0   0   0   0   0  78   0   0   0   0  0.56 0.07
  127 I   -1 -3 -3 -3 -1 -2 -3 -3 -3  3  1 -2  1 -1 -3 -1  2 -2  0  3    0   0   0   0   0   0   0   0   0  38   0   0   2   0   0   0  19   0   5  37  0.30 0.04
  128 I   -1 -3 -4 -4 -2 -3 -4 -4 -4  5  1 -3  1 -1 -3 -3 -1 -3 -2  3    0   0   0   0   0   0   0   0   0  70   0   0   0   0   0   0   0   0   0  30  0.51 0.06
  129 K   -1  1 -1 -2 -2  0 -1 -3 -2  0  1  3  3 -1 -2 -1  1 -3 -2  1    0   2   0   0   0   0   0   0   0   0  14  39  22   0   0   0  10   0   0  13  0.18 0.04
  130 C    1 -3 -3 -4  8 -2 -3 -3 -3  0  1 -3  4 -1 -3 -1 -1 -2 -2  0   14   0   0   0  49   0   0   0   0   0  10   0  26   2   0   0   0   0   0   0  0.64 0.07
  131 T    0  0  0  2 -2  0  0 -2 -2 -2 -2  2 -2 -3 -1  2  4 -3 -2 -1    0   0   0  14   0   0   0   0   0   0   0  22   0   0   0  13  50   0   0   0  0.36 0.05
  132 K    1  3  0  2 -3  3  1 -2 -1 -3 -3  3 -2 -3 -2  0 -1 -3 -2 -2   14  27   0  15   0  22   0   0   0   0   0  21   0   0   0   0   0   0   0   0  0.38 0.04
  133 L   -1 -2  2 -1 -2 -1 -2 -2 -2  1  3 -2  1 -1 -3  0  0 -3 -2  1    0   0  22   0   0   0   0   0   0   0  50   0   0   0   0  14   0   0   0  13  0.20 0.04
  134 M    2 -2 -3 -3 -1 -1 -2 -2 -2  1  1 -2  5 -1 -2 -1 -1 -2 -2  1   36   0   0   0   0   0   0   0   0   4   5   0  41   0   0   0   0   0   0  14  0.27 0.05
  135 R   -1  2 -1 -2 -3  0  0 -2 -1 -1 -2  4 -1 -1 -2 -1 -1 -2  2  1    0   8   0   0   0   0   0   0   0   0   0  54   0   0   0   2   0   0  14  22  0.27 0.05
  136 D   -2  1  1  5 -4  1  3 -2 -1 -4 -4  2 -3 -4 -2  0 -1 -4 -3 -3    0   5   2  45   0   0  31   0   0   0   0  17   0   0   0   0   0   0   0   0  0.62 0.05
  137 K   -1  1 -1 -2 -3  1  0 -2 -1 -2 -1  5  3 -3 -2 -1 -1 -3 -2 -2    0   0   0   0   0   0   0   0   0   0   0  78  22   0   0   0   0   0   0   0  0.51 0.08
  138 L   -2 -3 -4 -4 -2 -3 -4 -4 -3  4  3 -3  1  2 -3 -3 -1 -2  0  2    0   0   0   0   0   0   0   0   0  48  38   0   0  13   0   0   0   0   0   0  0.41 0.04
  139 E   -1  0 -1  1 -4  1  5 -3 -1 -4 -3  3 -2 -4 -2 -1 -1 -3 -3 -3    0   0   0   0   0   0  77   0   0   0   0  23   0   0   0   0   0   0   0   0  0.75 0.07
  140 R   -2  5  2  0 -4  1  2 -2  0 -4 -3  2 -2 -3 -2 -1 -1 -3 -2 -3    0  50  13   0   0   0  22   0   0   0   0  14   0   0   0   0   0   0   0   0  0.55 0.05
  141 G    0 -3 -1 -2 -3 -2 -3  6 -3 -4 -4 -2 -3 -4 -3 -1 -2 -3 -4 -4    0   0   0   0   0   0   0 100   0   0   0   0   0   0   0   0   0   0   0   0  1.26 0.08
  142 E   -1  0  0  1 -4  1  5 -2 -1 -4 -3  2 -2 -4 -1  1 -1 -3 -2 -3    0   0   0   0   0   0  64   0   0   0   0  22   0   0   0  13   0   0   0   0  0.60 0.06
  143 V   -1 -3 -4 -4 -1 -3 -3 -4 -4  3  3 -3  1 -1 -3 -2 -1 -3 -2  4    0   0   0   0   0   0   0   0   0  14  32   0   0   0   0   0   0   0   0  54  0.40 0.04
  144 E   -1  2  0  1 -4  2  4 -2  0 -3 -3  3 -2 -4 -2  0 -1 -3 -2 -3    0  16   0   0   0   0  62   0   0   0   0  22   0   0   0   0   0   0   0   0  0.59 0.04
  145 V   -1 -1 -3 -3 -1 -2 -3 -4 -3  3  1 -2  1 -1 -3 -2  0 -3 -2  4    0   5   0   0   0   0   0   0   0  24   0   0   0   0   0   0   0   0   0  71  0.36 0.03
  146 D    1 -1  3  5 -3  0  1 -1 -1 -3 -3 -1 -2 -3 -2  0 -1 -4 -3 -2   25   0  18  51   0   0   7   0   0   0   0   0   0   0   0   0   0   0   0   0  0.50 0.03
  147 D   -2 -2  1  7 -4 -1  1 -2 -1 -4 -4 -1 -4 -4 -2 -1 -1 -5 -4 -4    0   0   0 100   0   0   0   0   0   0   0   0   0   0   0   0   0   0   0   0  1.09 0.05
  148 S    2 -1  0  1 -1  0  0 -1 -1 -2 -2 -1 -1 -3 -1  3  2 -3 -2 -1   17   0   0  10   0   0   0   0   0   0   0   0   0   0   0  48  24   0   0   0  0.33 0.01
  149 F   -2 -2 -2 -3 -2 -2 -2 -3  0  0  0 -2  0  5 -3 -2 -2  1  5 -1    1   1   0   1   0   0   1   1   0   1   7   1   0  52   1   1   1   0  32   1  0.54 0.02
  150 V    0 -2 -2 -3 -1 -2 -2 -3 -3  3  1 -2  1 -1 -2 -1  2 -3 -1  3    0   0   0   0   0   0   0   0   0  22   0   0   0   0   0   0  22   0   0  56  0.28 0.01
  151 D   -1 -1  0  4 -4  1  5 -2 -1 -4 -3  0 -3 -4 -1  0 -1 -4 -3 -3    0   0   0  28   0   0  72   0   0   0   0   0   0   0   0   0   0   0   0   0  0.71 0.02
  152 E   -1  0  0  2 -4  2  5 -2  0 -4 -3  1 -2 -4 -1  0 -1 -3 -2 -3    0   0   0   0   0   0 100   0   0   0   0   0   0   0   0   0   0   0   0   0  0.77 0.01
  153 K   -1  3  0 -1 -3  1  1 -2 -1 -3 -3  5 -2 -3 -1  0 -1 -3 -2 -3    0  13   0   0   0   0   0   0   0   0   0  87   0   0   0   0   0   0   0   0  0.53 0.01
  154 M   -1 -2 -3 -3 -2 -1 -2 -3 -2  1  2 -2  6  0 -3 -2 -1 -2 -1  1    0   0   0   0   0   0   0   0   0   0   0   0  87   0   0   0   0   0   0  13  0.35 0.01

                      K         Lambda
Standard Ungapped    0.1314     0.3170
Standard Gapped      0.0410     0.2670
PSI Ungapped         0.1314     0.3170
PSI Gapped           0.0410     0.2670
