
Last position-specific scoring matrix computed, weighted observed percentages rounded down, information per position, and relative weight of gapless real matches to pseudocounts
           A  R  N  D  C  Q  E  G  H  I  L  K  M  F  P  S  T  W  Y  V   A   R   N   D   C   Q   E   G   H   I   L   K   M   F   P   S   T   W   Y   V
    1 M   -2 -3 -4 -5 -3 -2 -3 -4 -3  1  1 -3  9 -1 -4 -3 -2 -3 -2  0    0   0   0   0   0   0   0   0   0   3   3   0  94   0   0   0   0   0   0   0  1.32 0.23
    2 A    4 -2 -2 -2 -2 -1  0 -1 -2 -2 -3 -2 -2 -3  1  3  1 -4 -3 -1   58   0   0   0   0   0   5   0   0   2   0   0   0   0   5  23   5   0   0   1  0.53 0.17
    3 T   -1 -3 -4 -1 -3 -1  0 -4 -4  0  5 -3  1 -1 -2 -2 -1 -3 -3 -1    5   0   0   3   0   2   8   0   0   2  67   0   2   1   2   2   4   0   0   0  0.55 0.26
    4 Q    1  0  1 -1 -4  5  3 -3 -1 -4 -3  0 -3 -4 -3  1 -1 -4 -3 -3   10   4   8   0   0  38  19   0   1   0   1   3   0   0   0  13   3   0   0   0  0.63 0.28
    5 R    0  0 -3 -2 -3  1 -3 -3 -3  0  2 -2  6 -2  1 -2  0 -3 -3 -1    8   4   0   2   0   7   0   1   0   4  23   1  33   0   8   1   5   0   0   1  0.45 0.26
    6 K   -2  2 -1 -2 -4  0  2 -3 -2 -4 -3  5 -1 -4 -2  0  2 -4 -2 -3    1   8   0   0   0   2  11   0   0   0   1  49   2   0   1   7  17   0   1   0  0.67 0.31
    7 Q    0 -2 -2  1 -5  2  6 -3 -2 -5 -3 -1 -4 -5 -3 -1 -2 -5 -2 -4    6   0   0   7   0   6  71   1   0   0   2   2   0   0   0   2   2   0   1   0  1.12 0.43
    8 D    0 -1  0  3 -4  1  5 -2 -2 -4 -4 -1 -3 -5 -1  0  0 -4 -3 -4   10   1   4  16   0   4  48   3   0   0   0   1   0   0   2   4   5   0   1   0  0.67 0.29
    9 D   -4 -3 -1  7 -6 -2  0 -3 -4 -3 -4 -3 -5  0 -1 -1 -2 -6 -5 -4    0   1   1  79   0   1   4   0   0   1   2   0   0   4   2   3   1   0   0   1  1.54 0.51
   10 I   -1 -5 -4 -4 -3 -4 -5 -5 -5  5  1 -4  1 -2 -4 -3 -2 -3 -3  5    4   0   1   1   0   0   0   0   0  33  10   0   4   0   0   1   1   0   0  45  0.86 0.35
   11 K   -1  1 -1  1 -4  2  2 -3 -2 -2  2  3 -1 -3 -3  0  0 -4 -3 -2    3   6   2   8   0  11  16   0   0   1  23  19   0   0   0   4   5   0   0   1  0.27 0.19
   12 R   -2  1 -2 -1 -4  1  1 -4 -3 -2  1  5  4 -3 -3 -2 -2 -4 -3 -2    1   5   1   3   0   6   8   0   0   1  16  43  12   0   0   0   1   0   0   1  0.55 0.32
   13 L   -4 -4 -5 -6 -4 -4 -5 -5 -3  1  2 -4  6  4 -5 -3 -3 -2  5 -2    0   0   0   0   0   0   0   0   0   6  23   0  22  21   0   2   0   0  25   1  0.99 0.40
   14 L   -4 -2 -6 -6 -3 -3 -5 -6 -5  1  6 -5  0 -1 -4 -5 -3 -4 -3  0    0   2   0   0   0   1   0   0   0   5  84   0   0   1   0   0   0   0   0   5  1.26 0.47
   15 A    5 -3 -3 -4 -3 -1 -2 -1 -4 -1 -2  0 -2 -4 -3  1  0 -5 -4  0   64   0   0   0   0   2   1   2   0   3   3   4   0   0   0   9   5   0   0   6  0.74 0.38
   16 S    6 -4 -4 -4  4 -2 -3 -3 -3 -3 -4 -3  0 -4 -3  2  0 -5 -2 -1   67   0   0   0  10   1   0   0   0   1   0   0   2   0   0  12   4   0   1   2  1.01 0.45
   17 N   -2  0  2 -1 -2  2  0  5  0 -5 -5  0 -3 -5 -4 -1 -1 -5 -3 -5    1   5   9   2   1  11   4  52   3   0   0   6   0   0   0   3   3   0   0   0  0.79 0.33
   18 C    0 -4 -4 -4  5 -4 -4 -3 -5  1 -1 -4 -2 -4 -4 -1  4 -5 -4  4    6   0   0   0  14   0   0   2   0   7   2   0   0   0   0   3  32   0   0  35  0.75 0.37
   19 H   -5  1 -3 -4 -7 -1 -4 -6 11 -4 -6 -4 -5 -5 -4 -4 -5 -6 -1 -5    0   6   0   1   0   2   0   0  89   1   0   0   0   0   1   0   0   0   1   0  2.94 0.83
   20 Q   -4 -5 -6 -6 -3 -4 -5 -6 -5  5  4 -4  0  0 -5 -5 -3  0 -1  1    0   0   0   0   0   1   0   0   0  38  49   0   1   2   0   0   0   1   1   6  1.00 0.39
   21 A   -2 -3 -3 -3 -6 -5 -4  7 -5 -7 -7 -4 -6 -6 -3 -3 -5 -6 -6 -5    1   1   0   1   0   0   0  95   0   0   0   0   0   0   1   0   0   0   0   1  2.17 0.65
   22 T    0 -3 -1 -2 -3 -3 -2  3 -2 -4 -3 -2 -3 -5 -4  2  5 -5 -4 -3    6   0   1   1   0   0   1  27   1   0   2   1   0   0   0  15  44   0   0   1  0.78 0.39
   23 I   -2  2 -1 -2 -4  4 -1 -3  1 -2 -4  3 -3 -5 -2 -1  4 -5 -3 -2    1   9   2   0   0  21   2   0   3   3   0  23   0   0   1   2  30   0   0   2  0.60 0.34
   24 N   -3 -3  7 -2 -4  3 -2 -3 -1 -1 -3  0 -2 -3 -4  0 -1 -5 -2 -1    1   0  56   0   0  14   0   0   1   4   1   5   1   1   0   4   4   0   1   6  0.95 0.44
   25 L   -2  0 -3 -4  5 -2 -2 -4 -2  0  2  3  0 -1 -4 -1 -1 -4 -3  2    1   4   0   0  15   0   1   0   1   2  28  22   1   2   0   4   3   0   0  14  0.40 0.26
   26 N   -2 -3  3  5 -4  0  1 -2 -1 -4 -4 -2 -4 -4 -3  1  3 -5 -1 -3    0   0  15  32   0   3   7   2   1   0   0   0   0   0   0  12  24   0   2   1  0.69 0.34
   27 N   -2  0  1 -2 -3  0 -1 -2  1 -2 -2  3 -2  5 -2  0 -1 -2  2 -1    3   3   9   1   0   3   3   2   3   1   2  20   0  33   1   6   2   0   5   5  0.39 0.25
   28 Q   -1  0 -1  3 -4  5 -1 -2  2 -4 -2  0 -2  0 -2 -1 -2 -3  1 -4    5   4   2  19   0  39   1   2   6   0   4   4   1   4   1   2   1   0   6   0  0.58 0.33
   29 M   -4 -4 -3 -6 -2 -2 -5 -6 -3 -2  0 -3 10 -2 -5 -5 -4 -5 -4 -2    0   0   1   0   1   2   0   0   0   0   3   1  88   1   0   0   0   0   0   2  2.54 0.79
   30 K   -2  1 -2 -1 -5  1  5 -3 -2 -3 -3  4  0 -5 -3 -1 -2 -5 -4 -3    3   5   1   2   0   3  47   1   0   1   2  25   3   0   0   4   2   0   0   1  0.76 0.35
   31 R   -2  3  0 -1 -4  5  0 -3 -2 -3 -3  2 -1 -4  3 -1 -2 -4 -3 -3    1  18   3   3   0  30   3   1   0   1   2  14   1   1  16   3   2   0   0   1  0.64 0.30
   32 Y   -5 -5 -5 -4 -2 -4 -5 -6 -2 -4 -3 -5 -3  5 -6 -4 -4 -1  9 -4    0   0   0   1   1   0   0   0   0   0   0   0   0  24   0   0   0   0  70   0  2.16 0.64
   33 I   -3 -5 -4 -5 -2 -4 -5 -5 -5  6  0 -4  0 -2 -4 -4 -2 -5 -3  4    1   0   1   0   0   0   0   0   0  55   3   0   1   0   0   0   1   0   0  35  1.14 0.42
   34 S   -4 -4 -2 -5  0 -4 -4 -5  4 -4 -3 -4 -3  4 -5 -2 -2  6  7 -3    0   0   2   0   3   0   0   0   9   0   0   0   0  18   0   3   2  10  49   1  1.43 0.48
   35 H   -2  4 -2 -2 -5 -1  0  0  0 -5 -4  6 -3 -5 -3 -1 -1 -5 -4 -4    2  21   1   2   0   1   3   6   2   0   0  56   0   0   0   3   3   0   0   0  0.93 0.39
   36 K   -1  6 -3 -4 -2 -1 -2 -3 -2  0 -3  1  0 -4 -4 -2  0 -3 -3  2    4  51   0   0   1   1   1   1   0   4   0   6   2   0   0   1   6   0   0  21  0.76 0.36
   37 G   -3  6  0 -3 -4  0 -1 -2 -3 -5 -3  4 -3 -5 -4  0  0 -5 -4 -4    0  51   4   0   0   1   2   2   0   0   2  26   0   0   0   5   5   0   0   0  1.01 0.41
   38 V    1 -1  1  0 -1  1 -1 -1 -2 -3 -3  0 -3 -3  3  3  0 -4 -1 -2    9   2   7   3   1   7   1   4   0   0   1   5   0   1  16  30   6   0   2   3  0.36 0.21
   39 N   -4 -4  1  7 -6 -2  2 -3 -2 -5 -6 -3 -5 -6 -4 -2 -3 -6 -5 -4    1   0   4  75   0   0  14   1   0   0   0   0   0   0   0   1   0   0   0   2  1.66 0.54
   40 G   -3 -4  0 -2 -5 -4 -4  7 -4 -6 -6 -2 -5 -6 -5 -2 -4 -5 -6 -6    0   0   4   2   0   0   0  89   0   0   0   2   0   0   0   1   0   0   0   0  1.88 0.57
   41 I   -2 -3 -2 -4 -3 -4 -3 -5 -4  5  3 -4  0 -1 -4 -3 -1 -4 -2  3    1   1   2   0   0   0   1   0   0  38  30   0   0   2   0   1   4   0   1  16  0.62 0.28
   42 H   -2 -2  2 -4  1 -2 -3 -4  5 -4 -4 -2 -3  2 -4  0 -3 -1  7 -4    3   2  10   0   3   1   0   0  16   0   0   2   0   5   0   6   0   0  50   0  1.19 0.45
   43 Y   -3 -5 -5 -5 -3 -3 -5 -5 -5  6  1 -4  1 -2 -5 -4 -2 -4 -3  4    0   0   0   0   0   1   0   0   0  56   8   0   2   1   0   0   1   0   1  29  1.11 0.41
   44 I   -3 -4 -5 -5 -3 -4 -5 -5 -5  6  3 -4  1  3 -5 -4 -2 -4 -2  0    1   0   0   0   0   0   0   0   0  51  30   0   3  11   0   0   2   0   0   1  0.95 0.37
   45 N   -4 -3  7  5 -5 -2 -1 -3  1 -5 -6 -1 -5 -5 -4 -2 -3 -6 -4 -5    0   1  53  37   0   0   2   0   4   0   0   2   0   0   0   0   0   0   0   0  1.49 0.51
   46 I   -2 -4 -5 -5 -3 -4 -4 -5 -5  4  4 -4  0 -2 -3 -4 -3 -4 -2  3    1   0   0   0   0   0   0   0   0  24  49   0   1   0   1   0   0   0   1  21  0.82 0.33
   47 E   -1  3  0 -1 -4  1  0  1  1 -4 -2  4 -2 -4 -3  0 -2 -4 -3 -3    4  20   4   3   0   6   4  13   3   0   3  32   1   0   0   6   1   0   0   0  0.45 0.23
   48 E   -2  4 -2 -3 -5  0  0 -3 -1 -3 -3  5  1 -5 -3 -1 -2 -3 -3 -4    2  28   0   0   0   3   4   1   1   2   1  46   4   0   0   5   1   0   0   0  0.86 0.38
   49 T   -3 -3 -3 -4 -4 -3 -4 -5 -4  2 -2 -4  0 -4 -4 -1  7 -1 -2 -1    1   1   0   0   0   1   0   0   0  11   2   0   2   0   0   1  79   1   1   2  1.44 0.58
   50 W   -5 -5 -1  4 -4 -4 -3 -5 -4 -3 -1 -5 -2 -1 -6 -5 -5 11  1 -5    0   0   4  25   0   0   0   0   0   1   8   0   1   2   0   0   0  55   3   0  2.26 0.66
   51 Q   -2 -3 -2  1 -6  1  7 -3 -1 -6 -5  0 -5 -6 -4 -2 -2 -5 -5 -5    2   0   0   6   0   4  76   2   1   0   0   5   0   0   0   2   2   0   0   0  1.43 0.54
   52 K   -3  5 -3 -4 -6 -1 -2 -4 -2 -5 -5  7  0 -6 -4 -3 -3 -6 -4 -5    1  29   0   0   0   0   1   0   1   0   0  66   2   0   0   0   0   0   0   0  1.54 0.56
   53 I   -3 -5 -6 -6 -3 -5 -5 -6 -5  5  5 -5  0  1 -5 -5 -3 -4 -3  0    1   0   0   0   0   0   0   0   0  32  57   0   1   5   0   0   0   0   0   3  1.05 0.40
   54 K   -2  3 -2 -3 -1  0 -2 -4 -3  1  3  1  1 -2 -4 -2 -2 -4 -3  1    1  19   2   1   1   4   1   0   0   8  35  11   4   0   0   2   0   0   0  10  0.34 0.22
   55 L   -1 -4 -5 -5 -3 -3 -4 -5 -4  2  5 -4  1  0 -4 -3  0 -4 -3  1    5   0   0   0   0   1   1   0   0  12  62   0   3   3   0   1   6   0   0   7  0.75 0.33
   56 A    7 -3 -4 -5 -3 -4 -3 -3 -4 -3 -4 -4 -4 -5 -4 -2 -2 -5 -5  0   90   1   0   0   0   0   1   0   0   1   0   0   0   0   0   0   2   0   0   5  1.53 0.59
   57 A    6 -4 -4 -3 -3 -4 -4  0 -4 -4 -4 -3 -4 -5 -3 -1 -2 -5 -5  0   84   0   0   1   0   0   0   5   0   0   0   0   0   0   0   2   2   0   0   6  1.34 0.55
   58 R   -4  6 -1 -2  2  0 -2 -4  3 -5 -4  4 -3 -5 -4 -2 -3 -4 -4 -5    0  55   2   2   5   2   0   0   6   0   0  24   0   0   0   1   0   0   0   0  1.21 0.48
   59 V    3 -4 -4 -3 -2 -3 -4 -3 -4  2 -1 -3  2  4 -1 -2 -1 -3 -1  2   31   0   0   2   1   0   0   0   0  11   3   0   7  25   3   0   3   0   0  15  0.48 0.29
   60 I   -4 -5 -6 -6 -4 -5 -5 -6 -5  6  3 -5  1  0 -5 -5 -2 -4 -3  1    0   0   0   0   0   0   0   0   0  60  29   0   2   3   0   0   1   0   0   4  1.20 0.45
   61 A    4 -4 -1 -4  2 -3 -3 -2 -4  0 -1 -3 -2 -3 -3  1 -1 -5 -2  4   34   0   3   0   4   0   0   2   0   2   3   0   0   0   0  13   1   0   1  37  0.57 0.33
   62 A    4  2  0 -2 -3 -1 -2  0 -2 -3 -3  0 -1 -4 -2  1  1 -4 -2 -2   45  14   4   1   0   2   0   4   0   0   0   6   1   0   1   8   9   0   2   2  0.45 0.27
   63 V   -3 -4 -5 -5 -2 -4 -5 -5 -3  5  0 -4  0  2 -5 -4 -2 -2  5  2    0   0   0   0   1   0   0   0   0  44   5   0   2   9   0   0   2   0  20  14  0.87 0.36
   64 Q   -2 -1 -1  3 -5  1  6 -1 -2 -4 -4  1 -4 -4  0 -2 -2 -4 -2 -4    2   3   1  14   0   3  52   5   0   0   1   8   0   0   5   1   1   0   1   1  0.82 0.36
   65 H   -1 -2  6  0 -3 -1 -1 -2  2 -3 -2 -1 -2 -2 -2  0  1 -3 -1 -2    5   1  49   4   0   2   2   2   6   1   4   2   1   1   2   4   8   0   2   2  0.66 0.26
   66 P   -2 -3 -4 -4 -5 -3 -4 -4  0 -4 -4 -3 -2 -4  8 -3 -3 -6 -5 -5    2   1   1   0   0   1   0   1   2   1   2   2   1   1  84   1   1   0   0   0  2.35 0.68
   67 E    3 -1  0  0 -1  1  2 -1 -1 -2 -2  0 -3 -4 -2  2  0 -4 -3 -3   35   1   3   5   1   7  16   2   1   1   3   5   0   0   1  15   3   0   0   0  0.37 0.24
   68 D   -3  0  1  7 -6  0  2 -3 -1 -6 -6  2 -5 -6 -4 -2 -3 -6 -4 -5    1   5   4  62   0   3   9   1   1   0   0  12   0   0   0   2   1   0   0   1  1.26 0.47
   69 V   -2 -5 -6 -6 -3 -5 -5 -6 -6  5  0 -5 -1 -2 -5 -4 -3 -5 -4  5    2   0   0   0   0   0   0   0   0  42   3   0   1   1   0   0   0   0   0  50  1.24 0.46
   70 M    0 -3 -3 -4  5 -3 -3 -4 -4  1  2 -3  1  0 -4  2 -1 -3 -1  1    5   1   0   0  14   0   0   0   0  10  27   0   3   3   0  22   1   0   2  11  0.39 0.24
   71 V    2 -5 -5 -5 -1 -4 -5 -5 -5  1 -1 -4 -2 -3 -4 -3 -1 -5 -4  6   21   0   0   0   1   0   0   0   0   5   4   0   0   0   0   0   2   0   0  67  1.09 0.45
   72 V   -2 -2 -4 -5  2 -1 -4 -5 -1  5 -1 -4 -1 -3 -4 -3  1 -5 -3  5    2   2   0   0   5   3   0   0   2  35   1   0   1   0   0   1   9   0   0  40  0.79 0.35
   73 C    1 -4 -2 -3  0 -3 -3 -1 -4 -5 -4 -3 -4  1 -4  6  1 -5 -4 -4    9   0   0   0   2   0   0   4   0   0   1   0   0   7   0  72   5   0   0   0  1.13 0.52
   74 S    2 -1  0 -3  1 -1 -3 -1 -3 -3 -4 -2 -2 -3 -2  4  1 -5 -3  0   17   3   3   0   3   3   0   4   0   0   0   0   1   1   1  45   9   0   1   9  0.52 0.33
   75 R   -4  8 -2 -3 -6 -1 -3 -4 -1 -6 -5  1 -4 -6 -2 -1 -2 -2 -4 -5    0  79   1   1   0   2   0   1   1   0   0   6   0   0   2   5   2   1   0   1  1.71 0.60
   76 I   -2 -2  4 -2 -4  3  0 -3 -1  0 -2 -1 -3 -3  4  0  0 -5 -3 -2    2   0  26   1   0  17   4   0   1   8   4   2   0   1  22   4   5   0   0   2  0.58 0.31
   77 Y   -4 -4 -3 -4 -5 -3 -2 -5 -2 -1 -3 -3  0  3 -4 -1  4 -1  7 -3    0   0   0   0   0   1   2   0   0   3   1   1   2  12   1   3  25   0  47   0  1.19 0.49
   78 G    1 -4 -2 -3 -1 -1 -3  6 -1 -6 -6 -4 -5 -5 -4 -1 -1 -2 -5 -4   12   0   1   0   1   3   1  71   1   0   0   0   0   0   0   2   3   1   0   1  1.31 0.47
   79 Q   -3  1 -2 -3 -6  7  0 -5  3 -3 -4 -1  1  0 -3 -1 -2 -5 -2 -3    1   7   0   0   0  61   4   0   7   2   0   2   4   5   1   3   1   0   1   2  1.20 0.53
   80 R   -2  6 -2 -4 -5  0 -2 -2  2 -5 -5  3 -4 -2 -3 -2  0  0 -1 -5    2  56   0   0   0   3   0   3   4   0   0  15   0   2   1   1   5   1   2   0  1.02 0.44
   81 A    5 -4 -4 -4 -4 -4 -4 -2 -5 -4 -5 -4 -4 -5  5 -1 -2  2 -5 -3   60   0   0   0   0   0   0   1   0   0   0   0   0   0  30   2   2   3   0   1  1.32 0.53
   82 A    2 -5 -5 -5  0 -4 -4 -3 -5  2  0 -4  1 -3 -4 -2 -1 -5 -4  6   18   0   0   0   1   0   0   1   0   8   4   0   4   0   0   3   2   0   0  59  0.86 0.40
   83 I   -2  0 -2 -3 -3  0  1 -4  0  1  4  0  0 -1 -4 -2 -1 -3 -1 -1    1   5   1   0   0   5   9   1   2   6  53   7   1   1   0   1   4   0   2   1  0.40 0.25
   84 K   -3  0 -3 -3 -5 -1 -1 -4 -3 -3 -4  7  2 -5 -4 -1 -2 -6 -4 -4    1   2   0   0   0   0   2   0   0   2   1  80   7   0   0   4   1   0   0   0  1.42 0.55
   85 F   -5 -5 -6 -6  1 -6 -6 -6 -4 -3 -1 -6  0  9 -6 -5 -5 -2  2 -3    0   0   0   0   4   0   0   0   0   0   4   0   3  84   0   0   0   0   4   0  2.09 0.61
   86 A    5 -4 -3 -4  5 -3 -3  0 -4 -4 -4 -3 -1 -5 -3  2 -1 -5 -4 -2   64   0   0   0  12   0   0   7   0   0   0   0   1   0   1  12   2   0   0   1  0.99 0.44
   87 G    3  0 -1  0 -3  3  3 -1  1 -4 -3  1 -2 -3 -3  0 -1 -4 -3 -3   28   2   2   5   0  15  20   4   3   0   1  11   0   1   0   4   2   0   0   1  0.38 0.23
   88 Y    3 -2 -2 -3 -2 -2 -3 -2  3  0 -1 -2 -1  1 -3 -1  0 -2  4  1   31   1   1   0   0   1   0   1   9   4   3   2   1   6   0   3   5   0  21  10  0.38 0.23
   89 T   -1 -3 -2 -3  0 -3 -3 -4 -4  2 -1 -3  0 -3 -3 -1  5 -4 -3  2    4   0   1   0   1   0   0   0   0  15   5   0   1   0   1   1  51   0   0  16  0.69 0.34
   90 H   -2 -2 -1 -2 -2 -2 -2  7 -1 -5 -4 -2 -4 -5 -4 -2 -2 -4 -4 -5    1   3   2   1   1   2   2  78   1   0   1   2   0   0   0   1   2   0   0   0  1.38 0.43
   91 C    5 -3 -3 -3  5 -3 -3  1 -3 -2 -2 -3 -1 -4 -1  0 -1 -4 -3 -1   54   0   0   1  15   0   1  10   0   2   2   1   1   0   2   5   3   0   0   3  0.70 0.31
   92 K    0  1  0 -2 -3  1 -1 -3 -1 -1 -2  2  0 -3 -2  0  4 -4 -2 -1    6   8   4   2   0   7   2   1   1   3   1  17   3   1   1   2  36   0   1   4  0.36 0.23
   93 S    2 -2 -2 -2  0 -1 -1 -2 -1 -2 -2 -1 -1 -2  5  1  1 -3  0 -1   23   1   1   1   2   1   2   1   2   1   3   4   1   2  33  10   7   0   4   3  0.54 0.18
   94 T   -1 -2 -2 -3 -1 -3 -3 -3 -1  5  1 -2  1  0 -1 -2  1 -3 -1  2    4   2   2   1   1   0   1   1   2  45   6   2   4   3   3   1   8   0   1  14  0.35 0.18
   95 S    3 -1 -1 -2  0 -1 -1 -1 -1  1  0 -1  0 -1  0  0  1 -3 -2  1   41   2   3   1   1   0   2   1   1   8   5   1   3   3   5   4   9   0   0  11  0.18 0.11
   96 S    1 -2 -1 -1 -3 -1 -2  6 -2 -3 -3 -2 -3 -3 -1  0 -1 -3 -3 -2    9   1   1   2   0   3   1  65   0   1   1   1   0   1   2   5   3   0   1   3  0.78 0.20
   97 S    0  0  0  1  2  0  0  1 -1 -1 -1  0 -1 -1  0  0  0 -1  0 -1    6   6   3   9   8   4   4  14   1   3   7   4   1   2   4   9   4   1   3   4  0.04 0.01
   98 R   -2  6 -1 -2  0  0 -1 -3  3 -3 -3  2 -2 -3 -2 -1 -2 -3 -2 -3    2  62   1   1   2   1   1   1  10   1   2   8   0   1   1   1   1   0   1   1  0.81 0.23
   99 W   -3 -4 -4 -4  0 -4 -4 -4  1 -1 -1 -4  0  7 -4 -3 -3  5  2 -1    1   0   0   0   2   0   1   1   3   2   2   0   3  69   0   1   0   9   2   2  1.18 0.32
  100 T   -1 -2 -1 -2 -2 -2 -2 -3 -3  2  0 -2  1 -2 -1  0  5 -3 -2  1    4   0   1   0   0   0   1   1   0  17   4   0   4   0   2   2  53   0   0   9  0.49 0.22
  101 P   -1 -3 -3 -3 -4 -3 -3 -3 -3 -4 -2 -3 -3 -4  8 -1 -2 -5 -4 -3    3   0   0   0   0   0   1   1   0   0   3   0   0   0  84   3   0   0   0   1  2.09 0.40
  102 G   -1  0 -1 -2 -4 -3 -2  6 -3 -4 -4 -2 -4 -4 -3 -2 -3 -4 -4 -4    1   5   2   0   0   0   2  84   0   0   1   0   0   0   0   1   0   0   0   1  1.31 0.31
  103 T    0 -1  0 -2  0 -1 -2 -3 -3  0 -1 -1  1 -3 -2  1  5 -3 -3  0    4   4   4   0   2   1   1   1   0   6   3   2   4   0   0   5  60   0   0   3  0.53 0.24
  104 L   -3 -3 -4 -4 -3 -3 -4 -4 -3  0  3 -3  1  6 -4 -2 -2 -1  1 -1    1   0   0   0   0   0   1   1   0   3  31   1   4  52   0   2   1   0   2   1  0.80 0.25
  105 T   -1 -1 -2 -2  0 -2 -2 -3 -3 -1 -2 -2 -2 -3 -1  0  7 -4 -3 -1    1   3   0   0   1   0   1   1   0   2   1   1   0   0   2   2  81   0   0   3  1.01 0.34
  106 N   -4 -3  8 -2 -5 -3 -3 -3  0 -3 -5 -3 -4 -5 -4 -1 -2 -5 -1 -5    1   0  86   0   0   0   0   1   2   2   1   0   0   0   0   2   1   0   2   0  1.97 0.61
  107 Y   -2 -1 -2 -3 -2  6 -1 -4  0 -4 -4  0 -3 -2  5 -2 -2 -3  2 -4    2   2   2   1   1  47   1   1   2   0   1   3   0   1  25   2   1   0   8   1  1.05 0.41
  108 Q   -1 -2 -1 -2 -3  1 -1 -3 -1  5  0 -1  1 -1 -3  0  0 -3  0  0    3   1   3   2   0   7   3   1   1  45   4   4   4   2   0   9   5   0   3   2  0.33 0.22
  109 T   -2 -1 -1 -2  1  5 -1 -4 -1  0  1 -2 -1 -1 -2 -1  1 -3  1  0    1   1   2   2   3  40   1   1   1   4  16   0   1   3   1   3   8   0   5   6  0.43 0.28
  110 L    3  1 -1  0 -3  0  1 -1 -1 -3 -3  3 -2 -3  1  0 -1 -4 -2 -2   32   9   1   4   0   1   7   2   1   0   2  21   1   0   7   5   2   0   1   2  0.31 0.19
  111 K    3  0  1 -1 -2 -1 -1  1  0 -2 -2  1 -2 -1 -1  1  0  0 -1 -2   29   5   7   3   1   1   3   9   2   1   2  11   0   2   3   8   7   1   2   1  0.17 0.13
  112 Y   -4 -4 -5 -5 -2 -4 -5 -5  0 -2 -1 -5 -3  8 -2 -2 -4 -1  5 -2    0   0   0   0   1   0   0   0   2   1   3   0   0  63   2   3   0   0  19   3  1.53 0.48
  113 E   -1  3 -2 -3  0  2  0 -3 -1  2  0  1  1  0 -3 -1  0  4 -1 -1    2  21   1   0   2   9   4   0   1  15   7   7   5   3   0   3   4   7   2   3  0.22 0.17
  114 E   -3 -3 -2  0 -6  1  7 -5 -3 -6 -5 -2 -4 -6 -4 -2 -3 -5 -5 -5    1   0   1   2   0   3  88   0   0   0   0   0   0   0   0   1   0   0   0   0  1.79 0.59
  115 P   -2 -5 -5 -4 -5 -4 -4 -5 -5 -3 -2 -4 -4 -6  8 -2 -3 -6 -5 -2    3   0   0   0   0   0   0   0   0   2   4   0   0   0  84   2   1   0   0   3  2.30 0.61
  116 R   -2  6 -2  2  1  2  1 -3  1 -4 -3  1 -3 -4 -3 -1 -3 -1 -3 -4    1  45   0  14   3   8   9   1   3   0   1   6   0   0   0   3   0   1   0   0  0.70 0.31
  117 V   -2 -4 -4 -5 -3 -4 -4 -5 -1  2  4 -4  0 -1 -4 -4 -2 -1 -3  4    2   0   0   0   0   0   0   0   2   8  54   0   0   2   0   0   0   1   0  28  0.75 0.31
  118 L   -3 -4 -5 -5 -3 -4 -4 -5 -5  3  5 -4  1 -2 -1 -4 -2 -4 -3  2    0   0   0   0   0   0   0   0   0  16  62   0   2   0   3   0   1   0   0  13  0.85 0.33
  119 I   -2 -4 -4 -4 -3 -4 -3 -5 -4  4  1 -4  1  1 -4 -3 -2  0 -2  5    1   0   0   0   0   0   2   0   0  31  10   0   2   5   0   2   0   2   0  42  0.72 0.30
  120 V   -1 -4 -4 -5  1 -4 -4 -5 -5  2  0 -4 -1 -3 -4 -3 -2 -4 -3  6    5   0   0   0   2   0   0   0   0   8   8   0   1   0   0   1   1   0   0  70  1.00 0.39
  121 T    0 -3  0 -3  0 -3 -3 -3 -3 -2 -2 -3  0 -4 -3  2  6 -4 -3 -1    5   0   3   0   2   0   0   1   0   2   3   0   2   0   0  14  62   0   0   4  0.92 0.40
  122 D   -2 -4 -1  8 -2 -3 -1 -2 -3 -5 -5 -3 -5 -5 -4 -3 -2 -6 -5 -4    3   0   2  83   1   0   1   3   0   0   1   0   0   0   0   1   2   0   0   1  1.77 0.54
  123 P   -3 -4 -4 -4  0 -4 -4 -4 -4 -5 -4 -4 -5 -5  8 -2 -1 -5 -5 -4    1   0   0   0   2   0   0   1   0   0   1   0   0   0  85   3   3   0   0   0  2.40 0.62
  124 R   -1  6 -2 -3 -4  0 -2  0 -1  0 -1  0  0  0 -3 -1 -1 -3 -1 -2    6  48   1   1   0   3   1   7   1   5   6   4   2   4   0   3   3   0   1   2  0.50 0.26
  125 S    3 -1 -1 -1 -2 -1 -1  0 -1 -1 -1 -2 -1 -2  0  1  2 -3 -2  1   33   2   2   2   0   1   2   8   1   3   4   0   1   1   3   7  18   0   1  10  0.23 0.17
  126 D   -3 -4 -1  8 -5 -3 -1 -2 -3 -5 -5 -3 -5 -5 -4 -3 -1 -5 -5 -3    1   0   1  83   0   0   1   2   0   0   1   0   0   0   0   1   5   0   0   2  1.77 0.53
  127 F    1  0 -1 -1 -3  1 -1 -2  7 -3 -2  1 -3 -1 -1  1 -1 -3  0 -2   13   3   2   2   0   5   2   1  36   1   2   9   0   3   3   9   4   0   2   2  0.55 0.26
  128 Q   -3 -1 -2 -3 -5  9 -1 -4  0 -5 -4 -2 -3 -5 -3 -3 -3 -4 -4 -5    1   2   1   0   0  87   1   1   1   0   1   0   0   0   1   1   0   0   0   1  2.05 0.66
  129 A    4 -3 -3 -3 -2 -3 -3 -3 -4 -2 -2 -3 -3 -4  6 -1 -1 -4 -4 -1   43   0   0   0   1   0   1   1   0   1   3   0   0   0  39   2   2   0   0   5  1.05 0.38
  130 I   -2 -4 -4 -4 -3 -3 -4 -4 -2  4  4 -4  2  0 -3 -3 -2 -3 -2  3    1   0   0   0   0   0   0   1   1  27  41   0   4   3   1   1   0   0   0  19  0.65 0.26
  131 K   -1  1  0 -1 -3  0 -1 -3  1  0 -1  3  0 -3 -1  0  4 -3 -2 -1    4   7   5   2   0   2   2   1   3   5   4  20   3   0   2   4  33   0   1   3  0.30 0.20
  132 E   -3 -3 -3  0 -5 -1  7 -4 -3 -5 -5 -2 -4 -5 -3 -3 -3 -5 -4 -4    1   0   0   2   0   0  90   1   0   0   1   0   0   0   0   1   0   0   0   1  1.83 0.58
  133 A    6 -3 -3 -4 -3 -3 -3 -1 -4 -3 -4 -3 -3 -4 -2  2  0 -5 -4  0   73   0   0   0   0   0   0   2   0   0   0   0   0   0   1  11   4   0   0   5  1.03 0.43
  134 S    2 -2 -2 -3 -3 -1 -2 -2 -3  0 -2 -1 -2 -2 -1  5  0 -4 -2  0   13   1   1   0   0   1   0   2   0   5   3   2   0   1   3  56   2   0   2   7  0.58 0.33
  135 Y   -2 -1  0 -1 -2  0  0 -4  3 -2 -1  1 -2  1 -4 -2 -1 -1  7 -3    1   2   4   4   1   4   6   0   6   1   5   9   1   4   0   2   4   0  45   0  0.73 0.33
  136 V    0 -4 -3 -5  1 -4 -4 -3 -5  2 -1 -4  2 -3 -4 -2 -1 -4 -3  6    5   0   1   0   3   0   0   2   0  10   2   0   6   0   0   3   2   0   0  63  0.84 0.36
  137 N   -3 -2  7 -1 -5 -3 -2  4 -2 -6 -6 -1 -5 -5 -4 -2 -2 -5 -5 -5    0   1  61   2   0   0   1  29   0   0   0   3   0   0   0   1   1   0   0   0  1.38 0.47
  138 I   -3 -4 -5 -5 -1 -4 -5 -5 -5  5  4 -4  0 -1 -4 -4 -2 -4 -3  2    1   0   0   0   1   0   0   0   0  48  38   0   0   1   0   1   1   0   0   8  0.92 0.34
  139 P   -4 -5 -5 -4 -5 -2 -4 -5 -1 -5 -3 -4 -5 -6  8 -3 -2 -6 -5 -5    0   0   0   0   0   1   0   0   2   0   4   0   0   0  88   1   2   0   0   0  2.51 0.65
  140 V   -2 -4 -3 -4  1 -3 -4 -4 -4  2 -1 -3 -1 -3 -3 -1  5 -4 -3  4    1   0   0   0   3   0   0   0   0  13   1   0   1   0   1   2  41   0   0  37  0.79 0.36
  141 I   -3 -5 -5 -5 -3 -5 -5 -6 -5  7  0 -5 -1 -2 -5 -4 -1 -5 -3  3    1   0   0   0   0   0   0   0   0  71   3   0   0   0   0   0   4   0   0  20  1.28 0.44
  142 A    6 -3 -3 -4 -2 -3 -3  0 -4 -3 -4 -3 -3 -4 -3  0 -1 -4 -4 -2   83   0   0   0   1   0   0   5   0   0   0   0   0   0   0   6   2   0   0   1  1.18 0.45
  143 L   -3 -3 -5 -5 -3 -3 -4 -5 -4  0  5 -4  2  4 -1 -4 -3 -3 -1  0    0   1   0   0   0   1   0   0   0   2  59   0   5  24   3   0   0   0   0   3  0.86 0.34
  144 C    0 -4 -5 -5 11 -5 -5 -3 -5 -3 -4 -5 -4 -4 -5 -2 -1 -2 -5  0    6   1   0   0  76   0   0   2   0   0   0   0   0   1   0   2   3   1   0   6  2.30 0.60
  145 D   -4 -3  6  6 -5 -2 -1 -3  1 -4 -5 -2 -4 -5 -4 -1 -2 -6 -4 -3    0   0  47  42   0   1   0   0   4   0   0   0   0   0   0   2   1   0   0   2  1.32 0.45
  146 S    0 -1 -2 -3 -1 -3 -3 -3 -2 -3 -3 -3 -1 -4 -3  1  7 -5 -4 -2    7   3   0   0   1   0   0   0   1   1   1   0   1   0   1   7  76   0   0   1  1.22 0.48
  147 D   -4 -3  3  7 -5 -2  1 -3  1 -5 -6 -3 -5 -5 -4 -2 -3 -6 -5 -5    0   0  14  70   0   1   7   1   4   0   0   0   0   0   0   0   1   0   0   0  1.48 0.47
  148 S    0 -3  4 -2  0 -2 -2 -2  2 -4 -4 -2 -3  0 -1  5  0 -5 -3 -3    7   0  25   0   2   0   0   0   5   0   1   0   0   4   2  49   4   0   0   1  0.73 0.36
  149 P   -2 -1 -2  0 -2 -1 -2 -4 -2 -1 -1  0  1 -3  7  1  0 -5 -2 -3    1   3   1   4   1   1   2   0   1   3   6   5   4   1  51  10   4   0   1   0  0.98 0.33
  150 L   -2 -2 -4 -4  0 -2 -3 -4 -1  1  4 -2  1 -2 -3 -1  2 -4 -3  0    1   1   0   0   2   2   0   0   1   4  57   2   2   0   1   5  18   0   0   5  0.56 0.29
  151 A   -1  3  0  1  3  1  1 -2  3 -3 -3  2 -3 -4 -3  1 -1 -4 -2 -2    3  19   4   8   9   4   8   2  11   1   2  11   0   0   0  14   2   0   0   2  0.32 0.18
  152 Y   -4 -2  2 -2  4 -3 -3 -2  2 -3 -2 -3 -3  4 -5 -3 -3  1  7 -3    0   2  14   2   9   0   1   2   4   0   3   1   0  18   0   1   0   1  42   0  0.99 0.39
  153 V   -3 -3 -5 -5 -2 -4 -5 -5 -5  3 -1 -4  0 -3 -4 -4 -2 -5 -3  6    0   1   0   0   0   0   0   0   0  14   2   0   1   0   0   0   1   0   0  78  1.28 0.46
  154 D   -4 -4 -1  8 -6 -3  0 -2 -2 -5 -6 -3 -5 -6 -4 -3 -4 -6 -3 -3    0   0   1  89   0   0   2   2   1   0   0   0   0   0   0   0   0   0   1   2  1.96 0.57
  155 V   -2 -4 -4 -4  0 -4 -4 -5 -2  5  2 -4  0  1 -4 -3 -2 -3 -2  3    1   0   0   0   2   0   0   0   1  47  21   0   1   5   0   0   1   0   0  17  0.72 0.28
  156 V    5 -3 -3 -4  1 -3 -3 -1 -4  1 -2 -3  0 -3 -2 -1 -1 -4 -3  3   53   0   0   0   4   0   0   3   0   8   0   0   2   0   1   1   2   0   0  23  0.60 0.31
  157 I   -4 -5 -4 -5 -4 -5 -5 -6 -5  8 -1 -5 -1 -3 -5 -4 -1 -5 -4  1    0   0   1   0   0   0   0   0   0  88   0   0   0   0   0   0   3   0   0   6  1.60 0.51
  158 P   -3 -5 -5 -4 -6 -3 -4 -5 -5 -5 -4 -4 -5 -6  9 -3 -3 -6 -6 -5    1   0   0   0   0   1   0   0   0   0   2   0   0   0  93   1   0   0   0   0  2.75 0.67
  159 C    1 -3 -3 -4  9 -4 -4 -1 -4 -2 -2 -4  1 -3 -4 -1  3 -4 -3 -1   10   1   0   0  50   0   0   4   0   1   3   0   4   1   0   3  18   0   0   5  1.23 0.41
  160 N   -4 -1  8 -1 -5 -1 -3 -2 -2 -5 -5 -1 -4 -5 -4 -2 -2 -6 -4 -5    0   2  87   1   0   2   0   1   0   0   0   2   0   0   0   1   1   0   0   0  1.89 0.56
  161 N   -4 -3  8 -1 -5 -2 -2 -3  0 -5 -6 -1 -5 -5 -4 -1 -1 -6 -4 -5    0   0  87   0   0   0   2   0   2   0   0   2   0   0   0   2   3   0   0   1  1.88 0.57
  162 R   -3  3 -2 -3 -5 -1 -1 -4 -3 -5 -4  7  0 -5 -3 -2 -3 -5 -4 -4    0  17   1   0   0   0   1   0   0   0   0  75   2   0   0   1   0   0   0   0  1.35 0.48
  163 S    0 -1  0 -2 -4 -3 -2  6 -3 -5 -5 -3 -4 -4 -3  1 -2 -4 -4 -4    5   4   3   2   0   0   3  68   0   0   0   0   0   1   0  13   1   0   0   0  1.08 0.35
  164 T    3  4 -2 -3  0 -1 -1 -2 -2 -2 -3  2 -2 -4  0 -1 -1 -4 -2 -1   30  32   0   0   2   1   1   2   0   2   1  14   0   0   5   2   2   0   1   4  0.46 0.24
  165 E   -2  2  0 -2 -4  1 -1 -3  8 -4 -3  3 -2 -3 -1 -1 -2 -4  1 -3    1  10   4   0   0   4   3   0  42   0   2  20   1   0   2   2   2   0   5   1  0.89 0.33
  166 S    3 -3 -2 -3 -2 -2 -2 -2 -3 -4 -4 -2 -3 -4 -3  6 -1 -5 -4 -3   22   0   0   0   0   0   0   0   0   0   1   0   0   0   1  72   1   0   0   0  1.13 0.46
  167 I   -1 -4 -4 -4 -2 -3 -3 -4 -4  4  3 -4  1 -1 -4 -3 -1 -4 -3  4    3   0   0   0   0   1   1   1   0  30  26   0   2   1   0   1   2   0   0  31  0.61 0.25
  168 S    3 -3 -2 -2 -3 -3 -3  5 -3 -4 -4 -3 -3 -4 -2  1 -2 -4 -4 -3   28   0   0   1   0   0   0  53   0   0   0   0   0   0   1  12   1   0   0   0  0.93 0.33
  169 M   -1 -4 -4 -5  1 -3 -4 -4 -4  0  5 -4  2  0 -4 -3 -1 -3 -1  0    5   0   0   0   4   0   0   0   0   1  70   0   4   2   0   1   4   0   1   5  0.75 0.30
  170 I   -2 -3 -3 -4 -3 -3 -4 -2 -4  3  1 -3  7 -2 -4 -2  0 -3 -3  2    2   0   0   0   0   0   0   4   0  21  11   0  35   0   0   2   4   0   0  17  0.68 0.30
  171 Y   -4 -4 -5 -5 -2 -2 -4 -5 -2 -3 -2 -4 -1  3 -5 -4 -4 10  6 -4    0   0   0   0   1   2   0   0   0   1   2   0   1  11   0   0   0  46  32   1  2.06 0.52
  172 W   -5 -3 -5 -6 -1 -4 -5 -5 -4 -5 -4 -5 -4  1 -5 -5 -5 12  3 -5    0   2   0   0   1   0   0   0   0   0   1   0   0   6   0   0   0  78   7   0  3.20 0.68
  173 M   -2 -3 -4 -5 -3 -3 -4 -5 -4  2  4 -4  6  0 -4 -3 -2 -3 -1  0    1   0   0   0   0   0   0   0   0  12  44   0  32   3   0   0   1   0   1   2  0.85 0.32
  174 I   -3 -4 -5 -5 -3 -4 -5 -6 -5  0  6 -4  1 -2 -2 -4 -3 -4 -3 -1    0   0   0   0   0   0   0   0   0   2  92   0   1   0   2   0   0   0   0   0  1.31 0.44
  175 A    5 -3 -3 -3  1 -3 -3 -2 -3 -3 -3 -3 -3 -4 -2  1  2 -4 -2 -1   70   0   0   0   3   0   0   1   0   0   0   0   0   0   1   8  11   0   1   3  0.86 0.37
  176 R   -3  7 -1 -3 -5  1 -2 -3  0 -5 -4  1 -3 -4 -3 -3 -3  5 -3 -4    0  72   2   0   0   5   0   2   2   0   1   5   0   0   1   0   0   7   0   1  1.35 0.44
  177 E   -2  0 -2  0 -5  2  6 -4 -1 -4 -2  0  0 -4 -3 -2 -2 -4 -4 -3    2   4   0   1   0   9  70   0   1   1   5   3   3   0   0   0   1   0   0   1  1.06 0.40
  178 V   -2 -4 -4 -5 -3 -4 -4 -5 -4  3  0 -4  0 -1 -4 -3 -1 -4  0  6    1   0   0   0   0   0   0   0   0  16   3   0   2   1   0   0   3   0   3  71  0.98 0.37
  179 K   -3 -1 -2 -5 -3 -2 -4 -5 -4  0  6 -2  1 -1 -3 -3 -3 -4 -3 -1    1   4   2   0   0   1   0   1   0   0  83   3   1   0   1   1   0   0   0   0  0.99 0.39
  180 I   -3  6 -2 -1  4  0 -1 -4  3 -2 -3  1 -2  0 -4 -1 -3 -3  1 -3    0  48   0   3  10   3   2   0   8   3   1   7   0   4   0   3   0   0   6   1  0.69 0.30
  181 L   -2 -1  1 -3 -3 -2  1 -4 -2  1  3 -1  6 -1 -4 -2 -2 -4 -2  0    1   2   7   0   0   0  12   1   0   7  27   3  33   2   0   1   0   0   0   2  0.53 0.29
  182 R   -3  7 -2 -4  5  0 -2 -4  2 -5 -4  2 -3 -5 -3 -2 -3 -3 -2 -4    0  63   1   0  12   2   0   0   4   0   0  12   0   0   1   2   0   0   1   0  1.23 0.44
  183 G   -1 -3 -2 -1 -5 -4 -3  7 -3 -6 -6 -2 -5 -4 -4 -2 -3 -5 -2 -5    3   1   0   4   0   0   1  84   1   0   0   2   0   1   0   1   1   0   2   0  1.55 0.46
  184 E    0 -2 -1 -1 -3  0  2 -1 -3  0 -2 -1 -2 -3 -3  1  5 -4 -3  0    5   0   1   3   0   3  14   3   0   7   3   2   0   0   0   7  45   0   0   6  0.42 0.25
  185 L   -2 -4 -4 -2 -3 -4 -2 -5 -4  6  2 -4  0 -2 -4 -3 -2 -4 -3  2    1   0   0   3   0   0   3   0   0  60  20   1   0   0   0   1   1   0   0   7  0.82 0.32
  186 S    0 -1  0  0  1 -1 -1  0 -2 -3 -1  0 -2 -3  3  4  1 -4 -3 -2    3   1   4   4   3   1   1   5   0   0   5   7   0   0  14  40   6   0   0   2  0.37 0.22
  187 K   -1  5 -2 -2  1  0  0 -3  3 -3 -2  1 -1 -3  3  0 -2 -2  0 -3    2  40   1   1   4   3   4   0   8   0   4   5   2   0  14   7   0   1   3   1  0.54 0.25
  188 D   -1 -1  1  3 -4  0  4  0 -1 -3 -3 -1 -3 -3 -2  0  1 -3 -1 -3    4   1   5  20   0   1  37   7   1   1   2   2   0   0   1   5   9   0   3   0  0.47 0.23
  189 E   -1 -1 -1  1 -2  2  2 -1  6 -3 -3 -1  0 -2 -2 -1  1 -4 -1 -1    3   2   2   7   1   9  14   4  29   1   2   1   3   1   1   4  10   0   1   5  0.43 0.24
  190 E   -2 -1  0  2 -5  0  2 -2 -3 -4 -2  1 -4 -5  6 -1 -1 -5 -4 -4    2   2   5  12   0   4  16   2   0   1   3  10   0   0  39   1   2   0   0   0  0.82 0.30
  191 W   -4 -1 -6 -6 -5 -4 -3 -4 -5 -1  0 -5  1  3 -3 -4 -4 11  0 -4    1   3   0   0   0   0   2   1   0   3  10   0   4  11   2   1   0  59   1   1  2.17 0.60
  192 E   -2 -1  1  4 -5  0  4 -3 -2 -5 -4  2 -4 -5  1  0 -2 -5 -4 -4    2   2   7  23   0   2  35   0   0   0   1  13   0   0   8   6   1   0   0   0  0.67 0.29
  193 V   -2 -4 -4 -3 -3 -3 -1 -5 -3  2 -1 -4  0  1 -3 -3 -1 -3  2  5    1   0   1   1   0   1   4   0   0  11   3   0   1   5   1   1   2   0   7  61  0.74 0.33
  194 M   -2 -2 -3 -3 -2 -2  1 -2 -2 -1  0  0  8 -3  1 -1  1 -4 -3  0    1   1   1   0   1   1   9   2   1   2   5   6  46   0   8   3   8   0   0   5  0.71 0.37
  195 V   -2 -4 -5 -4 -2 -4 -4 -5 -5  1 -1 -4 -1 -3  6 -3 -2 -2 -1  4    1   0   0   0   1   0   0   0   0   8   4   0   1   0  40   1   2   1   2  38  1.08 0.40
  196 D   -4 -4 -1  7 -6 -2  4 -4 -1 -6 -6 -3 -5 -6 -4 -1 -2 -6 -5 -6    0   0   1  69   0   0  23   0   1   0   0   0   0   0   0   3   1   0   0   0  1.61 0.53
  197 L   -3 -2 -3  3 -4 -2  0 -5 -4 -1  5 -3  2 -1 -3 -2 -2 -4 -3 -2    1   2   0  17   0   1   8   0   0   1  60   0   6   1   1   2   1   0   0   0  0.66 0.34
  198 F   -5 -5 -3 -6  0 -5 -6 -6 -3 -3 -3 -5 -3  8 -6 -3 -5 -1  6 -4    0   0   2   0   3   0   0   0   0   0   0   0   0  62   0   1   0   0  32   0  1.93 0.58
  199 Y   -4 -4 -5 -4 -5 -3  3 -5 -3  0  0 -4 -1  7 -5 -4 -3 -2  1 -3    1   0   0   0   0   0  22   0   0   5   8   0   1  61   0   0   1   0   1   0  1.25 0.46
  200 H   -1 -4 -3 -3 -4 -3 -1 -5  2 -3 -2 -4  0  2 -5 -2  0  2  8 -2    4   0   1   2   0   0   4   0   4   0   2   0   3   5   0   2   6   2  63   2  1.28 0.45
  201 K   -4  8 -3 -4 -6 -1 -2 -5 -3 -6 -5  3 -4 -6 -4 -2 -4 -5 -4 -5    0  80   0   0   0   1   0   0   0   0   0  18   0   0   0   1   0   0   0   0  1.78 0.54
  202 T   -2 -4  1  7 -5 -2  1 -3 -2 -1 -4 -2 -4 -5 -4 -2 -2 -6 -5 -4    4   0   5  76   0   0   6   0   0   5   1   1   0   0   0   1   1   0   0   0  1.39 0.43
  203 L   -2 -2 -4 -4 -2 -3 -3 -4 -3  3  3 -3  4  2 -4 -3 -2 -2 -1  1    0   3   0   0   0   0   0   0   0  29  33   0  18  14   0   0   0   0   0   5  0.41 0.09
  204 P   -1 -2 -2 -2 -3 -2 -1 -2 -2 -3 -3 -1 -3 -4  8 -1 -1 -4 -3 -3    0   0   0   0   0   0   0   0   0   0   0   0   0   0 100   0   0   0   0   0  2.08 0.02

                      K         Lambda
Standard Ungapped    0.1322     0.3199
Standard Gapped      0.0585     0.2670
PSI Ungapped         0.1908     0.3164
PSI Gapped           0.0585     0.2670
