
Last position-specific scoring matrix computed, weighted observed percentages rounded down, information per position, and relative weight of gapless real matches to pseudocounts
           A  R  N  D  C  Q  E  G  H  I  L  K  M  F  P  S  T  W  Y  V   A   R   N   D   C   Q   E   G   H   I   L   K   M   F   P   S   T   W   Y   V
    1 A    2 -2  0 -1 -2 -1 -1 -1 -2 -3 -3 -1 -2 -3 -2  5  0 -4 -3 -2   17   0   0   0   0   0   0   0   0   0   0   0   0   0   0  83   0   0   0   0  0.72 0.13
    2 R   -3  8 -2 -3 -5 -1 -2 -4 -2 -5 -4  1 -3 -5 -4 -3 -3 -5 -4 -4    0 100   0   0   0   0   0   0   0   0   0   0   0   0   0   0   0   0   0   0  1.82 0.31
    3 R   -3  6 -2 -3 -5  0 -1 -3 -2 -4 -4  5 -3 -5 -3 -2 -2 -4 -3 -4    0  56   0   0   0   0   0   0   0   0   0  44   0   0   0   0   0   0   0   0  1.19 0.23
    4 R   -2  4  0 -2 -4 -1 -2  5  5 -5 -4 -1 -3 -4 -3 -1 -3 -4 -2 -4    0  29   3   0   0   0   0  50  17   0   0   1   0   0   0   1   0   0   0   0  0.87 0.18
    5 R    0  3  1 -2 -3  0  0 -2  3 -2 -3  1 -2 -2  3  0 -1 -3  0 -1    9  23   8   0   0   3   4   1   9   0   0   5   0   1  18   7   0   0   3   8  0.31 0.08
    6 A    3 -3 -3 -4 -2 -3 -3 -2 -4  2 -1 -3 -1 -2  0 -1 -1 -4 -3  4   40   0   0   0   0   0   0   0   0  13   0   0   0   0   4   1   1   0   0  41  0.48 0.15
    7 E    2 -2 -2 -1 -3  0  3 -1 -2 -2 -3 -1 -3 -3  5 -1  0 -4 -3 -1   20   0   0   1   0   3  26   3   0   1   0   2   0   0  34   2   4   0   0   4  0.67 0.14
    8 V   -2  2 -1 -2 -4  1 -1 -3 -2 -3 -4  6 -2 -4 -1 -2 -2 -4 -3 -2    0   6   0   0   0   3   0   0   0   1   0  82   0   0   1   0   0   0   0   4  1.03 0.23
    9 R   -3  8 -2 -3 -5 -1 -2 -4 -2 -5 -4  1 -3 -5 -3 -3 -3 -5 -4 -4    0  99   0   0   0   0   0   0   0   0   0   0   0   0   0   0   0   0   0   0  1.78 0.30
   10 Q   -2 -1 -1  4 -5  1  5 -3 -2 -3 -4  0 -3 -4 -1 -1 -2 -4 -3 -3    0   0   0  32   0   5  52   0   0   1   0   4   0   0   2   0   1   0   0   2  0.87 0.18
   11 L   -2 -4 -4 -5 -2 -4 -4 -5 -5  4  0 -4  0 -2 -4 -3 -1 -4 -3  5    0   0   0   0   0   0   0   0   0  31   2   0   0   0   0   0   0   0   0  67  0.89 0.19
   12 Q   -2 -3  0 -4 -3 -2 -3 -4 -3  1  5 -3  2 -1 -1 -3 -2 -3 -2  0    1   0   5   0   0   2   0   0   0   5  78   0   4   0   2   0   1   0   0   0  0.66 0.16
   13 P    0 -4 -4 -3 -4 -2 -2 -2 -4 -4 -5 -3 -4 -5  8 -2 -3 -5 -5 -4    7   0   0   0   0   1   1   2   0   0   0   0   0   0  89   0   0   0   0   0  2.26 0.28
   14 D   -4 -3  0  8 -5 -2  0 -3 -3 -5 -6 -2 -5 -5 -3 -2 -3 -6 -5 -5    0   0   0 100   0   0   0   0   0   0   0   0   0   0   0   0   0   0   0   0  1.90 0.29
   15 L    1 -4 -4 -3 -4 -3 -3 -4 -4 -4 -3 -3 -4 -5  8 -2 -3 -5 -5 -4   11   0   0   0   0   0   0   0   0   0   2   0   0   0  87   0   0   0   0   0  2.19 0.28
   16 V   -2  0 -2 -3 -3 -1 -2 -4 -3  3  1  3  2 -2 -3 -2 -1 -4 -2  3    0   2   0   0   0   0   0   0   0  26   7  34   6   0   0   0   0   0   0  23  0.36 0.13
   17 Y   -4 -4 -4 -5 -4 -3 -4 -5  1 -3 -2 -4 -2  5 -5 -4 -3  0  8 -3    0   0   0   0   0   0   0   0   3   0   0   0   0  27   0   0   0   0  70   0  1.65 0.27
   18 G   -2 -2  5 -1 -4 -1 -2  5  0 -5 -5  0 -4 -4 -3 -1 -2 -4 -4 -4    0   0  42   0   0   2   0  46   2   0   0   6   0   0   0   1   0   0   0   0  0.92 0.18
   19 D   -1 -2  2  4 -3 -1  0 -2 -2 -4 -4 -2 -3 -4 -2  5  0 -5 -3 -3    0   0   8  30   0   0   1   0   0   0   0   0   0   0   0  60   0   0   0   0  0.81 0.20
   20 V   -1  1 -2 -2 -3  1  1 -3 -2  0 -1  4 -1 -3 -2 -1 -1 -4 -2  1    1   6   0   0   0   6   7   0   0   6   7  48   1   0   0   0   3   0   0  14  0.36 0.12
   21 L   -2 -2 -4 -3 -2 -3 -3 -4 -4  2  3 -3  1 -1 -4 -3 -1 -3 -2  4    0   1   0   1   0   0   1   0   0   6  43   1   1   0   0   0   3   0   0  43  0.52 0.13
   22 V   -1 -4 -4 -5 -2 -3 -4 -4 -4  2  2 -4  0 -1 -4 -3 -1 -4 -2  5    2   0   0   0   0   0   0   0   0   5  25   0   0   1   0   0   0   0   0  67  0.72 0.17
   23 T    2 -2 -1 -2 -2 -2 -2 -2 -3 -2 -3 -2 -2 -4 -2  2  6 -4 -3 -2   19   0   0   0   0   0   0   0   0   0   0   0   1   0   0  11  69   0   0   0  0.85 0.21
   24 A   -2  4 -2 -2 -5  0 -1 -3 -2 -4 -4  6 -3 -5 -3 -1 -2 -4 -3 -4    1  28   0   0   0   0   0   0   0   0   0  70   0   0   0   1   0   0   0   0  1.09 0.22
   25 F   -3 -4 -5 -5 -3 -4 -4 -5 -3  0  4 -4  0  6 -5 -4 -2 -1  1 -1    0   0   0   0   0   0   0   0   0   1  47   0   0  50   0   0   1   0   0   1  0.93 0.19
   26 I   -2 -4 -4 -5 -3 -3 -4 -5 -4  6  0 -4  5 -1 -4 -3 -2 -4 -3  2    0   0   0   0   0   0   0   0   0  60   0   0  26   0   0   0   1   0   0  12  0.89 0.20
   27 N   -3 -2  8  0 -5 -2 -2 -2 -1 -5 -5 -2 -4 -5 -4 -1 -2 -6 -4 -5    0   0  99   0   0   0   0   0   0   0   0   0   0   0   0   1   0   0   0   0  1.82 0.31
   28 K    0  2  3 -1  0  1 -1 -2  2 -2 -3  2 -1 -3 -2  1  0 -3 -1 -1    6  13  19   0   2   8   0   1   6   0   0  19   1   0   0  14   2   0   2   5  0.25 0.08
   29 I   -2 -4 -4 -4 -2 -3 -4 -5 -4  4  3 -3  2 -1 -4 -3 -1 -3 -2  3    0   0   0   0   0   0   0   0   0  37  27   0   6   0   0   0   0   0   0  30  0.61 0.13
   30 M   -3 -3 -4 -5 -4 -2 -4 -5 -4 -1  0 -3 10 -2 -5 -4 -3 -4 -3 -1    0   0   0   0   0   0   0   0   0   0   0   0 100   0   0   0   0   0   0   0  2.11 0.37
   31 R   -2 -1 -3 -4 -2 -1 -1 -4 -2  1  3 -1  1  1 -3 -3 -2  3  3  1    0   4   0   0   0   2   4   0   0   9  40   3   1   2   0   0   0   5  17  14  0.32 0.10
   32 D   -3 -3  0  7 -5 -1  1 -3  0 -5 -5 -2 -4 -5 -3 -1 -2 -6 -4 -5    1   0   0  89   0   1   2   0   2   0   0   1   0   0   0   4   0   0   0   0  1.53 0.25
   33 G   -1 -4 -2 -3 -4 -3 -4  7 -4 -6 -5 -3 -4 -5 -4 -2 -3 -4 -5 -5    0   0   0   0   0   0   0 100   0   0   0   0   0   0   0   0   0   0   0   0  1.81 0.26
   34 K   -2  1 -2 -2 -5  0 -1 -3 -2 -4 -4  7 -3 -5 -3 -2 -2 -5 -4 -4    0   1   0   0   0   0   0   0   0   0   0  98   0   0   0   0   0   0   0   0  1.44 0.28
   35 K   -2  3 -2 -2 -5  0 -1 -3 -2 -4 -4  6 -3 -5 -3 -2 -2 -5 -3 -4    0  17   0   0   0   0   0   0   0   0   0  83   0   0   0   0   0   0   0   0  1.22 0.24
   36 N    1 -3  0 -2 -3 -2 -2  5 -3 -4 -4 -2 -3 -4 -3  4  0 -4 -3 -3    7   0   1   0   0   0   0  47   0   0   0   0   0   0   0  42   2   0   0   1  0.78 0.17
   37 L    0 -2 -3 -3 -2 -2 -3 -3 -3  2  1  0  0 -2 -3 -1  2 -4 -2  4    5   0   0   0   0   0   0   0   0   8   9   7   0   0   0   0  21   0   0  49  0.39 0.13
   38 A    6 -3 -3 -3 -2 -2 -2 -1 -3 -3 -3 -2 -2 -4 -2  1 -1 -4 -3 -2   93   0   0   0   0   0   0   1   0   0   0   0   0   0   0   6   0   0   0   0  1.06 0.24
   39 A   -1 -1 -1  0 -4  5  5 -3 -1 -4 -4  0 -3 -5 -2  0 -1 -4 -3 -4    3   0   0   0   0  35  53   0   0   0   0   0   0   0   0   6   1   0   0   0  0.94 0.20
   40 R    0  4  0 -2 -3  0  0 -1 -1 -3 -3  4 -2 -4 -2  1  1 -3 -3 -3    5  24   4   0   0   2   1   4   1   0   0  41   0   0   0  11   7   0   0   0  0.48 0.12
   41 I   -2 -5 -4 -5 -3 -4 -5 -5 -5  7  0 -4  0 -2 -4 -4 -2 -4 -3  2    1   0   1   0   0   0   0   0   0  91   1   0   0   0   0   0   0   0   0   6  1.18 0.24
   42 F   -2 -4 -4 -4  3 -3 -4 -4 -4  2  2 -4  1  2 -4 -3 -1 -3 -1  4    0   0   0   0   8   0   0   0   0   8  19   0   1   9   0   0   0   0   0  55  0.56 0.14
   43 Y   -4 -4 -4 -5 -4 -3 -4 -5  0 -3 -3 -4 -3  1 -5 -4 -4  0  9 -3    0   0   0   0   0   0   0   0   0   0   0   0   0   0   0   0   0   0 100   0  2.27 0.34
   44 D   -1 -2  2  2 -3 -1  0  5 -2 -4 -4 -1 -3 -4 -3  0 -1 -4 -4 -4    3   1  10  15   0   2   4  54   0   0   0   4   0   0   0   7   1   0   0   0  0.69 0.13
   45 A    6 -3 -3 -3 -1 -2 -2 -1 -3 -3 -3 -2 -2 -4 -2  0 -1 -4 -3 -2   97   0   0   0   1   0   0   0   0   0   0   0   0   0   0   2   1   0   0   0  1.13 0.25
   46 C   -3 -4 -5 -5 -1 -4 -5 -5 -3  0  3 -4  2  7 -5 -4 -3 -1  1 -1    0   0   0   0   1   0   0   0   0   2  27   0   4  66   0   0   0   0   0   0  1.09 0.20
   47 K   -2 -2  0  6 -5  0  3 -2 -2 -5 -5 -1 -4 -5 -3 -1 -2 -5 -4 -4    2   0   2  65   0   1  24   1   0   0   0   2   0   0   0   1   1   0   0   0  1.11 0.20
   48 I   -1  1 -2 -3 -2  1 -2 -3 -2  4  1  0  1 -1 -3 -1  0 -3 -2  1    3  11   1   0   0   7   1   0   0  40  13   8   3   0   0   1   7   0   0   5  0.22 0.09
   49 I   -2 -4 -4 -4 -1 -4 -4 -5 -4  5  1 -4  1 -1 -4 -3 -2 -4 -2  4    1   0   0   0   0   0   0   0   0  54   7   0   4   0   0   0   0   0   0  34  0.75 0.16
   50 Q    1  2 -1 -1 -3  2  3 -1 -1 -3 -3  3 -2 -4 -2  0 -1 -4 -3 -3   13  12   1   0   0  10  25   4   1   0   0  29   0   0   0   3   1   0   0   1  0.42 0.11
   51 E    0 -1  0  1 -4  2  5 -1 -1 -4 -4  0 -3 -4 -2  0 -1 -4 -3 -3    8   1   3   5   0   7  61   3   0   0   0   3   0   0   0   7   3   0   0   0  0.69 0.16
   52 K   -2  4 -1 -2 -4  1  0 -3 -2 -4 -4  6 -3 -4 -3 -1 -2 -4 -3 -3    2  24   0   0   0   4   3   0   0   0   0  65   0   0   0   1   1   0   0   0  0.92 0.19
   53 T    1 -2 -1 -2 -2 -2 -2 -1 -3 -1 -1 -1  0 -3 -2  2  5 -4 -3 -1    8   1   0   0   0   0   1   3   0   1   7   2   2   0   0  12  59   0   0   3  0.53 0.16
   54 G   -1  0  1 -1 -4 -1 -1  5 -1 -5 -4  2 -3 -4 -3 -1 -2 -4 -4 -4    0   2   5   2   0   1   2  63   1   0   0  22   0   0   0   2   0   0   0   0  0.87 0.16
   55 Q   -1  2  2  0 -4  2  2 -1 -1 -3 -3  4 -2 -4 -2  0  0 -4 -3 -3    4  10  11   1   0  11  16   3   0   0   0  36   0   0   0   4   3   0   0   1  0.43 0.11
   56 E   -1 -2  1  5 -4  0  4 -2 -2 -4 -4  0 -4 -5 -1 -1 -2 -5 -4 -4    3   0   7  49   0   0  31   1   0   0   0   3   0   0   2   2   1   0   0   0  0.85 0.16
   57 P    1 -4 -3 -3 -4 -3 -3  0  0 -4 -4 -3 -4 -5  8 -2 -2 -5 -4 -4   15   0   0   0   0   0   0   6   2   0   0   0   0   0  76   0   0   0   0   0  1.82 0.24
   58 L   -2 -3 -3 -4 -2 -3 -4 -4 -4  3  4 -3  4 -1 -4 -3 -1 -3 -2  2    0   0   1   0   0   0   0   0   0  16  49   1  16   0   0   0   1   0   0  16  0.57 0.13
   59 K   -1  0 -1  2 -4  1  6 -2 -1 -4 -4  1 -3 -4 -2 -1 -1 -4 -3 -3    4   3   0  10   0   3  67   2   0   0   0   6   0   0   1   1   1   0   0   1  0.82 0.18
   60 V    0 -3 -4 -4 -2 -3 -3 -4 -4  2  1 -3  1 -2 -3 -2  0 -4 -2  5    8   0   0   0   0   0   0   0   0   4  10   0   3   0   0   0   3   0   0  71  0.65 0.17
   61 F   -4 -5 -5 -5 -4 -5 -5 -5 -3 -2  0 -5 -2  8 -5 -4 -4 -1  2 -2    0   0   0   0   0   0   0   0   0   0   3   0   0  94   0   0   0   0   2   0  1.80 0.28
   62 K   -2  0  1  1 -4  1  5 -3  5 -4 -4  1 -3 -3 -3 -1 -1 -4 -1 -3    0   3   8   5   0   4  49   0  19   0   0   7   0   0   0   0   2   0   1   0  0.68 0.15
   63 Q    1  0 -1  1 -3  4  3 -2 -1 -3 -3  3 -2 -4 -2  0  0 -4 -3 -3   11   1   1   6   0  28  23   1   0   0   0  22   0   0   0   1   5   0   0   0  0.48 0.12
   64 A    6 -3 -3 -3 -1 -2 -2 -1 -3 -3 -3 -2 -2 -4 -2  0 -1 -4 -3 -2   97   0   0   0   1   0   0   0   0   0   0   0   0   0   0   2   0   0   0   0  1.14 0.25
   65 V   -2 -3 -4 -5 -2 -3 -4 -5 -4  2  4 -3  6 -1 -4 -3 -2 -3 -2  1    0   0   0   0   0   0   0   0   0   7  52   0  33   0   0   0   0   0   0   7  0.79 0.18
   66 E   -1  0  3  3 -4  0  4 -2 -1 -4 -4  2 -3 -4 -2 -1 -1 -4 -3 -4    2   1  18  21   0   0  40   0   0   0   0  16   0   0   0   1   1   0   0   0  0.66 0.14
   67 N   -3 -2  8  0 -4 -2 -2 -2 -1 -5 -5 -2 -4 -5 -4 -1 -1 -6 -4 -5    1   1  96   0   0   0   0   0   0   0   0   1   0   0   0   1   1   0   0   0  1.70 0.29
   68 V   -2 -4 -4 -5 -2 -4 -4 -5 -5  5  0 -4  0 -2 -4 -3 -1 -4 -3  5    1   0   0   0   0   0   0   0   0  45   1   0   0   0   0   0   1   0   0  53  0.86 0.19
   69 K    0  2 -2 -3 -3  0 -2 -3 -2 -1 -1  3  7 -2 -3 -1 -1 -3 -3 -2    8  10   0   0   0   2   0   0   0   0   0  28  47   0   0   2   2   0   0   0  0.65 0.20
   70 P   -3 -4 -4 -3 -5 -3 -3 -4 -4 -5 -5 -3 -4 -6  9 -3 -3 -6 -5 -4    0   0   0   0   0   0   0   0   0   0   0   0   0   0 100   0   0   0   0   0  2.75 0.33
   71 R    1 -1 -2 -3 -2  0 -2 -2  1  1  0 -1  1 -1 -3  0  0 -3 -1  3   16   1   1   0   0   4   1   2   5   4   8   1   3   1   0   9   4   0   0  40  0.18 0.08
   72 M   -2 -3 -4 -5 -2 -3 -4 -5 -4  2  4 -4  2 -1 -4 -3 -2 -3 -2  3    0   0   0   0   0   0   0   0   0   9  60   0   3   0   0   0   0   0   0  27  0.67 0.15
   73 E   -3 -2 -2  0 -6  0  7 -4 -2 -5 -5 -1 -4 -5 -3 -2 -3 -5 -4 -4    0   0   0   0   0   0 100   0   0   0   0   0   0   0   0   0   0   0   0   0  1.63 0.29
   74 V   -2 -4 -4 -5 -2 -4 -4 -5 -5  1  0 -4 -1 -2 -4 -3 -1 -4 -3  6    0   0   0   0   0   0   0   0   0   1   1   0   0   0   0   0   1   0   0  97  1.18 0.25
   75 R   -2  5 -2 -2 -5  0 -1 -3 -2 -4 -4  6 -3 -5 -3 -2 -2 -4 -3 -4    0  41   0   0   0   0   0   0   0   0   0  59   0   0   0   0   0   0   0   0  1.13 0.22
   76 S    4 -2 -1 -2 -2 -2 -2 -1 -2 -3 -3 -2 -2 -4  1  4  0 -4 -3 -2   43   0   0   0   0   0   0   0   0   0   0   0   0   0   5  50   1   0   0   1  0.69 0.18
   77 R   -3  8 -2 -3 -5 -1 -2 -4 -2 -5 -4  1 -3 -5 -4 -2 -3 -5 -3 -4    0 100   0   0   0   0   0   0   0   0   0   0   0   0   0   0   0   0   0   0  1.78 0.29
   78 R   -3  8 -2 -3 -5 -1 -2 -4 -2 -5 -4  1 -3 -5 -4 -3 -3 -5 -4 -4    0 100   0   0   0   0   0   0   0   0   0   0   0   0   0   0   0   0   0   0  1.79 0.30
   79 V   -2 -4 -5 -5 -2 -4 -4 -5 -5  3  0 -4  0 -2 -4 -3 -2 -4 -3  6    0   0   0   0   0   0   0   0   0   9   0   0   0   0   0   0   0   0   0  91  1.09 0.23
   80 G   -1 -4 -2 -3 -4 -3 -4  7 -4 -6 -5 -3 -4 -5 -4 -2 -3 -4 -5 -5    0   0   0   0   0   0   0 100   0   0   0   0   0   0   0   0   0   0   0   0  1.81 0.26
   81 G   -1 -4 -2 -3 -4 -3 -4  7 -4 -6 -5 -3 -4 -5 -4 -2 -3 -4 -5 -5    0   0   0   0   0   0   0 100   0   0   0   0   0   0   0   0   0   0   0   0  1.81 0.26
   82 A    5 -3 -2 -3 -2 -2 -2 -1 -3 -3 -3 -2 -2 -4 -2  2 -1 -4 -3 -2   80   0   0   0   0   0   0   0   0   0   0   0   0   0   0  19   1   0   0   0  0.90 0.21
   83 N   -2 -2  5 -1 -3 -2 -2 -3 -2 -3 -3 -2 -3 -4 -3  0  6 -4 -3 -2    0   0  39   0   0   0   0   0   0   0   0   0   0   0   0   0  61   0   0   0  1.03 0.23
   84 Y   -4 -4 -4 -5 -4 -3 -4 -5  0 -3 -3 -4 -3  1 -5 -4 -4  0  9 -2    0   0   0   0   0   0   0   0   0   0   0   0   0   0   0   0   0   0  99   1  2.22 0.34
   85 Q   -3 -1 -2 -2 -5  8  0 -4 -1 -5 -4  0 -2 -5 -3 -2 -3 -4 -3 -4    0   0   0   0   0  99   0   0   0   0   0   0   0   0   1   0   0   0   0   0  1.83 0.34
   86 V   -2 -4 -5 -5 -2 -4 -4 -5 -5  1 -1 -4 -1 -2 -4 -3 -2 -5 -3  7    0   0   0   0   0   0   0   0   0   1   0   0   0   0   0   0   0   0   0  99  1.24 0.26
   87 P   -3 -4 -4 -3 -5 -3 -3 -4 -4 -5 -5 -3 -4 -6  9 -3 -3 -6 -5 -4    0   0   0   0   0   0   0   0   0   0   0   0   0   0 100   0   0   0   0   0  2.75 0.33
   88 M   -2 -4 -4 -4 -1 -3 -4 -5 -4  4  0 -3  4 -2 -4 -3 -1 -4 -2  5    0   0   0   0   1   0   0   0   0  22   2   0  13   0   0   0   0   0   0  61  0.75 0.18
   89 E   -3 -2 -2  1 -5  1  7 -4 -2 -5 -5 -1 -4 -5 -3 -2 -3 -5 -4 -4    0   0   0   5   0   1  95   0   0   0   0   0   0   0   0   0   0   0   0   0  1.50 0.27
   90 V   -2 -4 -5 -5 -2 -4 -4 -5 -5  2 -1 -4 -1 -2 -4 -3 -2 -4 -3  6    0   0   0   0   0   0   0   0   0   4   0   0   0   0   0   0   0   0   0  96  1.18 0.25
   91 S   -3  7 -2 -3 -5  0 -1 -4 -2 -5 -4  1 -3 -4 -4 -1 -2 -4 -3 -4    0  89   0   0   0   1   0   0   0   0   0   4   0   0   0   5   0   0   0   0  1.46 0.26
   92 P    0 -3 -2 -2 -4 -2 -1 -3 -1 -4 -4 -2 -3 -4  8 -1 -1 -5 -4 -3    9   0   2   2   0   1   2   0   1   0   0   0   1   0  75   3   3   0   0   1  1.70 0.23
   93 R    0 -1 -1  4 -4  0  5 -3 -1 -3 -4 -1 -3 -4 -1  0 -1 -4 -3 -1    6   1   1  27   0   0  51   0   0   0   0   0   0   0   1   3   2   0   0   6  0.70 0.16
   94 R   -3  8 -2 -3 -5 -1 -2 -4 -2 -5 -4  1 -3 -5 -4 -3 -3 -5 -4 -4    0 100   0   0   0   0   0   0   0   0   0   0   0   0   0   0   0   0   0   0  1.79 0.30
   95 Q    0  7 -2 -3 -4  3 -1 -3 -2 -4 -4  1 -3 -4 -3 -1 -2 -4 -3 -4    8  74   0   0   0  12   0   0   0   0   0   4   0   0   0   2   0   0   0   0  1.11 0.22
   96 Q   -2  0  1 -1 -3  6  1 -3 -1 -1 -1  0  0 -3 -3 -1  2 -3 -2 -1    0   2   6   0   0  52   6   0   0   3   5   1   2   0   0   1  17   0   1   4  0.57 0.17
   97 S    4 -2 -2 -2 -2 -2 -2 -2 -2 -2 -3 -2 -2 -3 -2  2  4 -4 -3 -1   41   0   0   0   0   0   0   0   0   0   0   0   0   0   0  14  43   0   0   0  0.64 0.17
   98 L   -3 -4 -5 -5 -3 -4 -4 -5 -4  0  6 -4  1 -1 -4 -4 -3 -3 -3 -1    0   0   0   0   0   0   0   0   0   0  99   0   1   0   0   0   0   0   0   0  1.16 0.23
   99 A    4 -3 -2 -3 -2 -2 -2  4 -3 -3 -3 -2 -3 -4 -2  0 -1 -4 -3 -2   53   0   0   0   0   0   0  42   0   0   0   0   0   0   0   5   1   0   0   0  0.81 0.17
  100 L   -2 -4 -4 -5 -2 -3 -4 -5 -4  4  4 -4  3  0 -4 -3 -2 -3 -2  1    0   0   0   0   0   0   0   0   0  43  42   0  11   2   0   0   0   0   0   1  0.70 0.15
  101 R   -3  8 -2 -3 -5 -1 -2 -4 -2 -5 -4  1 -3 -5 -4 -2 -3 -5 -3 -4    0  99   0   0   0   0   0   0   0   0   0   1   0   0   0   0   0   0   0   0  1.77 0.29
  102 W   -5 -5 -6 -7 -5 -4 -5 -5 -5 -5 -4 -5 -4 -1 -6 -5 -5 12  1 -5    0   0   0   0   0   0   0   0   0   0   0   0   0   1   0   0   0  98   2   0  3.87 0.42
  103 L   -2 -4 -5 -5 -2 -3 -4 -5 -4  3  5 -4  2 -1 -4 -4 -2 -3 -2  0    0   0   0   0   0   0   0   0   0  18  76   0   3   0   0   0   0   0   0   1  0.83 0.17
  104 V   -1 -2 -3 -4 -2 -3 -3 -4 -4  4  0 -3  0 -2 -3 -2  1 -4 -2  4    2   1   0   0   0   0   0   0   0  29   4   0   0   0   0   0  13   0   0  50  0.57 0.15
  105 Q    0  0  3  2 -3  1  1 -1 -1 -2 -2  0 -2 -3 -2  1  1 -4 -3 -2    8   3  25  13   0   7  10   3   0   1   3   4   1   0   0   8  12   0   0   1  0.28 0.07
  106 A    3 -3 -3 -4 -3 -3 -3 -2 -1 -2 -3 -3 -2  2 -3 -1 -2  0  7 -2   39   0   1   0   0   0   0   0   0   1   0   0   0   4   0   3   0   0  52   0  0.93 0.21
  107 A    5 -2 -2 -2 -1 -2 -2 -1 -3 -3 -3 -2 -2 -4 -2  3  0 -4 -3 -2   66   0   0   0   0   0   0   0   0   0   0   0   0   0   0  29   4   0   0   0  0.75 0.19
  108 N   -3  7 -1 -3 -5 -1 -2 -4 -2 -5 -4  1 -3 -5 -4 -2 -3 -4 -3 -4    0  94   1   0   0   0   0   0   0   0   0   3   0   0   0   0   0   0   0   0  1.60 0.27
  109 Q    1  0  1 -1 -3  1  0  0 -2 -2  1  3 -1 -2 -2  0 -1 -3 -2 -2   15   0  10   1   0   5   4   7   0   0  21  28   0   0   0   6   2   0   0   0  0.16 0.08
  110 R   -3  8 -2 -3 -5 -1 -2 -3 -2 -5 -4  1 -3 -5 -4 -2 -3 -5 -3 -4    0  98   0   0   0   0   0   1   0   0   0   1   0   0   0   0   0   0   0   0  1.73 0.29
  111 P   -1 -1  4 -1 -3 -1 -2  5 -1 -4 -4 -1 -3 -4  0  2 -1 -4 -3 -4    1   2  25   0   0   0   0  47   1   0   0   2   0   0   3  18   0   0   0   0  0.71 0.15
  112 E   -2 -2 -2  1 -5  0  7  0 -2 -5 -5 -1 -4 -5 -3 -2 -2 -5 -4 -4    0   0   0   3   0   0  88   9   0   0   0   0   0   0   0   0   0   0   0   0  1.30 0.25
  113 R   -2  3  1 -1 -4  0 -1 -2  3 -4 -4  5 -2 -4 -3 -1  1 -4 -2 -3    0  18   7   1   0   1   0   1  11   0   0  52   0   0   0   1   8   0   0   0  0.65 0.16
  114 R   -1 -1 -1 -2 -2 -2 -2  0 -2 -2 -3 -2 -2 -3 -2  2  6 -4 -2 -2    1   2   1   0   0   0   0   7   0   0   0   0   1   0   1  16  69   0   1   1  0.77 0.20
  115 A   -2 -3 -4 -5 -3 -2 -4 -5 -4 -1  0 -3 10 -2 -5 -3 -3 -3 -3 -1    2   0   0   0   0   0   0   0   0   0   0   0  98   0   0   0   0   0   0   0  2.00 0.36
  116 A    1  1 -1  0 -1  1  2 -2 -1  0 -1  1 -1 -2 -1  0  0 -3 -2  1   20   7   0   3   1   4  19   0   0   6   0  10   1   1   1   3   5   0   0  17  0.13 0.06
  117 V    0 -1 -1  3 -4  2  5 -2 -2 -3 -2 -1 -3 -4 -2 -1 -2 -4 -3 -2    6   0   2  13   0   6  62   1   0   0   5   0   0   0   0   1   0   0   0   2  0.71 0.16
  118 R   -3  7  0 -3 -5  0 -1 -4 -2 -5 -4  3 -3 -4 -3 -2 -3 -4 -3 -4    0  81   3   0   0   0   0   0   0   0   0  16   0   0   0   0   0   0   0   0  1.37 0.24
  119 I   -3 -4 -5 -5 -3 -4 -4 -5 -4  1  6 -4  1 -1 -4 -4 -3 -3 -2  0    0   0   0   0   0   0   0   0   0   2  96   0   0   1   0   0   0   0   0   1  1.09 0.22
  120 A    5 -3 -2 -3 -1 -2 -2 -1 -3 -3 -3 -2 -2 -3 -2  2 -1 -4 -3 -2   80   0   0   0   1   0   0   0   0   0   0   0   0   0   0  19   1   0   0   0  0.87 0.21
  121 H    2  0  3 -1 -3 -1 -1  4  0 -4 -4  1 -3 -4 -3  0 -1 -4 -2 -3   19   4  21   0   0   1   1  40   2   0   0   8   0   0   0   3   0   0   1   0  0.53 0.12
  122 E   -3 -2 -2  0 -6  0  7 -4 -2 -5 -5 -1 -4 -5 -3 -2 -3 -5 -4 -4    0   0   0   0   0   0 100   0   0   0   0   0   0   0   0   0   0   0   0   0  1.63 0.29
  123 L   -3 -4 -5 -5 -2 -4 -4 -5 -4  5  4 -4  2  0 -4 -4 -2 -3 -2  1    0   0   0   0   0   0   0   0   0  44  51   0   2   1   0   0   0   0   0   2  0.75 0.16
  124 M   -2 -3 -4 -5 -2 -2 -4 -4 -3  3  3 -3  7 -1 -4 -3 -2 -2 -2  1    1   0   0   0   0   1   0   0   0  15  33   0  45   0   0   1   0   0   0   4  0.78 0.18
  125 D   -3 -3  0  8 -5 -2  0 -3 -3 -5 -5 -2 -5 -5 -3 -2 -3 -6 -5 -5    1   0   0  98   0   0   1   0   0   0   0   0   0   0   0   0   0   0   0   0  1.82 0.28
  126 A    6 -3 -3 -3 -2 -2 -2 -1 -3 -3 -3 -2 -3 -4 -2  0 -2 -4 -3 -2   99   0   0   0   0   0   0   0   0   0   0   0   0   0   0   1   0   0   0   0  1.19 0.26
  127 A    4 -2 -2 -3 -1 -2 -2 -1 -2 -1 -1 -2 -1  0 -2  2 -1 -3  1  0   53   0   0   0   1   0   0   0   0   2   3   0   1   3   0  21   1   0   7   8  0.40 0.14
  128 E   -2 -2  7  1 -4  0  1 -2 -1 -5 -5 -1 -4 -5 -3  0 -1 -5 -4 -4    1   0  79   3   0   4   9   0   0   0   0   0   0   0   0   3   1   0   0   0  1.23 0.24
  129 G   -2 -2  6  0 -4 -1 -1  3 -1 -5 -5 -1 -3 -4 -3  0 -1 -5 -4 -4    1   0  65   2   0   2   2  20   0   0   0   1   0   0   0   6   0   0   0   0  0.98 0.20
  130 K   -1  4 -1 -2 -3  0 -1 -3 -2 -2 -2  2 -1 -3 -3  0  4 -4 -3 -1    2  35   1   0   0   1   0   0   0   1   2  11   1   0   0   1  40   0   0   4  0.54 0.15
  131 G   -1 -4 -2 -3 -4 -3 -4  7 -4 -6 -5 -3 -4 -5 -4 -2 -3 -4 -5 -5    0   0   0   0   0   0   0 100   0   0   0   0   0   0   0   0   0   0   0   0  1.81 0.26
  132 G    3 -2  1 -2 -2 -2 -2  3 -2 -3 -3 -2 -2 -4 -2  2  1 -4 -3 -2   43   0   8   0   0   0   0  26   0   0   0   0   0   0   0  15   7   0   0   0  0.50 0.13
  133 A    5 -3 -2 -3 -2 -2 -2 -1 -3 -3 -3 -2 -2 -4 -2  3  0 -4 -3 -2   77   0   0   0   0   0   0   0   0   0   0   0   0   0   0  21   2   0   0   0  0.85 0.21
  134 V   -1 -4 -4 -5  1 -4 -4 -5 -4  2  0 -4  1  1 -4 -3 -1 -4 -1  6    1   0   0   0   2   0   0   0   0   7   0   0   2   7   0   0   0   0   1  80  0.83 0.20
  135 K   -2  1 -2 -2 -5  0 -1 -3 -2 -4 -4  7 -3 -5 -3 -2 -2 -5 -4 -4    0   2   0   0   0   0   0   0   0   0   0  98   0   0   0   0   0   0   0   0  1.43 0.28
  136 K   -2  1 -2 -2 -5  0 -1 -3 -2 -4 -4  7 -3 -5 -3 -2 -2 -5 -4 -4    0   3   0   0   0   1   0   0   0   0   0  97   0   0   0   0   0   0   0   0  1.41 0.27
  137 K   -3  7 -2 -3 -4  0 -1 -4 -2 -5 -4  4 -3 -4 -3 -2 -2 -4 -3 -4    0  73   0   0   0   0   0   0   0   0   0  27   0   0   0   0   0   0   0   0  1.29 0.23
  138 E   -3 -2 -2  2 -5  0  7 -4 -2 -5 -5 -1 -4 -5 -3 -2 -3 -5 -4 -4    0   0   0   6   0   0  94   0   0   0   0   0   0   0   0   0   0   0   0   0  1.48 0.27
  139 D   -3 -3  0  7 -5 -2  1 -3 -3 -5 -5 -2 -5 -5 -3 -2 -3 -6 -5 -5    0   0   0  93   0   0   7   0   0   0   0   0   0   0   0   0   0   0   0   0  1.72 0.27
  140 V   -1 -3 -2 -3 -2 -2 -3 -3 -3 -1 -2 -2  2 -3 -3  0  6 -4 -3  2    0   0   0   0   0   0   0   0   0   0   1   0   7   0   0   0  75   0   0  17  0.91 0.22
  141 E   -4 -2 -1 -3 -5 -1 -1 -4 10 -5 -5 -3 -4 -3 -4 -3 -4 -4  1 -5    0   0   0   0   0   0   1   0  97   0   0   0   0   0   0   0   0   0   2   0  2.41 0.35
  142 R   -2  5 -2 -2 -5  0 -1 -3 -2 -4 -4  5 -3 -4 -3 -2 -2 -4 -3 -4    1  44   0   0   0   0   0   0   0   0   0  55   0   0   0   0   0   0   0   0  1.11 0.22
  143 M   -3 -3 -4 -5 -3 -2 -4 -5 -4 -1  0 -3 10 -2 -5 -4 -3 -4 -3 -1    1   0   0   0   0   0   0   0   0   0   0   0  99   0   0   0   0   0   0   0  2.06 0.37
  144 A    6 -3 -3 -3 -2 -2 -2 -1 -3 -3 -3 -2 -3 -4 -2  0 -2 -4 -3 -2  100   0   0   0   0   0   0   0   0   0   0   0   0   0   0   0   0   0   0   0  1.21 0.26
  145 E   -3 -2 -2  3 -5  0  7 -4 -2 -5 -5 -1 -4 -5 -3 -2 -2 -5 -4 -4    0   0   0  11   0   0  89   0   0   0   0   0   0   0   0   0   0   0   0   0  1.40 0.26
  146 A    6 -3 -3 -3 -2 -2 -2 -1 -3 -3 -3 -2 -3 -4 -2  0 -1 -4 -3 -2   98   0   0   0   0   0   0   0   0   0   0   0   0   0   0   2   0   0   0   0  1.17 0.25
  147 N   -3 -2  8  0 -5 -2 -2 -2 -1 -5 -5 -2 -4 -5 -4 -1 -2 -6 -4 -5    0   0 100   0   0   0   0   0   0   0   0   0   0   0   0   0   0   0   0   0  1.87 0.31
  148 R   -2  5 -2 -2 -5  0 -1 -3 -2 -4 -4  6 -3 -5 -3 -2 -2 -4 -3 -4    0  30   0   0   0   0   0   0   0   0   0  70   0   0   0   0   0   0   0   0  1.14 0.23
  149 A    6 -3 -3 -3 -2 -2 -2 -1 -3 -3 -3 -2 -2 -4 -2  0 -2 -4 -3 -1   99   0   0   0   0   0   0   0   0   0   0   0   0   0   1   0   0   0   0   1  1.17 0.25
  150 Y   -4 -5 -5 -5 -4 -5 -5 -5 -3 -2 -1 -5 -2  8 -6 -4 -4 -1  2 -3    0   0   0   0   0   0   0   0   0   0   0   0   0  98   0   0   0   0   2   0  1.95 0.30
  151 A    5 -3 -2 -3 -2 -2 -2 -1 -3 -3 -3 -2 -2 -4 -2  3 -1 -4 -3 -2   72   0   0   0   0   0   0   0   0   0   0   0   0   0   0  28   0   0   0   0  0.84 0.21
  152 H   -4 -2 -1 -3 -5 -1 -2 -4 10 -5 -5 -3 -4 -3 -4 -3 -4 -4  0 -5    0   0   0   0   0   0   0   0 100   0   0   0   0   0   0   0   0   0   0   0  2.56 0.37
  153 Y   -4 -4 -4 -5 -4 -3 -4 -5  0 -3 -3 -4 -1  4 -5 -4 -3  0  9 -3    0   0   0   0   0   0   0   0   0   0   0   0   1  12   0   0   0   0  87   0  1.92 0.30
  154 R   -3  8 -2 -3 -5  0 -2 -4 -2 -5 -4  1 -3 -5 -4 -2 -3 -5 -3 -4    0  97   0   0   0   0   0   0   0   0   0   2   0   0   0   0   0   0   0   0  1.71 0.28
  155 W   -5 -5 -6 -6 -5 -4 -5 -5 -4 -5 -4 -5 -3  2 -6 -5 -5 12  2 -5    0   0   0   0   0   0   0   0   0   0   0   0   0   6   0   0   0  90   4   0  3.46 0.38

                      K         Lambda
Standard Ungapped    0.1325     0.3204
Standard Gapped      0.0614     0.2670
PSI Ungapped         0.2005     0.3148
PSI Gapped           0.0614     0.2670
