
Last position-specific scoring matrix computed, weighted observed percentages rounded down, information per position, and relative weight of gapless real matches to pseudocounts
           A  R  N  D  C  Q  E  G  H  I  L  K  M  F  P  S  T  W  Y  V   A   R   N   D   C   Q   E   G   H   I   L   K   M   F   P   S   T   W   Y   V
    1 S    4 -3 -2 -3  3 -2 -2 -2 -3 -3 -3 -2 -3 -4  5  2 -1 -4 -3 -2   45   0   0   0   7   0   0   0   0   0   0   0   0   0  28  20   0   0   0   0  0.78 0.19
    2 W   -4 -3 -5 -6 -3 -4 -5 -6  3 -4 -3 -5  3  4 -6 -4 -3  3  8 -4    0   1   0   0   0   0   0   0   7   0   0   0   7  17   0   0   1   3  63   0  1.78 0.57
    3 D    4  1  0  1 -2  0 -1 -1 -2 -3 -4  2 -3 -4 -2  2 -1 -5 -3 -2   42   7   3  10   0   4   2   1   0   0   0  14   0   0   0  13   2   0   0   2  0.44 0.27
    4 V   -3 -5 -5 -6 -3 -5 -5 -6 -6  7  0 -5 -1 -3 -5 -4 -1 -5 -4  4    1   0   0   0   0   0   0   0   0  64   2   0   1   0   0   1   3   0   0  28  1.30 0.48
    5 I   -4 -6 -6 -6 -4 -6 -6 -7 -6  8  1 -6 -1 -2 -6 -5 -3 -6 -4  1    0   0   0   0   0   0   0   0   0  85   8   0   1   0   0   0   0   0   0   6  1.78 0.61
    6 K   -3  1 -2 -2 -5  0  1 -4 -1  0 -2  6 -2 -4 -4 -2 -2 -3 -3  0    0   6   0   2   0   3   8   0   1   6   3  61   1   0   0   0   1   0   0   6  0.89 0.43
    7 H   -2  1 -2 -4  0 -1 -2 -4  4 -3 -1 -1 -1  6 -5 -2 -2 -2  4 -2    3   7   1   0   3   3   2   0  13   0   4   4   1  38   0   3   1   0  15   3  0.72 0.34
    8 P   -2 -5 -5 -5 -2 -4 -4 -3 -5 -3 -3 -4 -5  0  8 -2 -3 -6 -5 -4    2   0   0   0   1   0   0   2   0   1   2   0   0   4  83   3   1   0   0   1  2.31 0.72
    9 H   -3 -4 -4 -5 -4 -2 -4 -6  2  2  5 -4  0  0 -2 -4 -3 -1 -1  1    0   0   0   0   0   2   0   0   6  10  63   0   1   3   2   0   0   1   2   8  0.81 0.38
   10 V   -1 -3  1 -3 -3 -2 -3 -3 -1  1 -2 -2 -1 -4 -3  0  6 -5 -4  2    5   0   6   0   0   1   0   1   1   6   3   2   1   0   0   3  55   0   0  16  0.76 0.41
   11 T   -2 -4 -2 -4 -4 -4 -4 -4 -5 -3 -4 -4 -2 -5 -3  1  7 -5 -5 -3    1   0   1   0   0   0   0   0   0   1   0   0   1   0   1  10  84   0   0   0  1.71 0.68
   12 E   -3 -2 -2 -1 -7 -1  7 -5 -3 -6 -6  0 -5 -6 -4 -3 -4 -6 -5 -5    1   1   1   1   0   1  90   0   0   0   0   4   0   0   0   0   0   0   0   0  1.95 0.71
   13 K   -1 -2 -2 -2 -3 -1 -2 -3 -3 -4 -3  4 -4 -4 -2  5  1 -3 -3 -4    2   0   1   0   0   1   1   1   0   0   2  31   0   0   1  52   6   0   1   0  0.88 0.46
   14 A    6 -4 -3 -3 -3 -3 -3 -3 -4 -4 -4 -3 -4 -5 -3  1  1 -5 -4 -2   81   0   1   1   0   0   0   0   0   0   0   0   0   0   0   6   8   0   0   2  1.32 0.57
   15 M   -3 -3 -4 -6 -4 -4 -5 -6 -5  0  0 -5 10 -3 -6 -4 -1 -5 -4  1    1   1   1   0   0   0   0   0   0   3   6   0  74   0   0   1   4   0   0   9  2.00 0.74
   16 N   -2  1  2 -1 -5 -1 -2 -3 -3 -4 -4  6  0 -5 -4 -1 -1 -6 -4 -5    2   6  12   3   0   1   0   1   0   0   1  66   2   0   0   2   2   0   0   0  1.10 0.50
   17 D   -3  0 -1  0 -3  0  0 -4 -1 -3  1  6  1 -4 -4 -2 -2 -5 -3 -4    1   1   2   5   1   2   4   0   1   1  14  61   5   0   0   1   1   0   0   0  0.87 0.45
   18 M   -2 -4 -5 -5 -4 -4 -4 -6 -5  6  0 -4  5 -2 -5 -4  2 -5 -4  1    3   0   0   0   0   0   1   0   0  56   4   0  17   0   0   0  12   0   0   6  1.08 0.48
   19 D   -3 -3 -2  3 -7  0  7 -4 -3 -6 -5 -1 -5 -6 -4 -3 -4 -6 -5 -6    1   0   1  16   0   1  78   1   0   0   1   2   0   0   0   0   0   0   0   0  1.71 0.66
   20 F   -3 -1  0  6 -5 -1  2 -2 -2 -5 -5  0 -4  2 -4 -1 -3 -5 -1 -4    1   2   3  55   0   2  13   2   1   0   0   6   0   9   0   3   1   0   2   0  0.97 0.43
   21 Q   -2 -1  6  1 -4  0  2 -1  2 -3 -3 -1 -3 -3 -3  0 -1 -4 -2 -3    1   2  48   5   0   4  13   4   5   2   2   2   0   1   0   5   2   0   2   2  0.74 0.35
   22 N   -5 -3  9 -1 -6 -3 -3 -2 -1 -5 -6 -2 -5 -6 -5 -1 -2 -7 -4 -6    0   0  89   1   0   0   0   2   1   1   0   2   0   0   0   2   1   0   0   0  2.20 0.76
   23 K   -3 -2 -3 -4 -4 -2 -1 -4 -4 -1 -3  3  1 -5 -3 -2  7 -5 -4 -2    1   1   0   0   0   1   3   0   0   4   1  19   4   0   0   0  66   0   0   1  1.17 0.56
   24 L   -4 -3 -6 -6 -4 -5 -5 -6 -5  1  6 -5  1 -1 -2 -4 -4 -4 -3 -1    0   1   0   0   0   0   0   0   0   6  84   0   1   2   2   0   0   0   0   2  1.30 0.52
   25 Q   -2 -4 -4 -5 -3  2 -2 -4 -3  0 -1 -4  0 -3 -4 -3  2 -5 -4  6    1   0   0   0   0  12   2   1   1   2   3   0   2   1   0   0  11   0   0  64  0.93 0.47
   26 F   -4 -6 -6 -7 -3 -6 -6 -6 -4 -1 -1 -6 -3  9 -7 -4 -5 -2  0 -2    1   0   0   0   0   0   0   0   0   4   3   0   0  88   0   1   0   0   1   2  2.33 0.74
   27 A   -2 -4 -4 -5 -2 -1 -4 -5 -4  6  0 -4  1 -2 -4 -3  0 -4  0  2    2   0   0   0   0   4   0   0   0  60   6   0   2   1   0   0   7   0   3  13  0.94 0.43
   28 V   -3 -5 -6 -6  1 -5 -4 -6 -6  0 -2 -3 -1 -4 -5 -5 -2 -6 -4  7    1   0   0   0   2   0   1   0   0   1   0   1   1   0   0   0   1   0   0  91  1.76 0.68
   29 D   -3 -2  2  7 -6 -3  0 -3  3 -6 -5 -2 -4 -6 -3 -1 -4 -7 -5 -5    2   2   7  70   0   0   2   1   8   0   1   1   0   0   1   4   0   0   0   0  1.50 0.57
   30 D   -1  2 -2 -3 -2 -2 -2 -3 -3  2  0  0  1 -2  0 -1  0 -4 -3  4    2  14   1   1   1   1   1   1   0   9   8   5   4   1   4   3   5   0   0  39  0.32 0.24
   31 R   -3  3  0  2 -5  0 -1 -4 -2 -5 -4  6 -3 -3 -4 -2 -1 -3 -3 -5    1  18   4  11   0   3   2   0   0   0   1  53   0   1   0   2   2   0   1   0  0.94 0.45
   32 A    7 -4 -4 -3 -2 -4 -4 -2 -5 -3 -4 -4 -4 -5 -4  0 -1 -6 -5 -2   87   0   0   1   0   0   0   1   0   1   1   0   0   0   0   6   2   0   0   1  1.53 0.65
   33 S   -2 -2  7  0 -5 -2 -3 -3 -1 -4 -6 -2 -5 -6 -4  0  3 -6 -5 -5    2   1  64   5   0   1   0   0   1   1   0   1   0   0   0   6  17   0   0   0  1.42 0.59
   34 K   -4  0 -2 -4 -6 -2 -2 -5 -4 -6 -6  8 -3 -6 -4 -3 -3 -6 -5 -5    0   2   1   0   0   0   1   0   0   0   0  94   1   0   0   0   1   0   0   0  2.08 0.76
   35 G   -1  1  0 -2 -2  0 -1 -2  8 -4 -4  1 -4 -3  3 -1 -1 -4  1 -4    4   7   4   2   1   3   2   3  40   1   1   9   0   1  13   3   4   0   4   1  0.84 0.40
   36 E   -3 -1 -2  1 -6  7  2 -4  1 -5 -4  0 -1 -6 -4 -2 -2 -2 -4 -3    1   2   1   8   0  61  13   0   4   0   1   4   1   0   0   1   2   0   0   1  1.26 0.57
   37 V   -4 -6 -6 -6 -4 -6 -6 -7 -6  8 -1 -4 -1 -3 -4 -5 -3 -6 -4  2    0   0   0   0   0   0   0   0   0  84   1   1   0   0   1   0   1   0   0  11  1.78 0.65
   38 A   -1  3 -2 -4 -6  0 -1 -4 -3 -3 -5  7 -4 -6 -4 -2 -2 -6 -5 -4    6  12   1   0   0   2   2   0   0   1   0  73   0   0   0   1   2   0   0   1  1.37 0.58
   39 D    0  1  0  2 -5  6  1 -3 -2 -4 -4  2 -2 -4 -2  0 -2 -3 -3 -4    7   5   4  13   0  40   9   1   0   0   1  12   1   0   1   5   1   0   0   0  0.69 0.38
   40 A    6 -4 -3 -1 -4 -2  1 -3 -4 -4 -4 -3 -4 -5 -2 -1 -2 -5 -3 -2   78   0   0   2   0   1  10   0   0   0   0   0   0   0   1   3   2   0   1   2  1.22 0.57
   41 V   -2 -5 -6 -6 -2 -5 -4 -5 -6  2  0 -5  2  0 -5 -4 -3 -5 -4  6    1   0   0   0   1   0   1   1   0  10   5   0   5   4   0   0   0   0   0  73  1.28 0.54
   42 E   -2  1 -1 -2 -6  0  4 -4 -2 -4 -5  6 -2 -6 -4 -1 -2 -5 -4 -5    3   4   2   0   0   2  24   0   1   1   0  58   1   0   0   2   1   0   0   0  1.10 0.51
   43 E   -2  0 -1 -1 -6  1  3 -4 -2 -5 -5  6 -3 -4 -4  0 -2 -6 -4 -5    2   3   1   2   0   4  16   1   0   0   0  63   0   1   0   5   2   0   0   0  1.11 0.51
   44 Q   -3  1 -5 -5 -4  0 -4 -6 -4  0  5 -3  3 -1 -3 -4 -2 -4 -3 -1    1   7   0   0   0   4   0   0   0   2  70   1   8   1   1   0   2   0   0   2  0.96 0.45
   45 Y   -5 -4 -5 -5  3 -4 -6 -6  0 -4 -4 -5 -4  4 -6 -4 -5  2  9 -4    0   0   0   0   6   0   0   0   1   0   0   0   0  16   0   1   0   2  72   0  2.21 0.75
   46 D   -3 -4  3  7 -6 -1  2  0 -3 -6 -6 -2 -5 -6 -4 -2 -3 -6 -5 -5    1   0  12  63   0   2  11   8   0   0   0   1   0   0   0   1   0   0   0   1  1.36 0.53
   47 V   -2 -5 -5 -5 -3 -4 -3 -5 -5  6 -1 -4  1  0 -5 -3  0 -5 -3  5    2   0   0   0   0   0   1   1   0  44   1   0   3   4   0   1   5   0   0  38  0.99 0.44
   48 T   -2 -2  0  6 -5  1  2 -3 -1 -5 -5  3 -4 -5 -1  0  0 -6 -4 -4    2   0   3  46   0   4   9   1   1   0   0  20   0   0   2   5   6   0   0   1  0.86 0.40
   49 V    1 -5 -5 -5  1 -4 -4 -4 -5  1 -1 -4  1 -4 -3 -3  0 -5 -4  6   10   0   0   0   3   0   0   1   0   5   1   0   3   0   1   0   4   0   0  71  1.11 0.51
   50 E    4 -2 -2  0 -3  0  1 -3 -3 -1 -2  1 -1 -4 -2  0  0 -4 -3  1   45   2   1   5   0   2  12   0   0   2   3   8   1   0   1   3   4   0   0  12  0.41 0.30
   51 Q   -3  2  0  0 -5  0  0 -3 -1 -5 -5  7 -3 -5 -4  0 -2 -5 -3 -5    1   7   4   5   0   3   3   1   1   0   0  66   0   0   0   7   1   0   1   0  1.12 0.50
   52 V   -3 -6 -6 -6 -4 -5 -6 -5 -6  2 -1 -5 -2 -2 -5 -5 -2 -6 -4  7    1   0   0   0   0   0   0   1   0  10   3   0   0   1   0   0   1   0   0  85  1.65 0.64
   53 N   -4 -1  8  0  0 -3 -3 -4 -1 -5 -6 -2 -5 -3 -5 -1 -1 -7 -5 -6    0   3  81   3   2   0   0   0   1   1   0   2   0   1   0   3   3   0   0   0  1.90 0.70
   54 T   -2 -4 -3 -4 -4 -4 -4 -5 -5 -1 -4 -4 -1 -5 -4 -1  8 -6 -5 -1    1   0   1   0   0   0   0   0   0   3   0   0   1   0   0   1  88   0   0   3  1.86 0.75
   55 Q   -4 -3 -4 -5 -4  2 -3 -6 -1 -1  5 -3  2 -2 -3 -4 -3 -4 -3 -1    0   1   0   0   0  11   1   0   2   0  73   1   3   0   2   1   1   0   0   3  0.99 0.47
   56 N   -4 -3  0 -5 -4 -5 -5 -6 -4  7 -1 -4 -1 -3 -5 -4 -1 -5 -4  3    0   1   5   0   0   0   0   0   0  70   1   0   1   0   0   1   4   0   0  17  1.33 0.55
   57 T   -3  6 -2 -4  0 -1 -3 -4 -3 -5 -4  0 -2 -4 -3 -2  4  2 -4 -4    1  54   1   0   3   2   0   1   0   0   0   3   1   0   1   2  30   2   0   0  1.20 0.55
   58 M   -3 -4 -5 -5 -3 -4 -4 -5 -3 -4 -2 -3  3 -3  8 -1 -2 -6 -6 -4    1   1   0   0   1   0   0   0   0   1   4   1   9   1  75   4   2   0   0   0  2.08 0.72
   59 D   -4  1  3  6 -6 -1 -1 -2 -1 -5 -4  2 -4 -6 -4 -2 -2 -6 -4 -5    0   7  13  54   0   2   1   3   1   0   2  12   0   0   0   1   2   0   0   0  1.06 0.47
   60 G   -2  0 -2 -3 -4 -2 -3  7 -4 -6 -6 -2 -4 -6 -5 -3 -4 -5 -5 -6    2   5   1   1   0   1   1  84   0   0   0   2   0   0   0   1   0   0   0   0  1.77 0.63
   61 E   -3 -2 -1  0 -5  2  5 -2 -2 -4 -1  2 -3 -3 -3 -1  1 -5 -2 -3    1   1   2   2   0   7  51   3   0   1   7  12   0   1   0   3   8   0   1   1  0.72 0.40
   62 K   -3 -1 -2 -4 -6 -1 -2 -5 -4 -5 -6  8 -5 -7 -4 -4 -3 -6 -5 -6    1   1   1   0   0   1   1   0   0   1   0  94   0   0   0   0   1   0   0   0  2.13 0.80
   63 K   -3  0 -2 -4 -6 -1 -2 -4 -2 -4 -3  8 -4 -6 -4 -3 -3 -6 -5 -4    1   2   2   0   0   0   1   1   1   1   2  87   0   0   0   0   0   0   0   1  1.76 0.69
   64 A    7 -5 -4 -4 -4 -4 -3 -3 -5 -4 -4 -4 -4 -5 -3 -2 -2 -6 -5 -2   92   0   1   0   0   0   1   1   0   0   1   0   0   0   1   0   1   0   0   2  1.67 0.70
   65 V   -4 -4 -3 -4  0 -4 -4 -6 -1  0 -3 -5 -4  3 -6 -4  0 -1  9 -2    0   1   1   1   3   0   1   0   1   5   2   0   0  12   0   0   5   0  66   3  1.71 0.65
   66 V   -1 -5 -6 -6 -2 -5 -5 -5 -6  2 -1 -5 -1 -3 -5 -4 -3 -6 -4  7    5   0   0   0   1   0   0   0   0  10   2   0   1   0   0   1   0   0   0  81  1.49 0.61
   67 R   -3  6 -3 -4 -1  2 -2 -4  0 -5 -3  4 -2 -5 -1 -2  0  2 -3 -4    0  47   0   0   1   9   1   1   2   0   1  22   1   0   3   1   7   3   0   1  0.95 0.45
   68 L   -4 -4 -6 -6 -4 -5 -6 -6 -6 -1  6 -5  0  0 -1 -5 -4 -4 -4 -2    0   0   0   0   0   0   0   0   0   0  91   0   1   4   3   0   0   0   0   1  1.55 0.61
   69 S    4 -3 -2 -2 -3 -2 -1 -2 -3 -3 -4  0 -1 -4 -1  2  2 -5 -4 -1   47   0   0   2   0   0   2   2   0   0   0   5   2   0   2  19  15   0   0   3  0.62 0.37
   70 E    1 -2 -3 -1 -5 -2  2 -2 -3 -5 -4 -1 -4 -6  7  0 -3 -6 -5 -4   13   2   0   3   0   1  12   2   0   0   1   4   0   0  55   6   0   0   0   0  1.29 0.50
   71 D   -3 -4  0  7 -6 -3  3 -2 -2 -6 -6 -2 -6 -6 -4 -2 -3 -7 -6 -3    1   0   2  71   0   0  18   2   1   0   0   1   0   0   0   1   1   0   0   2  1.64 0.61
   72 D   -3 -4 -1  2  0 -1 -3 -3  3 -3 -4 -4 -3  1 -5 -3 -3 -2  8 -1    2   0   2  14   2   2   1   1   7   1   0   0   1   4   0   1   1   0  56   5  1.32 0.56
   73 D   -2 -3  1  7 -6 -2  0 -2 -4 -6 -6  0 -3 -6 -3 -1 -3 -6 -5 -5    4   1   6  71   0   0   4   2   0   0   0   5   1   0   0   4   1   0   0   0  1.47 0.57
   74 A    7 -5 -5 -5 -4 -4 -4 -3 -5 -4 -5 -4 -4 -6 -4 -1 -2 -6 -5 -3   95   0   0   0   0   0   0   1   0   0   0   0   0   0   0   1   1   0   0   1  1.83 0.73
   75 Q   -2 -4 -4 -4 -4  1  0 -3  0 -1  5 -4  1 -2 -4 -1 -2 -1 -2 -1    2   0   0   1   0   7   6   1   3   1  65   0   2   1   0   5   2   1   1   2  0.70 0.39
   76 E   -5 -4 -1  7 -7 -3  3 -4 -4 -6 -7 -3 -6 -6 -5 -3 -3 -7 -4 -4    0   0   1  74   0   0  20   0   0   0   0   1   0   0   0   1   1   0   1   1  1.85 0.67
   77 V   -2 -5 -6 -6 -4 -5 -5 -5 -6  4  0 -5 -2 -3 -5 -4 -2 -6 -4  6    1   0   0   0   0   0   0   0   0  22   7   0   0   0   0   0   1   0   0  68  1.34 0.54
   78 A    7 -5 -5 -4 -4 -4 -4 -2 -5 -4 -2 -4 -4 -5 -4 -1 -2 -6 -2 -2   91   0   0   0   0   0   0   1   0   0   3   0   0   0   0   1   1   0   1   1  1.61 0.67
   79 S   -1 -3  7 -2 -5 -1 -3 -3 -1 -4 -5 -2 -1 -5 -4  2  0 -6 -5 -2    4   0  63   0   0   1   0   0   1   1   0   1   2   0   0  18   6   0   0   3  1.33 0.56
   80 R   -4  5 -2 -4 -6  0 -2 -5 -3 -6 -5  7 -4 -6 -4 -2 -3 -6 -5 -5    0  26   1   0   0   2   1   0   0   0   0  68   0   0   0   2   0   0   0   0  1.59 0.61
   81 I   -4 -6 -6 -6 -4 -5 -6 -7 -6  7  2 -5  1 -3 -6 -5 -4 -5 -4  0    0   0   0   0   0   0   0   0   0  75  20   0   3   0   0   0   0   0   0   2  1.55 0.55

                      K         Lambda
Standard Ungapped    0.1238     0.3088
Standard Gapped      0.0672     0.2670
PSI Ungapped         0.2190     0.3137
PSI Gapped           0.0672     0.2670
