
Last position-specific scoring matrix computed, weighted observed percentages rounded down, information per position, and relative weight of gapless real matches to pseudocounts
           A  R  N  D  C  Q  E  G  H  I  L  K  M  F  P  S  T  W  Y  V   A   R   N   D   C   Q   E   G   H   I   L   K   M   F   P   S   T   W   Y   V
    1 K   -3  2 -2 -1 -5  2  4 -4 -2 -5 -5  5 -3 -5 -3 -2 -3 -5 -4 -4    0   7   0   0   0   5  37   0   0   0   0  50   0   0   0   0   0   0   0   0  1.07 0.30
    2 G    2 -1  2  1 -3  1  3  2 -1 -4 -4  1 -3 -3 -3  0 -2 -4 -3 -2   26   1  11   6   0   6  23  13   1   0   0   9   0   0   0   3   0   0   0   1  0.38 0.16
    3 L   -3 -5 -5 -5 -3 -5 -5 -6 -5  6  3 -5  1 -2 -5 -4 -3 -4 -3  2    0   0   0   0   0   0   0   0   0  62  26   0   2   0   0   0   0   0   0  10  1.14 0.31
    4 T   -1 -4 -3 -4 -3 -3 -4 -4 -4 -3 -4 -3 -3 -4  0  0  7 -5 -4 -3    4   0   0   0   0   0   0   0   0   1   0   0   0   0   5   3  87   0   0   0  1.60 0.46
    5 P    0 -1 -1  0 -4 -2 -2 -3 -3 -4 -4  2 -4 -5  5  3  1 -5 -4 -4    7   2   3   5   0   1   0   0   0   0   0  14   0   0  35  28   6   0   0   0  0.81 0.25
    6 Q   -3  6 -3 -4 -5  3 -2 -5 -3 -2 -3  1  6 -4 -4 -3 -3 -3 -4 -3    0  52   0   0   0  17   0   0   0   2   0   5  24   0   0   0   0   0   0   0  1.20 0.37
    7 S    1 -2  0  3 -4  0  3 -2 -2 -4 -4 -1 -3 -5 -3  3 -1 -5 -4 -4   11   0   3  21   0   3  25   2   0   0   0   1   0   0   0  31   2   0   0   0  0.59 0.23
    8 Q   -2 -2 -2  2 -5  2  5 -4 -2 -3 -4  0 -3 -5 -3 -2 -1 -5 -4  2    2   0   1  11   0   8  54   0   0   0   0   3   0   0   0   1   3   0   0  16  0.81 0.28
    9 D   -4 -4  3  8 -6 -3 -1 -3 -3 -6 -6 -3 -6 -6 -4 -2 -3 -7 -6 -6    0   0  13  83   0   0   1   1   0   0   0   0   0   0   0   1   0   0   0   0  1.92 0.45
   10 F   -5 -5 -5 -6 -5 -5 -5 -6 -2 -3 -3 -5 -3  8 -6 -4 -5 -1  7 -4    0   0   0   0   0   0   0   0   0   0   0   0   0  62   0   1   0   0  38   0  2.07 0.46
   11 S    3 -3  1 -2 -3 -2 -2 -2 -3 -4 -4 -2 -3 -5  1  5 -1 -5 -4 -3   32   0   7   1   0   0   0   1   0   0   0   0   0   0   7  50   1   0   0   0  0.83 0.31
   12 E   -1  2 -2  0 -5  6  2 -4 -2 -5 -3  3 -2 -5 -3 -2 -3 -5 -4 -4    5  10   0   3   0  47  10   0   0   0   2  21   0   0   0   1   0   0   0   0  0.93 0.31
   13 W   -6 -7 -8 -8 -6 -6 -7 -6 -6 -6 -5 -7 -5 -3 -8 -7 -6 13 -1 -7    0   0   0   0   0   0   0   0   0   0   0   0   0   0   0   0   0 100   0   0  4.69 0.79
   14 Y   -5 -5 -5 -6 -6 -5 -5 -6 -1 -5 -4 -5 -4  1 -6 -5 -5 -1 10 -4    0   0   0   0   0   0   0   0   0   0   0   0   0   1   0   0   0   0  99   0  2.94 0.62
   15 L   -3 -3  4 -2 -3  1 -3 -3 -3  1  1 -2 -2 -3 -4 -1  4 -5 -3 -1    0   0  29   0   0   7   0   0   0   8  16   0   0   0   0   1  36   0   0   4  0.62 0.27
   16 E   -4 -3 -1  7 -6  1  4 -4 -3 -6 -6 -3 -5 -6 -4 -3 -3 -6 -5 -6    0   0   0  69   0   5  25   0   0   0   0   0   0   0   0   0   0   0   0   0  1.63 0.41
   17 V   -2 -4 -5 -5 -2 -4 -5 -5 -5  4  3 -4 -1 -2 -4 -4 -1 -4 -3  5    1   0   0   0   0   0   0   0   0  21  25   0   0   0   0   0   3   0   0  50  0.89 0.27
   18 I   -3 -5 -5 -6  4 -5 -5 -6 -6  4 -1 -5 -1 -3 -5 -4 -2 -5 -4  6    0   0   0   0   9   0   0   0   0  26   0   0   0   0   0   0   0   0   0  65  1.25 0.35
   19 Q   -1  3 -2 -2 -4  2 -1 -3 -2  0  0  4 -1 -3 -3 -2  0 -4 -2  1    3  16   0   1   0   9   1   0   0   4   9  35   1   1   0   1   5   0   0  15  0.38 0.18
   20 K    0  1 -1 -2 -5  1  1 -3 -3 -4 -4  6 -3 -4 -3 -1 -3 -5 -4 -3    9   6   2   0   0   3   6   0   0   0   0  68   0   0   0   2   0   0   0   1  1.01 0.33
   21 A    6 -4 -4 -4  0 -3 -3 -1 -4 -4 -4 -3 -3 -5 -3  0  0 -5 -4 -3   89   0   0   0   2   0   0   2   0   0   0   0   0   0   0   3   4   0   0   0  1.41 0.42
   22 E   -3 -2 -1  5 -6  1  5  0 -3 -5 -5  1 -4 -5 -3 -2 -3 -5 -5 -5    0   1   1  40   0   5  38   7   0   0   0   8   0   0   0   0   0   0   0   0  1.04 0.30
   23 L   -4 -5 -6 -6 -4 -5 -5 -6 -5 -1  6 -5  3 -2 -5 -5 -4 -2 -3 -2    0   0   0   0   0   0   0   0   0   0  94   0   6   0   0   0   0   0   0   0  1.53 0.40
   24 A    5 -4 -4 -4  2 -3 -3 -3 -4  1 -2 -3  3 -3 -3 -1 -1 -4 -4  2   57   0   0   0   5   0   0   0   0   8   0   0  10   0   0   1   1   0   0  16  0.75 0.29
   25 D   -3 -3 -1  7 -5 -1  5 -3 -3 -6 -6 -2 -5 -6 -4 -1 -3 -6 -5 -5    1   0   0  61   0   0  34   1   0   0   0   0   0   0   0   2   0   0   0   0  1.51 0.39
   26 Y   -4 -1  4 -3 -5  1 -3 -5  2 -4 -4 -3 -4  0 -4 -2 -3 -1  8 -3    0   3  20   1   0   6   1   0   3   0   0   0   0   0   1   1   0   0  63   1  1.48 0.41
   27 G    2 -3 -2 -3 -3 -3 -3  1 -3 -4 -5 -3 -4 -5 -3  6  1 -5 -4 -4   13   0   0   0   0   0   0  11   0   0   0   0   0   0   0  67   9   0   0   0  1.02 0.35
   28 P    1 -3 -1  0 -3 -2 -2  0 -3 -4 -5 -2 -4 -5  6  3 -2 -5 -4 -4   14   1   1   6   0   1   1   8   0   0   0   1   0   0  43  24   1   0   0   0  0.99 0.28
   29 V   -1 -5 -5 -6 -3 -5 -5 -6 -6  1 -1 -5 -1 -3 -5 -4 -2 -5 -4  7    3   0   0   0   0   0   0   0   0   4   0   0   1   0   0   0   1   0   0  90  1.53 0.42
   30 R   -2  7 -3 -4 -6 -1 -2 -4 -3 -5 -5  5 -4 -5 -4 -3 -3 -5 -4 -5    2  59   0   0   0   0   0   0   0   0   0  38   0   0   0   0   0   0   0   0  1.54 0.40
   31 G   -3 -5 -3 -4 -5 -5 -5  7 -5 -7 -7 -4 -6 -6 -5 -3 -4 -5 -6 -6    0   0   0   0   0   0   0 100   0   0   0   0   0   0   0   0   0   0   0   0  2.28 0.48
   32 T   -1 -6 -5 -6 10 -5 -6 -5 -5 -4 -3 -5 -1  1 -5 -1  2 -5 -4 -3    3   0   0   0  70   0   0   0   0   0   1   0   2   7   0   5  12   0   0   0  2.17 0.47
   33 I   -4 -4 -5 -6 -4 -4 -5 -6 -5  2  0 -4 10 -1 -6 -5 -3 -5 -4 -2    0   1   0   0   0   0   0   0   0  10   3   0  83   2   0   0   1   0   0   1  2.24 0.55
   34 V   -1 -5 -2 -5 -3 -5 -5 -5 -5  4 -1 -5 -1 -3 -5 -4 -2 -5 -4  6    3   0   2   0   0   0   0   0   0  22   0   0   0   0   0   0   1   0   0  71  1.21 0.36
   35 V   -4 -5 -6 -6 -4 -5 -5 -6 -5  7  0 -5  0  2 -5 -5 -3 -4  2  1    0   0   0   0   0   0   0   0   0  74   4   0   1   8   0   0   0   0   7   6  1.29 0.36
   36 R   -3  6 -3 -3 -4 -1 -1 -4 -3 -5 -2  6  0 -5 -4 -3 -3 -5 -4 -4    0  44   0   0   0   0   1   0   0   0   4  49   2   0   0   0   0   0   0   0  1.30 0.37
   37 P   -4 -5 -5 -5 -6 -5 -4 -5 -5 -6 -6 -4 -6 -7  9 -4 -4 -7 -6 -6    0   0   0   0   0   0   0   0   0   0   0   0   0   0 100   0   0   0   0   0  3.13 0.61
   38 Y   -1 -3  2  0 -5 -4 -3 -5  0 -4 -4 -4 -4  0 -5 -3 -1  4  8 -4    7   1   9   6   0   0   1   0   1   0   0   0   0   0   0   0   4   6  65   0  1.48 0.41
   39 G   -1 -5 -3 -4 -5 -5 -5  7 -5 -7 -6 -4 -5 -6 -5 -2 -4 -5 -6 -6    2   0   0   0   0   0   0  97   0   0   0   0   0   0   0   1   0   0   0   0  2.15 0.47
   40 Y   -4 -5 -5 -6 -4 -3 -5 -6 -1 -4 -4 -5 -2  4 -6 -3 -3  2  9 -4    0   0   0   0   0   1   0   0   0   0   0   0   1  11   0   2   1   2  82   0  2.30 0.52
   41 A    6 -1 -3 -3 -3 -2  0 -1 -4 -4 -4 -2 -3 -5 -3  1 -2 -5 -4 -3   78   3   0   0   0   1   7   2   0   0   0   1   0   0   0   8   0   0   0   0  1.08 0.36
   42 I   -4 -5 -6 -6 -4 -5 -6 -6 -6  7  2 -5  1 -2 -5 -5 -3 -5 -4  1    0   0   0   0   0   0   0   0   0  77  18   0   2   0   0   0   0   0   0   2  1.46 0.38
   43 W   -6 -7 -8 -8 -6 -6 -7 -6 -6 -6 -5 -7 -5 -3 -8 -7 -6 13 -1 -7    0   0   0   0   0   0   0   0   0   0   0   0   0   0   0   0   0 100   0   0  4.71 0.80
   44 E   -4 -3 -3 -1 -7 -1  8 -5 -3 -6 -6 -2 -5 -6 -4 -2 -4 -6 -5 -6    0   0   0   0   0   0  99   0   0   0   0   0   0   0   0   1   0   0   0   0  2.15 0.54
   45 N   -1  1  6 -1 -4 -1 -1 -2  2 -4 -1  3 -1 -3 -4 -1 -2 -5 -3 -4    4   6  44   0   0   1   1   2   5   0   6  26   1   1   0   2   0   0   0   0  0.73 0.27
   46 I   -4 -5 -5 -6 -2 -4 -5 -6 -5  6  0 -5  7 -2 -5 -5 -3 -5 -4  1    0   0   0   0   1   0   0   0   0  59   4   0  32   0   0   0   0   0   0   3  1.45 0.40
   47 Q   -4  0 -3 -3 -6  8 -1 -5 -2 -5 -5  1 -1 -6 -4 -3 -4 -5 -4 -3    0   4   0   0   0  85   0   0   1   0   0   7   1   0   0   0   0   0   0   2  1.97 0.53
   48 Q    2  3  0  1 -3  2  1 -2  2 -4 -4  2 -3 -4 -3  1 -1 -4 -3 -3   22  22   3   7   0   8   6   1   6   0   0  13   0   0   0  11   1   0   0   0  0.39 0.17
   49 V    0 -2  0  1 -3  2  3 -2  1  1 -2 -1 -2 -1 -3 -1 -1  2  2  0   10   1   4   7   0  12  26   2   3  10   2   1   0   1   0   0   2   4   9   7  0.23 0.14
   50 L   -3 -4 -6 -6 -4 -4 -5 -6 -5  0  6 -5  4  1 -5 -5 -3 -4 -2 -1    1   0   0   0   0   0   0   0   0   1  82   0  10   6   0   0   0   0   0   0  1.28 0.36
   51 D   -5 -5  1  8 -7 -3 -1 -4 -4 -6 -7 -4 -6 -7 -4 -3 -4 -7 -6 -6    0   0   5  95   0   0   0   0   0   0   0   0   0   0   0   0   0   0   0   0  2.34 0.53
   52 R    1  4 -1  2 -4  0  1  0 -1 -3 -4  3 -3 -4 -3 -1 -1 -4 -3 -2   11  28   1  11   0   3   6   7   1   0   0  23   0   0   0   3   2   0   0   2  0.45 0.18
   53 M   -1  5 -3 -4 -5 -1 -1 -4 -2 -3 -2  3  7 -4 -4 -3 -3 -5 -4 -3    4  39   0   0   0   1   3   0   0   0   2  16  34   0   0   0   0   0   0   0  1.04 0.35
   54 F   -5 -6 -6 -7 -5 -6 -6 -6 -4  1 -1 -6 -3  9 -7 -5 -5 -2  0 -3    0   0   0   0   0   0   0   0   0   8   2   0   0  90   0   0   0   0   0   0  2.32 0.51
   55 K   -4  0 -3 -4 -6 -2 -2 -4 -4 -6 -6  8 -4 -6 -4 -3 -4 -6 -5 -5    0   1   0   0   0   0   0   0   0   0   0  99   0   0   0   0   0   0   0   0  2.10 0.53
   56 E    2 -2 -2  2 -5  0  6 -4 -3 -5 -5  0 -3 -5 -3 -2 -3 -5 -4 -4   19   1   1   9   0   1  62   0   0   0   0   5   1   0   0   1   0   0   0   0  1.05 0.34
   57 T   -2 -3 -3 -4 -4 -3 -3 -4 -4 -3 -2 -3 -3 -4 -4 -1  7 -5 -3 -2    2   0   0   0   0   0   1   0   0   0   4   0   0   0   0   2  89   0   1   1  1.66 0.48
   58 G   -3 -5 -3 -3 -5 -5 -4  7 -5 -7 -7 -4 -6 -6 -5 -3 -4 -5 -6 -6    0   0   0   1   0   0   0  99   0   0   0   0   0   0   0   0   0   0   0   0  2.25 0.49
   59 H   -3 -4 -3 -4 -5 -3 -3 -5 10 -3 -4 -4 -4 -4 -5 -4 -4 -5 -1  3    2   0   0   0   0   0   0   0  75   1   0   0   0   0   0   0   0   0   0  22  2.26 0.53
   60 Q   -2  1 -2 -1 -4  4  4 -4 -1 -3 -3  1 -2 -4 -3  0 -1 -4 -3  1    0   8   0   1   0  21  35   0   0   0   1   9   1   0   0   7   3   0   0  13  0.57 0.24
   61 N   -5 -3  9 -1 -6 -3 -3 -3 -2 -6 -7 -3 -5 -6 -5 -1 -3 -7 -5 -6    0   0  97   1   0   0   0   0   0   0   0   0   0   0   0   2   0   0   0   0  2.43 0.57
   62 A    5 -4 -4 -4  1 -3 -4 -3 -4 -1 -1 -3  1 -4 -4 -2 -2 -5 -3  4   59   0   0   0   3   0   0   0   0   1   3   0   3   0   0   0   0   0   0  30  0.87 0.32
   63 Y   -1 -5 -4 -6  0 -2 -5 -6 -1 -3 -3 -5 -4  0 -6 -2 -4 -1  9 -3    5   0   1   0   2   2   0   0   0   1   1   0   0   0   0   2   0   0  86   1  2.24 0.54
   64 F   -5 -5 -6 -6 -5 -5 -6 -6 -4 -2  0 -5  6  8 -6 -5 -4 -2  0 -3    0   0   0   0   0   0   0   0   0   0   7   0  22  71   0   0   0   0   0   0  1.91 0.46
   65 P   -4 -5 -5 -5 -6 -5 -4 -5 -6 -6 -6 -4 -6 -7  9 -4 -4 -7 -6 -6    0   0   0   0   0   0   0   0   0   0   0   0   0   0 100   0   0   0   0   0  3.16 0.62
   66 L   -3 -4 -5 -5 -2  0 -4 -5 -4  0  5 -4  6 -2 -5 -4 -1 -4 -3  0    0   0   0   0   1   5   0   0   0   3  57   0  26   0   0   0   3   0   0   5  1.01 0.32
   67 F   -4 -5 -6 -6 -4 -5 -6 -6 -4 -2  4 -5 -1  7 -6 -5 -4 -2  0 -2    0   0   0   0   0   0   0   0   0   0  43   0   1  56   0   0   0   0   0   0  1.52 0.39
   68 I   -4 -6 -6 -6 -4 -6 -6 -7 -6  8 -1 -6 -1 -3 -6 -5 -3 -5 -4  2    0   0   0   0   0   0   0   0   0  93   0   0   0   0   0   0   0   0   0   7  1.91 0.47
   69 P   -4 -5 -5 -5 -6 -5 -4 -5 -5 -6 -6 -4 -6 -7  9 -4 -4 -7 -6 -6    0   0   0   0   0   0   0   0   0   0   0   0   0   0 100   0   0   0   0   0  3.14 0.61
   70 M   -3 -1 -1 -1 -5  0  5 -4 -2 -3 -2  4  2 -4 -3 -2 -3 -4  1 -3    0   1   2   0   0   2  47   0   0   1   4  27   6   0   0   1   0   0   7   1  0.78 0.29
   71 S   -1 -3  1 -3 -4 -3 -2 -1 -2 -5 -5 -3 -4 -5 -4  7 -1 -6 -4 -5    1   1   5   0   0   0   1   3   1   0   0   0   0   0   0  89   0   0   0   0  1.53 0.47
   72 F   -4 -5 -5 -6 -4 -5 -5 -6 -3 -2  4 -5  0  6 -6 -5 -4 -2  4 -2    0   0   0   0   0   0   0   0   0   0  40   0   2  45   0   0   0   0  14   0  1.25 0.34
   73 L   -4 -5 -6 -6 -4 -5 -5 -6 -5  2  5 -5  0  4 -5 -5 -3 -3 -2 -1    0   0   0   0   0   0   0   0   0  10  69   0   1  20   0   0   0   0   0   0  1.14 0.33
   74 R   -1 -1  1 -1 -3  5  4 -3 -2 -4 -3  1  0 -5 -3  2  0 -4 -3 -3    4   1   6   1   1  29  27   0   0   0   1   6   2   0   0  17   4   0   0   0  0.61 0.25
   75 K    0  3 -3 -3 -5 -1 -2 -4 -3 -5 -4  7 -4 -6 -4 -3 -3 -6 -4 -3    6  16   0   0   0   0   1   0   0   0   0  75   0   0   0   0   0   0   0   1  1.42 0.41
   76 E   -4 -3 -3 -1 -7 -1  8 -5 -3 -6 -6 -2 -5 -6 -4 -3 -4 -6 -5 -6    0   0   0   0   0   0 100   0   0   0   0   0   0   0   0   0   0   0   0   0  2.23 0.55
   77 A    5 -1 -3 -3 -3 -2  1 -1 -3 -4 -4  4 -3 -5 -3 -1 -2 -5 -4 -3   55   0   0   0   0   0   7   2   0   0   0  32   0   0   0   2   1   0   0   0  0.86 0.32
   78 E   -2 -2 -1  5 -5  0  5 -3 -2 -5 -5  1 -4 -5 -3  1 -3 -5 -4 -5    3   0   0  35   0   2  42   0   0   0   0   7   0   0   0   9   0   0   0   0  1.01 0.31
   79 H   -5 -3  1 -4 -6 -3 -3 -5 11 -6 -3 -4 -3 -5 -6 -4 -5 -6 -2 -6    0   0   6   0   0   0   0   0  90   0   3   0   1   0   0   0   0   0   0   0  2.90 0.61
   80 V    0 -5 -5 -6 -3 -5 -5 -5 -6  3 -1 -5 -2 -3 -5 -4 -2 -5 -4  7    7   0   0   0   0   0   0   0   0  14   0   0   0   0   0   0   0   0   0  79  1.35 0.39
   81 E   -3 -3 -1  0 -6  0  7 -5 -3 -5 -6  0 -5 -6 -4 -2 -3 -6 -5 -5    1   0   2   3   0   1  86   0   0   0   0   5   0   0   0   1   1   0   0   0  1.68 0.46
   82 G   -3 -5 -3 -4 -5 -5 -5  7 -5 -7 -7 -4 -6 -6 -5 -3 -4 -5 -6 -6    0   0   0   0   0   0   0 100   0   0   0   0   0   0   0   0   0   0   0   0  2.31 0.50
   83 F   -5 -6 -6 -7 -6 -6 -7 -6 -4 -3 -3 -6 -3  9 -7 -6 -5 -2  0 -4    0   0   0   0   0   0   0   0   0   0   0   0   0 100   0   0   0   0   0   0  2.76 0.58
   84 S    6 -4  0 -4 -3 -3 -3 -2 -2 -4 -4 -3 -4 -5 -3  2 -2 -5 -4 -3   79   0   5   0   0   0   0   0   1   0   0   0   0   0   0  15   0   0   0   0  1.25 0.40
   85 P   -3 -3 -4 -4 -6 -3 -3 -5 -4 -6 -6  4 -5 -6  8 -3 -3 -6 -5 -5    1   0   0   0   0   0   0   0   0   0   0  30   0   0  68   0   1   0   0   0  2.04 0.47
   86 E   -4 -3 -3 -1 -7  0  8 -5 -3 -6 -6 -2 -5 -6 -4 -3 -4 -6 -5 -6    0   0   0   0   0   2  98   0   0   0   0   0   0   0   0   0   0   0   0   0  2.16 0.54
   87 L   -2 -5 -5 -6  9 -5 -5 -5 -5 -1  2 -5 -2 -2 -5 -3 -3 -5 -4  4    1   0   0   0  43   0   0   0   0   0  23   0   0   1   0   0   0   0   0  32  1.41 0.37
   88 A    7 -4 -4 -4 -3 -4 -4 -3 -4 -4 -4 -3 -4 -1  1 -2 -3 -5 -4 -3   91   0   0   0   0   0   0   0   0   0   0   0   0   3   6   0   0   0   0   0  1.50 0.45
   89 V   -4 -5 -6 -6 -4 -5 -4 -6 -5  0 -1 -5 -1 -2 -6 -5 -1 10 -2  5    0   0   0   0   0   0   1   0   0   3   4   0   1   0   0   0   3  40   0  47  1.81 0.44
   90 V   -3 -5 -6 -6 -4 -5 -5 -6 -6  1 -2 -5 -2 -4 -5 -5 -3 -6 -4  7    0   0   0   0   0   0   0   0   0   3   0   0   0   0   0   0   0   0   0  97  1.85 0.48
   91 T   -3 -4 -1 -4 -4 -4 -4 -5 -5 -4 -4 -3 -4 -5 -4 -1  8 -6 -5 -3    0   0   1   0   0   0   0   0   0   0   0   1   0   0   0   1  96   0   0   0  2.00 0.54
   92 H   -4  0 -2 -3 -5  1  1 -5  9 -1 -4  0  1 -4 -5 -3 -3 -5  1 -3    0   3   0   1   0   5   8   0  62   5   0   5   4   0   0   0   1   0   3   2  1.51 0.40
   93 A    2 -4 -2  4 -4 -3 -2  5  1 -2 -5 -3 -4 -4 -4 -1 -3 -5 -2 -3   20   0   0  23   0   0   0  47   3   3   0   0   0   0   0   1   0   0   2   1  0.85 0.27
   94 G   -1 -1 -3 -4 -5 -4 -4  6 -4 -6 -6 -2 -5 -6  4 -3 -4 -5 -5 -5    4   5   0   0   0   0   0  66   0   0   0   1   0   0  24   0   0   0   0   0  1.44 0.36
   95 G    0 -2  1  1 -3 -1  1  3 -2 -3  0 -1  0 -3 -3  1  0 -4 -3 -3    5   0   9  10   0   2  12  31   0   0  14   1   2   0   0   9   5   0   0   0  0.32 0.15
   96 E    2 -2  0  0 -4  0  5 -3 -2 -5 -4  3 -4 -5 -3 -1 -2 -5 -4 -4   24   0   4   4   0   2  46   1   0   0   0  17   0   0   0   2   1   0   0   0  0.77 0.28
   97 E   -2  1 -2 -1 -5  1  4 -4 -3 -4 -4  5 -3 -5  2 -2 -1 -5 -4 -3    1   5   0   1   0   3  32   0   0   0   1  42   0   0   9   1   2   0   0   2  0.82 0.28
   98 L   -4 -5 -6 -6 -4 -5 -6 -6 -6 -1  6 -5  0 -2 -6 -5 -4 -4 -4 -2    0   0   0   0   0   0   0   0   0   0 100   0   0   0   0   0   0   0   0   0  1.71 0.44
   99 E    1 -2 -2  0 -5  2  6 -3 -2 -5 -5 -2 -4 -5 -1 -1  0 -5 -4 -4   12   0   1   3   0  10  61   1   0   0   0   0   0   0   2   3   6   0   0   0  0.96 0.32
  100 E   -4 -3 -3  0 -7 -1  8 -5 -3 -6 -6 -2 -5 -6 -4 -3 -4 -6 -5 -6    0   0   0   2   0   0  98   0   0   0   0   0   0   0   0   0   0   0   0   0  2.15 0.54
  101 P   -3  5 -1 -2 -6 -1  3 -4 -2 -5 -5  1 -4 -5  5 -2 -3 -3 -4 -5    0  36   2   0   0   0  24   0   0   0   0   8   0   0  28   0   0   0   0   0  1.10 0.32
  102 L   -4 -5 -6 -6 -2 -4 -5 -6 -4  0  6 -5  2  0 -5 -5 -4 -1  2 -2    0   0   0   0   0   0   0   0   0   1  85   0   4   2   0   0   0   1   7   0  1.30 0.37
  103 A    2 -5 -5 -5  7 -4 -5 -4 -5  4 -1 -4 -1 -2 -4 -3 -2 -4 -1  3   16   0   0   0  26   0   0   0   0  30   0   0   0   0   0   0   0   0   2  25  0.93 0.29
  104 V   -3 -5 -5 -6 -3 -5 -5 -6 -5  4  0 -5  0 -2 -5 -4 -2 -5 -3  6    0   0   0   0   0   0   0   0   0  24   6   0   2   1   0   0   0   0   0  67  1.21 0.35
  105 R   -5  8 -3 -5 -7 -2 -3 -5 -3 -6 -5 -1 -4 -6 -5 -4 -4 -6 -5 -6    0 100   0   0   0   0   0   0   0   0   0   0   0   0   0   0   0   0   0   0  2.45 0.56
  106 P   -4 -5 -5 -5 -6 -5 -4 -5 -6 -6 -6 -4 -6 -7  9 -4 -4 -7 -6 -6    0   0   0   0   0   0   0   0   0   0   0   0   0   0 100   0   0   0   0   0  3.16 0.62
  107 T   -3 -4 -3 -4 -4 -4 -4 -5 -5 -4 -4 -4 -4 -5 -4 -2  8 -6 -5 -3    0   0   0   0   0   0   0   0   0   0   0   0   0   0   0   0 100   0   0   0  2.16 0.57
  108 S   -2 -4 -2 -3 -4 -3 -3 -3 -4 -5 -6 -3 -5 -5 -4  7 -1 -6 -5 -5    0   0   0   0   0   0   0   0   0   0   0   0   0   0   0 100   0   0   0   0  1.93 0.55
  109 E   -4 -3 -3 -1 -7 -1  8 -5 -3 -6 -6 -2 -5 -6 -4 -3 -4 -6 -5 -6    0   0   0   0   0   0 100   0   0   0   0   0   0   0   0   0   0   0   0   0  2.23 0.55
  110 T    0 -4 -3 -4 -4 -3 -4 -4 -5 -3 -4 -3 -2 -5 -4 -1  7 -5 -4  0    8   0   0   0   0   0   0   0   0   0   0   0   1   0   0   1  85   0   0   5  1.60 0.47
  111 V   -3 -5 -5 -5 -3 -4 -5 -6 -5  6  3 -5  3 -2 -5 -4 -2 -4 -3  2    0   0   0   0   0   0   0   0   0  52  28   0   8   0   0   0   1   0   0  11  1.02 0.30
  112 I   -4 -5 -6 -6 -4 -5 -6 -6 -5  6 -1 -5 -1  6 -6 -5 -3 -3 -1  1    0   0   0   0   0   0   0   0   0  63   0   0   1  32   0   0   0   0   0   5  1.43 0.39
  113 G   -3 -5  1 -5  8 -5 -5  3 -5 -5 -5 -5 -4 -4 -5 -3 -4  9 -1 -5    1   0   6   0  34   0   0  26   0   0   0   0   0   0   0   1   0  30   1   0  1.82 0.43
  114 Y   -1 -1  3  4 -4 -1  3 -3  5 -5 -5 -2 -4 -4 -2  1 -1 -5  0 -4    3   1  19  23   0   0  18   1  18   0   0   0   0   0   1  12   2   0   3   0  0.68 0.24
  115 M   -1 -3 -3 -4 -4 -2 -3 -4  5 -2  0 -3  6  1 -4  0  3 -3  1 -2    3   0   0   0   0   0   0   0  16   0   5   0  31   7   0   6  26   0   5   1  0.77 0.30
  116 W   -5 -5 -5 -6 -5 -5 -5 -6 -2 -4 -3 -5  1  4 -6 -5 -5  6  9 -4    0   0   0   0   0   0   0   0   0   0   1   0   4  14   0   0   0   9  72   0  2.16 0.50
  117 S    3  1 -2 -3 -3 -1 -2 -2 -2 -4 -4  4 -3 -5 -3  4  0 -5 -4 -3   26   7   0   0   0   1   0   0   1   0   0  29   0   0   0  33   2   0   0   0  0.66 0.27
  118 K   -3  2  4  0 -5  2 -1  1 -1 -5 -5  5 -3 -5 -3 -1 -2 -5 -4 -4    0   9  24   5   0   7   1   9   1   0   0  42   0   0   0   2   1   0   0   0  0.75 0.26
  119 W   -4 -6 -4 -1 -5 -5 -3 -6 -5  3 -4 -5 -3 -2 -6 -5 -2 12 -1 -2    1   0   1   4   0   0   2   0   0  16   0   0   0   0   0   0   3  70   0   3  2.80 0.57
  120 I   -3 -5 -6 -6 -3 -5 -5 -6 -6  7  1 -5 -1 -3 -5 -4 -2 -5 -4  4    0   0   0   0   0   0   0   0   0  66   7   0   0   0   0   0   1   0   0  26  1.30 0.35
  121 R   -3  0  2 -2 -5  6  0 -4  6 -5 -5  2 -3 -5 -4  0 -2 -5 -3 -5    0   3   8   1   0  50   2   0  19   0   0  11   0   0   0   5   2   0   0   0  1.11 0.35
  122 S   -2 -4 -2 -3 -4 -3 -3 -3 -4 -5 -5 -3 -4 -5 -4  7  0 -6 -5 -5    0   0   0   0   0   0   0   0   0   0   0   0   0   0   0  98   2   0   0   0  1.85 0.53
  123 W   -5 -5 -5 -6 -6 -4 -5 -6  3 -5 -4 -5 -4  0 -6 -5 -5  6  9 -5    0   0   0   0   0   0   0   0   6   0   0   0   0   1   0   0   0  12  81   0  2.54 0.56
  124 R   -4  8 -2 -5 -7 -2 -3 -5 -3 -6 -5  0 -4 -6 -5 -4 -4 -6 -5 -6    0  96   2   0   0   0   0   0   0   0   0   2   0   0   0   0   0   0   0   0  2.29 0.54
  125 D   -5 -5 -2  8 -7 -2  0 -4 -4 -6 -7 -4 -6 -7 -4 -3 -4 -7 -6 -6    0   0   0  97   0   1   2   0   0   0   0   0   0   0   0   0   0   0   0   0  2.38 0.53
  126 L   -4 -5 -6 -6 -4 -5 -6 -6 -6 -1  6 -5  0 -2 -6 -5 -4 -4 -4 -2    0   0   0   0   0   0   0   0   0   0 100   0   0   0   0   0   0   0   0   0  1.71 0.44
  127 P   -4 -5 -5 -5 -6 -5 -4 -5 -6 -6 -6 -4 -6 -7  9 -4 -4 -7 -6 -6    0   0   0   0   0   0   0   0   0   0   0   0   0   0 100   0   0   0   0   0  3.16 0.62
  128 Q   -3 -1 -4 -4 -3 -1 -3 -4 -3  3  3  3  2  0 -4 -3 -2 -3 -1  1    0   1   0   0   0   3   0   0   0  22  32  23   4   4   0   0   0   0   1  10  0.45 0.20
  129 L   -3 -3 -5 -5 -2 -4 -4 -5 -5  0  5  0  2 -2 -5 -4 -3 -4 -3  1    0   1   0   0   1   0   1   0   0   1  74   9   5   0   0   0   0   0   0   9  0.98 0.31
  130 L   -3 -4 -4 -5  3 -4 -5 -5  1  5  1 -4 -1 -1 -5 -4 -3  2  6  1    0   0   1   0   8   0   0   0   3  39  11   0   1   0   0   0   0   3  29   6  0.89 0.29
  131 N   -5 -4  9 -2 -6 -3 -3 -4 -2 -6 -7 -3 -5 -6 -5 -2 -3 -7 -1 -6    0   0  98   0   0   0   0   0   0   0   0   0   0   0   0   0   0   0   2   0  2.46 0.57
  132 Q   -4 -2 -3 -4 -6  9 -1 -5 -3 -6 -6 -2 -4 -7 -5 -3 -4 -5 -5 -6    0   0   0   0   0 100   0   0   0   0   0   0   0   0   0   0   0   0   0   0  2.59 0.64
  133 W   -6 -7 -8 -8 -6 -6 -7 -6 -6 -7 -6 -7 -5 -3 -8 -7 -6 13 -1 -7    0   0   0   0   0   0   0   0   0   0   0   0   0   0   0   0   0 100   0   0  4.73 0.81
  134 G    5 -4 -1 -4  8 -4 -4 -1 -4 -4 -4 -4 -3 -5 -4 -1 -2 -5 -4 -1   51   0   3   0  36   0   0   5   0   0   0   0   0   0   0   1   0   0   0   3  1.32 0.38
  135 N   -3 -3  7 -2 -5 -3 -3 -3 -2 -6 -6 -3 -5 -6 -4  4 -1 -6 -5 -5    0   0  66   0   0   0   0   0   0   0   0   0   0   0   0  32   1   0   0   0  1.62 0.45
  136 V   -3 -5 -6 -6 -4 -5 -5 -6 -6  1 -2 -5 -2 -4 -5 -4 -3 -6 -4  7    0   0   0   0   0   0   0   0   0   4   0   0   0   0   0   0   0   0   0  96  1.82 0.48
  137 V   -3 -4 -5 -5 -1 -4 -5 -5 -1  1  1 -4  4  1 -5 -4 -1 -4 -3  6    0   0   0   0   1   0   0   0   2   3   8   0  13   6   0   0   2   0   0  65  0.97 0.32
  138 R   -5  8 -3 -5 -7 -2 -3 -5 -3 -6 -5 -1 -4 -6 -5 -4 -4 -6 -5 -6    0 100   0   0   0   0   0   0   0   0   0   0   0   0   0   0   0   0   0   0  2.45 0.56
  139 W   -3 -7 -8 -8 -6 -6 -7 -6 -6 -6 -5 -7 -5 -3 -7 -6 -6 13 -1 -7    3   0   0   0   0   0   0   0   0   0   0   0   0   0   0   0   0  97   0   0  4.51 0.78
  140 E   -4 -3 -3 -1 -7 -1  8 -5 -3 -6 -6 -2 -5 -6 -4 -3 -4 -6 -5 -6    0   0   0   0   0   0 100   0   0   0   0   0   0   0   0   0   0   0   0   0  2.23 0.55
  141 M   -3 -1 -4 -4 -5 -2 -2 -5 -4 -3  0  6  8 -4 -4 -3 -3 -5 -4 -3    0   0   0   0   0   0   1   0   0   0   8  49  41   0   0   0   0   0   0   0  1.37 0.43
  142 R   -3  7 -2 -4 -5 -2  0 -4 -2 -4 -4  0 -4 -5 -4 -1  4 -5 -4 -3    1  61   1   0   0   0   4   0   0   0   0   2   0   0   0   3  27   0   0   1  1.25 0.38
  143 T   -3 -4 -3 -4 -4 -4 -4 -5 -5 -4 -4 -4 -4 -5  1 -1  8 -6 -5 -3    0   0   0   0   0   0   0   0   0   0   0   0   0   0   7   1  91   0   0   0  1.86 0.51
  144 R   -4  8 -3 -4 -6 -1 -3 -5 -3 -5 -2  2 -2 -5 -5 -4 -4 -6 -4 -5    0  86   0   0   0   0   0   0   0   0   5   7   1   0   0   0   0   0   0   0  1.89 0.47
  145 P   -2 -5 -5 -5 -4 -4 -4 -5 -5 -2  3 -4  2 -3  7 -4 -3 -5 -4 -3    3   0   0   0   0   0   0   0   0   1  33   0   6   0  57   0   0   0   0   1  1.51 0.38
  146 F   -5 -6 -6 -7 -6 -6 -6 -6 -4 -3 -2 -6 -3  9 -7 -6 -5 -2  0 -4    0   0   0   0   0   0   0   0   0   0   1   0   0  99   0   0   0   0   0   0  2.72 0.57
  147 L   -4 -5 -6 -6 -4 -5 -5 -6 -5  1  6 -5  0 -2 -5 -5 -4 -4 -4 -1    0   0   0   0   0   0   0   0   0   4  94   0   0   0   0   0   0   0   0   2  1.52 0.41
  148 R   -5  8 -3 -5 -7 -2 -3 -5 -3 -6 -5 -1 -4 -6 -5 -4 -4 -6 -5 -6    0 100   0   0   0   0   0   0   0   0   0   0   0   0   0   0   0   0   0   0  2.45 0.56
  149 T   -2 -4 -3 -4 -4 -3 -3 -2 -1 -4 -4 -3 -4 -5 -4  3  7 -5 -4 -3    0   0   0   0   0   0   0   2   1   0   0   0   0   0   0  18  79   0   0   0  1.51 0.45
  150 S    2  3 -2 -3 -2 -2 -2 -3 -3 -3 -1 -2 -1 -4 -3  3  3 -4 -3 -2   21  18   0   0   0   0   0   0   0   1   8   0   1   0   0  32  18   0   0   0  0.50 0.24
  151 E   -4 -3 -3 -1 -7 -1  8 -5 -3 -6 -6 -2 -5 -6 -4 -3 -4 -6 -5 -6    0   0   0   0   0   0 100   0   0   0   0   0   0   0   0   0   0   0   0   0  2.23 0.55
  152 F   -5 -6 -6 -7 -6 -6 -6 -6 -4 -2 -3 -6 -3  9 -7 -6 -5 -2  0 -4    0   0   0   0   0   0   0   0   0   1   0   0   0  99   0   0   0   0   0   0  2.70 0.57
  153 L   -4 -5 -6 -6 -4 -5 -5 -6 -2 -1  6 -5  0 -1 -6 -5 -4  2  0 -2    0   0   0   0   0   0   0   0   1   0  93   0   0   1   0   0   0   2   2   0  1.46 0.40
  154 W   -6 -7 -8 -8 -6 -6 -7 -6 -6 -7 -6 -7 -5 -3 -8 -7 -6 13 -1 -7    0   0   0   0   0   0   0   0   0   0   0   0   0   0   0   0   0 100   0   0  4.73 0.81
  155 Q   -4 -2 -3 -4 -6  9 -1 -5  1 -6 -6 -2 -4 -7 -5 -3 -4 -5 -5 -6    0   0   0   0   0  98   0   0   2   0   0   0   0   0   0   0   0   0   0   0  2.48 0.62
  156 E   -4 -3 -3 -1 -7 -1  8 -5 -3 -6 -6 -2 -5 -6 -4 -3 -4 -6 -5 -6    0   0   0   0   0   0 100   0   0   0   0   0   0   0   0   0   0   0   0   0  2.23 0.55
  157 G   -3 -5 -3 -4 -5 -5 -5  7 -5 -7 -7 -4 -6 -6 -5 -3 -4 -5 -6 -6    0   0   0   0   0   0   0 100   0   0   0   0   0   0   0   0   0   0   0   0  2.31 0.50
  158 H   -5 -4 -3 -5 -7 -3 -4 -6 11 -7 -6 -4 -5 -5 -6 -4 -5 -6 -2 -7    0   0   0   0   0   0   0   0 100   0   0   0   0   0   0   0   0   0   0   0  3.45 0.69
  159 T   -3 -4 -3 -4 -2 -4 -4 -5 -5 -4 -4 -4 -4 -5 -4 -1  8 -6 -5 -3    0   0   0   0   0   0   0   0   0   0   0   0   0   0   0   1  99   0   0   0  2.12 0.56
  160 A    6 -4 -4 -4  0 -3 -3 -3 -4  2 -1 -3  1 -3 -3 -1 -2 -5 -4  1   70   0   0   0   2   0   0   0   0  12   5   0   4   0   0   0   0   0   0   7  0.91 0.33
  161 H   -5 -4 -3 -5 -7 -3 -4 -6 11 -7 -6 -4 -5 -5 -6 -4 -5 -6 -2 -7    0   0   0   0   0   0   0   0 100   0   0   0   0   0   0   0   0   0   0   0  3.45 0.69
  162 A    6 -1 -4 -3 -3 -2  2 -3 -4 -3 -4 -3 -3 -5 -3 -1 -2 -5 -4 -2   74   3   0   0   0   0  18   0   0   1   0   0   0   0   0   1   1   0   0   2  1.06 0.36
  163 T   -3 -4 -1  0 -4 -3 -3 -4 -4 -4 -4 -3 -4 -5 -4  0  7 -5 -4 -3    0   0   2   5   0   0   1   0   0   0   0   0   0   0   0   5  86   0   0   0  1.62 0.47
  164 R    3  2 -2 -1 -3  1  3 -2 -1 -3 -3  2 -3 -2  0  0 -2 -4  0 -3   28  11   0   1   0   4  27   1   1   0   2  13   0   2   4   3   0   0   4   0  0.40 0.19
  165 E    0 -2 -2  1 -5  2  6 -3 -2 -5 -5  1 -4 -5 -2 -2 -2 -5 -4 -4   10   0   0   5   0   7  66   1   0   0   0   7   0   0   1   1   1   0   0   0  1.09 0.34
  166 E   -4 -3 -3  2 -7  0  7 -4 -3 -6 -6 -2 -5 -6 -4 -3 -4 -6 -5 -5    0   0   0   8   0   1  90   1   0   0   0   0   0   0   0   0   0   0   0   0  1.89 0.49
  167 A    7 -4 -4 -4 -3 -4 -4 -2 -4 -4 -4 -3 -4 -5 -4  0 -3 -5 -5 -3   96   0   0   0   0   0   0   0   0   0   0   0   0   0   0   3   0   0   0   0  1.68 0.47
  168 E   -2  3 -2 -1 -4  2  4 -4 -1  2  0  0  2 -3 -3 -2 -2 -4 -2  0    0  16   1   1   0  10  32   0   1  15   7   4   6   0   0   1   1   0   1   6  0.40 0.19
  169 E    2  0 -2  1 -4  1  5 -3 -1 -4 -4  1 -3 -5 -3 -1 -2 -5 -4 -3   22   4   0   5   0   5  51   1   1   1   0   7   0   0   0   1   2   0   0   1  0.76 0.28
  170 E   -4  3 -3 -1 -6 -1  7 -5 -2 -6 -5 -1 -2 -4 -4 -3 -4 -6 -5 -5    0  19   0   0   0   0  79   0   1   0   0   1   1   0   0   0   0   0   0   0  1.62 0.45
  171 V    3 -4 -3 -4 -3 -3 -3 -4 -4 -3 -4 -3 -3 -5 -4 -1  6 -5 -4  0   24   0   0   0   0   0   0   0   0   0   0   0   0   0   0   2  68   0   0   6  1.23 0.40
  172 R   -2  2 -2 -2 -3  1  2 -4 -1  1  3  0  4 -2 -3 -2 -2 -4 -2  0    0  11   1   1   0   5  17   0   1  10  30   4  13   0   0   0   1   0   0   5  0.32 0.17
  173 R   -3  4 -2 -2 -5  6 -1 -3 -2 -4 -1  3  0 -2 -4 -2 -1 -2 -3 -4    1  23   1   1   0  43   1   1   0   0   7  16   2   2   0   1   2   1   0   0  0.83 0.30
  174 M   -2 -4 -5 -6 -5  1 -5 -6 -5  1 -1 -4 10 -3 -6 -4 -4 -5 -4 -2    2   0   0   0   0   6   0   0   0   8   0   0  84   0   0   0   0   0   0   0  2.31 0.58
  175 L   -3 -3 -2 -5 -3 -2 -5 -6 -4  2  6 -4  2 -1 -5 -4 -3 -1 -3  0    0   1   2   0   0   1   0   0   0   8  79   0   4   1   0   0   0   1   0   3  1.07 0.32
  176 S   -2  0  5  4 -5  0  3  0  2 -5 -5  0 -4 -5 -3 -1 -2 -5 -4 -5    1   4  31  24   0   2  18   6   6   0   0   6   0   0   0   1   0   0   0   0  0.73 0.24
  177 I   -2 -5 -5 -5  0 -4 -4 -5 -5  4  1 -4  0 -3 -5 -4 -1 -5 -3  5    1   0   0   0   2   0   1   0   0  25  10   0   2   0   0   0   2   0   0  58  0.99 0.30
  178 Y   -5 -5 -6 -7 -6 -5 -5 -7 -1 -5 -4 -5 -4  0 -6 -5 -5 -1 10 -5    0   0   0   0   0   0   0   0   0   0   0   0   0   0   0   0   0   0 100   0  3.05 0.65
  179 A    4  2 -2 -3 -3  0  1 -2  0 -4 -4  1 -3 -4 -3  0  0 -4 -3 -2   51  14   1   0   0   3   8   1   3   0   0  11   0   0   0   2   5   0   0   1  0.56 0.24
  180 R   -2  1  0  5 -5  0  3 -3 -1 -4 -5  1 -4 -5 -3 -1  1 -5 -4 -4    1   8   2  42   0   3  20   0   1   0   0   9   0   0   0   4  11   0   0   0  0.79 0.25
  181 L   -4 -5 -6 -6  0 -5 -5 -6 -3  0  0 -5 -1  8 -6 -5 -3 -2  0  1    0   0   0   0   2   0   0   0   0   5   7   0   1  75   0   0   1   0   0   9  1.65 0.41
  182 A    4 -4 -4 -4  6 -2 -3 -2 -3  0 -1 -3  2 -2 -4 -1 -2 -4 -1  2   41   0   0   1  20   2   0   1   0   5   3   0   5   2   0   1   0   0   2  17  0.64 0.25
  183 R   -3  2 -2 -1 -6  2  6 -4 -2 -4 -5  1 -4 -4 -4 -3 -2 -5 -1 -3    0  13   0   0   0   6  68   0   0   0   0   6   0   0   0   0   1   0   2   1  1.20 0.36
  184 E   -3 -1  4  4 -5  2  4 -2 -1 -5 -5  1 -4 -5 -3 -1 -1 -5 -4 -5    0   1  23  24   0   7  30   1   1   0   0   9   0   0   0   2   2   0   0   0  0.80 0.26
  185 Y   -2 -3 -3 -1 -2 -1 -1 -4  0  0  0 -3  0  3 -4 -2 -1  5  5  2    2   1   0   4   1   3   5   0   1   3   6   0   2  12   0   2   2   9  27  20  0.50 0.20
  186 A    0 -4 -5 -6 -3 -4 -5 -5 -5 -1  5 -4  7 -2 -5 -4 -3 -4 -3 -1    9   0   0   0   0   0   0   0   0   0  59   0  31   0   0   0   0   0   0   0  1.17 0.36
  187 A    7 -4 -4 -4 -2 -4 -4 -1 -4 -4 -4 -3 -4 -5 -4 -1 -3 -5 -5 -3   97   0   0   0   0   0   0   2   0   0   0   0   0   0   0   1   0   0   0   0  1.67 0.47
  188 I   -3 -5 -5 -5 -3 -4 -5 -6 -5  6  2 -4  6 -2 -5 -4 -3 -4 -3  2    0   0   0   0   0   0   0   0   0  50  13   0  24   0   0   0   0   0   0  13  1.12 0.33
  189 P   -4 -5 -5 -4 -6 -5 -4 -5 -5 -6 -6 -4 -6 -7  9 -3 -4 -7 -5 -6    0   0   0   0   0   0   0   0   0   0   0   0   0   0  99   1   0   0   0   0  3.07 0.60
  190 V   -2 -5 -5 -6 -3 -5 -5 -5 -6  0 -1 -5  1 -1 -5 -4 -2 -5 -3  7    1   0   0   0   0   0   0   1   0   1   2   0   3   2   0   0   1   0   0  89  1.50 0.43
  191 I   -3 -5 -5 -5 -3 -4 -5 -5 -4  5  1 -4  0  1 -5 -4 -2  0 -1  4    0   0   0   0   0   0   0   0   0  46  12   0   1   4   0   0   1   2   2  32  0.88 0.27
  192 E   -1  3 -2 -1  0  1  0 -3 -2 -2 -3  4  0 -4  1 -1  1 -4 -3  0    4  15   0   2   3   6   4   0   0   2   0  33   2   0   6   3   9   0   0   9  0.36 0.17
  193 G   -3 -5 -3 -4 -5 -5 -5  7 -5 -7 -7 -4 -6 -6 -5 -3 -4 -5 -6 -6    0   0   0   0   0   0   0 100   0   0   0   0   0   0   0   0   0   0   0   0  2.31 0.50
  194 L   -2  4 -2 -2 -3  3  2 -4  0 -1 -1  1  0 -3 -1 -1 -1 -4 -2  1    1  27   0   0   0  18  12   0   2   4   5   9   2   1   2   1   2   0   1  14  0.38 0.18
  195 K   -4 -1 -3 -4 -6 -2 -2 -5 -4 -6 -6  8 -4 -6 -4 -3 -4 -6 -5 -5    0   0   0   0   0   0   0   0   0   0   0 100   0   0   0   0   0   0   0   0  2.16 0.54
  196 T   -1 -4 -2 -3 -3 -3 -3 -4 -4 -4 -4 -3 -3 -5 -3  4  6 -5 -4 -3    1   0   0   0   0   0   0   0   0   0   0   0   0   0   0  32  66   0   0   0  1.40 0.43
  197 E    1 -1 -2  3 -5 -1  5 -4 -3 -5 -5 -1 -4 -5  3 -2 -3 -5 -4 -3   14   2   0  16   0   0  50   0   0   0   0   2   0   0  13   0   0   0   0   1  0.90 0.30
  198 K   -1  0  2 -2 -3 -1 -2  0  0 -2 -3  3 -2 -4 -3  4  1 -5 -3 -2    3   2  10   0   0   0   0   7   2   2   1  28   1   0   0  35   6   0   0   3  0.46 0.22
  199 E   -4 -3 -3  0 -7  0  8 -5 -3 -6 -6 -2 -5 -6 -4 -3 -4 -6 -5 -6    0   0   0   3   0   1  97   0   0   0   0   0   0   0   0   0   0   0   0   0  2.10 0.53
  200 K   -3  6 -3 -4 -6 -1 -2 -4 -3 -5 -5  6 -4 -6 -4 -2 -1 -5 -4 -5    0  44   0   0   0   0   0   0   0   0   0  51   0   0   0   2   3   0   0   0  1.43 0.39
  201 F   -5 -6 -6 -7 -6 -6 -7 -6 -4 -3 -3 -6 -3  9 -7 -6 -5 -2  0 -4    0   0   0   0   0   0   0   0   0   0   0   0   0 100   0   0   0   0   0   0  2.76 0.58
  202 A    6 -4 -3 -4 -3 -3 -3 -3 -4 -4 -4 -3 -4 -5  3 -1 -3 -5 -5 -3   87   0   0   0   0   0   0   0   0   0   0   0   0   0  12   1   0   0   0   0  1.47 0.44
  203 G   -3 -5 -3 -4 -5 -5 -5  7 -5 -7 -7 -4 -6 -6 -5 -3 -4 -5 -6 -6    0   0   0   0   0   0   0 100   0   0   0   0   0   0   0   0   0   0   0   0  2.31 0.50
  204 A    7 -4 -4 -5 -3 -4 -4 -2 -4 -4 -4 -4 -4 -5 -4 -2 -3 -5 -5 -3   99   0   0   0   0   0   0   1   0   0   0   0   0   0   0   0   0   0   0   0  1.77 0.49
  205 V   -2 -2 -1  1 -3  0  3 -4 -1  0  1  0 -1 -3 -3 -2 -1 -4 -2  3    1   1   2   8   0   3  27   0   1   3  17   5   0   0   0   1   2   0   1  29  0.32 0.18
  206 Y    2  1  1  4 -2  0  2 -2  0 -3 -4 -1 -2 -3 -3  0 -1 -4  0 -3   22   8   6  27   1   2  18   0   2   0   0   1   1   1   0   5   2   0   4   1  0.41 0.18
  207 T   -3 -4 -3 -4 -4 -4 -4 -5 -5 -4 -4 -4 -4 -5 -4 -1  8 -6 -5 -3    0   0   0   0   0   0   0   0   0   0   0   0   0   0   0   2  98   0   0   0  2.10 0.55
  208 T   -5 -5 -5 -6 -4 -5 -5 -6 -1 -3 -1 -5 -3  3 -6 -5 -2  0  9 -4    0   0   0   0   0   0   0   0   0   0   7   0   0   8   0   0   2   1  81   0  2.19 0.51
  209 T   -1 -4 -3 -4  7 -3 -4 -3 -4 -4 -4 -3 -3 -5 -4  2  6 -5 -4 -3    3   0   0   0  21   0   0   1   0   0   0   0   0   0   0  16  58   0   0   0  1.30 0.40
  210 I   -4 -5 -6 -6  1 -5 -6 -6 -6  7  0 -5  1 -2 -5 -5 -2 -5 -3  2    0   0   0   0   3   0   0   0   0  83   3   0   3   1   0   0   1   0   1   7  1.52 0.40
  211 E   -4 -3 -3 -1 -7 -1  8 -5 -3 -6 -6 -2 -5 -6 -4 -3 -4 -6 -5 -6    0   0   0   0   0   0 100   0   0   0   0   0   0   0   0   0   0   0   0   0  2.23 0.55
  212 A    6 -4 -4 -4  1 -3 -3  0 -4 -4 -4 -3 -2 -5 -2  1 -1 -5 -4 -2   78   0   0   0   2   0   0   5   0   0   0   0   1   0   1   9   3   0   0   1  1.13 0.37
  213 L   -4 -4 -5 -6 -4 -4 -5 -6 -5 -1  4 -5  9 -2 -5 -5 -4 -2 -4 -2    0   0   0   0   0   0   0   0   0   0  45   0  54   0   0   0   0   0   0   0  1.71 0.46
  214 M   -4 -5 -6 -7 -5 -4 -5 -6 -5 -2 -1 -5 11 -3 -6 -5 -3 -5 -4 -2    1   0   0   0   0   0   0   0   0   0   1   0  97   0   0   0   1   0   0   1  2.91 0.66
  215 K   -3  1 -2 -3 -5  6 -1  0  7 -5 -4  1 -3 -4 -3 -1 -2 -4 -1 -5    1   7   0   0   0  40   0   7  28   0   1   8   0   0   0   3   1   0   2   0  1.03 0.34
  216 D   -5 -5  0  8 -7 -3 -1 -4 -4 -6 -7 -4 -6 -7 -4 -3 -4 -7 -6 -6    0   0   2  97   0   0   0   1   0   0   0   0   0   0   0   0   0   0   0   0  2.38 0.53
  217 G   -2  1 -2 -4 -4 -3 -4  7 -1 -6 -6  1 -2 -5 -4 -2 -3 -5 -5 -5    0   8   0   0   0   0   0  77   2   0   0  11   1   0   0   0   1   0   0   0  1.45 0.37
  218 K   -3  3 -3 -3 -6  0 -2 -4 -3 -5 -5  7 -4 -5 -4 -3 -3 -6 -3 -3    0  11   0   0   0   2   0   0   0   0   0  84   0   0   0   0   0   0   1   2  1.66 0.45
  219 A    7 -4 -4 -5 -2 -4 -4 -2 -4 -4 -4 -3 -4 -5 -4 -1 -3 -5 -5 -3   97   0   0   0   0   0   0   0   0   0   0   0   0   0   0   2   0   0   0   1  1.69 0.48
  220 L   -4 -4 -6 -6 -4 -5 -5 -6 -5  0  6 -5  0 -2 -5 -5 -4 -4 -4  1    0   0   0   0   0   0   0   0   0   1  92   0   0   0   0   0   0   0   0   6  1.47 0.40
  221 Q   -4 -2 -3 -4 -6  9 -1 -5 -3 -6 -5 -2 -4 -7 -5 -3 -4 -5 -5 -6    0   0   0   0   0 100   0   0   0   0   0   0   0   0   0   0   0   0   0   0  2.57 0.63
  222 A    5 -3 -2 -3  0 -3 -3 -1 -4 -3 -4 -3 -2 -5 -3  4 -1 -5 -4 -2   52   0   1   0   1   0   0   3   0   0   0   0   1   0   0  38   2   0   0   1  0.93 0.33
  223 G    1 -5 -3 -4 -3 -4 -5  7 -5 -6 -6 -4 -5 -6 -5 -3 -4 -5 -6 -5    9   0   0   0   1   0   0  90   0   0   0   0   0   0   0   0   0   0   0   0  1.95 0.44
  224 T   -3 -4 -3 -4 -4 -4 -4 -5 -5 -4 -4 -4 -4 -5 -4 -2  8 -6 -5 -3    0   0   0   0   0   0   0   0   0   0   0   0   0   0   0   0 100   0   0   0  2.16 0.57
  225 S   -1 -4 -2 -3 -4 -3 -3 -3 -4 -5 -5 -3 -4 -5 -4  7  0 -6 -5 -5    0   0   0   0   0   0   0   0   0   0   0   0   0   0   0  97   3   0   0   0  1.82 0.52
  226 H   -5 -4 -3 -5 -7 -3 -4 -6 11 -7 -6 -4 -5 -5 -6 -4 -5 -6 -2 -7    0   0   0   0   0   0   0   0 100   0   0   0   0   0   0   0   0   0   0   0  3.45 0.69
  227 Y   -4 -4  4 -2 -5 -4 -3 -5  1 -4 -3 -4 -3  6 -5 -3 -4 -2  6 -4    0   0  25   2   0   0   1   0   2   0   0   0   0  40   0   0   0   0  29   0  1.33 0.37
  228 L   -4 -5 -6 -6 -4 -5 -5 -6 -5 -1  5 -5  1  5 -6 -5 -4 -3 -1 -2    0   0   0   0   0   0   0   0   0   0  68   0   2  30   0   0   0   0   0   0  1.30 0.36
  229 G   -2 -5 -3 -4 -5 -5 -5  7 -5 -7 -7 -4 -6 -6 -5 -2 -4 -5 -6 -6    1   0   0   0   0   0   0  98   0   0   0   0   0   0   0   1   0   0   0   0  2.20 0.48
  230 E   -3 -2  0  4 -5  7  0 -4 -2 -5 -3 -2 -3 -6 -4 -1  1 -5 -4 -4    0   0   3  23   0  57   1   0   0   0   2   0   0   0   0   3  10   0   0   0  1.22 0.39
  231 N   -3 -2  7 -2 -5 -2 -3  3  3 -4 -6  1 -4 -5 -4 -1 -2 -6 -4 -5    0   1  61   0   0   0   0  22   6   1   0   7   0   0   0   1   1   0   0   0  1.26 0.37
  232 F   -5 -6 -6 -7 -6 -6 -7 -6 -4 -3 -3 -6 -3  9 -7 -6 -5 -2  0 -4    0   0   0   0   0   0   0   0   0   0   0   0   0 100   0   0   0   0   0   0  2.76 0.58
  233 A    6 -4 -3 -4 -2 -3 -3 -1 -4 -4 -4 -3 -3 -5 -1  2 -1 -5 -4 -3   78   0   0   0   1   0   0   2   0   0   0   0   0   0   2  14   3   0   0   0  1.18 0.38
  234 R   -3  3 -2 -1 -5  0  1 -4 -2 -5 -5  6 -4 -5 -4 -2 -2 -5 -4 -2    0  17   0   3   0   1   8   0   0   0   0  67   0   0   0   1   1   0   0   2  1.20 0.36
  235 A    6 -4 -4 -4 -3 -3 -3 -1 -3 -4 -4 -3 -3 -5 -2  0 -2 -5 -4 -1   88   0   0   0   0   0   0   2   1   0   0   0   0   0   1   5   0   0   0   3  1.37 0.42
  236 F   -4 -6 -6 -6 -5 -4 -6 -6 -4 -3 -3 -6 -3  9 -6 -2 -5 -2  2 -4    1   0   0   0   0   1   0   0   0   0   0   0   0  90   0   4   0   0   4   0  2.29 0.51
  237 D   -3 -4  2  7 -6 -2  2  2 -3 -6 -6 -2 -5 -6 -4 -2 -3 -6 -5 -5    0   0  11  61   0   0  10  17   0   0   0   1   0   0   0   0   0   0   0   0  1.28 0.35
  238 I   -3 -5 -5 -5  0 -5 -5 -6 -5  6 -1 -5  0 -3 -5 -4  0 -5 -4  4    0   0   0   0   2   0   0   0   0  55   0   0   2   0   0   0   6   0   0  35  1.15 0.34
  239 K   -3  1 -2 -2 -5  5  0 -4 -2 -4 -4  5 -2 -5 -3 -2  3 -5 -4 -4    0   5   1   0   0  30   2   0   1   0   0  39   1   0   0   1  20   0   0   0  0.90 0.32
  240 F   -5 -5 -6 -6 -5 -5 -6 -6 -3 -3 -3 -6 -3  8 -6 -5 -5 -1  6 -4    0   0   0   0   0   0   0   0   0   0   0   0   0  68   0   0   0   0  32   0  2.17 0.49
  241 Q    0 -2 -2 -3 -3  4 -2 -4 -3 -1  2 -2 -1 -3 -3  0  3 -4 -3 -1    9   1   1   0   0  24   0   0   0   1  29   0   1   0   0   5  26   0   0   3  0.46 0.23
  242 D   -2 -3  4  6 -5 -2 -1  0 -3 -5 -5 -3 -4 -5 -4  1  1 -6 -5 -5    1   0  23  48   0   0   0   7   0   0   0   0   0   0   0  11  11   0   0   0  1.03 0.31
  243 R   -1  4 -1 -2 -5  1  2 -4 -2 -5 -4  5 -3 -4 -2 -1 -2 -5 -4 -3    5  22   1   1   0   6  11   0   0   0   0  48   0   0   1   2   1   0   0   1  0.85 0.28
  244 D   -2 -2  3  5 -5  0  4 -3 -2 -5 -5  0 -4 -5 -3 -1 -2 -6 -4 -5    3   0  17  34   0   2  36   0   0   0   0   3   0   0   0   2   1   0   0   0  0.97 0.29
  245 L   -3 -3  6 -2 -5  0 -1  5 -3 -6 -4 -2 -5 -5 -4 -1 -3 -5 -5 -5    0   0  42   0   0   4   2  48   0   0   1   1   0   0   0   1   0   0   0   0  1.26 0.35
  246 Q   -2  0  0 -1 -5  4  2 -1 -2 -4 -4  5 -3 -5 -3 -1  1 -5 -4 -2    1   3   3   1   0  18  14   3   0   0   1  42   0   0   0   2  10   0   0   2  0.66 0.25
  247 V   -2  1 -2 -3 -3  3  1 -4  1  0  3 -1  1 -2  0 -2 -2 -1 -2 -1    1   8   1   0   0  15  11   0   4   3  42   1   4   0   5   1   1   1   0   3  0.35 0.18
  248 K   -2  0 -2  2 -3  4  4 -4  2 -4 -4  3 -3 -5 -3 -1 -2 -5 -3 -2    3   3   0   9   0  21  36   0   5   0   0  18   0   0   0   1   2   0   0   3  0.72 0.25
  249 Y   -4 -4 -1 -5 -5 -4 -3 -5  5 -3 -2 -4 -3  3 -3 -2 -2  0  8 -3    0   0   2   0   0   0   1   0  15   1   4   0   0   9   1   2   3   0  61   0  1.54 0.41
  250 V    2 -4 -5 -5  1 -4 -4 -3 -5  0 -2 -4 -2 -4  3 -3 -2 -5 -4  5   21   0   0   0   3   0   0   1   0   1   0   0   0   0  15   0   0   0   0  59  0.92 0.32
  251 H   -5 -4 -4 -6 -6 -2 -4 -5  7 -5 -5 -5 -4  2 -6 -5 -5 10  4 -5    0   0   0   0   0   1   1   0  28   0   0   0   0   7   0   0   0  46  16   0  2.39 0.50
  252 T    3 -2 -1 -3 -4  5  0  0  0 -4 -4 -2 -3 -5 -3 -1  3 -4 -3 -3   25   0   1   0   0  36   4   5   2   0   0   0   0   0   0   1  25   0   0   0  0.74 0.30
  253 T   -3 -4 -2 -4 -4 -4 -4 -5 -5 -4 -4 -4 -4 -5 -4  0  8 -6 -5 -3    0   0   0   0   0   0   0   0   0   0   0   0   0   0   0   4  96   0   0   0  1.99 0.54
  254 S   -2 -4 -2 -3 -4 -3 -3 -3 -4 -5 -6 -3 -5 -5 -4  7 -1 -6 -5 -5    0   0   0   0   0   0   0   0   0   0   0   0   0   0   0 100   0   0   0   0  1.91 0.54
  255 W   -6 -7 -8 -8 -6 -6 -7 -6 -6 -6 -5 -7 -5 -1 -8 -7 -6 13 -1 -7    0   0   0   0   0   0   0   0   0   0   0   0   0   1   0   0   0  99   0   0  4.65 0.80
  256 G    0 -5 -3 -4 -5 -5 -5  7 -5 -6 -6 -4 -5 -6 -5 -3 -4 -5 -6 -6    5   0   0   0   0   0   0  95   0   0   0   0   0   0   0   0   0   0   0   0  2.11 0.47
  257 L   -2 -4 -5 -5 -2 -4 -4 -5 -5  2  1 -4  4 -1 -4 -2  0 -1 -3  5    2   0   0   0   0   0   0   0   0   8   9   0  11   2   0   2   5   1   0  60  0.82 0.28
  258 S   -2 -4 -2 -3 -4 -3 -3 -3 -4 -5 -5 -3 -4 -5 -4  7  3 -6 -4 -4    0   0   0   0   0   0   0   0   0   0   0   0   0   0   0  82  18   0   0   0  1.51 0.47
  259 W   -3 -4 -3 -4 -4 -4 -4 -5 -3 -4 -4 -4 -4 -4 -4  0  8  0 -4 -3    0   0   0   0   0   0   0   0   0   0   0   0   0   1   0   3  94   1   0   0  1.93 0.53
  260 R   -5  8 -3 -5 -7 -2 -3 -5 -3 -6 -5 -1 -4 -6 -5 -4 -4 -6 -5 -6    0 100   0   0   0   0   0   0   0   0   0   0   0   0   0   0   0   0   0   0  2.45 0.56
  261 F   -3 -4 -5 -6 -3 -4 -5 -6 -5  2  5 -4  5  0 -5 -3 -2 -4 -3 -1    0   0   0   0   0   0   0   0   0  10  65   0  16   4   0   1   2   0   0   1  1.01 0.31
  262 I   -4 -5 -6 -6 -4 -5 -5 -6 -5  7  0 -5  6 -3 -5 -5 -3 -5 -4  2    0   0   0   0   0   0   0   0   0  69   3   0  21   0   0   0   0   0   0   7  1.46 0.40
  263 G   -3 -5 -3 -4 -5 -5 -5  7 -5 -7 -7 -4 -6 -6 -5 -3 -4 -5 -6 -6    0   0   0   0   0   0   0 100   0   0   0   0   0   0   0   0   0   0   0   0  2.31 0.50
  264 A    6 -4 -3 -4 -3 -3 -3  3 -4 -4 -4 -3 -2 -5 -3  0 -2 -5 -4 -3   71   0   0   0   0   0   0  22   0   0   0   0   1   0   0   4   1   0   0   0  1.12 0.36
  265 I   -3 -4 -5 -5 -2 -4 -5 -6 -5  4  4 -4  3 -2 -5 -4 -3 -4 -3  1    0   0   0   0   0   0   0   0   0  32  53   0   6   0   0   0   0   0   0   8  0.97 0.28
  266 I   -4 -6 -6 -6 -4 -6 -6 -7 -6  8 -1 -6 -1 -3 -6 -5 -3 -5 -4  2    0   0   0   0   0   0   0   0   0  93   0   0   0   0   0   0   0   0   0   7  1.90 0.47
  267 M   -4 -5 -6 -7 -5 -4 -6 -6 -5 -2 -1 -5 11 -3 -6 -5 -4 -5 -4 -2    0   0   0   0   0   0   0   0   0   0   1   0  99   0   0   0   0   0   0   1  3.03 0.68
  268 T    1 -4 -3 -4 -2 -3 -4 -4 -4 -1 -2 -3 -2 -4 -4 -1  5 -5 -4  4   13   0   0   0   1   0   0   0   0   0   0   0   0   0   0   3  43   0   0  39  0.86 0.32
  269 H   -5 -4 -3 -5 -7 -3 -4 -6 11 -7 -6 -4 -5 -5 -6 -4 -5 -6 -2 -7    0   0   0   0   0   0   0   0 100   0   0   0   0   0   0   0   0   0   0   0  3.45 0.69
  270 G   -1 -4 -2 -3 -4 -3 -4  6 -4 -6 -6 -3 -5 -5 -4  4 -2 -5 -5 -5    1   0   0   0   0   0   0  57   0   0   0   0   0   0   0  42   0   0   0   0  1.36 0.38
  271 D   -5 -5 -2  8 -7 -3 -1 -4 -4 -6 -7 -4 -6 -7 -5 -3 -4 -8 -6 -6    0   0   0 100   0   0   0   0   0   0   0   0   0   0   0   0   0   0   0   0  2.52 0.56
  272 D   -4 -4  4  7 -6 -2  0 -4 -3 -6 -6 -3 -6 -6 -4 -2 -3 -7 -6 -6    1   0  16  77   0   1   3   0   0   0   0   0   0   0   0   1   0   0   0   0  1.79 0.44
  273 R   -1  3  4  2 -4  1  0 -2 -1 -4 -4  2 -3 -2 -3  1 -1 -4 -2 -4    4  16  28  12   0   6   3   0   1   0   1  13   0   1   0  14   1   0   1   0  0.50 0.20
  274 G   -3 -5 -3 -4 -5 -5 -5  7 -5 -7 -7 -4 -6 -6 -5 -3 -4 -5 -6 -6    0   0   0   0   0   0   0 100   0   0   0   0   0   0   0   0   0   0   0   0  2.31 0.50
  275 L   -4 -5 -6 -6 -4 -5 -6 -6 -5 -1  6 -5  0 -1 -6 -5 -4 -4 -4 -1    0   0   0   0   0   0   0   0   0   1  97   0   0   1   0   0   0   0   0   1  1.61 0.42
  276 V   -1 -1 -4 -5 -1 -3 -4 -5 -5  3 -1  0  1 -3 -4 -3 -2 -5 -3  6    2   3   0   0   1   0   0   0   0  13   0   6   4   0   0   0   1   0   0  69  0.97 0.32
  277 L   -4 -5 -6 -6 -1 -4 -5 -6 -5  1  6 -5  2 -1 -5 -5 -3 -4 -3  0    0   0   0   0   1   0   0   0   0   5  85   0   4   1   0   0   0   0   0   4  1.29 0.36
  278 P   -4 -5 -5 -5 -6 -4 -4 -5 -5 -6 -6 -4 -6 -7  9 -4 -4 -7 -6 -6    0   0   0   0   0   0   0   0   0   0   0   0   0   0 100   0   0   0   0   0  3.13 0.61
  279 P   -4 -5 -5 -5 -6 -4 -4 -5 -5 -6 -6 -4 -6 -7  9 -4 -4 -7 -6 -6    0   0   0   0   0   0   0   0   0   0   0   0   0   0  99   0   0   0   0   0  3.12 0.61
  280 R   -1  5  1 -3 -5 -1 -1 -3  2 -5 -4  5 -2 -5 -3 -2 -2 -5 -3 -4    6  38   7   0   0   1   1   0   6   0   1  36   1   0   1   0   1   0   1   0  0.90 0.29
  281 L   -3 -5 -5 -5 -3 -4 -5 -6 -5  5  4 -4  0 -2 -4 -4 -3 -4 -3  3    0   0   0   0   0   0   0   0   0  37  37   0   1   0   1   0   0   0   0  24  0.92 0.27
  282 A    7 -4 -4 -5 -3 -4 -4 -3 -4 -4 -4 -4 -4 -5 -4 -1 -3 -5 -5 -3   99   0   0   0   0   0   0   0   0   0   0   0   0   0   0   1   0   0   0   0  1.75 0.49
  283 P   -4 -5 -5 -5 -6 -4 -4 -5 -5 -6 -6 -4 -6 -7  9 -3 -3 -7 -6 -5    0   0   0   0   0   0   0   0   0   0   0   0   0   0  97   1   1   0   0   1  2.97 0.59
  284 I   -1 -2 -2 -4 -2 -2 -4 -4  0  5  0 -3 -1 -1 -4 -2  3 -4  0  2    3   2   1   0   0   1   0   0   2  43   4   1   0   2   0   1  20   0   3  16  0.54 0.22
  285 Q   -4 -2 -3 -3 -6  8  0 -5  3 -6 -5  0 -4 -6 -3 -3 -4 -5 -4 -5    0   0   0   0   0  84   4   0   7   0   0   4   0   0   1   0   0   0   0   0  1.98 0.53
  286 V    0 -5 -5 -5 -1 -4 -5 -5 -5  2 -1 -4 -1 -3 -5 -4 -1 -5 -4  6    9   0   0   0   1   0   0   0   0   8   2   0   0   0   0   0   2   0   0  77  1.19 0.36
  287 V   -1 -2 -4 -5 -2 -3 -5 -5 -5  3 -1 -4  3 -3 -5 -4 -2 -5 -3  6    3   3   1   0   0   1   0   0   0  12   0   0   9   0   0   0   0   0   0  70  1.10 0.34
  288 I   -3 -5 -5 -6 -3 -5 -5 -5 -5  7  1 -5  2 -2 -5 -4 -3 -5 -3  3    0   0   0   0   0   0   0   1   0  68   6   0   6   1   0   0   0   0   0  19  1.25 0.35
  289 V   -3 -5 -5 -5 -2 -4 -5 -6 -5  5  0 -5 -1 -3 -5 -4 -2 -5 -3  5    0   0   0   0   0   1   0   0   0  41   6   0   0   0   0   0   0   0   0  51  1.17 0.33
  290 P   -4 -5 -5 -5 -6 -5 -4 -5 -5 -6 -6 -4 -6 -7  9 -4 -4 -7 -6 -5    0   0   0   0   0   0   0   0   0   0   0   0   0   0  99   0   0   0   0   1  3.10 0.61
  291 I   -4 -5 -6 -6 -4 -5 -6 -6 -6  7 -1 -5 -1 -3 -5 -5 -3 -5 -4  3    0   0   0   0   0   0   0   0   0  80   1   0   0   0   0   0   0   0   0  18  1.60 0.41
  292 Y    2 -2 -2 -3 -3 -2 -3  1  0 -2 -1 -2 -1  2 -2  0 -1  4  5 -2   24   1   2   0   0   1   1  12   2   2   3   1   2  10   2   5   3   7  23   1  0.39 0.16
  293 K    0  3 -1 -1 -3  0 -1 -2 -2 -2 -2  4  0 -2  2 -1  0 -3 -2 -2    6  16   2   2   0   1   1   2   1   2   2  39   3   1  10   3   4   0   1   3  0.42 0.14
  294 D   -1 -1  1  3 -3  1  1  2 -1 -3 -3  1 -2 -2  1  0 -1  1 -2 -2    4   2   9  21   0   9   5  15   1   1   2  11   1   1   6   5   3   2   1   2  0.25 0.08
  295 E   -1 -1 -1  3 -4  5  4 -2 -2 -4 -4  1 -2 -4 -3 -2 -2 -4 -3 -3    4   1   2  14   0  27  35   2   0   1   1   9   1   0   0   1   1   0   0   1  0.74 0.24
  296 S   -1 -1  1  1 -4  3  3 -2  6 -4 -3  1 -2 -3 -3 -1  0 -2 -2 -3    3   2   5   8   0  14  25   1  21   0   1   7   0   1   0   2   6   0   0   1  0.54 0.20
  297 R   -2  3  0 -2 -4  2 -1 -3 -1 -3  0  5 -2 -1 -3 -2 -2 -3 -3 -3    2  16   5   1   0  10   1   1   1   0  12  43   1   4   0   1   1   0   0   1  0.55 0.22
  298 E    1 -1 -1  2 -4  1  4 -2 -2 -4 -3  1 -3 -4  1  0 -1 -4 -3 -3   14   2   2  11   0   4  41   2   0   0   1   6   0   0   7   5   3   0   0   1  0.51 0.20
  299 R    2  0 -1 -2 -3  2  1  4 -2 -4 -3  1 -3 -4 -2 -1 -1 -4 -3 -2   21   4   2   1   0  14  10  33   0   0   2   8   0   0   1   2   2   0   0   1  0.45 0.18
  300 V   -2 -5 -5 -5 -2 -4 -4 -6 -5  4  0 -5  1 -2 -5 -4 -2 -5 -3  6    1   0   0   0   0   0   0   0   0  25   3   0   3   0   0   0   1   0   0  65  1.16 0.34
  301 L   -1 -1 -2 -1 -2 -2 -1 -3 -3  1  3 -2  3 -1 -3  0 -1 -3 -2  1    3   3   2   4   0   0   3   1   0   5  44   1  11   2   0   9   3   0   1   7  0.30 0.15
  302 E    2 -2  0  3 -4  1  5 -2 -1 -4 -4  0 -3 -5  0 -1 -1 -5 -4 -3   18   0   3  19   0   4  41   2   1   0   1   3   0   0   4   1   2   0   0   1  0.64 0.24
  303 A    2  2 -2 -3 -3  0  1 -3  0 -3 -3  5 -2 -1 -3 -1 -1 -2  2 -1   17   8   0   0   0   2   6   0   2   0   1  42   1   2   0   2   3   0   7   6  0.44 0.21
  304 A    5 -4 -3 -4  1 -3 -3 -1 -4  0  0 -3 -1 -2 -3  0  0 -4 -3  2   57   0   0   0   3   0   0   2   0   3   7   0   1   2   0   4   3   0   0  18  0.61 0.25
  305 Q    0  1  2  2 -3  1  2 -1  1 -3 -3  1 -2 -1 -3  0  0 -3  1 -3    8   8  14  16   0   7  15   2   3   0   2   6   0   2   0   4   5   0   8   0  0.27 0.12
  306 G    1  1 -1  0 -2  1  4 -1 -2 -4 -4  1 -3 -4  2  0 -1 -4 -3 -3   12   6   1   4   1   4  38   5   0   0   0  10   0   0   9   6   2   0   0   1  0.46 0.18
  307 L   -3 -4 -5 -5 -3 -4 -5 -6 -5  4  5 -4  1 -1 -5 -4 -3 -2 -3  2    0   0   0   0   0   0   0   0   0  26  57   0   2   1   0   0   0   0   0  13  0.93 0.28
  308 R    1  1 -1 -2 -1  0  0 -2 -1  0 -1  2  1  1 -2 -1  0 -2  1  0   17   8   1   0   1   4   4   1   1   7   5  19   4   6   0   2   4   0   7   9  0.10 0.09
  309 Q    2  0  1  3 -3  1  2 -1 -2 -3 -3  1 -2 -4 -2  0 -1 -4 -3 -2   22   3   8  21   0   7  15   3   0   0   1  11   0   0   0   4   3   0   0   1  0.37 0.16
  310 A    1  3 -1  1 -3  2  3 -2 -1 -2 -3  1 -1 -3 -3  0  0 -2 -3 -1   15  17   1   7   0   9  23   1   0   2   1   9   2   1   0   5   5   0   0   3  0.30 0.14
  311 L   -4 -5 -6 -6 -4 -5 -5 -6 -5  1  6 -5  0 -1 -5 -5 -4 -1 -3 -1    0   0   0   0   0   0   0   0   0   6  90   0   1   2   0   0   0   1   0   1  1.41 0.38
  312 L   -1  3  0 -1 -4  1  1 -2 -1 -2 -2  5 -2 -4 -2  0 -1 -4 -3 -2    3  18   4   2   0   6   6   2   1   2   4  42   0   0   0   4   4   0   0   2  0.50 0.18
  313 A    3  0  0  1 -3  1  1  0 -2 -3 -3  2 -2 -4 -2  1 -1 -4 -3 -2   35   3   3   7   0   4  10   5   0   0   1  16   0   0   1  10   2   0   0   1  0.32 0.15
  314 Q    3  0 -1 -2 -2  1  0 -1  0 -1  0  2  0 -3 -2  0 -1 -4 -2 -1   33   4   2   1   0   6   4   1   2   2  10  20   2   0   1   6   1   0   0   3  0.23 0.14
  315 G   -1 -2  1 -1 -4 -2 -2  6 -2 -3 -4 -1 -3 -2 -1 -1 -2 -4 -3 -2    3   2   6   3   0   1   2  62   1   2   1   4   0   2   3   2   2   0   1   4  0.81 0.23
  316 L   -1 -3 -4 -4  0 -4 -4 -4 -3  5  1 -4  0  3 -4 -3 -2 -3  1  3    3   1   1   0   2   0   0   1   0  41  11   0   0  15   0   0   0   0   5  18  0.61 0.21
  317 R   -2  7 -2 -3 -5 -1 -2 -3 -2 -4 -4  1 -4 -3 -2  3  0 -5 -3 -4    1  63   1   0   0   0   1   1   0   0   0   3   0   1   1  22   4   0   1   0  1.15 0.35
  318 V    0 -5 -5 -5  0 -4 -5 -5 -4  1 -1 -4 -2 -1 -5 -3  0 -5 -2  6    7   0   0   0   1   0   0   0   0   2   1   0   0   2   0   0   5   0   1  80  1.21 0.37
  319 H   -2  1 -2 -1 -5  1  1 -3  3 -2 -3  6 -2 -1 -3 -2 -2 -5 -3 -3    1   5   1   2   0   3  10   1   7   3   1  59   1   2   0   1   0   0   0   2  0.81 0.29
  320 L   -2 -4 -5 -5 -1 -4 -4 -5 -3  3  2 -4  2  2 -4 -3 -2 -2  3  3    1   0   0   0   1   0   0   0   0  22  24   0   4   9   0   0   1   0  12  26  0.58 0.20
  321 D   -5 -5 -2  8 -7 -3 -1 -4 -4 -6 -7 -4 -6 -7 -5 -3 -4 -8 -6 -6    0   0   0 100   0   0   0   0   0   0   0   0   0   0   0   0   0   0   0   0  2.50 0.55
  322 D    0 -1  2  6 -5 -1  0 -2 -2 -4 -3  0 -4 -3 -3 -1  0 -5 -4 -3    9   2   8  57   0   1   4   2   1   0   2   5   0   1   0   3   4   0   0   1  0.87 0.27
  323 R    0  5  0  1 -4  0 -2 -3 -3 -5 -4 -1 -3 -4 -3  4  0 -5 -4 -4    5  39   2   9   0   2   0   0   0   0   0   0   0   0   0  36   4   0   0   0  0.79 0.29
  324 D   -3 -3 -1  7 -5 -1  2 -3 -2 -4 -5 -2 -4 -2  0 -1 -1 -5 -2 -3    1   1   1  64   0   1  15   0   0   1   0   0   0   2   4   3   4   0   1   2  1.16 0.32
  325 Q   -2  0  4  1 -4  2  0  0  1 -2 -3  3 -2 -4 -3 -1  1 -4 -3 -3    2   1  24   5   0  13   5   5   3   2   1  22   0   0   0   2  12   0   0   1  0.41 0.17
  326 H   -1  1  1 -1 -2  1 -1 -1  2  0  0  2  1  0 -1 -1 -1 -1  1  0    3   6   8   2   1   6   2   4   8   4   9  16   5   3   2   3   3   0   8  10  0.07 0.05
  327 T   -1  3 -2 -3 -3 -1 -2 -2 -3 -4 -4  2  0 -4 -3  4  3 -4 -3 -3    1  20   0   0   0   0   0   1   0   0   0  14   3   0   0  39  20   0   0   0  0.65 0.26
  328 P   -1 -4 -1 -4 -5 -4 -4 -2 -5 -5 -5 -4 -2 -6  8 -2 -3 -6 -5 -5    4   0   3   0   0   0   0   3   0   0   1   0   1   0  85   1   1   0   0   0  2.37 0.49
  329 G   -2 -5 -3 -4 -5 -5 -5  7 -5 -7 -6 -4 -5 -6 -5 -2 -4 -5 -6 -6    1   0   0   0   0   0   0  98   0   0   0   0   0   0   0   1   0   0   0   0  2.20 0.48
  330 Y   -2 -5 -6 -1 -5 -5 -2 -5 -3 -4 -4 -5 -4  5 -6 -5 -4 11  3 -5    4   0   0   4   0   0   3   0   0   0   0   0   0  29   0   0   0  52   8   0  2.31 0.49
  331 K   -4  2 -3 -4 -6 -1 -2 -4 -3 -6 -5  8 -4 -6 -4 -3 -3 -6 -5 -5    0   8   0   0   0   0   0   0   0   0   0  91   0   0   0   0   0   0   0   0  1.90 0.49
  332 F   -3 -5 -4 -6 -2 -5 -6 -4 -4 -3 -2 -5 -3  9 -6 -4 -5 -2  3 -3    1   0   1   0   1   0   0   1   0   0   0   1   0  85   0   1   0   0   8   1  2.10 0.48
  333 H    4 -3  5 -2 -3 -2 -3 -2  0 -4 -4 -3 -3  0 -3  2 -2  4 -2 -3   38   0  36   0   0   0   0   0   2   0   0   0   0   4   0  14   0   5   1   0  0.82 0.31
  334 E   -2 -2 -2  3 -6  2  6 -3  0 -5 -5 -1 -4 -1 -4 -1 -3 -5  0 -5    1   0   0  16   0  10  61   1   2   0   0   0   0   3   0   2   0   0   3   0  1.11 0.34
  335 W   -1 -4 -4 -5 -1  1 -4 -5  3 -5 -4 -4 -4 -1 -5 -2 -4  9  7 -4    5   0   0   0   1   8   0   0   8   0   0   0   0   0   0   3   0  34  41   0  1.85 0.44
  336 E   -4 -3 -3 -1 -6 -1  7 -5 -3 -2 -3 -2 -4 -6 -4 -3 -4 -6 -5 -2    0   0   0   1   0   0  90   0   0   3   3   0   0   0   0   0   0   0   0   3  1.74 0.48
  337 L   -3 -3 -5 -5 -4  0 -4 -5 -4  0  4  0  8 -1 -5 -4 -3 -4 -3  0    0   0   0   0   0   5   0   0   0   2  38   6  43   1   0   0   0   0   0   3  1.09 0.35
  338 K   -3  4 -3 -3 -6  2 -2 -4 -2 -4 -3  6 -3 -5 -4 -3 -3 -5 -4 -4    0  24   0   0   0   6   0   0   0   0   3  65   0   0   0   0   0   0   0   1  1.30 0.38
  339 G   -3 -5 -3 -4 -5 -5 -5  7 -5 -7 -7 -4 -6 -6 -5 -3 -4 -5 -6 -6    0   0   0   0   0   0   0 100   0   0   0   0   0   0   0   0   0   0   0   0  2.31 0.50
  340 V   -2 -5 -5 -6 -3 -5 -5 -6 -5  4 -1 -5 -1 -2 -5 -4 -2 -5 -2  6    1   0   0   0   0   0   0   0   0  27   0   0   0   0   0   0   1   0   1  69  1.29 0.37
  341 P   -4 -5 -5 -5 -2 -5 -4 -5 -5 -6 -6 -4 -6 -7  9 -4 -4 -7 -6 -6    0   0   0   0   1   0   0   0   0   0   0   0   0   0  98   0   0   0   0   0  3.07 0.60
  342 F   -2 -4 -5 -5 -3 -4 -5 -5 -5  3  3 -4  0 -1 -4 -4 -1 -4 -2  5    1   0   0   0   0   0   0   0   0  17  32   0   1   1   0   0   3   0   1  45  0.82 0.26
  343 R   -5  8 -3 -5 -7 -2 -3 -5 -3 -6 -5 -1 -4 -6 -5 -4 -4 -6 -5 -6    0 100   0   0   0   0   0   0   0   0   0   0   0   0   0   0   0   0   0   0  2.45 0.56
  344 V   -2 -5 -5 -5 -3 -4 -5 -6 -5  5  4 -5  1 -2 -5 -4 -3 -4 -3  3    1   0   0   0   0   0   0   0   0  42  39   0   1   0   0   0   0   0   0  16  0.96 0.28
  345 E    2 -3 -3 -1 -5 -1  7 -3 -3 -5 -5 -2 -4 -6 -4 -2 -3 -5 -5 -1   18   0   0   0   0   0  76   1   0   0   0   0   0   0   0   0   1   0   0   5  1.36 0.42
  346 L   -3 -4 -5 -5 -1 -4 -5 -6 -5  5  3 -4  4 -2 -5 -4 -2 -4 -3  2    0   0   0   0   1   0   0   0   0  48  25   0  11   0   0   0   0   0   0  14  0.93 0.28
  347 G   -3 -5 -3 -4 -5 -5 -5  7 -5 -7 -7 -4 -6 -6 -5 -3 -4 -5 -6 -6    0   0   0   0   0   0   0 100   0   0   0   0   0   0   0   0   0   0   0   0  2.31 0.50
  348 P   -1 -4 -4 -4 -5 -2 -1  0 -5 -4 -5 -2 -2 -6  8 -2 -3 -6 -5 -5    5   0   0   0   0   2   3   6   0   1   0   2   1   0  78   2   0   0   0   0  2.03 0.45
  349 K   -3  7 -1 -4 -6 -1 -2 -5 -3 -6 -5  5 -4 -6 -4 -3 -3 -5 -4 -5    1  62   3   0   0   0   0   0   0   0   0  35   0   0   0   0   0   0   0   0  1.57 0.42
  350 D   -5 -5 -2  8 -7 -3  0 -4 -4 -6 -7 -4 -6 -7 -4 -3 -4 -7 -6 -6    0   0   0  97   0   0   3   0   0   0   0   0   0   0   0   0   0   0   0   0  2.40 0.54
  351 L   -3 -4 -5 -5 -3 -4 -5 -5 -5  5  4 -4  3 -1 -5 -4 -3 -3 -2  2    0   0   0   0   0   0   0   0   0  37  40   0   9   1   0   0   0   0   1  12  0.86 0.26
  352 E    1 -2 -3  0 -5  1  6 -4 -3 -5 -3 -1 -4 -5 -3 -1 -3 -5 -4 -4   14   0   0   3   0   5  70   0   0   0   2   2   0   0   0   2   0   0   0   0  1.19 0.37
  353 G    1 -1  6 -1 -4  1  0 -2 -1 -5 -4  3 -2 -5 -3  0 -2 -5 -4 -4   11   1  44   0   0   7   4   1   1   0   1  23   1   0   0   6   0   0   0   0  0.77 0.28
  354 G   -2 -2  5  1 -4  0 -1  5 -2 -6 -6 -1 -4 -5 -4 -1 -3 -5 -5 -5    0   1  34   6   0   4   2  47   1   0   0   3   0   0   0   2   0   0   0   0  1.04 0.30
  355 Q   -1 -1 -1 -3  0  5  0 -3  0 -2 -3  0 -2 -4 -3  1  4 -4 -3  1    3   1   2   0   2  33   3   1   2   2   0   4   0   0   0  10  28   0   0  10  0.57 0.26
  356 A    2 -4 -5 -5  6 -4 -4 -4 -5  2  0 -4 -1 -1 -4 -3 -2 -4 -2  4   16   0   0   0  21   0   0   1   0  10   4   0   1   3   0   0   1   0   1  42  0.79 0.27
  357 V   -2 -1 -3 -3 -1 -2  3 -4 -3  1 -1 -3  1  0 -4 -2  1 -4 -2  4    1   3   0   0   1   0  24   0   0   5   2   0   4   4   0   1   7   0   0  46  0.53 0.24
  358 L   -1 -4 -5 -5 -1 -4 -4 -5 -5  3  4 -4  2 -1 -4 -4 -2 -4 -3  4    4   0   0   0   1   0   0   0   0  16  40   0   6   1   0   0   1   0   0  31  0.71 0.23
  359 A    4 -3 -4 -4  0 -3 -3 -2 -3 -1 -2  0  2 -2 -3  0 -1 -4 -2  4   37   0   0   0   2   0   0   2   0   0   0   5   7   1   0   5   1   0   1  39  0.55 0.25
  360 S   -3  8 -1 -4 -4 -2 -3 -4 -3 -5 -4  0 -2 -5 -3  0 -2 -3 -4 -4    1  83   2   0   0   0   0   0   0   0   0   3   1   0   1   6   1   0   0   1  1.68 0.44
  361 R   -5  8 -3 -4 -7 -2 -3 -5 -3 -6 -5 -1 -4 -6 -5 -4 -4 -6 -5 -6    0 100   0   0   0   0   0   0   0   0   0   0   0   0   0   0   0   0   0   0  2.43 0.56
  362 L   -3 -4  0  5 -4 -3 -2 -4  0 -2 -2 -3 -3 -5 -4 -1  6 -5 -4 -1    0   0   3  32   0   0   0   0   2   1   3   0   0   0   0   0  55   0   0   3  1.07 0.36
  363 G   -1  2  1  0 -3 -1 -1  3  0 -2  1  0 -1 -3  0 -1 -1 -4 -3 -2    1  16   8   4   0   2   2  25   2   0  23   5   1   0   4   3   3   0   0   0  0.23 0.14
  364 G   -2 -1 -2  1 -5  0  6  1 -3 -5 -5 -1 -4 -4 -3 -1  1 -5 -4 -4    1   1   0   5   0   2  62  14   0   0   0   2   0   0   1   3   9   0   0   0  0.98 0.33
  365 K   -4  0 -3 -4 -6 -1 -1 -4 -4 -6 -5  8 -4 -6 -3 -3 -4 -6 -5 -5    0   1   0   0   0   0   2   0   0   0   0  96   0   0   1   0   0   0   0   0  2.01 0.51
  366 E   -1  0 -1 -1 -3  2  4 -3 -2  2 -1  0  0 -2 -3  0  1 -4 -1  0    2   4   2   1   0  10  33   0   0  16   3   6   2   1   0   6   8   0   2   6  0.29 0.16
  367 T    0 -2 -1 -1 -2  0  0 -2 -3  0 -2 -2 -1  3 -1  2  3 -3 -1  1    4   0   3   2   0   4   6   1   0   5   1   1   1  15   2  15  27   0   0  13  0.24 0.16
  368 L   -1 -3 -5 -5 -1 -3 -4 -5 -3  3  1 -3  2 -1 -4 -3 -1 -3 -1  5    2   1   0   0   1   1   1   0   0  13  11   1   6   1   0   0   2   0   2  58  0.75 0.26
  369 P    1 -2 -1 -1 -2  0  1 -1 -2 -4 -4  0 -3 -5  5  3 -1 -5 -4 -3   14   0   2   2   0   3   8   2   0   0   0   5   0   0  28  31   2   0   0   0  0.65 0.23
  370 L   -2  1 -2 -4 -1  1 -2 -4 -3  2  3 -1  2  1 -1 -3 -2  0 -2  0    2  10   1   0   1   9   1   1   0  12  39   2   7   7   3   0   1   1   0   2  0.31 0.16
  371 A    1 -2  0  6 -4 -1  3 -2 -2 -4 -5 -1 -3 -5 -2  1 -1 -5 -4 -4   12   1   2  45   0   0  23   2   0   0   0   1   0   0   1   8   3   0   0   0  0.82 0.27
  372 A    0 -1  2  2 -4  1  4  3 -1 -3 -4 -1 -3 -4 -3  0 -1 -4 -4 -2    6   2  12  12   0   5  29  22   1   1   0   1   0   0   0   4   3   0   0   2  0.47 0.18
  373 L    0 -4 -5 -5 -2 -4 -5 -5 -5  4  4 -4  0  1 -4 -4 -3 -4 -2  2    8   0   0   0   0   0   0   0   0  27  48   0   1   6   0   0   0   0   0  10  0.71 0.24
  374 P    1 -2 -1 -1 -1 -1  3 -2 -2  0 -1 -1 -1 -2  1 -1  0 -4 -3  3   14   1   2   2   1   1  22   2   0   5   3   1   0   1   7   3   7   0   0  26  0.21 0.14
  375 E    1 -1  0  2 -3  1  3 -1 -1 -2 -3  0 -2 -4 -1  1  2 -4 -3 -1   13   1   4  13   0   8  24   4   1   1   1   2   1   0   2   9  13   0   0   3  0.30 0.14
  376 A    0  2 -1 -1 -3  0  1 -1  2 -2 -2  3 -2 -1 -3  0  1 -3  2 -1    7  13   1   1   0   3   8   3   6   1   1  22   1   2   0   3  13   0  11   4  0.24 0.13
  377 L   -1 -4 -5 -5 -2 -4 -5 -5 -5  5  1 -4  2 -2 -4 -3 -2 -4 -3  5    4   0   0   0   0   0   0   0   0  35  13   0   5   0   0   0   0   0   0  43  0.89 0.27
  378 P    1  0  0 -1 -3  2  1  0  0 -2 -2  2 -2 -4  3  0  0 -4 -3 -1   10   5   3   2   0  10  12   5   2   1   2  16   0   0  14   6   5   0   0   4  0.25 0.10
  379 G    1 -1  1  2 -3  2  3  0 -1 -3 -3  1 -2 -3 -2  0  0 -4 -3 -2   14   2   7  11   0   9  27   6   1   1   1   8   0   1   0   5   5   0   0   2  0.32 0.14
  380 K   -2  0 -3 -4 -2 -1 -1 -5 -3  2  4 -1  2 -2 -4 -3 -1 -2 -2  0    1   6   1   0   0   2   6   0   0  12  53   5   6   0   0   1   4   0   1   3  0.47 0.20
  381 L   -4 -5 -6 -6 -4 -5 -6 -6 -5 -1  6 -5  1 -1 -6 -5 -4 -4 -4 -1    0   0   0   0   0   0   0   0   0   1  96   0   2   1   0   0   0   0   0   0  1.58 0.42
  382 D   -1 -1  1  5 -5  1  4 -2 -2 -3 -4  0 -4 -5 -3 -1 -1 -5 -4 -2    6   1   5  35   0   4  35   2   0   1   0   5   0   0   0   1   2   0   0   3  0.77 0.25
  383 A    0 -1  0  4 -4  1  4 -2 -2 -3 -3 -1 -3 -4 -3  0  2 -5 -4 -3    9   1   3  26   0   6  29   2   0   1   2   2   0   0   0   3  15   0   0   1  0.54 0.21
  384 F   -3 -5 -5 -5 -4 -5 -4 -6 -5  7  0 -5  4  1 -5 -4 -3 -4 -3  2    0   0   0   0   0   0   1   0   0  69   2   0  12   4   0   0   0   0   0  12  1.25 0.36
  385 H   -4 -1 -3 -3 -6  8 -1 -5  6 -6 -5 -2 -4 -6 -3 -3 -3 -5 -3 -5    0   1   0   0   0  79   0   0  17   0   0   0   0   0   1   0   0   0   0   0  2.02 0.54
  386 E    0  1  2  2 -2  3  2 -2  0 -3 -3  2 -2 -4 -2  1  0 -4 -3 -2   10   5  11  12   1  15  12   0   2   0   1  16   0   0   0   8   5   0   0   2  0.33 0.14
  387 E    0 -1  5  3 -4 -1  1  0 -1 -4 -4 -1 -3 -2 -3  1  0  0 -3 -4    7   3  33  16   0   1   9   8   1   0   0   2   0   2   0  12   5   2   0   0  0.49 0.19
  388 L   -4 -4 -5 -6 -4 -4 -5 -6 -5  3  5 -4  7 -2 -5 -4 -3 -4 -3 -1    0   0   0   0   0   0   0   0   0  16  51   0  33   0   0   0   0   0   1   0  1.21 0.35
  389 Y   -4 -5 -5 -6 -5 -5 -5 -6 -1 -2  2 -5 -1  6 -6 -5 -4 -1  7 -3    0   0   0   0   0   0   0   0   1   0  22   0   1  35   0   0   0   0  42   0  1.46 0.38
  390 R    0  0  3  2 -4  3  4 -3 -1 -4 -4  1 -3 -5 -3 -1 -1 -5 -3 -4   10   4  14  10   0  17  30   0   0   0   0   9   0   0   0   1   3   0   0   0  0.57 0.21
  391 R   -1  6 -2 -3 -5  1 -1 -3 -2 -5 -4  5 -1 -5 -4 -2 -1 -5 -4 -4    4  41   1   0   0   4   1   1   0   0   0  44   1   0   0   0   2   0   0   0  1.12 0.33
  392 A    7 -4 -4 -5 -2 -4 -4 -3 -4 -4 -4 -3 -4 -5 -4 -1 -3 -5 -5 -3   97   0   0   0   0   0   0   0   0   0   0   0   0   0   0   2   0   0   0   0  1.71 0.48
  393 L   -2  2 -2 -3 -2 -1 -1 -4 -2 -1  3  3  0 -1 -3 -2  0 -4 -2 -1    1  14   0   0   0   2   4   0   1   2  38  26   1   2   0   1   6   0   1   2  0.38 0.19
  394 A    2  0  1  2 -3  1  2 -2 -2 -3 -3  2 -2 -4 -2  1  0 -4 -3 -2   25   4   7  14   0   6  13   0   0   0   0  18   0   0   0   6   5   0   0   1  0.35 0.16
  395 F   -3  0  1 -4 -5 -3 -4 -5  4 -3 -2 -3  1  7 -5 -3 -3 -2  4 -3    1   6   9   0   0   0   0   0  12   0   2   0   4  51   0   1   0   0  13   0  1.11 0.32
  396 R   -4  7 -2 -4 -4  1 -3 -5 -3 -3  1  0  1 -4 -5 -3 -2 -5 -3 -3    0  72   1   0   0   4   0   0   0   1  15   1   4   0   0   0   2   0   0   1  1.33 0.38
  397 E   -1 -1  2  5 -5  1  4 -3 -1 -4 -2  0 -3 -5 -3 -1 -1 -5 -4 -4    5   1   9  37   0   6  28   0   1   1   4   4   0   0   0   1   3   0   0   0  0.72 0.24
  398 D    2 -1  0  1 -3  1  4 -2 -2 -4 -3  0 -3 -4 -3  2  0 -4 -3 -3   22   2   2   8   0   4  32   1   0   0   2   4   0   0   0  20   4   0   0   0  0.49 0.21
  399 H   -3  1  5 -2 -5 -1 -2 -3  8 -5 -5  1  1 -4 -4 -2 -3 -3 -1 -5    0   8  34   0   0   0   0   0  40   0   0   9   5   0   0   1   0   0   1   0  1.28 0.37
  400 T   -2 -4 -3 -4 -3 -3 -4 -4 -4  4 -2 -3  0 -1 -4  0  6 -5 -4  0    0   0   0   0   0   0   0   0   0  28   2   0   2   2   0   4  60   0   0   2  1.05 0.36
  401 R   -2  1 -2 -2 -3 -2 -2 -4  4 -1 -2  0 -1  2 -4 -1  2  1  5  1    2   7   1   2   0   0   1   0  11   1   1   5   1   9   0   3  17   2  23  13  0.38 0.18
  402 K   -1  0  0  2 -3  0  3 -3  0 -1 -2  1 -2 -2 -1  0  2 -4 -2  0    4   3   2  12   0   2  25   0   2   3   3   8   0   1   2   6  17   0   1  10  0.25 0.13
  403 V    3 -4 -4 -5  4 -4 -4 -3 -5  2 -1 -4 -1 -3 -4 -2 -2 -5 -3  5   33   0   0   0  10   0   0   0   0  11   1   0   0   0   0   0   1   0   0  44  0.76 0.28
  404 D   -1 -1  2  5 -4 -1  1 -3  2 -3 -3  1 -3 -4 -3  0  2 -5 -3 -2    2   2  12  34   0   1   8   0   6   0   1   9   0   0   0   7  13   0   0   4  0.50 0.19
  405 T   -2 -3  3  3 -3 -2 -2 -2 -3 -4 -4 -2 -3 -5 -3  3  5 -5 -4 -3    1   0  17  15   0   0   1   1   0   0   0   0   0   0   0  28  37   0   0   0  0.82 0.30
  406 Y   -4 -3 -5 -5 -4 -3 -3 -5 -2 -1  1 -2  4  3 -4 -4 -3  6  7 -2    0   1   0   0   0   0   1   0   0   3  12   3  14  11   1   0   1  10  43   1  1.11 0.32
  407 E   -1 -3 -1  6 -6  0  5 -3 -3 -5 -5 -1 -5 -5 -3 -2 -2 -6 -5 -5    4   0   1  42   0   2  45   1   0   0   0   1   0   0   1   0   1   0   0   0  1.19 0.34
  408 A   -1 -2 -2  1 -6  1  7 -4 -3 -5 -4 -1 -4 -6 -4 -2 -1 -5 -4 -4    5   1   0   7   0   5  75   0   0   0   1   1   0   0   0   0   3   0   0   1  1.32 0.39
  409 F   -3 -5 -5 -6 -4 -5 -5 -6 -4  0  2 -5  3  8 -6 -5 -4 -2  0 -1    2   0   0   0   0   0   0   0   0   3  20   0   9  64   0   0   0   0   0   2  1.42 0.37
  410 K   -2  1 -1 -2 -3  1  1 -2 -3 -2 -3  6 -3 -5 -3 -2 -1 -5 -2 -1    2   4   2   0   1   5   6   3   0   2   2  63   0   0   0   0   3   0   1   6  0.80 0.29
  411 E    1  0 -1  2 -4  2  4 -2 -2 -3 -4  2 -3 -4 -1  0  0 -4 -3 -2   15   3   2  13   0   9  31   1   0   0   0  13   0   0   2   3   6   0   0   2  0.45 0.18
  412 A    1  0 -1 -2 -2  0  0 -2  0  2  0  0  0  0 -3 -1  0 -3  0  1   15   6   2   0   0   4   4   1   3  17   7   9   1   2   0   2   8   0   4  15  0.08 0.08
  413 V    1 -4 -4 -4 -3 -2 -3 -4 -4  4  3 -4  2  0 -4 -3 -2 -3 -1  2   12   0   1   0   0   1   1   1   0  31  28   0   5   4   0   0   0   0   1  15  0.50 0.19
  414 Q    0 -1  2  2 -5  1  5 -3  1 -4 -4  2 -4 -5 -3  0 -1 -5 -3 -4    7   0  12  13   0   3  40   0   4   0   0  13   0   0   0   4   2   0   1   0  0.65 0.23
  415 E   -1  0  3  2 -4  1  3  1 -1 -4 -4  1 -3 -4 -2  0  1 -4 -3 -3    5   5  16   9   0   4  25  12   1   0   0  10   0   0   1   2   9   0   0   0  0.39 0.16
  416 G   -2 -4 -3 -4 -3 -5 -5  7 -4 -7 -7 -3 -6 -6 -5 -3 -4 -5 -6 -6    1   0   0   0   0   0   0  97   0   0   0   1   0   0   0   0   0   0   0   0  2.16 0.47
  417 F   -5 -6 -6 -7 -5 -6 -6 -6 -4 -3 -2 -6 -2  9 -7 -5 -5  7  2 -4    0   0   0   0   0   0   0   0   0   0   0   0   0  83   0   0   0  13   3   0  2.36 0.51
  418 A    2 -4 -3 -5 -3 -4 -4 -4 -4  4  0 -4 -1  1 -4 -3 -1 -4 -1  4   18   0   1   0   0   0   0   0   0  33   5   0   0   6   0   0   2   0   1  33  0.61 0.23
  419 L   -2  3 -2 -3 -4 -1 -1 -4 -2 -1  2  4  1 -2 -3  0 -2  0  0 -2    2  15   1   0   0   0   2   0   0   3  25  32   3   1   0  10   1   1   3   1  0.37 0.19
  420 A    5 -4 -3 -4  4 -3 -3  0 -4 -3 -3 -3 -1 -4 -3  0  0 -5 -4 -1   68   0   0   0   9   0   0   6   0   0   0   0   2   0   0   6   5   0   0   4  0.92 0.32
  421 F   -3 -3 -1 -3  0 -2 -3  0  7 -2 -2 -2  6  1  0 -2 -3 -2  2 -3    1   1   2   1   2   0   0   8  32   1   1   2  29   7   6   1   0   0   6   0  0.86 0.31
  422 H   -6 -6 -7 -8 -6 -5 -6 -6  3 -6 -4 -6 -5  1 -7 -6 -6 13 -1 -6    0   0   0   0   0   0   0   0   7   0   1   0   0   5   0   0   0  86   1   0  3.89 0.70
  423 C   -1 -5 -2  5 10 -4 -2 -4 -5 -4 -5 -3 -5 -5 -5 -1 -3 -6 -5 -4    5   0   1  31  56   0   1   1   0   0   0   1   0   0   0   3   0   0   0   0  1.86 0.44
  424 G   -1 -5 -3 -2 -4 -4 -3  7 -4 -6 -5 -4 -5 -6 -5 -3 -4 -5 -6 -6    3   0   0   2   0   0   2  91   0   0   1   0   0   0   0   0   0   0   0   0  1.88 0.43
  425 D   -2 -2  1  4  1 -2  1 -2 -2 -4 -4 -1 -3 -5 -3  2  4 -5 -4 -3    1   1   6  31   4   0   7   1   0   0   0   1   0   0   0  15  31   0   0   0  0.67 0.25
  426 K    1  1 -1  1 -3  1  2 -2 -2 -2 -2  0 -2 -4  3  0  0 -4 -3 -1   14   9   1   9   0   6  17   1   0   1   5   4   0   0  17   7   6   0   0   3  0.30 0.12
  427 A    3 -2 -2  0 -4  0  6 -2 -3 -4 -4  0 -4 -5 -3 -1 -2 -5 -4 -2   30   0   1   3   0   1  56   1   0   0   0   3   0   0   0   2   1   0   0   2  0.92 0.32
  428 C   -3 -5 -3  0  9 -3 -2 -5 -5 -3 -3 -4 -4 -5 -5 -1  4 -5 -5 -1    0   0   1   7  54   0   3   0   0   1   1   0   0   0   0   3  27   0   0   4  1.61 0.41
  429 E   -3 -3 -3 -1 -7 -1  8 -5 -3 -6 -6 -2 -5 -6 -4 -3 -4 -6 -5 -6    1   0   0   1   0   0  99   0   0   0   0   0   0   0   0   0   0   0   0   0  2.17 0.54
  430 R    2  0  0  3 -4  0  3 -2 -2 -3 -1  1 -2 -4 -2 -1 -1 -4 -3 -2   19   5   4  21   0   3  26   1   0   0   6   7   1   0   1   2   2   0   0   1  0.39 0.17
  431 L    1  3 -1 -1 -4  2  0 -3 -1 -3 -2  5 -1 -4 -3 -1 -2 -3 -3 -3   10  14   1   2   0   8   5   1   1   1   4  48   1   0   0   1   1   0   0   0  0.63 0.24
  432 I   -3 -5 -6 -6 -3 -5 -5 -6 -6  7  1 -5  2 -2 -5 -5 -3 -5 -4  3    0   0   0   0   0   0   0   0   0  72   6   0   4   0   0   0   0   0   0  18  1.36 0.37
  433 Q   -3  0 -3 -3 -6  1 -2 -3 -2 -6 -5  8 -4 -6 -4 -3 -3 -6 -5 -5    0   1   0   0   0   4   0   1   1   0   0  92   0   0   0   0   0   0   0   0  1.86 0.49
  434 E    0 -2  1  2 -5  1  6 -4 -2 -5 -5  0 -4 -5 -3 -2 -2 -5 -2 -4    9   0   5   9   0   3  67   0   0   0   0   3   0   0   0   1   1   0   2   0  1.14 0.35
  435 E   -1 -1 -2  3 -5  1  5 -4 -1 -2  0  0 -1 -4 -3 -2 -2 -5 -2 -2    5   2   0  17   0   3  49   0   1   1  10   6   1   0   0   0   0   0   1   3  0.65 0.25
  436 T    0 -3 -3 -4 -2 -3 -3 -4 -3 -3 -1 -3 -2 -1 -4 -1  7 -5 -1 -1    6   0   0   0   1   0   0   0   0   0   6   0   1   2   0   1  78   0   2   3  1.25 0.40
  437 T    0  0 -1 -3 -4  1 -2  4 -2 -5 -4  4 -2 -5 -3  0  0 -5 -4 -4    6   2   1   0   0   6   0  35   0   0   0  37   1   0   0   6   5   0   0   0  0.71 0.25
  438 A    6 -4 -4 -4 -2 -3 -3 -3 -4 -1 -2 -3 -1 -1 -3 -1 -2 -5 -3  2   73   0   0   0   0   0   0   0   0   2   3   0   1   3   0   1   0   0   0  16  0.98 0.34
  439 T   -2 -4 -3 -4 -4 -3 -4 -2 -4 -4 -4 -1 -4 -5 -4  1  7 -5 -4 -3    1   0   0   0   0   0   0   3   0   0   0   3   0   0   0   6  87   0   0   0  1.63 0.47
  440 T   -1 -4 -3 -4 -3 -3 -3 -3 -4  5 -1 -3 -2 -3 -1  3  1 -5 -3  1    3   0   0   0   0   0   0   1   0  46   2   0   0   0   3  33   8   0   0   5  0.69 0.29
  441 R   -5  8 -3 -5 -7 -2 -3 -5 -3 -6 -5 -1 -4 -6 -5 -4 -4 -6 -5 -6    0 100   0   0   0   0   0   0   0   0   0   0   0   0   0   0   0   0   0   0  2.45 0.56
  442 C   -4 -6  2 -6 11 -6 -6 -5 -6 -4 -3 -6 -4 -5 -6 -3 -4 -6 -5 -1    0   0  10   0  83   0   0   0   0   0   2   0   0   0   0   0   0   0   0   4  2.84 0.57
  443 V   -3 -3 -5 -5 -3 -4 -5 -6 -5  6  1 -4  5  1 -5 -4 -3 -4 -1  2    0   1   0   0   0   0   0   0   0  60   6   0  15   6   0   0   0   0   2   9  1.08 0.32
  444 P   -3 -5 -5 -4 -6 -4 -4 -5 -5 -3 -5 -3 -5 -6  9 -4 -4 -7 -6 -4    1   0   0   0   0   0   0   0   0   1   1   1   0   0  94   0   0   0   0   1  2.81 0.56
  445 F   -3 -3 -3 -4 -4 -4 -1 -5 -4  0  3 -4  0  7 -5 -4 -3 -2  0 -2    1   1   1   1   0   0   5   0   0   3  29   1   2  54   0   0   0   0   1   1  1.05 0.31
  446 E   -1 -2  2  5 -5  0  4 -1 -1 -5 -5  0 -3 -5 -3 -1 -2 -5 -4 -3    6   1   8  39   0   3  32   3   1   0   0   4   1   0   0   2   0   0   0   1  0.83 0.26
  447 A    1  0  0  0 -4  5  1  1 -1 -3 -3 -1 -2 -2  0  0 -2 -2 -1 -2   10   2   5   3   0  37   9  12   1   1   2   1   0   2   5   4   1   0   2   3  0.41 0.20
  448 E   -1 -1 -1  2 -4  1  5 -3 -2 -3 -4  1 -3 -5  4 -1  0 -5 -3 -2    3   2   1   9   0   4  41   0   0   1   0   9   1   0  19   3   5   0   1   2  0.68 0.23
  449 P    0  0  1  1 -3  2  2 -1  3 -3 -3  1 -1 -3  1  0  0 -4 -2 -2    7   2   5   6   0  13  18   4  10   1   2   9   2   0   8   3   5   0   0   3  0.27 0.12
  450 E   -1 -1 -2 -1 -2  0  4 -1 -1  1  1 -1 -1 -2 -3 -1  1 -4 -3  0    3   2   0   1   0   2  33   5   2  12  16   2   0   1   0   3  11   0   0   5  0.24 0.15
  451 E    1 -1 -1  1 -3  0  2  0 -1 -3 -3  1 -2 -4  3  2  0 -4 -3 -2   10   1   2   6   0   2  17   7   1   1   1   8   0   0  14  22   6   0   0   2  0.32 0.14
  452 G   -2 -3 -1  4 -5 -2 -1  5 -1 -5 -5  0 -4 -5 -3 -1 -2 -5 -5 -5    1   0   1  28   0   0   2  55   2   0   1   5   0   0   0   2   2   0   0   0  1.02 0.29
  453 F   -1  0 -1 -2 -3 -1 -1 -3 -1  0 -2  3 -2 -3 -2  0  3 -4 -3  2    2   4   3   0   0   2   1   0   1   3   1  24   0   1   2   3  28   0   0  23  0.37 0.20
  454 C   -4 -6 -5  1 11 -6 -6 -6 -6 -5 -5 -6 -5 -6 -6 -3 -4 -6 -6 -4    0   0   0   7  91   0   0   0   0   0   0   0   0   0   0   1   0   0   0   0  3.28 0.63
  455 V   -2 -4 -5 -5 -3 -3 -4 -5 -4  4  1 -4  4  1  0 -3 -2 -4 -2  4    1   0   0   0   0   0   0   0   0  30   7   0  12   5   6   0   1   0   0  37  0.71 0.24
  456 R   -2 -1 -3 -5  7 -3 -4 -4  1  0  0 -2  1  2 -4 -3 -2 -1  4  2    1   4   0   0  25   1   0   0   3   4   8   2   4   9   0   0   0   1  15  21  0.61 0.22
  457 C   -3 -5 -3 -4  9 -4 -5 -4 -5 -4 -4 -4 -4 -5 -5  2  4 -5 -5 -3    0   0   0   1  53   0   0   0   0   0   0   0   0   0   0  15  30   0   0   1  1.81 0.45
  458 G   -2 -5  0 -2 -5 -3 -4  7 -4 -6 -6 -3 -5 -6 -5 -2 -4 -5 -6 -6    1   0   4   2   0   1   0  91   0   0   0   1   0   0   0   1   0   0   0   0  1.93 0.44
  459 R   -1  2  1 -2 -5  1  1 -3 -3 -5 -5  6 -3 -5 -3 -1 -2 -5 -3 -4    4   7   7   1   0   4   6   1   0   0   0  67   0   0   0   2   1   0   0   0  1.06 0.33
  460 P   -2 -3 -3 -1 -5 -2  1 -4 -2 -5 -5  1 -5 -6  8 -2 -3 -6 -5 -4    1   0   0   3   0   1  10   0   1   0   0  10   0   0  70   1   1   0   0   1  1.80 0.40
  461 S    5 -3 -2 -3  0 -2 -2 -1 -3 -4 -4 -2 -3 -4 -3  4 -1 -4 -4 -2   54   0   1   0   1   0   0   3   0   0   0   1   0   0   0  36   1   0   0   1  0.90 0.31
  462 A    1  0 -1 -1 -3  1  1 -2  1 -3 -3  5 -2 -3 -2 -1  1 -3 -2 -2   15   2   1   1   0   4   8   2   3   1   1  45   1   1   1   1  10   0   1   2  0.46 0.17
  463 Y    0 -1  0  0  1  0 -1 -1  5 -1 -1 -1 -1  0 -1  0  0 -1  3 -1    6   3   3   5   4   2   3   4  20   3   5   3   1   2   3   5   8   1  14   5  0.18 0.05
  464 G    0  0  1  1 -1  0  0  1 -1 -1 -1  0 -1 -1  1  0  0 -1 -1 -1    6   3   6  11   2   4   5  14   1   4   6   4   2   4   6   9   4   1   2   5  0.06 0.01
  465 K   -1  2  0 -1 -2  2  1  0 -1 -2 -2  4 -1 -2 -1 -1 -1 -2 -2 -2    3  14   3   2   1  11   9   8   1   2   3  31   1   1   2   3   2   0   1   3  0.31 0.09
  466 R   -3  5 -3 -4 -4 -1 -2 -4 -3 -1  0  1  5 -2 -4 -2  0 -2 -3  0    0  39   0   0   0   1   1   0   0   2   9   6  24   1   0   0   6   0   0   8  0.67 0.25
  467 V    1 -5 -5 -5 -1 -4 -5 -4 -5  2 -1 -4 -1 -3 -5 -3 -2 -5 -4  6   13   0   0   0   1   0   0   0   0   7   2   0   0   0   0   0   1   0   0  76  1.18 0.36
  468 V   -3 -4 -5 -5 -2 -4 -5 -5 -3  3  3 -4 -1  0 -5 -4 -3  3  5  2    0   0   0   0   1   0   0   0   0  23  28   0   0   1   0   0   0   3  28  15  0.80 0.26
  469 F   -5 -6 -6 -7 -5 -6 -6 -6 -4  0 -2 -6 -2  8 -6 -5 -5  9  1 -3    0   0   0   0   0   0   0   0   0   5   2   0   1  63   0   0   0  28   1   1  2.14 0.47
  470 A    5 -4 -3 -3 -3 -3 -3  4 -4 -4 -4 -3 -4 -5 -3  0 -3 -5 -4 -3   65   0   0   1   0   0   0  31   0   0   0   0   0   0   0   3   0   0   0   0  1.18 0.36
  471 K   -3  5 -3 -3 -4  0 -2 -4 -3 -2 -4  6 -4 -5 -4 -3 -3 -5 -4 -2    0  39   0   0   0   2   0   0   0   2   0  54   0   0   0   0   0   0   0   3  1.32 0.38
  472 A    6 -3 -3 -4 -3  1 -3 -2 -4 -4 -4 -3 -3 -5 -3  3 -2 -5 -4 -3   73   0   0   0   0   6   0   0   0   0   0   0   0   0   0  21   0   0   0   0  1.16 0.38
  473 Y   -5 -5 -6 -7 -6 -5 -5 -7 -1 -5 -4 -5 -4  0 -6 -5 -5 -1 10 -5    0   0   0   0   0   0   0   0   0   0   0   0   0   0   0   0   0   0 100   0  3.05 0.65

                      K         Lambda
Standard Ungapped    0.1368     0.3205
Standard Gapped      0.0641     0.2670
PSI Ungapped         0.2105     0.3158
PSI Gapped           0.0641     0.2670
