
Last position-specific scoring matrix computed, weighted observed percentages rounded down, information per position, and relative weight of gapless real matches to pseudocounts
           A  R  N  D  C  Q  E  G  H  I  L  K  M  F  P  S  T  W  Y  V   A   R   N   D   C   Q   E   G   H   I   L   K   M   F   P   S   T   W   Y   V
    1 A    5 -3 -3 -3 -2 -2 -3  1 -3 -2 -3 -2 -2 -4 -3  1 -1 -4 -3  1   69   0   0   0   0   0   0   8   0   0   0   0   0   0   0   8   0   0   0  14  0.74 0.28
    2 R   -3  7 -2 -3  1 -1 -2 -3  1 -5 -4  3  0 -2 -3 -3 -3  0 -3 -4    0  66   0   0   4   0   0   1   3   0   0  21   3   1   0   0   0   2   0   0  1.17 0.36
    3 G   -2 -5 -3 -4 -2 -4 -5  7 -5 -6 -6 -4 -3 -6 -5 -3 -4 -5 -6 -6    0   0   0   0   1   0   0  98   0   0   0   0   1   0   0   0   0   0   0   0  2.15 0.54
    4 P   -1 -3 -3 -3 -4 -2 -3  1  0 -2  0 -3 -3 -5  7  1 -3 -5 -4 -3    3   1   0   0   0   1   0  10   2   3  10   0   0   0  58  11   0   0   0   1  1.26 0.38
    5 K   -3  4 -2 -3 -5  0 -2 -3 -1 -4 -4  6 -2 -5 -3  1 -1 -5 -4 -4    0  24   0   0   0   1   0   0   1   0   1  56   1   0   0  13   3   0   0   0  1.02 0.40
    6 K   -3  4 -2 -2 -6  0 -2 -4  0 -5 -5  7 -3 -4 -3 -2 -3 -6 -4 -5    0  17   1   2   0   1   0   0   2   0   0  74   0   0   0   2   0   0   0   0  1.43 0.50
    7 H   -5 -3 -3 -5 -7 -3 -4 -6 11 -7 -6 -4 -5 -5 -6 -4 -5 -6 -1 -6    0   0   0   0   0   0   0   0  97   0   0   0   0   0   0   1   0   0   1   0  3.45 0.90
    8 L   -4 -3 -5 -5 -4  3 -4 -6 -4  1  5 -4  3 -2 -5 -4 -3 -4 -2  0    0   0   0   0   0  14   0   0   0   6  68   0   7   0   0   0   0   0   1   3  1.03 0.43
    9 K   -4  1 -2 -4 -6 -1 -2 -5 -4 -6 -6  8 -5 -6 -4 -3 -1 -6 -5 -5    0   4   1   0   0   1   1   0   0   0   0  89   0   0   0   0   3   0   0   0  1.91 0.67
   10 R   -3  8 -3 -5 -1 -1 -3 -5  2 -4 -5  0 -4 -6 -5 -3 -2 -1 -4 -5    2  84   0   0   2   1   0   0   5   1   0   1   0   0   0   1   2   1   0   0  1.89 0.65
   11 I   -3 -4 -5 -5 -3 -2 -5 -5 -3  2  5 -3  1  0 -4 -3 -3 -4 -1  2    1   0   0   0   0   2   0   0   0   9  60   1   3   4   0   1   1   0   2  16  0.81 0.35
   12 N    4 -2  3 -2 -2 -2 -1 -2 -1 -3 -3 -1  1 -3 -3  2  1 -4 -2 -1   37   1  19   0   0   1   3   1   1   0   1   3   4   0   0  13   8   0   1   5  0.42 0.29
   13 A    6 -4 -4 -5 -3 -4 -4 -2 -4 -1 -3 -4  1 -5 -4  0 -2 -5 -4  1   74   0   0   0   0   0   0   1   0   2   0   0   4   0   0   6   1   0   0  12  1.14 0.50
   14 P   -4 -6 -6 -5 -6 -5 -5 -6 -6 -6 -4 -5 -6 -7  9 -2 -5 -7 -7 -6    0   0   0   0   0   0   0   0   0   0   1   0   0   0  96   3   0   0   0   0  3.04 0.84
   15 K   -2  3  0 -1 -3 -1 -1 -1 -1 -4 -4  5 -3 -4 -2  1 -1  2 -1 -2    2  17   4   3   1   0   3   4   1   0   1  44   0   0   1   9   2   3   3   3  0.60 0.32
   16 S   -1 -2  0 -2 -2 -1 -3 -3  8 -4 -4 -1 -3  1 -3  3  0  1  0 -2    2   1   3   1   1   1   0   1  37   0   0   3   0   8   1  28   7   2   1   3  0.85 0.41
   17 W   -5 -7 -8 -8 -6 -4 -7 -7 -6 -3 -2 -7 -5 -3 -8 -7 -6 13  0 -3    1   0   0   0   0   1   0   0   0   1   4   0   0   0   0   0   0  89   2   2  4.11 1.03
   18 M   -2 -1 -3 -5 -5  0 -3 -3  0 -2  0  1  8 -4  4 -3 -3 -5 -2 -3    2   3   1   0   0   4   1   1   2   0   5  10  44   0  25   0   0   0   1   0  1.13 0.51
   19 L   -3 -4 -3 -5 -3 -3 -5 -6 -5  4  5 -5  0 -1 -5 -4 -3 -4 -3  2    1   0   1   0   0   1   0   0   0  28  54   0   1   1   0   0   0   0   0  12  0.95 0.39
   20 N   -1 -2  1  5 -4 -2  1 -1  1 -4 -3 -1 -4 -5  3  1 -1 -5 -4 -4    5   1   6  39   0   0   9   3   3   0   3   3   0   0  15   9   4   0   0   0  0.63 0.30
   21 K   -4  5 -3 -4 -6 -1 -2 -5 -3 -6 -5  7 -4 -6 -2 -3 -3 -6 -5 -5    0  30   0   0   0   0   0   0   0   0   0  66   0   0   2   0   1   0   0   0  1.63 0.61
   22 L   -3 -1 -3 -4 -4 -1 -3 -5 -4 -2  4  5  1 -2 -4 -2 -2 -5 -4 -3    0   1   1   0   0   1   0   0   0   0  44  45   3   1   0   2   1   0   0   0  0.89 0.45
   23 G    0 -3 -1 -2 -3 -1  1  3 -3 -2 -3 -1 -2 -4 -3  1  4 -5 -4  0    4   0   1   1   0   2  13  24   0   1   1   2   1   0   0  10  35   0   0   6  0.52 0.31
   24 G   -1 -1  1 -1 -4 -2 -1  5  1 -5 -5 -2 -3 -1 -4  0 -1 -4  2 -4    3   4   8   3   0   1   5  53   3   0   0   1   0   2   0   6   2   0   9   0  0.76 0.34
   25 I    0 -1 -2 -4 -2 -2 -3 -4 -3  1 -2  3 -1  0 -2 -2  2 -4 -2  3   10   1   1   0   0   0   0   0   0   9   0  22   0   5   1   1  18   0   1  31  0.39 0.29
   26 W   -5 -6 -6 -7 -6 -3 -6 -6 -4 -4 -3 -6 -3  7 -7 -6 -5 10  4 -5    0   0   0   0   0   1   0   0   0   0   1   0   0  47   0   0   0  35  15   0  2.36 0.69
   27 A    5 -4 -4 -4 -3 -3 -3 -1 -4  0 -3 -3 -3 -4 -2  0  2 -5 -4  1   58   0   0   0   0   0   0   2   0   6   0   0   0   0   2   3  16   0   0  12  0.81 0.42
   28 T   -1 -4 -4 -4 -4 -2 -4 -4 -5  0 -2 -3 -1 -4  6 -2  1 -5 -4  3    5   0   0   0   0   2   0   0   0   5   2   1   1   0  48   2  11   0   0  24  1.14 0.44
   29 R   -2  6 -2 -3 -1 -1 -2 -3 -1 -5 -4  5 -1 -5 -4 -1  0 -5 -4 -4    2  42   1   0   1   0   0   1   1   0   1  40   2   0   0   3   5   0   0   0  1.09 0.46
   30 P    1 -5 -4 -4 -5 -2 -4 -5 -5 -3 -5 -4 -5 -6  8 -1  1 -6 -5 -4   10   0   0   0   0   2   0   0   0   1   0   0   0   0  73   4   9   0   0   1  1.99 0.64
   31 S    0  1  1 -2 -3 -1 -2 -1 -2 -3 -2 -2 -2 -4 -3  5  0 -1 -3 -3    7   8   5   1   0   1   1   4   1   1   4   1   1   0   0  59   4   1   0   1  0.69 0.40
   32 Q    2 -4 -2 -4  0 -1 -3 -3 -3 -4 -4 -3 -4 -5  6  2  3 -5 -3 -3   15   0   1   0   2   2   0   0   0   0   0   0   0   0  42  14  20   0   1   0  1.06 0.44
   33 G   -2 -3 -3 -4 -5 -5 -5  7 -5 -7 -6 -4 -6 -6 -5 -1 -4 -5 -6 -6    1   2   0   0   0   0   0  91   0   0   0   0   0   0   0   5   0   0   0   0  2.05 0.64
   34 P   -1 -3 -5 -5 -6 -4 -4 -2 -5 -6 -6 -4 -3 -7  8 -1 -3 -7 -6 -5    4   1   0   0   0   0   0   3   0   0   0   0   1   0  87   3   1   0   0   0  2.54 0.76
   35 H   -5 -3 -3 -5 -7 -2 -4 -6 11 -7 -6 -4 -5 -5 -6 -5 -4 -6 -1 -7    0   0   0   0   0   1   0   0  95   0   0   0   0   0   0   0   1   0   1   0  3.40 0.94
   36 K   -1  0  1 -2 -5 -2 -2  0 -2 -5 -5  5 -4 -5  2  2 -2 -5 -4 -4    5   3   8   0   0   0   0   8   1   0   0  51   0   0   9  14   1   0   0   0  0.77 0.39
   37 L    0 -1 -3 -3 -3 -1 -1 -3 -3  1  3  2  2 -2 -3  0 -1 -3 -2  0    9   2   1   1   0   2   2   1   0   7  40  16   5   1   0   8   1   0   0   4  0.29 0.21
   38 R   -1  6 -1  1 -5  1  3 -2 -1 -4 -3  1 -2 -3 -3 -1 -2 -2 -3 -4    3  45   2   6   0   4  21   3   1   0   2   5   1   1   0   3   1   1   0   0  0.75 0.35
   39 E   -2  1  1  1 -5  1  6 -2 -2 -5 -3  0 -3 -4 -3 -1 -2 -5 -1 -4    3   6   5   6   0   3  57   3   1   0   3   5   1   0   0   2   2   0   3   0  0.82 0.39
   40 S    0 -4 -3 -4  9 -4 -4  0 -5 -5 -5 -4 -4 -5 -4  5 -2 -5 -3 -4    6   1   0   0  41   0   0   8   0   0   0   0   0   0   0  42   0   0   1   0  1.54 0.58
   41 L   -3 -3 -5 -6 -3 -4 -5 -6 -5  4  5 -4  4 -1 -5 -4 -3 -4 -2  2    0   1   0   0   0   0   0   0   0  23  53   0  10   2   0   0   0   0   0  11  0.96 0.39
   42 P   -4 -6 -5 -5 -6 -5 -5 -6 -6 -6 -6 -4 -6 -7  9 -3 -3 -7 -6 -6    1   0   0   0   0   0   0   0   0   0   0   0   0   0  95   2   2   0   0   0  2.99 0.85
   43 L   -3 -5 -6 -6 -4 -5 -5 -6 -5  1  6 -5  1 -2 -4 -5 -4 -4 -4  0    1   0   0   0   0   0   0   0   0   6  84   0   3   0   1   0   0   0   0   4  1.35 0.51
   44 S    1 -3 -2 -4  0 -2 -3  0 -2  4  2 -2  0 -2 -3 -1 -1 -3 -3  1   13   1   2   0   2   1   0   7   1  30  20   2   2   0   0   5   3   0   0  10  0.27 0.19
   45 V   -3 -5 -5 -5 -3 -4 -5 -6 -2  5  2 -4  1 -2 -5 -4 -2 -4  1  4    0   0   0   0   0   0   0   0   1  40  22   0   2   0   0   1   1   0   6  26  0.86 0.37
   46 L   -2 -5 -5 -5 -3 -5 -5 -5 -4  4  2 -5  0  5 -5 -4 -3  3 -1  3    1   0   0   0   0   0   0   0   0  26  18   0   2  28   0   0   0   4   0  20  0.83 0.35
   47 L   -3 -5 -6 -6 -4 -5 -5 -6 -5  3  5 -5  1 -2 -5 -4 -3 -4 -3  2    1   0   0   0   0   0   0   0   0  17  66   0   2   1   0   0   0   0   0  13  1.11 0.44
   48 K   -4  8 -4 -5 -7 -1 -3 -5 -4 -6 -5  0 -5 -6 -5 -2 -3 -3 -5 -6    1  91   0   0   0   1   1   0   0   0   0   3   0   0   0   2   1   0   0   0  2.23 0.76
   49 E   -4 -1  6  6 -6 -2 -1 -4 -1 -4 -6 -1 -5 -6 -5 -3 -3 -7 -3 -6    0   3  46  43   0   0   2   0   1   1   0   3   0   0   0   0   0   0   1   0  1.51 0.58
   50 R   -3  6 -3 -4 -5 -1 -3 -5  0  0 -1  1  2  0 -4 -3 -3 -4  2  2    0  45   0   0   0   1   0   0   3   5   5   5   7   5   0   0   1   0   9  14  0.72 0.38
   51 L   -4 -5 -6 -7 -4 -4 -6 -7 -6 -1  6 -5  1 -1 -6 -5 -4 -5 -4 -2    0   0   0   0   0   1   0   0   0   1  93   0   2   2   0   0   0   0   0   1  1.67 0.62
   52 N   -3  1  1 -3 -3 -1 -1  3  1 -6 -5  6 -4 -6 -4 -2 -3 -6 -4 -5    1   4   6   0   1   1   1  22   3   0   0  60   0   0   0   1   0   0   0   0  1.11 0.50
   53 Y   -4 -5 -5 -6 -2 -5 -5 -5  1 -1  1 -5 -3  1 -6 -4 -4 -1  8  1    0   0   0   0   1   0   0   1   2   4  15   0   0   3   0   1   0   0  65   8  1.65 0.62
   54 A    6 -4 -5 -5  0 -4 -4 -1 -5 -4 -4 -3 -4 -5 -4 -1 -2 -6 -5  1   83   0   0   0   2   0   0   3   0   0   0   0   0   0   0   2   1   0   0   9  1.42 0.61
   55 L   -2 -1  0  3 -4 -1 -1 -3  0 -1  4  0 -1 -2 -1 -1 -2 -4 -3 -2    2   3   3  23   0   2   2   2   3   1  44   6   0   1   2   4   1   0   0   1  0.40 0.28
   56 N   -2 -3  5 -3 -4 -3 -3 -4 -3 -3 -5 -1 -2 -5 -4  1  6 -6 -2 -4    1   0  31   0   0   0   0   0   0   1   0   4   1   0   0   7  54   0   1   0  1.24 0.57
   57 G    2  1  0 -3 -3 -1 -1  3 -2 -3 -1  0  1 -1 -3  0 -1 -3  3 -2   17   7   4   0   0   1   3  26   0   0   5   4   5   1   0   8   4   0  14   1  0.30 0.22
   58 R   -2  5 -1  3 -3  0 -1 -4 -1 -5 -4  4 -4 -5 -4 -1 -2 -5 -4 -4    3  41   1  17   1   2   2   0   1   0   1  25   0   0   0   4   2   0   0   1  0.90 0.42
   59 D   -4 -4 -4 -1 -7 -2  8 -6 -4 -7 -7 -1 -6 -7 -5 -4 -3 -7 -6 -6    0   0   0   2   0   0  96   0   0   0   0   2   0   0   0   0   1   0   0   0  2.28 0.83
   60 V    4 -4 -4 -4  0 -4 -3 -3 -4  1 -2 -4 -2 -3 -4 -2 -1 -5 -4  5   35   0   0   1   2   0   1   2   0   5   1   0   0   0   0   2   3   0   0  48  0.80 0.42
   61 T   -2  3 -1 -2 -4  0 -1 -3 -1  0 -2  5 -2 -4 -3 -2  1 -5 -3 -1    1  19   2   1   0   3   1   1   1   7   2  45   1   0   0   1  10   0   1   4  0.65 0.36
   62 L    0  3 -1 -3 -4  1 -1 -3  0  0 -2  4  1 -2 -3  0 -2 -3  3 -2    7  16   2   0   0   4   1   0   2   6   3  28   5   0   0   8   1   0  14   1  0.38 0.26
   63 I    0 -5 -5 -5  0 -5 -5 -5 -5  7  0 -5  0 -3 -5 -4 -3 -5 -4  1    7   0   0   0   2   0   0   0   0  76   4   0   2   0   0   0   0   0   0   6  1.44 0.55
   64 L   -2 -4 -5 -5  5 -4 -5 -5 -5  3  4 -4  3 -2 -4 -4 -3 -4 -3  1    1   0   0   0  14   0   0   0   0  18  48   0   6   0   0   0   0   0   0   9  0.86 0.37
   65 N    1 -1  2  0 -1  0  0  0  2 -1 -1  1  0 -1 -1  1  0 -1 -1 -1   11   2  14   3   1   4   3   5   6   3   4   8   3   3   2  15   6   1   2   3  0.10 0.06
   66 D    0  1  2  1 -1  0  0  0  0 -1 -1  0 -1 -1  0  1  0 -1 -1 -1    6   7  12  10   1   5   4   6   3   3   6   7   1   2   4  10   7   1   2   4  0.07 0.02
   67 K   -1  1 -1 -2 -2  0 -1  0 -1 -1 -1  2  6 -1 -1 -1 -1 -2 -2 -1    3   8   2   2   1   4   4   8   1   3   4  14  31   2   2   3   2   1   1   3  0.34 0.17
   68 E   -2 -1 -1 -1 -3  6  3 -3 -1 -3 -3 -1  2 -1 -2 -2 -2  1 -2 -3    2   2   2   2   0  50  18   2   1   1   2   2   5   3   1   2   1   2   1   2  0.88 0.37
   69 Q   -2  5  0  0 -1  0 -2  3  2 -4 -3  0 -3 -3 -3 -2 -2  2 -3 -3    1  37   3   5   1   3   1  26   6   1   1   4   0   1   1   1   1   3   1   2  0.61 0.29
   70 N   -1 -1  0 -1 -2 -1 -1 -2  3 -1  2  2  1  3 -3  0 -1 -2  1 -1    3   1   6   4   1   1   2   2  11   2  21  16   3  14   1   6   2   0   4   2  0.18 0.16
   71 V   -3 -5 -5 -5 -3 -5 -5 -5 -5  6 -1 -5 -1 -1 -5 -4 -3 -5 -3  5    1   0   0   0   0   0   0   0   0  47   2   0   1   2   0   0   0   0   0  43  1.25 0.49
   72 F   -2  0 -2 -2 -3 -1 -1 -4 -2  0  3  5  2 -1 -3 -3 -2 -4  0 -2    1   2   1   1   0   1   3   0   1   4  29  42   6   2   0   1   1   0   3   1  0.56 0.34
   73 V   -3 -2 -5 -5 -3 -4 -5 -5 -5  4 -1 -3 -2 -3 -5 -4 -3 -5 -4  6    0   2   0   0   0   0   0   0   0  21   2   1   0   0   0   0   0   0   0  70  1.35 0.54
   74 D   -3 -4  4  8 -6 -3 -2 -4 -1 -6 -6 -3 -5 -6 -4 -3 -4 -6 -5 -6    1   0  16  77   0   0   0   0   2   0   0   0   0   0   0   0   0   0   0   0  1.94 0.68
   75 G   -2 -5 -1 -2 -5 -2 -4  7 -3 -6 -6 -2 -5 -6 -5 -3 -4 -5 -5 -6    1   0   3   2   0   2   0  86   1   0   0   2   0   0   0   1   0   0   0   0  1.86 0.63
   76 K   -3  3 -2 -1 -5 -1  0 -4  0 -2 -3  6 -3 -5 -1 -2 -2 -5 -4  0    0  18   1   4   0   1   5   0   2   2   1  53   0   0   2   1   2   0   0   7  0.87 0.43
   77 V    0 -3 -4 -4 -2 -2 -3 -4 -4  2 -2 -1  0 -1  2 -2 -1 -5 -3  5    8   1   0   0   0   1   1   0   0  11   0   4   2   2  10   2   3   0   0  53  0.70 0.39
   78 R   -2  6 -3 -4  1  0 -2 -4  0  0 -2 -1 -3 -4 -1 -2 -1 -1 -3  1    2  56   0   0   3   4   2   0   2   6   2   1   0   0   3   2   3   1   0  12  0.88 0.44
   79 R   -2  3  0 -2 -3 -1 -2 -3 -3 -2 -3  4 -2 -4 -3  0  5 -4 -2 -2    1  14   3   1   0   2   1   1   0   1   2  25   1   0   0   4  39   0   1   3  0.67 0.38
   80 D   -3 -3  1  7 -3 -2  1 -3 -2 -3 -3 -3 -4 -5 -4 -2 -3 -5 -5 -5    2   1   4  71   1   1   8   2   1   2   2   1   0   0   0   2   1   0   0   1  1.48 0.56
   81 K   -1  0 -1 -2 -2 -1  0 -2  2  1 -1  1  0 -1  2 -1  0 -2  4  0    3   6   1   1   1   1   7   2   6  12   5   9   2   1  11   4   4   0  17   6  0.18 0.16
   82 G   -2  3  1 -2  1  0 -1 -2 -1 -3 -3  4 -2 -4 -3 -1  3 -4 -3 -2    2  15   6   1   4   4   1   3   1   1   1  30   1   0   0   1  25   0   0   2  0.52 0.34
   83 Y   -3  1 -4 -4 -4 -2 -3 -5 -1 -2 -1 -3  0  6 -4 -3 -3 -1  7 -3    1   8   0   0   0   2   1   1   1   2   4   0   2  33   0   1   1   0  38   1  1.16 0.48
   84 P   -2 -4 -4 -4  0 -3 -4  0 -5 -5 -4 -4 -5 -5  8 -3 -3 -5 -5 -4    2   0   0   0   2   1   1   7   0   0   2   0   0   0  77   1   1   0   0   1  2.08 0.69
   85 T    3 -3 -3 -4  0 -3 -3 -3 -4  2  0 -3 -1 -3 -3 -1  0 -4 -2  4   28   0   0   0   1   0   1   1   0  13   5   0   0   0   0   4   5   0   1  36  0.51 0.31
   86 G   -2 -4 -3 -4 -5 -4 -4  7 -4 -3 -5 -4 -5 -5 -3 -2 -4 -1 -5 -5    2   1   0   0   0   0   1  85   0   2   1   0   0   0   1   1   0   1   0   1  1.79 0.62
   87 L   -3 -4 -4 -5 -4 -3 -3 -5 -4  2  3 -4  2  6 -3 -4 -3 -2  0  0    1   0   0   0   0   1   1   1   0  10  26   0   5  44   1   1   0   0   1   4  0.92 0.41
   88 M   -4 -4 -4 -5 -4 -2 -5 -3 -4 -2 -1 -4 10  4 -5 -3 -2 -4 -3 -2    1   0   1   0   0   1   0   2   0   1   2   0  66  17   0   1   3   0   0   2  1.91 0.73
   89 D   -4 -4 -2  8 -6 -3 -1 -3 -4 -5 -6 -4 -5 -6 -4 -3 -4 -6 -5 -5    1   0   0  89   0   0   2   1   0   0   1   0   0   0   0   1   0   0   0   0  2.25 0.77
   90 V   -2 -4 -5 -4 -3 -4 -4 -5 -5  3 -1 -2 -2 -3 -4 -3 -1 -5 -4  6    2   0   0   1   0   0   0   1   0  13   2   3   0   0   0   2   2   0   0  70  1.20 0.52
   91 V   -2 -2 -4 -5 -3 -4 -5 -5 -5  6  2 -4  0 -2 -5 -3 -2 -4 -3  3    3   3   0   0   0   0   0   0   0  49  17   0   2   1   0   2   1   0   0  21  0.91 0.41
   92 R    0 -2 -2 -2 -4 -1  3 -1 -1 -5 -5 -1 -4 -5 -3  5  3 -5 -3 -4    7   1   1   1   0   1  17   3   1   0   0   3   0   0   0  48  15   0   1   0  0.76 0.45
   93 I   -3 -5 -6 -6 -4 -5 -6 -6 -5  7  2 -5  0  2 -5 -5 -1 -4 -3  1    1   0   0   0   0   0   0   0   0  61  15   0   1  10   0   0   3   0   0   8  1.20 0.51
   94 E   -3 -3 -2  3 -5  0  3 -1 -3 -3 -4 -1 -4 -5  6 -2 -1 -5 -5 -1    1   1   1  20   0   4  18   4   0   1   1   3   0   0  37   2   3   0   0   6  0.91 0.42
   95 K    0  1 -2  0 -4 -1  1 -1 -2 -4 -2  5 -3 -5  0  0 -1 -5 -4 -3    7   5   1   5   0   1  10   3   1   0   4  49   0   0   5   6   3   0   0   1  0.65 0.37
   96 T   -1  0 -1 -1 -2 -3 -2 -4 -4  1  0 -2  1 -3 -3  1  5 -4 -4 -1    4   5   3   3   1   0   1   0   0   9  10   1   3   0   0  11  44   0   0   3  0.53 0.36
   97 D   -3  1  4  2 -5  0  1  4 -1 -5 -5  1 -4 -5 -3 -1 -3 -5 -5 -5    1   9  24  11   0   3   7  32   1   0   0   8   0   0   1   2   0   0   0   0  0.72 0.39
   98 Q   -2 -2 -1  0 -6  2  6 -5 -3 -5 -1  2 -2 -3 -4 -1 -2 -5 -4 -2    2   1   2   5   0   7  52   0   0   0   6  15   1   1   0   3   2   0   0   4  0.89 0.49
   99 S   -1 -1  5 -1 -1  0 -2 -2  5 -3 -3 -2 -3  0 -4  0  0 -3  4 -1    5   2  31   1   1   3   2   3  15   1   1   1   0   3   0   7   5   0  14   4  0.58 0.36
  100 F   -5 -5 -5 -6 -5 -5 -5 -6 -3 -3 -1 -3  1  7 -6 -5 -5 -2  7 -1    0   0   0   0   0   0   0   0   0   1   4   1   3  42   0   0   0   0  42   4  1.83 0.70
  101 R   -5  8 -4 -5  2 -3 -4 -6  0 -2 -3 -1 -2 -6 -1 -4 -4 -6 -5 -4    0  79   0   0   5   0   0   0   3   2   3   2   1   0   3   0   0   0   0   1  1.88 0.78
  102 I   -2 -5 -5 -5  2 -3 -5 -5 -5  2  4 -5  4 -3 -5 -4 -3 -4 -4  4    3   0   0   0   4   1   0   0   0  11  35   0  11   0   0   0   0   0   0  33  0.88 0.44
  103 L   -2 -4 -5 -5 -3 -3 -4 -5 -3  3  4 -4  1  1 -4 -4 -2 -4 -2  3    3   0   0   0   0   1   0   0   1  18  37   0   3   7   0   0   1   0   1  25  0.71 0.36
  104 Y   -2 -2 -4 -5  1 -2 -4 -5 -1 -1  0 -2  0  2  4 -4 -3 -2  7 -1    2   2   0   0   4   2   0   0   1   3  11   2   2   8  20   0   1   0  38   3  0.93 0.47
  105 D   -2 -2  2  7 -6 -3 -1 -2 -2 -6 -6 -1 -5 -6 -2 -3 -3 -6  0 -3    3   2   8  68   0   0   1   3   1   0   0   4   0   0   2   1   1   0   3   2  1.47 0.64
  106 T   -1  1  0 -1 -2  0  1 -3  0 -1 -2  1 -1 -4  2 -1  3 -4 -3  1    3   9   3   2   0   2  12   1   2   3   3   8   1   0   9   1  24   0   1  13  0.24 0.24
  107 K   -2  0  0 -1 -5 -1 -2  0 -1 -1 -2  6 -2 -3 -4 -2  0 -5 -3 -1    1   4   5   3   0   2   1   7   2   5   3  53   1   1   0   2   6   0   1   4  0.70 0.43
  108 G   -3  0 -3 -3 -3 -3 -4  7  0 -7 -6  1 -5 -6 -1 -1 -4 -6 -2 -6    0   6   1   1   1   1   0  72   3   0   0   8   0   0   3   4   0   0   2   0  1.48 0.64
  109 R   -2  6 -1 -3  1  0 -2 -4  1 -5 -2  2 -1 -1 -2 -3 -3 -5  1 -3    3  54   2   1   4   3   1   1   3   0   3  11   2   3   2   1   1   0   4   2  0.98 0.53
  110 F   -5 -5 -6 -6 -5 -5 -6 -6  1  0  3 -6  1  7 -6 -3 -4 -3  3 -1    0   0   0   0   0   0   0   0   3   5  32   0   3  43   0   2   0   0   8   2  1.24 0.58
  111 V    2  1 -2 -2  1  0 -1 -2 -1  0 -2  0 -1 -2 -2  0  1  0 -1  2   18   9   1   2   4   3   2   2   1   5   0   6   1   1   1   7  12   1   2  22  0.17 0.21
  112 L   -2 -4 -5 -5  0 -4 -4 -5 -4  1  4 -4  0  0  1 -2 -1 -4  1  2    2   0   0   0   2   0   0   0   0   8  46   0   1   3   8   4   3   0   5  18  0.61 0.38
  113 K   -1  0 -1 -2 -4 -1 -3 -4  8  0 -2  0  0 -2 -2 -1  1 -5  0  1    5   4   3   2   0   3   0   0  37   6   4   6   2   1   2   3   8   0   2  13  0.72 0.43
  114 S   -2  4 -1 -2 -1  1  2 -3  1 -3 -3  3 -4 -5  4  0 -2 -5 -4 -4    1  25   3   1   1   4  12   1   3   1   3  17   0   0  18   8   1   0   0   0  0.61 0.38
  115 L   -4 -3 -2 -5 -4 -4 -2 -5 -5  7  1 -4 -2 -3 -5 -2 -1 -5 -1  1    0   2   2   0   0   0   3   0   0  66  10   0   0   0   0   3   3   0   2   6  1.17 0.56
  116 S   -1 -1  0  2 -3  0  0 -1 -1 -3 -2 -1 -3 -4  1  2  3 -4 -3 -3    2   3   5  13   0   3   6   3   2   1   4   3   0   0   7  20  25   0   0   1  0.37 0.28
  117 K    2 -1 -1  1 -3  0  2  0 -1 -1 -3  1 -3 -4  3  0  0 -4 -3 -2   18   1   2   6   0   4  15   5   1   5   1  10   0   0  17   6   5   0   0   2  0.31 0.24
  118 E   -2 -2 -1  3 -5  1  6 -1 -3 -3 -4  1 -2 -5 -4 -1 -2 -5 -5 -2    3   1   2  13   0   4  52   4   0   1   1   7   1   0   0   3   2   0   0   3  0.87 0.52
  119 E   -1 -2  1  2 -6 -1  6 -2 -1 -4 -3 -1 -4 -6 -4 -1 -2 -6 -5 -4    6   1   7  10   0   1  56   3   1   1   3   3   0   0   0   5   1   0   0   1  0.97 0.54
  120 A    4  0  1  0 -3  0  0  0 -3 -3 -4  0 -3 -4  0  2  0 -5 -4 -1   37   4   6   4   0   4   6   6   0   0   0   4   0   0   5  12   5   0   0   5  0.38 0.30
  121 K   -1  0  2  1  0  1  1  0  1 -3 -2  2  0  0 -3  0  0 -3  0 -1    4   4  12   9   3   4   9   6   4   0   3  14   3   4   0   5   6   0   3   4  0.14 0.14
  122 Y    0  0  0 -2 -2 -1 -2  0  2  0  0  0  1  1 -3  0  0  4  1  0    7   7   7   0   0   0   0   7   6   7   7   7   6   6   0   7   7   6   6   7  0.09 0.13
  123 K   -2  2 -1  0 -4 -1 -1 -3 -3 -1 -2  6  0 -4 -3 -1 -2 -4 -4 -2    3  10   3   5   0   0   0   0   0   4   3  60   2   0   0   4   0   0   0   3  0.81 0.42
  124 L   -2 -3 -4 -1 -3 -3 -3 -4 -3  1  4 -3  2  0  1 -3 -3  1  0  0    3   0   0   5   0   0   0   0   0   5  57   0   5   3   8   0   0   2   4   4  0.58 0.32
  125 L    0 -2 -3 -4  8 -3 -4  0 -3 -2  1 -2  1  0 -3 -1 -1  1  1  0    8   2   0   0  33   0   0   8   0   0  14   2   3   3   0   3   4   2   5   8  0.57 0.31
  126 K   -1  3 -1 -1 -3  1  0  0 -1 -1 -2  4 -1 -3 -2  1 -1 -3 -2 -2    1  16   1   1   0   8   1   9   0   8   1  38   0   0   1  14   1   0   0   1  0.30 0.11
  127 V    0 -2 -2 -2 -2 -1 -2 -1 -2  2  1  0  2 -1  1 -1 -1 -2 -2  2    7   1   1   1   0   1   1   7   0  20   7  10   9   0   6   1   1   0   0  28  0.13 0.07
  128 T   -2  5  0 -1 -4  0  1 -3 -2 -1  0  3 -1 -4 -3 -1  1 -4 -3 -1    2  32   5   2   0   2   7   2   0   3   8  17   2   0   0   2   9   0   0   5  0.42 0.27
  129 A   -1  2  3  1 -4  0 -1  1 -1 -4 -4  4 -3 -4 -2  0 -1 -4 -4 -4    3  11  13   6   0   3   2  12   2   0   1  34   0   0   2   7   2   0   0   1  0.53 0.30
  130 K   -1 -1 -2 -3 -1  0 -2 -3 -1  2  0  4 -1 -2 -3 -1 -1 -4 -2  3    2   2   1   0   1   4   1   2   1  12   7  32   1   2   0   3   4   0   1  20  0.35 0.26
  131 A    0  0 -1 -2  0  3 -1 -1 -1 -2 -1  0  0  2 -3  0  2 -2  2 -1   10   5   2   1   2  17   3   4   1   1   4   5   2  11   0   5  17   0   7   3  0.18 0.19
  132 I   -2 -3 -2 -3  0 -1 -2 -4  0  2  2 -2  3  1 -3 -1  2 -3  0  3    2   0   1   0   2   4   2   1   2  12  16   2   8   7   0   2  15   0   2  21  0.27 0.20
  133 G   -1 -1 -2 -3 -2 -3 -3  5 -4  1 -2 -2 -1 -4 -4 -1 -2 -4 -4  3    4   4   2   1   1   0   2  46   0   7   3   2   2   0   0   3   2   0   0  21  0.67 0.37
  134 P    0  0  0  0 -3  1 -1 -1 -1 -2 -2  3  0 -2  3  0  1 -4 -1 -2    9   4   4   4   0   8   2   3   1   2   2  24   2   1  14   5  11   0   3   1  0.29 0.22
  135 N   -2  1  1 -2 -4  0 -2  4 -1 -5 -4  5 -2 -3 -1 -2 -2 -4 -4 -4    2   7   7   1   0   4   2  30   1   0   1  37   1   1   3   2   2   0   0   1  0.73 0.40
  136 Q   -1 -2  1 -2 -4  0 -2  6 -4 -5 -5  0 -4 -5 -4 -1 -3 -5 -5 -5    4   2   8   2   0   4   3  63   0   0   1   7   0   0   0   4   0   0   0   0  1.12 0.48
  137 I   -1 -1 -1 -1 -3 -2 -2 -2  0  4 -1  1 -1 -3 -4 -2 -2 -4 -3  3    3   3   3   4   0   1   1   3   3  32   4  12   1   0   0   1   1   0   0  27  0.43 0.30
  138 P   -3 -3 -2 -4 -2 -2 -4 -3 -4  1  0 -4 -2 -2  7 -2  1 -5 -3 -1    1   1   2   0   1   1   0   1   0  10   8   0   1   1  57   2   7   0   1   4  1.31 0.54
  139 Y   -3 -2 -3 -4 -1  5 -2 -4  4 -2 -1 -3  1  1 -4 -2 -2 -2  6 -1    1   1   0   0   1  30   0   1  12   2   5   0   3   5   0   2   2   0  30   3  0.91 0.49
  140 I    0 -4 -4 -4 -1 -4 -4 -2 -4  3  4 -4  0 -1 -2 -3 -1 -3 -2  2    7   0   0   0   1   0   0   3   0  15  51   0   2   2   2   1   3   0   1  11  0.61 0.33
  141 V   -1  0  4 -3 -3 -1 -3 -2  3  0 -1 -2 -1 -1 -3 -1  1 -4  0  4    3   5  22   0   0   2   0   3   8   4   3   0   1   2   0   2  10   0   3  32  0.39 0.30
  142 T   -2 -4 -3 -4 -1 -3 -4 -4 -4 -1  3 -3 -1  1 -1  0  6 -4 -3 -2    2   0   0   0   1   0   0   1   0   2  26   0   1   5   4   4  52   0   0   0  0.85 0.48
  143 H   -3 -2  2 -2 -5 -2  0 -4  9 -5 -4 -2 -2 -2 -3 -1 -2 -4  2 -5    2   1   8   2   0   1   7   1  59   0   2   1   1   1   1   5   2   0   5   0  1.62 0.64
  144 D   -4 -4  0  8  1 -3 -2 -3 -4 -5 -5 -3 -5 -3 -1 -2 -4 -6 -2 -4    1   0   3  78   3   0   0   2   0   0   1   0   0   1   3   2   0   0   2   1  1.75 0.66
  145 S    2 -4 -3 -1 -4 -4 -3  6 -4 -3 -5 -4 -4 -5 -3 -1 -2 -5 -5 -3   14   0   0   3   0   0   1  69   0   1   1   0   0   0   1   3   2   0   0   2  1.29 0.51
  146 R   -1  6 -3 -4  0 -1 -2 -2  3 -4 -2  0 -2 -4 -1 -1  0 -4  0 -3    5  56   0   0   2   1   1   4   6   0   3   2   1   0   3   4   5   0   3   1  0.89 0.44
  147 T   -2 -2  5 -3  1 -3 -3 -3 -3 -4 -3 -3 -3 -4 -4  1  6 -5 -4 -2    2   2  29   0   3   0   0   1   0   0   1   0   0   0   0   7  50   0   0   1  1.10 0.53
  148 I   -3 -4 -4 -3 -2 -4 -4 -5 -1  6  1 -4  1  2 -4 -4 -2 -1  0  1    1   0   0   1   1   0   0   1   2  57  12   0   2   8   0   1   2   1   3   7  0.89 0.40
  149 R   -3  6 -3 -3  1 -1 -2 -3  0  1  1  1 -2 -3 -2 -2 -2 -4 -3 -1    1  49   0   0   3   1   1   1   2   8  16   6   0   0   2   2   2   0   0   3  0.70 0.37
  150 F   -1 -4 -4 -4 -1 -3 -3 -2  0  0  0 -4 -1  3 -4 -2 -1 -1  7  1    4   0   0   0   1   0   1   3   1   4   6   0   1  10   0   3   3   0  47  13  0.91 0.43
  151 P    0 -2 -2  1  3 -2  0 -3 -3 -2 -3 -1 -3 -4  6  0 -1 -5 -4 -1    6   2   1  10   6   0   7   1   0   2   3   2   0   0  44   7   3   0   0   4  0.86 0.37
  152 N   -2 -2  3  6 -5 -2  1 -2  2 -5 -5  0 -3 -4 -2 -1 -2 -5 -2 -4    2   1  12  54   0   1   7   3   6   0   1   4   1   1   1   2   2   0   1   1  1.00 0.44
  153 P   -2 -2 -2  1 -4  0  1 -2 -3 -2 -3  0 -4 -4  7 -1 -2 -4 -4 -4    2   2   2   9   0   3   8   3   0   2   2   5   0   0  53   5   2   0   0   1  1.12 0.43
  154 E    1 -1  0  2 -3  0  2 -2  0 -1  2  0 -1 -2 -2  1 -1 -3 -2 -1   11   3   5  12   0   3  13   2   2   1  24   4   1   1   1  11   3   0   0   4  0.13 0.14
  155 I   -3 -4 -3 -5 -2 -4 -4 -4 -3  6 -1 -4 -1  1 -4 -3 -1 -3  5  1    1   0   1   0   1   0   1   1   0  48   2   1   1   4   0   2   3   0  24   9  0.95 0.46
  156 K   -2  1  0  0 -4 -1  0 -2  1 -4 -4  6 -2 -4  0  0 -2 -4 -3 -3    2   6   5   5   0   2   3   2   3   0   1  55   1   1   4   7   1   0   1   2  0.77 0.42
  157 I    1 -2 -3 -3 -3 -2 -2 -2 -3  1 -2 -1 -1 -3  1 -1  3 -4 -3  4   10   2   0   0   0   2   1   2   0   5   2   3   1   0   7   4  25   0   0  34  0.44 0.32
  158 G   -2 -2  6 -1 -4 -2 -1  2  2 -4 -1  1 -3 -2 -4  0 -1 -4 -1 -4    1   1  45   1   0   0   2  17   5   0   7   8   1   2   0   5   2   0   3   0  0.73 0.41
  159 D   -4 -4 -1  8 -6 -2 -1 -3 -2 -5 -6 -4 -3 -3 -4  0 -2 -6  0 -5    0   0   1  79   0   1   1   2   1   0   0   0   1   1   0   5   2   0   4   1  1.76 0.68
  160 T   -1 -4 -3 -4 -1 -3 -3 -2 -4 -3 -4 -3 -3 -5 -4  3  6 -5 -4  0    3   0   0   0   1   0   0   3   0   1   0   1   0   0   0  25  59   0   0   6  1.16 0.59
  161 L   -3 -4 -4 -5 -3 -4 -5 -5 -5  5  2 -3 -1 -1 -4 -4 -1 -1 -3  5    0   0   1   0   0   0   0   0   0  31  19   2   0   1   0   0   2   1   0  40  0.89 0.42
  162 K   -2  1 -2 -3 -3  3 -2 -4 -2  0  0  4  0 -3 -2 -3 -2 -4 -3  2    1   7   1   0   0  15   0   0   0   6  11  35   3   1   1   0   1   0   0  18  0.49 0.34
  163 Y   -3 -4 -5 -5 -3 -4 -5 -5 -1  5  2 -4  2  1 -5 -4 -1 -3  2  3    1   0   0   0   0   0   0   0   2  40  19   0   4   5   0   0   4   0   7  18  0.72 0.36
  164 D   -2 -2  3  6 -3 -2  1 -2 -1 -5 -5  0 -4 -5 -3  2 -1 -5 -3 -4    2   1  13  49   1   1   6   2   1   0   0   5   0   0   0  14   4   0   1   0  0.94 0.44
  165 L   -3 -4  1 -4 -3 -2 -4 -5 -3  4  4 -4  0 -1 -4 -4 -2 -4 -3  2    0   0   7   0   0   2   0   0   1  26  47   0   1   2   0   0   1   0   0  11  0.72 0.37
  166 V    1 -2 -1  1 -4 -1  4 -2 -3 -4 -4  1 -4 -4  5 -1 -2 -5 -4 -2   11   1   2   9   0   2  31   3   0   1   1   8   0   1  26   3   1   0   0   2  0.69 0.37
  167 N   -2 -1  1  2 -4  0  2 -2 -3 -4 -4 -1 -3 -4 -1  1  5 -5 -4 -2    2   3   5  14   0   2  15   3   0   0   0   2   0   0   2  11  40   0   0   1  0.60 0.38
  168 N   -2  0  3 -1 -3  3 -1  4 -1 -5 -4  2 -1 -3 -2  0 -2 -4 -4 -4    0   5  14   1   1  14   3  34   1   0   1  14   2   1   1   7   1   0   0   0  0.55 0.32
  169 K   -2  0 -1 -1 -5  0  3 -2 -2 -4 -5  6 -4 -5 -3  0 -1 -5 -4 -4    1   3   2   3   0   3  16   2   1   1   0  59   0   0   0   5   3   0   0   0  1.00 0.50
  170 I   -3 -5 -5 -2 -3 -5 -5 -6 -5  7 -1 -5  0 -3 -4 -4 -3 -2 -4  3    1   0   0   2   0   0   0   0   0  69   3   0   2   0   1   1   0   1   0  19  1.37 0.57
  171 E   -1 -2 -2 -1 -3  0 -1 -3 -3  2  1  0  1 -2 -3  0  3 -4 -3  2    2   1   1   3   0   4   4   1   0  11  15   6   4   0   0   5  22   0   0  21  0.25 0.22
  172 N    0 -3  1  5 -5  1  3  0 -1 -4 -5 -1 -3 -4 -3  0 -2 -5 -4 -4    9   0   6  43   0   5  17   6   1   1   0   4   1   0   0   5   2   0   0   0  0.75 0.38
  173 F   -3 -3 -3 -4 -4 -3 -2 -5  7  1 -2 -3 -2  6 -5 -1 -2 -1  3  1    1   1   1   0   0   0   2   0  27   7   2   1   0  33   0   4   3   0   8   9  0.92 0.45
  174 A   -3 -4 -5 -5 -3 -4 -5 -5  1  6  1 -4 -1  3 -5 -3 -2 -3  2  2    1   0   0   0   0   0   0   0   3  48  14   0   0  12   0   1   1   0   7  10  0.81 0.40
  175 H   -2  0 -2 -3 -5  0  0 -4  0 -4 -5  5 -3 -5  5 -1 -1 -5 -4 -4    2   4   1   0   0   3   5   1   2   1   0  48   0   0  26   3   3   0   0   1  1.03 0.50
  176 L   -4 -2 -4 -6 -3 -5 -5 -6 -4 -1  1 -5  1  8 -2 -3 -4 -2  3 -3    1   2   1   0   0   0   0   0   0   3  13   0   4  60   2   2   1   0   9   1  1.36 0.56
  177 E   -1 -1 -1  4 -5  1  4 -1  1 -4 -3  1 -4 -5 -3 -1 -2 -5 -4 -3    5   3   0  29   0   5  33   5   4   0   2   7   0   0   0   4   0   0   0   1  0.67 0.37
  178 S    0 -2 -1 -1 -3  0  2 -3 -3  0 -1  0 -2 -3  1  0  3 -4 -3  2    5   0   2   2   0   3  20   0   0   5   3   6   0   0   6   7  21   0   0  20  0.28 0.25
  179 G   -3 -4  0 -1 -6 -5 -4  7 -3 -7 -7 -4 -6 -6 -5 -2 -4 -6 -6 -6    0   1   4   3   0   0   1  88   0   0   0   0   0   0   0   1   0   0   0   0  1.97 0.72
  180 N    2 -1  6 -1 -1 -1 -2 -2  1 -4 -4  1 -3 -5 -4  1 -1 -5 -4  0   20   2  42   1   1   1   0   1   3   0   0  10   1   0   0   9   2   0   0   7  0.69 0.41
  181 V   -2 -3 -3 -5 -2 -1 -4 -5 -3  1  4 -1  2 -1 -3 -3 -1 -1  2  2    2   1   1   0   1   2   0   0   0   8  45   4   6   1   1   1   3   1   8  15  0.49 0.30
  182 C    3 -4 -5 -5  7 -4 -5 -2 -4 -1 -3 -4 -3 -3 -4 -2 -2 -4 -4  4   28   0   0   0  28   0   0   3   0   2   0   0   0   0   0   1   1   0   0  35  1.09 0.53
  183 Y   -3 -4 -4 -5 -2 -2 -4 -5  0  1  1 -4  8  2 -5 -4  1 -3  3 -1    0   0   0   0   1   1   0   0   2   7  10   0  48   9   0   0   8   0  10   3  1.12 0.55
  184 I    1 -5 -5 -5 -2 -4 -5 -2 -5  4  0 -4 -1 -2 -4 -3 -2 -5 -3  5   11   0   0   0   1   0   0   3   0  30   4   0   1   1   0   0   1   0   0  48  0.90 0.45
  185 Q   -2 -4 -3 -2 -3 -3 -3 -4 -3  2 -3 -2 -1 -1 -3 -1  6 -4 -1  2    1   0   0   2   0   1   0   0   1  14   0   1   1   3   1   3  55   0   2  14  0.87 0.49
  186 Q   -1  1 -1 -1 -5 -1 -3  6 -1 -5 -5 -1 -4 -5 -4  0 -2  2 -4 -4    4   8   2   3   0   3   1  64   2   0   0   3   0   0   0   5   1   3   0   1  1.07 0.47
  187 G   -3 -2 -3 -3 -5 -5 -5  7 -3 -7 -6 -4 -6 -6 -5 -2 -4 -5 -6 -6    0   3   0   1   0   0   0  92   1   0   0   1   0   0   0   2   0   0   0   0  2.09 0.74
  188 N    2  5  1 -2 -3  0 -1 -2  2 -4 -4  3 -3 -4 -2  0 -2 -5 -3 -3   17  33   7   2   0   3   1   2   6   0   0  17   0   0   1   8   1   0   0   1  0.56 0.34
  189 N   -3 -3  7 -2 -6 -2 -3 -3  7 -6 -6 -3 -3 -5 -5 -1 -2 -6 -4 -6    2   1  65   0   0   1   0   1  24   0   0   0   0   0   0   4   1   0   0   0  1.84 0.73
  190 I    1  1 -3 -3 -2 -1 -3 -2 -3  1  2 -2  3 -2 -3  0  1 -2 -3  2   12   8   0   0   0   2   0   2   0   7  22   0   8   0   0   6  11   1   0  18  0.23 0.21
  191 G    0 -4 -3 -4 -5 -5 -4  7 -5 -6 -6 -4 -5 -6 -5 -2 -4 -5 -6 -6    5   1   1   0   0   0   0  89   0   0   0   1   0   0   0   1   0   0   0   0  2.02 0.71
  192 R   -3  6 -2 -2  0  0  2 -3 -1 -2 -3  1 -3 -1 -4 -2 -2 -4 -2 -3    1  56   1   1   2   2  13   1   1   2   2   6   0   3   0   2   2   0   1   1  0.94 0.46
  193 V   -2 -4 -4 -5 -2 -3 -4 -5  1  5  0 -3  0 -1 -4 -2  0 -4 -1  5    2   0   0   0   1   0   0   0   4  32   4   2   1   2   0   2   5   0   2  43  0.78 0.40
  194 G    0 -5 -3 -3 -5 -5 -4  7 -5 -6 -6 -4 -5 -6 -5 -3 -4  2 -5 -4    6   0   0   1   0   0   1  86   0   0   0   0   0   0   0   0   1   2   0   1  1.92 0.69
  195 I   -2  0 -2 -3  0  0  1 -4 -3  1 -1  1 -1 -3 -3 -2  3 -4 -3  4    1   6   1   1   2   3   8   0   0   8   2  12   0   0   0   1  21   0   0  32  0.37 0.30
  196 I   -4 -5 -5 -2 -4 -5 -5 -6 -5  7  1 -5  0 -2 -5 -4 -2 -5 -4  3    0   0   0   3   0   0   0   0   0  66   8   0   1   1   0   0   2   0   0  19  1.29 0.54
  197 Q   -2 -1  0 -1 -3  1  0 -3 -1  0 -2  2  1 -3 -3  0  3 -4 -2  2    1   2   4   3   0   8   6   1   1   5   1  17   4   1   0   4  25   0   1  18  0.29 0.26
  198 H   -1 -1  4  0 -4  1  3 -1  5 -4 -4  1 -3 -4 -3  1  0 -5 -2 -4    3   3  22   3   0   5  20   4  16   0   1   6   0   0   0  11   4   0   1   0  0.54 0.33
  199 I   -3  5 -4 -4 -4  0 -3 -4 -1  5 -2 -1 -2 -3 -5 -3 -3 -1 -1  1    1  34   0   0   0   3   1   1   1  43   2   2   0   1   0   1   1   1   2   6  0.89 0.48
  200 E   -3  0  0  1 -4  2  6 -1 -1 -1 -4  0 -4 -5 -4 -1 -1 -5 -4 -1    0   5   5   6   0   8  54   4   1   4   1   3   0   0   0   2   2   0   0   4  0.81 0.44
  201 K   -2  5 -2 -2 -3 -1  0 -3 -1  0 -2  3 -2 -4 -2 -2  0 -2 -2  2    1  31   1   1   0   1   6   1   2   6   2  22   0   0   1   1   6   1   1  15  0.48 0.32
  202 H   -1 -1 -1 -3 -5 -1 -2 -2  8 -3 -3  1 -3  0 -4 -1  1 -5 -1 -1    3   2   2   0   0   2   2   3  46   1   3   9   0   4   0   4  11   0   1   5  0.97 0.49
  203 Q   -2  1 -2  0 -5  0  0 -3 -2 -2 -2  3  1 -3  6 -2 -2 -1 -3 -3    2   8   1   4   0   4   5   1   1   2   4  18   4   1  38   2   1   1   1   2  0.75 0.37
  204 G   -2  0 -2 -3 -5 -4 -4  6 -4 -3 -3 -1 -3 -4 -4  2 -3 -5 -2 -3    1   6   1   1   0   0   0  66   0   2   2   3   1   0   0  14   0   0   1   2  1.15 0.52
  205 S   -1  0 -1 -3 -4 -2 -2  1 -2 -5 -5  1 -4 -3 -1  5  0  2 -1 -4    4   4   1   1   0   0   1  10   0   0   0   9   0   1   3  56   4   3   3   0  0.75 0.47
  206 F   -1  0 -3 -2 -1  0 -1 -2 -1 -2 -1  0 -1  6  1 -1 -2 -1  2 -2    4   5   1   2   1   5   3   4   1   1   4   6   1  41   8   3   1   1   6   2  0.53 0.32
  207 D   -2 -3  3  5 -2 -1  2 -3 -1 -4 -5 -2 -4 -5  1  2 -1 -5 -4 -4    2   1  14  37   1   1  16   1   1   1   0   1   0   0   6  15   3   0   0   1  0.77 0.41
  208 I   -2 -2  3 -3 -3 -3 -4 -4 -4  5  0 -2  1 -3 -4 -2  2 -5 -3  3    2   1  16   0   0   0   0   0   0  35   9   2   3   0   0   1  13   0   0  17  0.59 0.36
  209 C    0 -3 -3 -5 -1 -4 -4 -4 -5  4 -1 -4 -2 -2 -4 -2  0 -5 -1  5    7   1   1   0   1   0   0   1   0  23   2   0   0   1   0   2   5   0   2  53  0.87 0.44
  210 H   -2 -1 -2 -2 -1 -3 -2 -3  8  0 -3 -2 -1 -3 -4 -2  2 -5  1  2    2   2   1   2   1   0   2   1  44   5   2   2   1   1   0   1  15   0   3  14  0.99 0.50
  211 V   -2 -3 -5 -5 -3 -4 -4 -4 -5  4  2 -4  2 -1 -4 -3 -1 -4 -3  4    2   1   0   0   0   0   1   1   0  24  22   0   5   2   0   1   4   0   0  36  0.70 0.36
  212 K   -3  2 -1 -2 -4  2  3 -4 -3  0 -3  5 -2 -3 -3 -2  0 -5 -4  0    1  10   2   1   0   7  18   0   0   5   1  39   1   1   0   1   4   0   0   8  0.59 0.36
  213 D   -3 -3  0  7 -5 -1  2 -3 -4 -3 -5 -1 -5 -3 -4  0 -1 -6 -4 -5    1   1   4  64   0   2  10   2   0   1   0   3   0   1   0   6   4   0   1   0  1.28 0.55
  214 A    3 -1 -2 -2 -3 -1  0  0 -3 -2 -3  1 -2  0  0  2  1 -4 -3  0   35   2   1   1   0   1   4   7   0   1   1   8   0   5   4  14   9   0   0   6  0.30 0.25
  215 K    0 -1  3  2 -3  0  1 -1 -1 -1  0  0 -1 -3 -2  1  1 -4 -3 -1   10   3  18  12   0   4  11   4   1   2   9   6   1   0   0   8   8   0   0   3  0.20 0.17
  216 G   -3 -4 -1  3 -5 -3  1  6 -4 -6 -5 -2 -3 -1 -4 -2 -4 -5 -5 -5    0   0   3  19   0   0   8  61   0   0   0   2   1   3   0   2   0   0   0   0  1.21 0.52
  217 N   -1  1  4  1 -4 -1  2 -1  5 -4 -4  0 -3 -3 -2  0 -1 -4 -1 -3    4   8  24   5   0   1  14   5  18   1   0   6   0   1   1   5   4   0   1   1  0.53 0.31
  218 A   -1 -1  0  1 -3  1  2 -1 -1 -1 -2  0 -1 -4 -2  2  3 -4 -3  0    2   2   2   7   0   8  18   5   1   3   3   5   1   0   1  16  19   0   0   6  0.26 0.23
  219 F   -5 -3 -6 -7 -6 -6 -6 -5 -4 -1 -3 -6 -3  9 -7 -4 -4 -1  2 -2    0   1   0   0   0   0   0   1   0   2   1   0   0  83   0   1   1   0   6   3  2.28 0.81
  220 A    4  1 -3  0 -3  1  2 -2 -2 -3 -2 -1 -3 -3 -3  1  0 -5 -3 -2   41   7   0   4   0   5  17   1   1   0   3   2   0   1   0   9   6   0   1   2  0.44 0.34
  221 T   -3 -5 -4 -5  0 -5 -5 -4 -6 -3 -4 -5 -4 -6 -5 -2  8 -6 -5 -2    1   0   0   0   2   0   0   1   0   1   1   0   0   0   0   1  92   0   0   2  2.14 0.91
  222 R   -3  5  0 -4 -4 -1 -3 -5 -3  3  0 -1 -2 -4 -4 -1 -1  2 -4  1    0  42   4   0   0   2   0   0   0  20   8   2   0   0   0   5   4   3   0  10  0.69 0.42
  223 L    0 -2 -3 -3 -3 -1  2 -4 -3  1  4  1  1 -2 -3 -1 -2 -4 -3  0    6   0   0   1   0   3  14   1   0   7  42  12   3   1   0   4   1   0   0   3  0.37 0.29
  224 G   -1 -1  1  3 -2  0  2  1 -2 -4 -4 -1 -1 -5 -2  3  0 -5 -4 -3    3   2   7  20   1   3  14  11   0   0   0   3   2   0   2  27   4   0   0   1  0.44 0.30
  225 N   -5 -3  7 -3 -6 -4 -4 -5  1 -6 -6 -3 -5 -2 -6 -1 -4 -4  7 -6    0   1  55   0   0   0   0   0   3   0   0   1   0   0   0   4   0   0  35   0  1.83 0.77
  226 I   -1 -5 -6 -6  1 -5 -5 -5 -6  4  0 -5 -1 -3 -5 -3 -2 -6 -4  6    5   0   0   0   2   0   0   0   0  26   6   0   1   0   0   1   2   0   0  57  1.16 0.53
  227 F   -5 -6 -6 -7 -2 -5 -6 -7 -5  1 -1 -6  4  8 -7 -6 -5 -3  1  1    0   0   0   0   1   0   0   0   0   7   2   0  10  69   0   0   0   0   2   9  1.85 0.71
  228 V    0 -5 -5 -5 -1 -5 -5 -5 -6  3 -1 -5  1 -4  0 -3  1 -5 -4  6    7   0   0   0   1   0   0   0   0  13   2   0   4   0   5   1   7   0   0  61  1.01 0.51
  229 L   -4 -6 -6 -6 -4 -6 -6 -7 -6  7  0 -6 -1 -3 -6 -5 -2 -6 -4  3    0   0   0   0   0   0   0   0   0  75   4   0   0   0   0   0   2   0   0  19  1.73 0.67
  230 G   -2 -6 -4  1 -6 -5 -5  7 -5 -7 -7 -5 -6 -7 -6 -3 -5 -3 -7 -7    1   0   0   7   0   0   0  90   0   0   0   0   0   0   0   1   0   0   0   0  2.16 0.77
  231 Q   -2  1  1  0 -4  1  3 -3 -2 -4 -4  5 -3 -5 -2 -1  0 -4 -4 -2    2   5   5   3   0   5  21   1   1   0   1  41   0   0   2   4   7   0   0   2  0.65 0.36
  232 G    0 -3  0  3 -3 -2  1  4 -2 -4 -4 -2 -3 -4 -1  1 -2 -4 -2 -3    7   1   3  20   0   1   8  38   1   1   2   1   0   0   3  11   1   0   1   1  0.57 0.28
  233 K   -2 -1  4  0 -4 -1  3  0  0 -3 -3  2 -2 -4 -2  1  1 -4 -3 -3    1   2  22   3   0   1  23   6   2   1   2  11   1   0   1  13  11   0   0   1  0.42 0.26
  234 K   -1  0  0 -1 -4  0  1 -2  0 -4 -3  6 -3 -2 -2  0 -2 -4 -2 -4    4   3   4   3   0   2  10   2   2   0   2  57   0   2   1   5   2   0   1   0  0.79 0.41
  235 S    0 -4  0 -4 -5 -2 -4 -3 -5 -5 -4 -4 -5 -6  7  2  0 -6 -5 -4    9   0   4   0   0   1   0   1   0   0   2   0   0   0  60  15   5   0   0   1  1.53 0.61
  236 W   -2 -3 -5 -4 -4 -2  0 -3 -3  0  2 -3  1  2 -5 -4 -4  9  2  1    3   1   0   0   0   1   9   2   0   4  18   1   3   7   0   0   0  32   7  12  1.04 0.44
  237 I   -4 -5 -6 -6 -4 -5 -5 -6 -6  7 -1 -4 -2 -3 -4 -5 -2 -5 -4  4    0   0   0   0   0   0   0   0   0  62   2   1   0   0   1   0   1   0   0  31  1.44 0.57
  238 E   -1 -2 -1 -1 -4 -1 -1 -3 -2 -4 -4  0 -4 -5 -3  6  3 -5 -3 -3    1   1   1   2   0   2   2   0   1   0   1   6   0   0   0  59  21   0   1   1  0.96 0.52
  239 L   -4 -5 -6 -6 -4 -5 -6 -6 -5  1  6 -5  2 -2 -4 -4 -4 -4 -4  0    0   0   0   0   0   0   0   0   0   6  84   0   4   1   1   1   0   0   0   4  1.39 0.56
  240 P   -3 -3 -3 -2 -6 -4 -2 -5 -2 -6 -3 -3 -5 -6  8 -3 -3 -7 -6 -5    1   1   1   2   0   0   2   0   1   0   3   1   0   0  86   1   1   0   0   0  2.45 0.75
  241 S   -1  3 -2 -1  0  1  2  0 -1 -5 -4  5 -3 -5 -3  0 -2 -3 -4 -4    5  17   0   2   2   3  17   8   1   0   1  38   0   0   0   5   0   0   0   0  0.60 0.32
  242 G   -1 -1 -1  0 -4 -1  2  6 -3 -5 -5 -2 -4 -4 -4 -2 -1 -5 -4 -3    2   3   2   3   0   3  15  64   0   0   0   1   0   1   0   2   3   0   0   1  1.04 0.41
  243 D   -2  2 -1 -1 -5  1  1 -2 -3 -4 -4  6 -3 -5 -3 -2 -2 -5 -4 -3    2   8   2   3   0   6   7   3   0   0   1  64   0   0   0   0   1   0   0   1  0.95 0.41
  244 G   -1 -5 -1 -4 -5 -4 -5  7 -5 -6 -6 -4 -5 -6 -5 -1 -4 -5 -6 -6    2   0   2   0   0   0   0  94   0   0   0   0   0   0   0   2   0   0   0   0  1.99 0.57
  245 V   -3 -5 -5 -5 -3 -5 -5 -6 -5  6  1 -5 -1 -2 -5 -4 -1 -5 -3  4    0   0   0   0   0   0   0   0   0  55   7   0   0   0   0   0   3   0   0  35  1.11 0.41
  246 R   -3  5 -2 -3  1 -1 -2 -4  2 -5 -5  6 -4 -5 -4 -3 -3 -5 -2 -5    0  40   0   0   3   0   0   0   5   0   0  50   0   0   0   0   0   0   1   0  1.23 0.44
  247 E   -3 -2 -4 -5 -3 -2 -3 -5 -1  0  5  1  1 -1 -1 -4 -1 -4 -1 -1    0   1   0   0   0   1   1   0   1   2  74   9   2   0   3   0   3   0   1   0  0.76 0.33
  248 T   -1 -3  2 -1 -3 -2 -2 -2 -3 -3 -4 -2 -3 -4 -2  4  5 -5 -4 -3    0   0   9   3   0   0   0   1   0   0   0   0   0   0   1  41  45   0   0   0  0.91 0.38
  249 I    0 -3 -3 -4 -3 -3  0 -5 -4  6  0 -4 -1 -1 -4 -2 -2 -4 -3  2    6   1   1   0   0   0   8   0   0  68   2   0   0   2   0   2   1   0   0   9  0.83 0.34
  250 L    3 -3 -3 -4 -2 -3 -3 -2 -3  3  2 -3  1  0 -3  0  0 -3  0  1   37   0   0   0   0   0   0   0   0  23  18   0   2   4   0   4   4   0   4   4  0.35 0.21
  251 E   -3 -2 -2  1 -6  2  7 -4 -2 -5 -5  0 -1 -5 -3 -2 -3 -5 -4 -4    0   0   0   7   0   9  79   0   0   0   0   3   2   0   0   0   0   0   0   1  1.41 0.46
  252 E   -3 -1 -1  1 -6  1  6 -4 -2 -2 -4  1 -1 -5 -3 -2 -3 -5 -4 -4    0   1   2   6   0   4  75   0   0   3   0   8   2   0   0   0   0   0   0   0  1.22 0.41
  253 R    0  7 -2 -3 -4  0 -2 -3 -2 -1 -3  0 -3 -4 -4  1 -2 -5 -4 -3    6  68   0   0   0   3   0   1   0   5   1   2   0   0   0  15   0   0   0   0  1.07 0.38
  254 K   -1  0  4  5 -5  0  2 -3 -1 -3 -4  1 -4 -5 -3 -1 -2 -5 -4 -4    3   5  21  42   0   3  14   0   1   2   0   7   0   0   0   1   1   0   0   0  0.75 0.26
  255 R    0  3  0 -1 -4  0  1 -2 -1 -1  0  4 -1 -3 -3 -1 -2 -1 -3 -1    8  22   3   1   0   3   8   2   0   3  11  34   1   0   0   0   0   1   0   3  0.34 0.18
  256 K   -2  7 -2 -3 -5  1 -1 -4 -2 -5 -2  3 -3 -5 -4 -2 -3 -5 -4 -4    2  71   0   0   0   5   2   0   0   0   3  17   0   0   0   0   0   0   0   0  1.28 0.38
  257 F   -3  1 -3 -4 -3 -2 -3 -5 -3  1  4 -2  2  1 -3 -3 -2 -2  2  0    0  12   0   0   0   0   1   0   0   7  56   0   5   6   0   0   0   0   9   3  0.50 0.21
  258 S    6 -3 -3 -3 -2 -2 -2 -1 -1 -3 -3 -2 -2 -4 -2  1 -1 -4 -3 -1   92   0   0   0   0   0   0   0   2   0   0   0   0   0   0   7   0   0   0   0  0.91 0.26
  259 Y   -2 -1 -1 -2 -3  0 -1 -3  7 -3 -2 -1 -2  1 -3 -1 -2  0  6 -2    0   0   0   0   0   0   0   0  55   0   0   0   0   0   0   0   0   0  45   0  0.76 0.03

                      K         Lambda
Standard Ungapped    0.1383     0.3184
Standard Gapped      0.0474     0.2670
PSI Ungapped         0.1542     0.3128
PSI Gapped           0.0474     0.2670
