
Last position-specific scoring matrix computed, weighted observed percentages rounded down, information per position, and relative weight of gapless real matches to pseudocounts
           A  R  N  D  C  Q  E  G  H  I  L  K  M  F  P  S  T  W  Y  V   A   R   N   D   C   Q   E   G   H   I   L   K   M   F   P   S   T   W   Y   V
    1 R   -1  4  0 -1 -4  3  1 -2  0 -3 -3  3 -1 -3 -2 -1 -1 -3 -2 -3    0  34   0   0   0  24   6   0   0   0   0  37   0   0   0   0   0   0   0   0  0.54 0.03
    2 P   -1 -3  0 -2 -3 -2 -2 -3 -2 -1 -3 -2 -1 -4  7 -1 -1 -4 -3 -2    0   0   7   0   0   0   0   0   0   5   0   0   2   0  81   0   4   0   0   0  1.63 0.08
    3 R   -2  6 -1  0 -4  2  0 -3 -1 -4 -3  3 -2 -4 -2 -1 -2 -4 -2 -3    0  64   0   3   0   9   2   0   0   0   0  20   0   0   0   2   0   0   0   0  0.79 0.10
    4 F   -3 -3 -4 -5 -3 -3 -4 -5 -3  0  1 -4  7  6 -5 -3 -2 -2  0 -1    0   0   0   0   0   0   0   0   0   1   6   0  48  45   0   0   0   0   0   0  1.13 0.22
    5 S    0  1  0  0 -3  2  1  0  0 -3 -3  3 -2 -4 -1  2  1 -3 -2 -3    3   5   2   3   0  13   9   5   1   0   0  28   0   0   1  24   6   0   0   0  0.34 0.09
    6 F   -4 -4 -5 -5 -4 -5 -5 -5 -2 -2 -1 -5 -2  8 -5 -4 -4  1  4 -2    0   0   0   0   0   0   0   0   0   0   0   0   0  89   0   0   0   1  10   0  1.73 0.25
    7 S   -1  0  0  2 -3  1  4 -2 -1 -3 -3  1 -3 -4 -2  1  2 -4 -3 -3    3   5   2  11   0   3  43   0   0   0   0   8   0   0   0  11  16   0   0   0  0.50 0.11
    8 I   -2 -1 -3 -4 -1 -2 -3 -4 -2  2  4 -1  1 -1 -3 -3 -1 -3 -2  2    0   4   0   0   1   0   0   0   1  15  59   5   0   0   0   0   1   0   0  12  0.46 0.11
    9 A    0 -1  0  1 -2  0 -1 -2  3  1  2  0  0 -1 -2  0 -1 -3 -1 -1    8   0   3  11   0   3   0   0  12   8  32  10   1   1   0   6   3   0   0   0  0.11 0.06
   10 A    4 -1  0 -2  1 -1 -1  1 -1 -3 -3  2 -2 -3 -2  0  1 -4 -3 -2   56   0   5   0   3   2   0   7   1   0   0  14   0   0   0   2  10   0   0   0  0.41 0.12
   11 R   -1  1  0 -2 -2  2  0 -3 -2 -2 -3  0 -2 -4 -2  1  5 -4 -3 -1    2   6   2   0   0  11   3   0   0   1   0   5   0   0   0   4  64   0   0   1  0.64 0.17
   12 E   -2 -2  0  7 -5  0  1 -3 -2 -4 -5 -2 -4 -5 -3  0 -2 -5 -4 -4    1   0   2  79   0   3   6   0   0   0   0   0   0   0   0   8   1   0   0   0  1.25 0.20
   13 G   -1 -4 -2 -3 -4 -3 -4  7 -4 -5 -5 -3 -4 -5 -4 -1 -3 -4 -5 -4    0   0   0   0   0   1   0  98   0   0   0   0   0   0   0   1   0   0   0   0  1.68 0.22
   14 K    1  3  0 -2 -3  1 -1 -1  0 -2 -1  3  0 -3 -1 -1 -1 -3 -2 -2   20  20   4   1   0   3   0   3   2   0   4  34   4   1   2   1   1   0   0   1  0.31 0.09
   15 A    6 -3 -3 -3 -2 -2 -2 -1 -3 -3 -3 -2 -2 -4 -2  0 -1 -4 -3 -1   98   0   0   0   0   0   0   0   0   0   0   0   0   0   0   1   0   0   0   0  1.12 0.23
   16 R   -3  8 -2 -3 -5 -1 -2 -4 -2 -5 -4  1 -3 -5 -4 -2 -3 -4 -3 -4    0 100   0   0   0   0   0   0   0   0   0   0   0   0   0   0   0   0   0   0  1.74 0.27
   17 T   -2  6 -2 -3 -4  0 -2 -3 -2 -3  0  0 -2 -3 -3 -1  3 -4 -3 -2    2  62   0   0   0   1   0   0   0   0   9   1   0   0   0   0  25   0   0   0  0.79 0.17
   18 G   -1 -4 -2 -3 -4 -3 -4  7 -4 -5 -5 -3 -4 -5 -4 -1 -3 -4 -5 -5    2   0   0   0   0   0   0  97   0   0   0   0   0   0   0   1   0   0   0   0  1.68 0.22
   19 T   -1  5 -1 -2 -3  1  1 -3 -1 -2 -2  1 -2 -3 -3 -1  1 -4 -2  1    4  42   0   0   0   7  13   0   1   1   1   4   0   0   0   1  13   0   0  13  0.42 0.11
   20 I   -2 -4 -4 -4 -2 -3 -4 -5 -4  4  4 -4  2 -1 -4 -3 -2 -3 -2  2    0   0   0   0   0   0   0   0   0  39  47   0   3   0   0   0   0   0   0  10  0.66 0.13
   21 E    0  1  0  0 -2  1  0 -2  2  0 -2  0 -1 -3 -2  1  3 -3 -1  0    6   6   2   4   0   6   2   0   9   6   0   6   0   0   0  14  29   0   0   7  0.19 0.07
   22 M   -2 -3 -3 -4 -3 -3 -3 -4 -3 -1  0 -3  5  6 -4 -2  3 -1  0 -1    0   0   0   0   0   0   0   0   0   0   5   0  21  44   0   1  29   0   0   0  0.72 0.17
   23 K    1  0 -1  0 -3  0  2 -2 -2 -3 -3  0 -2 -4  6 -1 -2 -4 -3 -3   15   6   1   6   0   4  14   1   0   0   1   4   1   0  47   1   0   0   0   0  0.89 0.13
   24 R   -3  7 -2 -3 -5  0 -2 -4  5 -5 -4  1 -3 -4 -4 -2 -3 -4 -2 -4    0  84   0   0   0   0   0   0  15   0   0   1   0   0   0   0   0   0   0   0  1.41 0.23
   25 G   -1 -4 -2 -3 -3 -3 -4  7 -4 -5 -5 -3 -4 -5 -2 -2 -3 -4 -5 -5    0   0   0   0   0   0   0  98   0   0   0   0   0   0   1   0   0   0   0   0  1.69 0.22
   26 V   -1 -2 -1  1 -2 -1  2 -2 -2  0 -1 -1 -1 -3 -1  0  3 -4 -3  2    2   0   1  11   0   1  22   1   0   3   1   1   0   0   1   3  27   0   0  25  0.26 0.09
   27 I   -2 -4 -4 -4 -2 -4 -4 -5 -4  5  0 -4  0 -1 -4 -3 -1 -4 -2  5    0   0   0   0   0   0   0   0   0  47   0   0   0   1   0   0   0   0   0  51  0.83 0.16
   28 R   -2  5 -1  1 -5  2  4 -3 -1 -4 -4  0 -3 -4 -2 -1 -2 -4 -3 -4    0  41   1   7   0  10  41   0   0   0   0   0   0   0   1   0   0   0   0   0  0.82 0.16
   29 T   -2 -3 -2 -3 -2 -2 -2 -3 -3 -2 -3 -2 -2 -4 -3  0  7 -4 -3 -2    0   0   0   0   0   0   0   0   0   0   0   0   0   0   0   0 100   0   0   0  1.41 0.26
   30 P   -3 -4 -4 -3 -5 -3 -3 -4 -4 -5 -5 -3 -4 -6  8 -3 -3 -6 -5 -4    0   0   0   0   0   0   0   0   0   0   0   0   0   0 100   0   0   0   0   0  2.71 0.29
   31 A    6 -3 -3 -3 -2 -2 -2 -1 -3 -1 -3 -2 -2 -4 -2  0 -1 -4 -3  0   93   0   0   0   0   0   0   0   0   2   0   0   0   0   0   0   1   0   0   5  0.97 0.21
   32 F   -4 -5 -5 -5 -4 -5 -5 -5 -3 -2 -1 -5 -2  8 -5 -4 -4 -1  2 -3    0   0   0   0   0   0   0   0   0   0   0   0   0 100   0   0   0   0   0   0  1.92 0.27
   33 M   -3 -3 -4 -5 -3 -2 -4 -5 -4 -1  0 -3 10 -2 -5 -3 -3 -3 -3 -1    0   0   0   0   0   0   0   0   0   0   0   0 100   0   0   0   0   0   0   0  2.01 0.33
   34 P   -3 -4 -4 -3 -5 -3 -3 -4 -4 -5 -5 -3 -4 -6  8 -3 -2 -6 -5 -4    0   0   0   0   0   0   0   0   0   0   0   0   0   0  99   0   1   0   0   0  2.68 0.29
   35 V   -2 -4 -5 -5 -2 -4 -4 -5 -5  1 -1 -4 -1 -2 -4 -3 -1 -4 -3  6    0   0   0   0   0   0   0   0   0   0   0   0   0   0   0   0   0   0   0 100  1.19 0.23
   36 G   -1 -4 -2 -3 -4 -3 -4  7 -4 -5 -5 -3 -4 -5 -4 -2 -3 -4 -5 -5    0   0   0   0   0   0   0 100   0   0   0   0   0   0   0   0   0   0   0   0  1.76 0.23
   37 T   -2 -3 -2 -3 -3 -2 -2 -3 -3 -2 -3 -2 -2 -4 -3  0  7 -4 -3 -2    0   0   0   0   0   0   0   0   0   0   0   0   0   0   0   0 100   0   0   0  1.42 0.26
   38 A    3 -3 -3 -4 -1 -1 -3 -1 -1 -2 -2 -2 -2  0 -3 -1 -2  0  6 -1   41   0   0   0   1   2   0   3   0   0   1   0   0   0   0   0   0   0  48   5  0.76 0.18
   39 A    3 -3 -2 -3 -3 -3 -3  6 -3 -4 -4 -2 -3 -4 -3 -1 -2 -4 -4 -3   36   0   0   0   0   0   0  64   0   0   0   0   0   0   0   0   0   0   0   0  1.04 0.17
   40 T   -1 -3 -2 -3 -2 -2 -2 -3 -3 -2 -3 -2 -2 -4 -3  1  7 -4 -3 -2    2   0   0   0   0   0   0   0   0   0   0   0   0   0   0   5  93   0   0   0  1.24 0.24
   41 V   -2 -4 -4 -5 -2 -4 -4 -5 -5  1 -1 -4 -1 -2 -4 -3 -1 -4 -3  6    0   0   0   0   0   0   0   0   0   0   0   0   0   0   0   0   0   0   0 100  1.19 0.23
   42 K   -2  1 -2 -2 -5  0 -1 -3 -2 -4 -4  7 -3 -5 -3 -2 -2 -5 -3 -4    0   0   0   0   0   0   0   0   0   0   0 100   0   0   0   0   0   0   0   0  1.42 0.25
   43 A    4 -3 -2 -3 -2 -2 -2  4 -3 -3 -3 -2 -3 -4 -2  0 -1 -4 -3 -2   52   0   0   0   0   0   0  42   0   0   0   0   0   0   0   5   1   0   0   0  0.77 0.15
   44 L   -3 -3 -4 -5 -3 -2 -4 -5 -3  0  1 -3  9 -2 -4 -3 -2 -3 -3 -1    0   0   0   0   0   1   0   0   0   1   7   0  91   0   0   0   0   0   0   1  1.69 0.29
   45 K   -1  0 -2 -3 -2 -1 -2 -3 -2 -1  1  1  2  0 -3  0  4 -2  3 -1    0   5   0   0   0   0   0   0   0   0  18  10   9   2   0   3  37   0  15   0  0.29 0.11
   46 P   -2 -4 -4 -3 -4 -3 -3 -4 -4 -3 -2 -3  0 -5  8 -2 -2 -5 -4 -2    1   0   0   0   0   0   0   0   0   0   4   0   4   0  87   1   2   0   0   2  2.14 0.25
   47 E    0  2 -1  3 -4  1  5 -2 -1 -4 -4  0 -3 -4 -2 -1 -2 -4 -3 -3    7  12   0  15   0   4  55   2   0   0   0   2   0   0   0   0   0   0   0   1  0.66 0.14
   48 T   -1 -1  0  3 -4  3  4 -2 -1 -4 -4  0 -3 -4 -2  1 -1 -4 -3 -3    4   0   3  22   0  18  35   0   0   0   0   0   0   0   0  16   1   0   0   0  0.60 0.12
   49 V   -2 -4 -4 -4 -2 -3 -4 -5 -4  3  2 -4  0 -2 -4 -3 -1 -4 -2  5    0   0   0   0   0   0   0   0   0  12  16   0   0   0   0   0   0   0   0  72  0.77 0.16
   50 R    1  5 -1 -1 -3  1  2 -2  0 -3 -3  3 -2 -4 -2 -1 -1 -4 -3 -2   14  42   0   2   0   2  15   0   2   0   1  17   0   0   0   1   3   0   0   1  0.50 0.11
   51 A    3 -2 -1  3 -3  0  3  0 -2 -3 -3 -1 -2 -4 -2  0 -1 -4 -3 -2   42   0   1  17   0   2  24   7   0   0   0   2   0   0   0   4   1   0   0   0  0.43 0.11
   52 T    0 -3 -2 -3 -2 -2 -2 -2 -3  2  1 -2  0 -2 -3  0  5 -3 -3  0    6   0   0   0   0   0   0   1   0  17  14   0   2   0   0   3  55   0   0   2  0.48 0.14
   53 G   -1 -4 -2 -3 -4 -2 -4  7 -4 -5 -5 -3 -4 -5 -4 -2 -3 -4 -5 -5    0   0   0   0   0   1   0  98   0   0   0   0   0   0   0   0   0   0   0   0  1.70 0.22
   54 A    6 -3 -3 -3 -2 -2 -2 -1 -3 -3 -3 -2 -2 -4 -2  0 -1 -4 -3 -2   97   0   0   0   0   0   0   0   0   0   0   0   0   0   0   3   0   0   0   0  1.10 0.22
   55 D   -2 -1  0  5 -5  4  3 -3  3 -4 -4 -1 -3 -4 -3 -1 -2 -4 -3 -4    0   1   0  44   0  26  21   0   8   0   0   0   0   0   0   0   0   0   0   0  0.87 0.16
   56 I   -3 -4 -5 -5 -3 -4 -5 -5 -5  7  0 -4  0 -2 -4 -4 -2 -4 -3  2    0   0   0   0   0   0   0   0   0  93   0   0   1   0   0   0   0   0   0   6  1.18 0.22
   57 I   -2 -4 -4 -4  3 -4 -4 -5 -4  5  3 -4  1 -1 -4 -3 -2 -3 -2  2    0   0   0   0   8   0   0   0   0  48  32   0   0   0   0   0   0   0   0  12  0.63 0.13
   58 L   -3 -4 -5 -5 -3 -4 -4 -5 -4  0  6 -4  1 -1 -4 -4 -3 -3 -2  0    0   0   0   0   0   0   0   0   0   0 100   0   0   0   0   0   0   0   0   0  1.12 0.20
   59 G   -1 -4 -2 -3 -4 -3 -4  7 -4 -5 -5 -3 -4 -5 -4 -2 -3 -4 -5 -5    0   0   0   0   0   0   0 100   0   0   0   0   0   0   0   0   0   0   0   0  1.76 0.23
   60 N   -3 -2  8  0 -4 -2 -2 -2 -1 -5 -5 -2 -4 -5 -4 -1 -2 -6 -4 -5    0   0 100   0   0   0   0   0   0   0   0   0   0   0   0   0   0   0   0   0  1.80 0.28
   61 T   -2 -3 -2 -3 -2 -2 -2 -3 -3 -2 -3 -2 -2 -4 -3  0  7 -4 -3 -1    0   0   0   0   0   0   0   0   0   0   0   0   0   0   0   0  98   0   0   2  1.36 0.26
   62 Y   -4 -4 -4 -5 -4 -4 -4 -5 -1 -2 -2 -4 -2  6 -5 -4 -3  0  7 -2    0   0   0   0   0   0   0   0   0   0   0   0   0  49   0   0   0   0  51   0  1.51 0.23
   63 H   -4 -2 -1 -3 -5 -1 -2 -4 10 -5 -5 -3 -4 -3 -4 -3 -4 -4  0 -5    0   0   0   0   0   0   0   0 100   0   0   0   0   0   0   0   0   0   0   0  2.47 0.33
   64 L   -3 -4 -5 -5 -3 -4 -4 -5 -4  0  6 -4  1 -1 -4 -4 -3 -3 -2  0    0   0   0   0   0   0   0   0   0   0 100   0   0   0   0   0   0   0   0   0  1.12 0.20
   65 M   -3 -3 -4 -5 -3 -2 -4 -4 -3 -1  0 -3  9 -1 -4 -3 -3  8  0 -1    1   0   0   0   0   0   0   0   0   0   0   0  75   0   0   1   0  22   2   0  1.65 0.28
   66 L   -3 -4 -5 -5 -3 -3 -4 -5 -3  1  6 -4  1 -1 -4 -4 -3 -3 -2  0    0   0   0   0   0   0   0   0   0   1  98   0   0   0   0   0   0   0   0   0  1.07 0.20
   67 R   -3  8 -2 -3 -5 -1 -2 -4 -2 -5 -4  1 -3 -5 -4 -2 -3 -4 -3 -4    0 100   0   0   0   0   0   0   0   0   0   0   0   0   0   0   0   0   0   0  1.73 0.26
   68 P   -3 -4 -4 -3 -5 -3 -3 -4 -4 -5 -5 -3 -4 -6  9 -3 -3 -6 -5 -4    0   0   0   0   0   0   0   0   0   0   0   0   0   0 100   0   0   0   0   0  2.71 0.29
   69 G   -1 -3 -2 -3 -4 -3 -3  6 -3 -5 -5 -3 -4 -4 -3 -1  1 -4 -4 -4    0   0   0   0   0   0   0  85   0   0   0   0   0   0   0   2  13   0   0   0  1.33 0.19
   70 A    4 -2 -2 -2 -2  1 -1 -2 -2 -2 -1 -1  0 -3 -1  0  3 -3 -3 -1   49   0   0   0   0  10   1   0   0   0   3   0   2   0   2   0  32   0   0   1  0.46 0.14
   71 E   -2 -2 -1  2 -5  1  6 -2 -2 -5 -4  0 -3 -5 -3 -1 -2 -4 -4 -4    0   0   0  11   0   2  83   2   0   0   0   1   0   0   0   1   0   0   0   0  1.18 0.21
   72 R   -2  5 -3 -3 -3 -1 -2 -4 -2  3  0  0 -1 -2 -3 -2 -2 -4 -3  3    0  47   0   0   0   0   1   0   0  21   3   0   0   0   0   0   0   0   0  27  0.57 0.14
   73 I   -2 -4 -4 -4 -2 -3 -4 -5 -4  5  1 -3  4 -1 -4 -3 -1 -4 -2  4    0   0   0   0   0   0   0   0   0  44   1   0  17   0   0   0   0   0   0  38  0.74 0.16
   74 A    3  2 -1  0 -2  1  1 -1 -1 -3 -3  3 -2 -4 -2  0 -1 -4 -3 -2   41  11   1   5   0   5   9   2   0   0   0  23   0   0   0   2   0   0   0   0  0.36 0.10
   75 K    1  5 -1 -2 -3  2  0 -2 -1 -3 -1  2  0 -3 -2 -1 -1 -3 -2 -2   19  42   1   0   0   9   4   0   1   0   7  14   3   0   0   0   0   0   0   0  0.44 0.11
   76 L   -3 -2 -2 -4 -3 -2 -3 -4  8 -1  4 -3  0 -1 -4 -3 -3 -3 -1 -2    0   0   0   0   0   0   0   0  47   0  49   0   1   1   0   0   0   0   0   0  0.94 0.19
   77 G   -1 -4 -2 -3 -4 -3 -3  7 -4 -5 -5 -3 -4 -5 -4 -2 -3 -4 -5 -5    0   0   0   0   0   0   0  99   0   0   0   0   0   0   0   0   0   0   0   0  1.74 0.23
   78 G   -2 -3 -1  5 -4 -2 -1  5 -3 -5 -5 -2 -4 -5 -3 -1 -2 -4 -4 -4    0   0   0  41   0   0   0  56   0   0   0   0   0   0   0   3   0   0   0   0  1.07 0.17
   79 L   -3 -4 -5 -5 -3 -4 -4 -5 -4  0  6 -4  1 -1 -4 -4 -3 -3 -2  0    0   0   0   0   0   0   0   0   0   0 100   0   0   0   0   0   0   0   0   0  1.12 0.20
   80 H   -4 -2 -1 -3 -5 -1 -2 -4 10 -5 -5 -3 -3 -3 -4 -3 -4 -4  0 -5    0   1   0   0   0   0   0   0  99   0   0   0   0   0   0   0   0   0   0   0  2.44 0.32
   81 S   -1  2  0  5 -4  1  2  0  0 -4 -4  2 -3 -4 -2  0 -1 -4 -3 -3    1  11   1  41   0   4  11   8   2   0   0  16   0   0   0   3   3   0   0   0  0.52 0.10
   82 F   -4 -4 -5 -5 -4 -5 -5 -5 -3 -2  0 -5  0  8 -5 -4 -4 -1  2 -2    0   0   0   0   0   0   0   0   0   0   3   0   1  96   0   0   0   0   0   0  1.77 0.26
   83 M   -1 -3 -3 -5 -2 -2 -4 -4 -3  1  0 -3  9 -2 -4 -2 -1 -3 -3 -1    5   0   1   0   0   0   0   0   0   6   0   0  83   0   0   1   3   0   0   0  1.37 0.27
   84 G   -2  2  5  0 -4  3 -1  1  3 -4 -4  0 -3 -4 -3 -1 -2 -4 -2 -4    0  14  35   2   0  22   0  12  11   0   0   3   0   0   0   0   0   0   0   0  0.58 0.13
   85 W   -5 -5 -6 -7 -5 -4 -5 -5 -5 -5 -4 -5 -4 -1 -6 -5 -5 13  0 -5    0   0   0   0   0   0   0   0   0   0   0   0   0   0   0   0   0 100   0   0  3.92 0.39
   86 D   -2 -1  0  5 -4  2  2 -3  2 -4 -4  1 -3 -4  3 -1 -2 -4 -3 -4    0   1   2  39   0  14  10   0   7   0   0   9   0   0  16   2   0   0   0   0  0.65 0.12
   87 R   -1  4 -1 -2 -4  0 -1  4  3 -4 -4  3 -3 -3 -3 -1 -2 -3 -1 -4    0  27   0   0   0   0   0  34  10   0   0  26   0   1   0   0   0   0   2   0  0.58 0.12
   88 P   -3 -4 -4 -3 -5 -3 -3 -4 -4 -5 -5 -3 -4 -5  8 -2 -2 -6 -5 -4    0   0   0   0   0   0   0   0   0   0   0   0   0   0  98   0   2   0   0   0  2.63 0.28
   89 I   -3 -5 -5 -5 -3 -4 -5 -5 -5  7  0 -4  0 -2 -4 -4 -2 -4 -3  1    0   0   0   0   0   0   0   0   0 100   0   0   0   0   0   0   0   0   0   0  1.33 0.24
   90 L   -3 -4 -5 -5 -3 -4 -4 -5 -4  0  6 -4  1 -1 -4 -4 -3 -3 -2  0    0   0   0   0   0   0   0   0   0   0 100   0   0   0   0   0   0   0   0   0  1.12 0.20
   91 T   -2 -3 -2 -3 -3 -2 -2 -3 -3 -2 -3 -2 -2 -4 -3  0  7 -4 -3 -2    0   0   0   0   0   0   0   0   0   0   0   0   0   0   0   0 100   0   0   0  1.42 0.26
   92 D   -3 -3  0  8 -5 -2  0 -3 -3 -5 -5 -2 -5 -5 -3 -2 -3 -6 -5 -5    0   0   0 100   0   0   0   0   0   0   0   0   0   0   0   0   0   0   0   0  1.84 0.26
   93 S    0 -2 -1 -2 -2 -2 -2 -2 -2 -4 -4 -2 -3 -4 -2  6  0 -4 -3 -3    0   0   0   0   0   0   0   0   0   0   0   0   0   0   0 100   0   0   0   0  1.25 0.25
   94 G   -1 -4 -2 -3 -4 -3 -4  7 -4 -5 -5 -3 -4 -5 -4 -2 -3 -4 -5 -5    0   0   0   0   0   0   0 100   0   0   0   0   0   0   0   0   0   0   0   0  1.76 0.23
   95 G   -1 -4 -2 -3 -4 -3 -4  7 -4 -5 -5 -3 -4 -5 -4 -2 -3 -4 -5 -5    0   0   0   0   0   0   0 100   0   0   0   0   0   0   0   0   0   0   0   0  1.76 0.23
   96 Y   -4 -4 -5 -5 -4 -4 -5 -5 -2 -2 -1 -5 -2  8 -5 -4 -4  0  4 -2    0   0   0   0   0   0   0   0   0   0   0   0   0  85   0   0   0   0  15   0  1.65 0.24
   97 Q   -3 -1 -2 -2 -5  8  0 -4 -1 -5 -4  0 -2 -5 -3 -2 -2 -4 -3 -4    0   0   0   0   0 100   0   0   0   0   0   0   0   0   0   0   0   0   0   0  1.78 0.30
   98 V   -2 -4 -4 -5 -2 -4 -4 -5 -5  1 -1 -4 -1 -2 -4 -3 -1 -4 -3  6    0   0   0   0   0   0   0   0   0   1   0   0   0   0   0   0   0   0   0  99  1.18 0.23
   99 M   -3 -4 -4 -5 -3 -3 -4 -4 -3 -1  0 -4  7  6 -5 -3 -3  2  0 -1    0   0   0   0   0   0   0   0   0   0   0   0  50  47   0   0   0   2   0   0  1.23 0.23
  100 S    0 -2 -1 -2 -2 -2 -2 -2 -2 -4 -4 -2 -3 -4 -2  6  0 -4 -3 -3    0   0   0   0   0   0   0   0   0   0   0   0   0   0   0 100   0   0   0   0  1.25 0.25
  101 L   -3 -4 -5 -5 -3 -4 -4 -5 -4  0  6 -4  1 -1 -4 -4 -3 -3 -2  0    0   0   0   0   0   0   0   0   0   0 100   0   0   0   0   0   0   0   0   0  1.12 0.20
  102 S    2 -3 -1 -2 -2 -2 -2  5 -3 -4 -4 -2 -3 -4 -2  3  0 -4 -3 -3   25   0   0   0   0   0   0  46   0   0   0   0   0   0   0  27   2   0   0   0  0.70 0.13
  103 S    2 -1 -1  3 -3  1  2  1 -1 -3 -3  2 -2 -4 -2  0 -1 -4 -3 -3   22   0   0  20   0   5  15  13   1   0   0  20   0   0   0   4   0   0   0   0  0.34 0.08
  104 L   -2 -3 -4 -5 -2 -3 -4 -5 -4  1  5 -3  5 -1 -4 -3 -2 -3 -2  0    0   1   0   0   0   0   0   0   0   6  67   0  25   0   0   0   1   0   0   1  0.79 0.16
  105 T   -2  7 -1 -3 -5  0 -2 -3 -2 -4 -4  1 -3 -4 -4 -1  0 -4 -3 -4    1  88   1   0   0   0   0   1   0   0   0   0   0   0   0   2   8   0   0   0  1.34 0.23
  106 K   -2  1 -1 -2 -5  0  0 -3 -2 -4 -4  7 -3 -5 -3 -2 -1 -5 -3 -4    0   1   0   0   0   1   1   0   0   0   0  95   0   0   0   0   2   0   0   0  1.28 0.23
  107 Q   -2 -1 -4 -4 -2 -2 -4 -5 -4  5  3 -3  3 -1 -4 -3 -2 -3 -2  1    0   3   0   0   0   2   0   0   0  57  28   1   9   0   0   0   0   0   0   1  0.64 0.14
  108 S   -1 -1  0  2 -2 -1 -1 -2 -2 -3 -3  1 -2 -4 -2  2  5 -4 -3 -2    0   1   2  14   0   0   1   0   0   0   0   8   0   0   0  17  55   0   0   0  0.59 0.15
  109 E   -2 -2 -2  0 -5  0  7 -4 -2 -5 -5  0 -4 -5 -3 -2 -2 -5 -4 -4    1   0   0   0   0   0  98   0   0   0   0   1   0   0   0   0   0   0   0   0  1.49 0.25
  110 E   -1  0  0  2 -4  3  5 -3  0 -4 -4  2 -3 -4 -2 -1 -1 -4 -3 -3    2   1   3   7   0  12  59   0   1   0   0  10   0   0   0   2   2   0   0   0  0.75 0.15
  111 G   -1 -4 -2 -3 -4 -3 -4  7 -4 -5 -5 -3 -4 -5 -4 -2 -3 -4 -5 -5    1   0   0   0   0   0   0  99   0   0   0   0   0   0   0   0   0   0   0   0  1.73 0.23
  112 V   -1 -4 -4 -5 -2 -4 -4 -5 -5  1 -1 -4 -1 -2 -4 -3 -1 -4 -3  6    0   0   0   0   0   0   0   0   0   0   0   0   0   0   0   0   0   0   0 100  1.18 0.23
  113 T    1  0 -1 -2 -2 -1 -1 -2  4 -2 -2  0 -2 -3 -2  1  4 -3  0 -1   10   4   1   1   0   0   2   0  13   1   1   7   0   0   0   4  50   0   3   2  0.41 0.12
  114 F   -4 -5 -5 -5 -4 -5 -5 -5 -3 -2 -1 -5 -2  8 -5 -4 -4 -1  2 -3    0   0   0   0   0   0   0   0   0   0   0   0   0 100   0   0   0   0   0   0  1.93 0.27
  115 K    0  5 -1 -2 -4  3  0 -3 -1 -4 -3  3 -2 -4 -3  0 -2 -4 -3 -3    8  44   1   0   0  19   0   0   0   0   0  22   0   0   0   7   0   0   0   0  0.68 0.14
  116 S    0 -2  2 -1 -2 -1 -2 -2 -1 -4 -4 -2 -3 -4 -2  6  0 -4 -3 -3    0   0  10   0   0   0   0   0   1   0   0   0   0   0   0  89   0   0   0   0  1.04 0.22
  117 H   -3 -3 -2 -3 -5 -2 -2 -4  8 -5 -5 -2 -4 -4  6 -2 -3 -5 -1 -4    0   0   0   0   0   0   0   0  51   0   0   0   0   0  49   0   0   0   0   0  1.78 0.24
  118 L   -2 -4 -4 -4 -2 -3 -4 -5 -2  5  2 -4  0 -1 -4 -3 -1 -4 -2  4    0   0   0   0   0   0   0   0   1  49  13   0   0   0   0   0   0   0   0  37  0.69 0.14
  119 D   -3 -3  4  6 -5 -2  0 -2 -2 -5 -5 -2 -4 -5 -3 -1 -2 -6 -4 -5    0   0  29  70   0   0   0   0   0   0   0   0   0   0   0   1   0   0   0   0  1.31 0.21
  120 G   -1 -4 -2 -3 -4 -3 -4  7 -4 -5 -5 -3 -4 -5 -4 -2 -3 -4 -5 -5    0   0   0   0   0   0   0 100   0   0   0   0   0   0   0   0   0   0   0   0  1.74 0.23
  121 S    1 -1  0  2 -2  0  1 -2 -2 -3 -3  0 -3 -4 -2  4  1 -4 -3 -3   10   2   1  12   0   3  10   0   0   0   0   2   0   0   0  57   4   0   0   0  0.52 0.13
  122 R   -1  3 -1 -2 -4  0  0 -3 -2 -3 -2  5 -2 -4  1  0 -1 -4 -2 -2    4  21   0   0   0   0   3   0   0   0   4  53   0   0   5   4   1   0   1   3  0.56 0.13
  123 H   -2 -3 -2 -3 -1 -2 -2 -4  7  3 -1 -3 -1  0 -4 -3 -2 -3  2  3    0   0   0   0   1   0   0   0  42  23   0   0   0   2   0   0   0   0   6  25  0.71 0.16
  124 M   -2 -1 -1 -2 -3 -2  1 -4  3 -1  1 -2  4  5 -4 -2 -2 -1  1 -1    0   4   2   0   0   0  11   0  11   1  11   1  17  39   0   1   2   0   0   2  0.42 0.12
  125 L   -3 -3 -4 -5 -3 -3 -4 -5 -4  1  5 -3  6 -1 -4 -3 -2 -3 -2  0    0   0   0   0   0   0   0   0   0   3  69   0  27   0   0   0   0   0   0   0  0.89 0.18
  126 S   -1 -2  0  1 -2 -1 -1  1 -2 -3 -3 -2 -2 -4 -2  4  4 -4 -3 -2    0   0   1   8   0   0   0  13   0   0   0   0   0   0   0  39  38   0   0   0  0.56 0.14
  127 P   -2 -4 -4 -3 -5 -3 -3 -4 -4 -5 -5 -3 -4 -5  8 -2 -3 -6 -5 -4    2   0   0   0   0   0   0   0   0   0   0   0   0   0  98   0   0   0   0   0  2.61 0.28
  128 E   -2 -2 -2  0 -5  0  7 -4 -2 -5 -5 -1 -4 -5 -3 -2 -2 -5 -4 -4    1   0   0   0   0   0  99   0   0   0   0   0   0   0   0   0   0   0   0   0  1.54 0.26
  129 R   -2  5 -1 -1 -4  0  2 -3 -1  0 -3  3 -2 -3 -3 -1 -1 -4 -2 -2    0  50   1   0   0   0  16   0   0   7   0  17   0   0   0   4   3   0   0   2  0.60 0.13
  130 S    1 -2 -1 -2 -2 -2 -2 -2 -2 -4 -4 -2 -3 -4 -2  6  0 -4 -3 -3    5   0   0   0   0   0   0   0   0   0   0   0   0   0   0  95   0   0   0   0  1.14 0.24
  131 I   -3 -3 -4 -5 -3 -2 -4 -5 -4  4  0 -3  9 -2 -4 -3 -2 -3 -3  0    0   0   0   0   0   0   0   0   0  25   0   0  73   0   0   0   1   0   0   1  1.30 0.25
  132 E    0  0 -1  0 -4  4  6 -3 -1 -4 -4  0 -3 -4 -2 -1 -2 -2 -3 -4    6   3   0   2   0  21  65   1   0   0   0   2   0   0   0   0   0   0   0   0  0.92 0.18
  133 I   -2 -4 -4 -5 -2 -4 -4 -5 -5  6  0 -4  0 -2 -4 -3 -2 -4 -3  4    0   0   0   0   0   0   0   0   0  69   0   0   0   0   0   0   0   0   0  31  0.94 0.18
  134 Q   -3 -1 -2 -2 -5  8  0 -4 -1 -5 -4  0 -2 -5 -3 -2 -2 -4 -3 -4    0   0   0   0   0 100   0   0   0   0   0   0   0   0   0   0   0   0   0   0  1.78 0.30
  135 H   -2  5 -1  0 -3  0 -1  1  3 -4 -3  2 -2 -2 -3 -1 -2 -3  1 -3    1  53   1   5   0   0   0  12   8   0   0   9   0   1   0   0   1   0   8   0  0.61 0.13
  136 L   -1 -2 -1  3 -3 -1  1 -3 -2 -1  3 -1  0 -2 -3 -1 -1 -3 -2 -1    5   0   0  26   0   1   8   0   0   0  46   5   0   0   0   4   1   0   0   2  0.28 0.10
  137 L   -3 -4 -5 -5 -3 -4 -4 -5 -4  0  6 -4  1 -1 -4 -4 -3 -3 -2  0    0   0   0   0   0   0   0   0   0   0 100   0   0   0   0   0   0   0   0   0  1.12 0.20
  138 G   -1 -3  0  3 -4 -3 -2  6 -3 -5 -5 -3 -4 -5 -3 -1 -3 -4 -4 -5    0   0   4  17   0   0   0  78   0   0   0   0   0   0   0   0   0   0   0   0  1.24 0.18
  139 S    1 -2 -1 -2 -2 -2 -2 -2 -2 -4 -4 -2 -3 -4 -2  6  0 -4 -3 -3   10   0   0   0   0   0   0   0   0   0   0   0   0   0   0  89   0   0   0   0  1.04 0.22
  140 D   -3 -3  2  7 -5 -2  0 -3 -2 -5 -5 -2 -5 -5 -3 -1 -1 -6 -5 -5    0   0   6  91   0   0   0   0   0   0   0   0   0   0   0   0   3   0   0   0  1.57 0.23
  141 I   -3 -5 -5 -5 -3 -4 -5 -5 -5  7  0 -4  0 -2 -4 -4 -2 -4 -3  2    0   0   0   0   0   0   0   0   0  94   0   0   0   0   0   0   0   0   0   6  1.21 0.22
  142 V   -1 -2 -3 -4 -1  2 -2 -4 -2  1 -1 -2 -1 -2 -3 -2  1 -4 -2  5    0   1   0   0   1  14   0   0   1   1   0   0   0   0   0   1  10   0   0  72  0.62 0.17
  143 M   -3 -3 -4 -5 -3 -2 -4 -5 -4 -1  0 -3 10 -2 -5 -3 -3 -3 -3 -1    0   0   0   0   0   0   0   0   0   0   0   0 100   0   0   0   0   0   0   0  2.01 0.33
  144 A    1 -3 -3 -3  5  2 -2 -3 -3  4 -1 -2 -1 -2 -3 -2 -2 -4 -3  1   19   0   0   0  14  17   0   0   0  48   0   0   0   0   0   0   0   0   0   1  0.46 0.14
  145 F   -4 -4 -5 -5 -4 -4 -5 -5 -3 -1  2 -4  0  8 -5 -4 -3 -1  1 -2    0   0   0   0   0   0   0   0   0   0  19   0   1  80   0   0   0   0   0   0  1.36 0.21
  146 D   -3 -3  0  8 -5 -2  0 -3 -3 -5 -5 -2 -5 -5 -3 -2 -3 -6 -5 -5    0   0   0 100   0   0   0   0   0   0   0   0   0   0   0   0   0   0   0   0  1.84 0.26
  147 E   -2 -2 -2  0 -5  0  7 -4 -2 -5 -5 -1 -4 -5 -3 -2 -2 -5 -4 -4    0   0   0   1   0   0  99   0   0   0   0   0   0   0   0   0   0   0   0   0  1.55 0.26
  148 C   -2 -5 -5 -6 11 -5 -6 -5 -5 -3 -2 -5 -3 -4 -5 -3 -3 -4 -4 -3    0   0   0   0  96   0   0   0   0   0   4   0   0   0   0   0   0   0   0   0  2.69 0.32
  149 T   -1 -3 -2 -3 -2 -2 -2 -3 -3  0 -2 -2 -2 -3  3  0  5 -4 -3  2    1   0   0   0   0   0   0   0   0   3   0   0   0   0  15   0  65   0   0  16  0.77 0.18
  150 P    1  1 -3 -3 -4 -2 -2 -2 -3 -4 -4  0 -3 -5  7 -1 -2 -5 -4 -3   17   9   0   0   0   0   0   1   0   0   0   5   0   0  66   2   0   0   0   0  1.45 0.19
  151 Y   -2 -3 -2 -4 -3 -3 -3 -4  1 -1  2 -3 -1  3 -4 -3 -1  2  7 -1    3   0   2   0   0   0   0   0   3   2  26   0   0   9   0   0   3   2  50   0  0.77 0.15
  152 P   -2 -4 -3 -1 -4 -3 -3 -2 -4 -4 -5 -3 -4 -5  8 -2 -1 -5 -5 -4    0   0   0   4   0   0   0   3   0   0   0   0   0   0  90   0   4   0   0   0  2.27 0.26
  153 A    5 -2 -3 -3  3 -1 -2 -1 -3 -2 -3 -2 -2 -4 -2  1 -1 -4 -3 -1   82   1   0   0   6   2   0   0   0   0   0   0   0   0   0   5   0   0   0   2  0.80 0.18
  154 T   -1 -2 -1  3 -3 -1  2 -3 -2 -3 -3 -1 -2 -4  2  1  5 -4 -3 -2    0   0   0  16   0   0  14   0   0   0   0   1   0   0   8   8  53   0   0   0  0.60 0.15
  155 P   -2  2 -1  0 -4  0  3 -3  4 -3 -2  0 -2  0  1 -1 -2  2  1 -2    1  18   0   3   0   1  33   0  17   0   2   2   0   5   8   0   0   4   3   2  0.41 0.10
  156 S    1  0  0  4 -3  1  3 -1 -1 -3 -3  2 -2 -4 -1  0  0 -4 -3 -3   13   2   1  28   0   5  21   2   1   1   0  17   0   0   1   3   4   0   0   0  0.40 0.09
  157 R   -1  1 -1  0 -4  3  4 -2 -1 -2 -2  0 -1 -3 -2 -1  0 -3  1  0    4  10   0   2   0  16  44   1   0   0   1   0   1   0   0   0   6   0   6  11  0.42 0.11
  158 A    5 -3 -3 -3 -2  0 -2 -2 -3  2 -1 -2 -1 -3 -2  0 -1 -4 -3  1   67   0   0   0   0   4   0   0   0  17   2   0   0   0   0   1   2   0   0   8  0.52 0.15
  159 A    3  3 -1  0 -3  1  2 -2 -1 -3 -3  3 -2 -4 -2  0 -1 -4 -3 -2   34  17   1   2   0   5  19   0   0   0   1  20   0   0   0   1   0   0   0   0  0.39 0.10
  160 S    0  3  0  2 -3  1  2 -2  0 -2 -3  3 -2 -3 -2  1  0 -4 -2 -2    7  21   1  12   0   6  13   0   1   1   0  22   0   1   0   9   4   0   0   3  0.33 0.07
  161 S    2 -2 -1 -2 -2 -2 -2 -1 -2 -4 -4 -2 -3 -4 -2  6  0 -4 -3 -3   18   0   0   0   0   0   0   1   0   0   0   0   0   0   0  81   0   0   0   0  0.92 0.21
  162 M   -3 -3 -4 -5 -3 -2 -4 -5 -3 -1  1 -3 10 -2 -4 -3 -2 -3 -3 -1    0   0   0   0   0   0   0   0   0   0   2   0  96   0   0   0   1   0   0   1  1.85 0.31
  163 E   -1  4 -1  0 -5  2  5 -3  0 -4 -4  0 -3 -4 -3 -1 -2 -4 -3 -4    2  28   0   1   0   7  59   1   1   0   0   0   0   0   0   0   0   0   0   0  0.87 0.17
  164 R   -2  1 -4 -4 -3 -2 -3 -5 -3  0  4 -2  5 -1 -4 -3 -2 -3 -2  0    0  11   0   0   0   0   0   0   0   0  65   0  24   0   0   0   0   0   0   0  0.73 0.16
  165 S    0 -2 -1 -2 -2 -2 -2 -2 -2 -4 -4 -2 -3 -4 -2  6  0 -4 -3 -3    0   0   0   0   0   0   0   0   0   0   0   0   0   0   0 100   0   0   0   0  1.25 0.25
  166 M   -2 -2 -4 -5 -3 -2 -4 -5 -4  0  4 -3  6 -1 -4 -3 -2 -3 -2  0    1   1   0   0   0   0   0   0   0   1  60   0  36   0   0   0   1   0   0   0  0.86 0.18
  167 R   -3  8 -2 -3 -5 -1 -2 -4 -2 -5 -4  1 -3 -5 -4 -2 -3 -4 -3 -4    1  99   0   0   0   0   0   0   0   0   0   0   0   0   0   0   0   0   0   0  1.69 0.26
  168 W   -5 -5 -6 -7 -5 -4 -5 -5 -5 -5 -4 -5 -4 -1 -6 -5 -5 13  0 -5    0   0   0   0   0   0   0   0   0   0   0   0   0   0   0   0   0 100   0   0  3.92 0.39
  169 A    6 -3 -3 -3 -2 -2 -2 -1 -3 -3 -3 -2 -2 -4 -2  0 -1 -4 -3 -2   98   0   0   0   0   0   0   2   0   0   0   0   0   0   0   0   0   0   0   0  1.12 0.22
  170 K    0  2 -1  0 -4  3  3 -2 -1 -4 -3  4 -2 -4 -2 -1 -1 -4 -3 -3   11   7   0   2   0  15  26   0   0   0   1  37   0   0   0   0   1   0   0   0  0.53 0.12
  171 R   -3  8 -2 -3 -5 -1 -2 -4 -2 -5 -3  1 -3 -5 -4 -2 -3 -4 -3 -4    0  99   0   0   0   0   0   0   0   0   1   0   0   0   0   0   0   0   0   0  1.70 0.26
  172 S    0 -2 -1 -2  4 -2 -2 -2 -3 -4 -4 -2 -3 -4 -2  6  0 -4 -3 -3    0   0   0   0  12   0   0   0   0   0   0   0   0   0   0  88   0   0   0   0  1.08 0.23
  173 R   -2  6 -2 -2 -5  0 -1 -3 -2 -4 -4  5 -3 -4 -3 -2 -2 -4 -3 -3    1  55   0   0   0   0   0   0   0   0   0  44   0   0   0   0   0   0   0   0  1.08 0.19
  174 D    0 -1  0  4 -3  1  2 -2 -2 -1 -3  1 -2 -3 -2  0  0 -4 -3  0   10   2   2  39   0   6  14   0   0   2   1   9   0   0   0   1   6   0   0   9  0.39 0.09
  175 A    5  0 -2 -3 -2 -1 -1  1  1 -3 -3 -1 -2 -4 -2  0 -1 -4 -3 -2   76   7   0   0   0   2   3   7   4   0   0   1   0   0   0   0   0   0   0   0  0.65 0.16
  176 F   -4 -3 -3 -4 -4 -3 -3 -4  7 -2 -2 -4 -2  7 -5 -3 -3 -1  1 -3    0   0   0   0   0   0   0   0  37   0   0   0   0  63   0   0   0   0   0   0  1.42 0.23
  177 D   -1 -1  0  3 -3 -1  1  5 -1 -3 -4 -1 -3 -4 -3 -1 -2 -4 -3 -1    3   3   1  24   0   0  10  48   1   1   0   1   0   0   0   1   1   0   0   6  0.59 0.11
  178 S    0 -1  1  5 -3  0  2  0 -1 -3 -3  0 -2 -3 -1  0  0 -3 -3 -3   11   1   3  46   0   2  10   7   0   1   2   3   0   0   2   6   4   0   0   1  0.48 0.09
  179 R   -1  3  3 -1 -2  2  0  1 -1 -2 -2  0 -1 -2 -2  1 -1 -1 -2 -2    2  25  22   1   0  13   1  13   0   1   4   1   2   1   1   9   1   1   1   1  0.28 0.07
  180 K   -1 -2 -1 -1 -2 -1  0  1 -2 -3 -2 -1 -2 -3  7 -1 -1 -3 -2 -2    3   1   2   3   1   1   5  13   1   1   2   3   1   1  56   2   2   0   1   2  1.03 0.10
  181 E    0  0  0  1 -1  0  1  2  0 -1 -1  0 -1 -1  0  0  0 -1 -1 -1    6   4   4   9   1   3  16  18   3   3   5   6   1   2   3   4   4   1   2   4  0.09 0.01
  182 Q   -1  0  0 -1 -1  0  0 -1  5 -1  0  0  0 -1  0  0 -1 -1  1 -1    5   4   3   3   1   5   5   4  24   3  16   4   1   2   5   4   3   1   3   4  0.11 0.02
  183 A    1  0  0  0 -1  0  0  1  0 -1 -1  0 -1 -1  0  0  0 -1 -1 -1   20   3   5   4   1   4   8  15   1   3   6   4   1   3   4   5   4   1   2   4  0.07 0.01
  184 E    0  0  3  1 -1  1  1  0  0 -1 -1  1 -1 -1  0  0  0 -1 -1 -1    8   3  21   7   1   4  11   4   1   3   5   8   1   2   3   7   3   1   2   4  0.11 0.01
  185 N    0  1  0  0 -1  0  0  3 -1 -2 -2  1 -1 -2  1  0  0 -1 -1 -2    4  10   5   4   1   3   3  28   1   2   4  10   1   2   7   7   4   1   1   3  0.18 0.02
  186 A    2  0  2 -1 -2  0 -1 -1 -1 -2 -2  1 -1 -2 -1  2  0 -2  2 -2   21   5  16   1   0   4   1   1   0   1   1  10   1   1   1  26   1   0   9   1  0.23 0.07
  187 A    6 -3 -3 -3 -2 -2 -2  1 -3 -3 -3 -2 -1 -3 -2  0 -1 -4 -3 -2   86   0   0   0   0   0   0   8   0   0   0   0   2   0   0   2   0   0   0   0  0.86 0.18
  188 L   -3 -3 -4 -5 -1 -3 -4 -5 -4  1  5 -4  3 -1 -4 -3 -2 -3 -2  0    0   0   0   0   1   0   0   0   0   4  85   0   8   0   0   0   0   0   0   1  0.87 0.16
  189 F   -4 -5 -5 -5 -4 -5 -5 -5 -3 -2 -1 -5 -2  8 -5 -4 -4 -1  2 -2    0   0   0   0   0   0   0   0   0   0   0   0   0  97   0   0   0   0   3   0  1.85 0.26
  190 G   -1 -4 -2 -3 -4 -3 -4  7 -4 -5 -5 -3 -4 -5 -4 -2 -3 -4 -5 -5    1   0   0   0   0   0   0  99   0   0   0   0   0   0   0   0   0   0   0   0  1.74 0.23
  191 I   -3 -5 -5 -5 -3 -4 -5 -5 -5  7  0 -4  0 -2 -4 -4 -2 -4 -3  1    0   0   0   0   0   0   0   0   0 100   0   0   0   0   0   0   0   0   0   0  1.33 0.24
  192 Q   -2 -2 -3 -3 -2  3 -2 -4 -3  3  0 -2  1 -2 -3 -2 -1 -4 -2  4    0   0   1   0   0  24   0   0   0  21   0   0   3   0   0   0   0   0   0  51  0.54 0.15
  193 Q   -3 -1 -2 -2 -5  8  0 -4 -1 -5 -4  0 -2 -5 -3 -2 -2 -4 -3 -4    0   0   0   0   0 100   0   0   0   0   0   0   0   0   0   0   0   0   0   0  1.78 0.30
  194 G   -1 -4 -2 -3 -4 -3 -4  7 -4 -5 -5 -3 -4 -5 -4 -2 -3 -4 -5 -5    0   0   0   0   0   0   0 100   0   0   0   0   0   0   0   0   0   0   0   0  1.76 0.23
  195 S    0 -3 -1 -2 -3 -3 -3  6 -3 -5 -5 -2 -4 -4 -3  2 -2 -4 -4 -4    7   0   0   0   0   0   0  75   0   0   0   0   0   0   0  19   0   0   0   0  1.13 0.17
  196 V   -1 -3 -2  1 -1 -2 -2 -4 -3  1  2 -3  6 -1 -3 -2  0 -3 -2  2    2   0   0  13   1   0   1   0   0   2  16   0  38   0   0   0   5   0   0  22  0.44 0.13
  197 F   -2 -2  0  1 -3 -1  0 -4  3 -1 -2 -2 -2  2 -3 -2 -1  0  6 -1    0   0   3  10   0   2   6   0   9   3   1   0   0   7   0   2   3   0  49   5  0.63 0.14
  198 E   -1  0 -2  0 -4  1  5 -2 -2 -4 -4  0 -3 -4  4 -1 -2 -4 -3 -3    5   4   0   3   0   4  56   1   0   0   0   3   0   0  24   0   0   0   0   0  0.85 0.15
  199 N   -1  0  1  5 -4  0  2  0  2 -4 -4 -1 -3 -4 -1  0 -1 -4 -2 -3    5   4   7  42   0   2  15   7   8   0   0   1   0   0   1   5   2   0   0   1  0.51 0.10
  200 L   -3 -3 -5 -5 -3 -3 -4 -5 -4  0  6 -4  1  0 -3 -4 -2 -3 -2  0    0   0   0   0   0   1   0   0   0   0  96   0   1   2   1   0   0   0   0   0  1.01 0.19
  201 R   -3  8 -2 -3 -5 -1 -2 -4 -2 -5 -4  1 -3 -5 -4 -2 -3 -4 -3 -4    0 100   0   0   0   0   0   0   0   0   0   0   0   0   0   0   0   0   0   0  1.73 0.26
  202 Q    0  2 -1  3 -3  1  2 -1 -1  0 -2  1 -1 -3 -2 -1 -1 -4 -2 -1   11  13   0  24   0   5  14   4   0   7   2  11   1   1   0   1   1   0   0   3  0.23 0.06
  203 Q   -1  2 -2  0 -3  1  4 -3 -1  0 -2  0 -2 -3 -2 -1 -1 -2 -2  0    5  18   0   2   0   6  43   0   0   9   0   2   0   0   0   0   1   0   1  11  0.38 0.11
  204 S    0 -2 -1 -2 -2 -2 -2 -2 -2 -4 -4 -2 -3 -4 -2  6  0 -4 -3 -3    0   0   0   0   0   0   0   0   0   0   0   0   0   0   0 100   0   0   0   0  1.25 0.25
  205 A    3 -3 -3 -3 -2 -1 -2 -2 -3  1  2 -2  0 -2 -2  0 -1 -3 -2  1   46   0   0   0   0   1   0   0   0   5  32   0   1   0   0   3   0   0   0  10  0.35 0.11
  206 D    1  1  0  2 -3  2  4 -2 -1 -3 -3  2 -2 -4 -2  0 -1 -4 -3 -3   17   5   1  13   0  10  33   1   0   0   0  16   0   0   0   3   2   0   0   0  0.43 0.09
  207 A    3 -1 -1 -2 -3 -1 -2  5 -3 -4 -4  0 -3 -4 -2  0 -2 -4 -3 -3   36   3   1   0   0   1   1  49   0   0   0   7   0   0   0   1   0   0   0   0  0.68 0.13
  208 L   -3 -4 -5 -5 -3 -4 -4 -5 -4  0  6 -4  1 -1 -4 -4 -3 -3 -2  0    0   0   0   0   0   0   0   0   0   0 100   0   0   0   0   0   0   0   0   0  1.12 0.20
  209 A    0  1 -1 -1 -1  1  0 -2 -2  1  0  1  0 -2 -2  0  2 -3 -2  1   10  10   0   0   1   5   7   0   0   9   8   9   3   0   0   3  22   0   0  12  0.12 0.05
  210 E    1 -1  1  4 -4  1  4 -1 -1 -4 -4  0 -3 -4 -2  0 -1 -4 -3 -3   13   1   5  32   0   3  36   4   0   0   0   3   0   0   0   2   0   0   0   1  0.58 0.12
  211 I   -3 -4 -5 -5 -3 -4 -4 -5 -4  6  1 -4  3 -1 -4 -4 -2 -4 -3  2    0   0   0   0   0   0   0   0   0  83   7   0   8   0   0   0   0   0   0   2  0.99 0.19
  212 G   -1 -3 -1  2 -4 -2 -1  6 -3 -5 -5 -2 -4 -5 -2 -1 -3 -4 -4 -4    0   0   1  13   0   0   4  80   0   0   0   0   0   0   2   0   0   0   0   0  1.21 0.18
  213 F   -4 -4 -5 -5 -4 -5 -5 -5 -3 -1  1 -5 -1  8 -5 -4 -4 -1  2 -2    0   0   0   0   0   0   0   0   0   0  10   0   0  89   0   0   0   0   1   0  1.59 0.24
  214 D   -3 -2  0  7 -5 -1  2 -3  0 -5 -5  1 -4 -5 -1 -2 -2 -5 -4 -4    0   0   0  78   0   0   9   0   2   0   0   9   0   0   2   0   0   0   0   0  1.23 0.20
  215 G   -1 -4 -2 -3 -4 -3 -4  7 -4 -5 -5 -3 -4 -5 -4 -2 -3 -4 -5 -5    0   0   0   0   0   0   0 100   0   0   0   0   0   0   0   0   0   0   0   0  1.76 0.23
  216 Y   -4 -3 -4 -5 -4 -3 -4 -5  0 -2 -1 -4 -2  2 -5 -3 -3  1  9 -3    0   0   0   0   0   0   0   0   0   1   5   0   0   1   0   0   0   0  93   0  1.90 0.28
  217 A    6 -3 -3 -3 -2 -2 -2 -1 -3 -3 -3 -2 -2 -4 -2  1 -1 -4 -3 -2   96   0   0   0   0   0   0   0   0   0   0   0   0   0   0   4   0   0   0   0  1.06 0.22
  218 V   -2 -4 -4 -4 -2 -4 -4 -5 -4  5  0 -4  0 -2 -4 -3 -2 -4 -2  4    0   0   0   0   0   0   0   0   0  53   2   0   0   0   0   0   0   0   0  45  0.85 0.17
  219 G   -1 -4 -2 -3 -4 -3 -4  7 -4 -5 -5 -3 -4 -5 -4 -2 -3 -4 -5 -5    0   0   0   0   0   0   0 100   0   0   0   0   0   0   0   0   0   0   0   0  1.76 0.23
  220 G   -1 -4 -2 -3 -4 -3 -4  7 -4 -5 -5 -3 -4 -5 -4 -2 -3 -4 -5 -5    0   0   0   0   0   0   0 100   0   0   0   0   0   0   0   0   0   0   0   0  1.76 0.23
  221 L   -3 -4 -5 -5 -3 -4 -4 -5 -4  0  6 -4  1 -1 -4 -4 -3 -3 -2  0    0   0   0   0   0   0   0   0   0   0 100   0   0   0   0   0   0   0   0   0  1.12 0.20
  222 A    5 -2 -2 -2 -2 -2 -2 -1 -3 -3 -3 -2 -2 -4 -2  4 -1 -4 -3 -2   63   0   0   0   0   0   0   0   0   0   0   0   0   0   0  37   0   0   0   0  0.77 0.18
  223 V   -2 -4 -5 -5 -2 -4 -4 -5 -5  1 -1 -4 -1 -2 -4 -3 -1 -4 -3  6    0   0   0   0   0   0   0   0   0   0   0   0   0   0   0   0   0   0   0 100  1.19 0.23
  224 G   -1 -4 -2 -3 -4 -3 -4  7 -4 -5 -5 -3 -4 -5 -4 -2 -3 -4 -5 -5    0   0   0   0   0   0   0 100   0   0   0   0   0   0   0   0   0   0   0   0  1.76 0.23
  225 E   -2 -2 -2  0 -5  0  7 -4 -2 -5 -5 -1 -4 -5 -3 -2 -2 -5 -4 -4    0   0   0   0   0   0 100   0   0   0   0   0   0   0   0   0   0   0   0   0  1.57 0.26
  226 G   -2 -4 -3 -3 -4 -3 -3  4 -4 -5 -5 -3 -4 -5  7 -2 -3 -5 -4 -4    0   0   0   0   0   0   0  36   0   0   0   0   0   0  64   0   0   0   0   0  1.69 0.21
  227 Q   -2  0 -1 -2 -4  6  1 -3  0 -4 -4  5 -2 -2 -2 -1 -2 -4 -3 -4    0   0   0   0   0  49   3   0   1   0   0  43   1   2   1   0   0   0   0   0  0.92 0.19
  228 D    0 -2 -1  3 -4  1  6 -3  0 -4 -4 -1 -3 -4 -2 -1 -2 -4 -3 -3   11   0   1  13   0   2  71   0   2   0   0   0   0   0   0   0   1   0   0   0  0.93 0.18
  229 E    2 -2 -1  4 -3  0  3 -2 -2 -1 -2 -1 -1 -3 -2 -1 -1 -4 -3  1   24   0   0  28   0   1  24   0   0   1   2   1   1   0   0   0   2   0   0  16  0.35 0.10
  230 M   -3  0 -4 -5 -3 -2 -4 -5 -3 -1  0 -3 10 -2 -4 -3 -3 -3 -3 -1    0   6   0   0   0   0   0   0   0   0   0   0  94   0   0   0   0   0   0   0  1.78 0.31
  231 F   -2 -3 -3 -3  0 -3 -3 -4  3  2  2 -3  2  5 -4 -3 -2 -1  1  0    1   0   1   1   2   0   0   0  12  15  25   1   6  34   0   0   0   0   0   2  0.43 0.11
  232 R    1  4  0  1 -3  1  0  1 -1 -4 -3  2 -2 -4 -2  0 -1 -4 -3 -3   14  39   3   7   0   3   4  12   1   0   0  12   0   0   0   4   1   0   0   0  0.41 0.09
  233 V   -1 -3 -3 -4  3 -3 -3 -4 -4  3  0 -3  3 -2 -3 -2  2 -3 -2  4    1   0   0   0   8   0   0   0   0  27   0   0  14   0   0   0  14   0   0  37  0.48 0.12
  234 L   -3 -4 -4 -5 -3 -3 -4 -5 -4  1  6 -4  1 -1 -4 -4 -2 -3 -2  0    0   0   1   0   0   0   0   0   0   4  95   0   0   0   0   0   0   0   0   0  1.02 0.19
  235 D   -2 -2  1  6 -5 -1  3 -2 -2 -4 -5 -1 -4 -5 -3 -1 -2 -5 -4 -4    2   0   3  67   0   0  24   1   0   1   0   1   0   0   0   1   1   0   0   0  1.10 0.18
  236 F   -1 -2 -1 -2 -3 -2 -1 -2  6 -1 -2 -2 -1  4 -3 -2  0 -1  4  0    5   1   1   1   0   0   3   2  26   3   0   0   0  23   0   1   6   0  20   7  0.49 0.12
  237 S    2 -2 -2 -3  1 -2 -2 -2 -3  1  1 -2  0 -2 -2  0  3 -3 -2  1   24   0   1   0   3   0   0   0   0   5  19   0   1   0   0   1  35   0   0  11  0.30 0.10
  238 V    1 -3 -2 -2  4 -1 -1 -2 -2 -1 -1 -2 -1 -3  5 -1  1 -4 -3  0   16   0   1   0  14   1   5   1   1   1   5   0   2   0  32   1  13   0   0   7  0.55 0.10
  239 P   -1 -2 -1  2 -4 -2 -1  2  1 -4 -4 -2 -3 -4  6 -1 -2 -2 -2 -3    3   1   2  12   0   1   3  16   5   0   1   0   0   0  53   1   1   1   1   0  1.05 0.15
  240 M   -1  0 -1 -2 -2  4  1 -3  3 -1  0  2  3 -1 -3 -1 -2  0 -1 -1    2   3   0   0   1  28   5   0  12   1  10  16  13   2   0   1   0   2   0   4  0.29 0.10
  241 L   -2 -3 -4 -5 -2 -3 -4 -5 -4  2  4 -3  6 -1 -4 -3 -2 -3 -2  0    1   0   0   0   0   0   0   0   0   9  57   0  33   0   0   0   0   0   0   0  0.81 0.17
  242 P   -3 -4 -4 -2 -5 -3 -3 -4 -3 -5 -5 -3 -4 -5  8 -2 -3 -6 -5 -4    0   0   0   1   0   0   0   0   1   0   0   0   0   0  97   0   0   0   0   0  2.57 0.28
  243 D    2  0 -1  1 -2  1  3 -1 -1 -2 -2  0 -2 -3 -1  0  1 -3 -2  0   29   2   1   5   0   8  25   1   1   1   1   4   0   0   2   2  11   0   0   8  0.25 0.08
  244 D   -2 -2  1  7 -5 -1  2 -2  0 -4 -5 -2 -3 -5 -3 -1 -2 -5 -4 -4    1   0   5  74   0   1  11   2   2   0   0   0   0   0   0   2   1   0   0   0  1.13 0.18
  245 K   -2  4 -1 -2 -4  0 -1 -3  0 -4 -4  6 -3 -4 -3 -2 -2 -4 -2 -4    1  20   0   0   0   1   0   0   1   0   0  76   0   0   0   0   1   0   0   0  1.03 0.20
  246 P   -3 -4 -4 -3 -5 -3 -3 -4 -4 -5 -5 -3 -4 -6  9 -3 -3 -6 -5 -4    0   0   0   0   0   0   0   0   0   0   0   0   0   0 100   0   0   0   0   0  2.71 0.29
  247 H   -3  8 -2 -3 -5  0 -2 -4  1 -5 -4  1 -3 -4 -4 -2 -3 -4 -3 -4    0  97   0   0   0   0   0   0   3   0   0   0   0   0   0   0   0   0   0   0  1.65 0.26
  248 Y   -4 -4 -4 -5 -4 -3 -4 -5  0 -3 -3 -4 -3  1 -5 -4 -3  1  9 -3    0   0   0   0   0   0   0   0   0   0   0   0   0   0   0   0   0   0 100   0  2.19 0.31
  249 L   -3 -4 -5 -5 -3 -4 -4 -5 -4  0  6 -4  1 -1 -4 -4 -3 -3 -2  0    0   0   0   0   0   0   0   0   0   0  99   0   1   0   0   0   0   0   0   0  1.11 0.20
  250 M   -3 -3 -4 -5 -3 -2 -4 -5 -4 -1  0 -3 10 -2 -5 -3 -3 -3 -3 -1    0   0   0   0   0   0   0   0   0   0   0   0 100   0   0   0   0   0   0   0  2.01 0.33
  251 G   -1 -4 -2 -3 -4 -3 -4  7 -4 -5 -5 -3 -4 -5 -4 -2 -3 -4 -5 -5    0   0   0   0   0   0   0 100   0   0   0   0   0   0   0   0   0   0   0   0  1.76 0.23
  252 V   -2 -4 -5 -5 -2 -4 -4 -5 -5  1 -1 -4 -1 -2 -4 -3 -1 -4 -3  6    0   0   0   0   0   0   0   0   0   0   0   0   0   0   0   0   0   0   0 100  1.19 0.23
  253 G   -1 -4 -2 -3 -4 -3 -4  7 -4 -5 -5 -3 -4 -5 -4 -2 -3 -4 -5 -5    0   0   0   0   0   0   0 100   0   0   0   0   0   0   0   0   0   0   0   0  1.76 0.23
  254 K   -1  2 -1 -2 -4  0 -1 -3 -2 -3 -3  6 -2 -4 -2 -1  3 -4 -3 -3    1  11   0   0   0   0   0   0   0   0   0  66   0   0   0   0  22   0   0   0  0.81 0.18
  255 P   -3 -4 -4 -3 -5 -3 -3 -4 -4 -5 -5 -3 -4 -6  9 -3 -3 -6 -5 -4    0   0   0   0   0   0   0   0   0   0   0   0   0   0 100   0   0   0   0   0  2.71 0.29
  256 D   -1 -2 -1  5 -4  0  5 -2 -2 -3 -4 -1 -3 -4 -2  0 -1 -5 -4 -3    4   0   0  39   0   1  47   1   0   2   0   1   0   0   0   4   1   0   0   0  0.83 0.15
  257 D   -3 -3  0  8 -5 -2  0 -3 -3 -5 -5 -2 -5 -5 -3 -2 -3 -6 -5 -5    0   0   0 100   0   0   0   0   0   0   0   0   0   0   0   0   0   0   0   0  1.84 0.26
  258 I   -2 -4 -5 -5 -2 -4 -4 -5 -4  5  4 -4  1 -1 -4 -4 -2 -3 -2  1    0   0   0   0   0   0   0   0   0  51  46   0   2   0   0   0   0   0   0   1  0.77 0.15
  259 V   -2 -4 -4 -5 -2 -4 -4 -5 -4  2  1 -4  0 -2 -4 -3 -1 -4 -2  6    0   0   0   0   0   0   0   0   0   5  11   0   1   0   0   0   0   0   0  82  0.87 0.18
  260 G   -1 -1 -1  0 -4  0  5  4 -1 -4 -4  1 -3 -4 -3 -1 -2 -4 -3 -4    3   1   0   1   0   2  52  34   0   0   1   6   0   0   0   0   0   0   0   0  0.73 0.15
  261 A    4 -3 -2 -2 -2 -2 -2  3 -3 -3 -3 -2 -2 -4 -2  2 -1 -4 -3 -2   60   0   0   0   0   0   0  26   0   0   0   0   0   0   0  13   0   0   0   0  0.69 0.15
  262 V   -2 -4 -4 -5 -2 -4 -4 -5 -5  2 -1 -4 -1 -2 -4 -3 -1 -4 -3  6    0   0   0   0   0   0   0   0   0   1   0   0   0   0   0   0   0   0   0  99  1.17 0.23
  263 E    1  5 -2 -2 -1  1  1 -2 -1 -3 -1  1 -1 -3 -2 -1 -1 -3 -2 -2   20  44   0   0   2   3  13   2   0   0   5   6   2   0   0   2   1   0   1   1  0.43 0.11
  264 R   -3  7 -2 -3 -5  0 -2 -4 -1 -5 -3  1 -3 -4 -4 -2 -3 -4 -3 -4    0  96   0   0   0   1   0   0   1   0   1   1   0   0   0   0   0   0   0   0  1.59 0.25
  265 G   -1 -4 -2 -3 -4 -3 -4  7 -4 -5 -5 -3 -4 -5 -4 -2 -3 -4 -5 -5    0   0   0   0   0   0   0 100   0   0   0   0   0   0   0   0   0   0   0   0  1.76 0.23
  266 I   -2 -4 -4 -4 -2 -4 -4 -5 -5  6  0 -4  0 -2 -4 -3 -2 -4 -2  4    0   0   0   0   0   0   0   0   0  60   0   0   0   0   0   0   0   0   0  40  0.90 0.17
  267 D   -3 -3  0  8 -5 -2  0 -3 -3 -5 -5 -2 -5 -5 -3 -2 -3 -6 -5 -5    0   0   0 100   0   0   0   0   0   0   0   0   0   0   0   0   0   0   0   0  1.84 0.26
  268 M   -3 -3 -4 -5 -3 -1 -4 -5 -3 -1  0 -3 10 -2 -4 -3 -3 -3 -3 -1    0   0   0   0   0   2   0   0   0   0   0   0  97   0   0   0   0   0   0   0  1.90 0.32
  269 F   -4 -4 -5 -5 -4 -4 -5 -5 -3 -2 -1 -5  3  8 -5 -4 -4 -1  1 -2    0   0   0   0   0   0   0   0   0   0   0   0   9  91   0   0   0   0   0   0  1.67 0.25
  270 D   -3 -3  0  8 -5 -2  0 -3 -3 -5 -5 -2 -5 -5 -3 -2 -3 -6 -5 -5    0   0   0 100   0   0   0   0   0   0   0   0   0   0   0   0   0   0   0   0  1.84 0.26
  271 C   -2 -6 -5 -6 11 -5 -6 -5 -5 -3 -3 -5 -3 -4 -5 -3 -3 -4 -4 -3    0   0   0   0 100   0   0   0   0   0   0   0   0   0   0   0   0   0   0   0  2.87 0.33
  272 V   -2 -4 -5 -5 -2 -4 -4 -5 -5  1 -1 -4 -1 -2 -4 -3 -1 -4 -3  6    0   0   0   0   0   0   0   0   0   0   0   0   0   0   0   0   0   0   0 100  1.19 0.23
  273 L   -3 -3 -4 -5 -3 -2 -4 -5 -2  1  3 -3  8 -1 -4 -3 -2 -3 -2 -1    0   0   0   0   0   0   0   0   1   3  28   0  68   0   0   0   0   0   0   0  1.19 0.23
  274 P   -3 -4 -4 -3 -5 -3 -3 -4 -4 -5 -5 -3 -4 -6  9 -3 -3 -6 -5 -4    0   0   0   0   0   0   0   0   0   0   0   0   0   0 100   0   0   0   0   0  2.71 0.29
  275 T   -1 -3 -1 -2 -2 -2 -2 -3 -3 -2 -3 -2 -2 -4 -3  2  7 -4 -3 -2    0   0   0   0   0   0   0   0   0   0   0   0   0   0   0  12  88   0   0   0  1.17 0.23
  276 R   -3  8 -2 -3 -5 -1 -2 -4 -2 -5 -4  1 -3 -5 -4 -2 -3 -4 -3 -4    0 100   0   0   0   0   0   0   0   0   0   0   0   0   0   0   0   0   0   0  1.73 0.26
  277 S    1 -2  6 -1 -3 -1 -1 -1 -1 -4 -4 -1 -3 -4 -3  4  0 -4 -3 -3   12   0  49   0   0   0   0   0   1   0   0   0   0   0   0  39   0   0   0   0  0.80 0.17
  278 G    4 -3 -2 -3 -2 -2 -3  5 -3 -4 -4 -2 -3 -4 -3 -1 -2 -4 -4 -3   49   0   0   0   0   0   0  51   0   0   0   0   0   0   0   0   0   0   0   0  0.92 0.17
  279 R   -3  8 -2 -3 -5 -1 -2 -4 -2 -5 -4  1 -3 -5 -4 -2 -3 -4 -3 -4    0 100   0   0   0   0   0   0   0   0   0   0   0   0   0   0   0   0   0   0  1.73 0.26
  280 N   -2 -2  6 -1 -4 -1 -2 -2  5 -4 -4 -2 -3 -4 -3 -1  3 -5 -2 -3    0   0  59   0   0   0   0   0  18   0   0   0   0   0   0   0  23   0   0   0  1.00 0.20
  281 G    1 -4 -2 -3 -4 -3 -3  7 -3 -5 -5 -3 -4 -5 -3 -1 -3 -4 -4 -4    8   0   0   0   0   0   0  91   0   0   0   0   0   0   0   1   0   0   0   0  1.51 0.21
  282 Q   -3 -1 -1 -2 -4  5 -1 -4  7 -3  0 -1 -1  1 -3 -2 -2  1  1 -3    0   1   0   0   0  35   0   0  39   0  14   1   0   6   0   0   0   2   3   0  0.79 0.18
  283 A    3 -3 -3 -4 -2 -2 -3 -1 -3  0  3 -2  0 -1 -3 -1 -1 -3 -1  0   45   0   0   0   0   0   0   2   0   1  45   0   1   0   0   0   0   0   2   3  0.43 0.13
  284 F   -4 -4 -5 -5 -4 -4 -5 -5 -2 -2 -1 -4 -2  8 -5 -4 -4  4  4 -2    0   0   0   0   0   0   0   0   0   0   1   0   0  82   0   0   0   6  11   0  1.56 0.23
  285 T   -1 -3 -2 -3 -2 -2 -3 -3 -3  0 -2 -2 -2 -3 -3  0  6 -4 -3  2    0   0   0   0   0   0   0   0   0   3   0   0   0   0   0   1  76   0   0  20  0.91 0.20
  286 W   -1  5 -1 -1 -3  0 -1 -3  2 -3 -3  0 -2 -2 -3  1  2  5 -1 -3    3  45   0   4   0   1   0   0   7   0   0   1   0   1   0  12  15  11   0   0  0.56 0.13
  287 D   -1  3  1  2 -3  1  2 -1  2 -3 -3  0 -2  0 -2  0  0 -1  0 -3    2  24   8  16   0   4  13   4   7   0   0   1   0   7   0   3   8   1   2   0  0.26 0.07
  288 G   -1 -4 -2 -3 -4 -3 -4  7 -4 -5 -5 -3 -4 -5 -4 -2 -3 -4 -5 -5    0   0   0   0   0   0   0 100   0   0   0   0   0   0   0   0   0   0   0   0  1.76 0.23
  289 P   -1  0 -2 -2 -2  0 -2 -3 -3  1 -1  0 -1 -2  3 -1  1 -4 -2  3    3   6   0   2   0   4   0   0   0   4   2   9   0   0  15   0   9   0   0  45  0.31 0.10
  290 I   -2 -4 -4 -4 -2 -3 -4 -5 -4  4  2 -3  1 -1 -4 -3 -1 -4 -2  4    0   0   0   0   0   0   0   0   0  32  15   0   2   0   0   0   0   0   0  51  0.67 0.14
  291 N   -2  2  6 -1 -4  0 -1 -2 -1 -4 -4  4 -3 -4 -3 -1 -1 -5 -3 -4    0   9  51   0   0   0   0   0   0   0   0  40   0   0   0   0   1   0   0   0  0.91 0.18
  292 I   -2 -4 -4 -5 -2 -4 -4 -5 -4  6  3 -4  2 -1 -4 -4 -2 -3 -2  1    0   0   0   0   0   0   0   0   0  66  28   0   4   0   0   0   0   0   0   2  0.82 0.16
  293 R   -3  7 -2 -3 -5  0 -1 -4 -2 -4 -4  3 -3 -4 -3 -2 -2 -4 -3 -4    0  78   0   0   0   0   0   0   0   0   0  22   0   0   0   0   0   0   0   0  1.32 0.21
  294 N   -3 -2  8  0 -4 -2 -2 -2 -1 -5 -5 -2 -4 -5 -4 -1 -2 -6 -4 -5    0   0 100   0   0   0   0   0   0   0   0   0   0   0   0   0   0   0   0   0  1.80 0.28
  295 A    6 -2 -3 -3 -2 -2 -2 -1 -3 -3 -3 -2 -2 -4 -2  2 -1 -4 -3 -2   88   0   0   0   0   0   0   0   0   0   0   1   0   0   0  11   0   0   0   0  0.92 0.20
  296 R   -1  6 -2 -2 -2  1 -1 -3 -1 -2 -3  3 -2 -3 -3 -1 -1 -4 -3  0    3  57   0   0   1   3   0   0   0   1   0  23   0   1   0   1   2   0   0   8  0.73 0.15
  297 F   -3 -2  1 -3 -4 -2 -2 -4  9 -4 -3 -3 -3  3 -4 -3 -3 -2  4 -4    0   0   5   0   0   0   0   0  67   0   0   0   0  13   0   0   0   0  15   0  1.45 0.23
  298 S    3  4 -1 -2 -3  1 -1 -1 -2 -3 -2  3  0 -4 -2  0 -1 -4 -3 -2   36  27   1   0   0   6   0   1   0   0   1  24   2   0   0   1   0   0   0   0  0.46 0.12
  299 E   -1 -1  0  4 -4  0  3 -2  4 -3 -3 -1 -2 -2 -2  0  1 -4 -1 -3    2   0   3  31   0   0  29   0  13   1   1   0   0   1   0   3  14   0   1   0  0.52 0.12
  300 D   -3 -3  0  8 -5 -2  0 -3 -3 -5 -5 -2 -5 -5 -3 -1 -3 -6 -5 -5    0   0   0  97   0   0   0   0   0   0   0   0   0   0   0   3   0   0   0   0  1.74 0.25
  301 L   -1 -2 -1  0 -3  0  0 -3  0 -1 -1 -1  0 -3  4  0  4 -4 -3 -1    1   1   0   4   0   5   4   0   3   2   7   2   4   0  23   1  41   0   0   2  0.46 0.11
  302 K    0  5 -1 -2 -3  0  0  2 -2 -4 -3  1 -2 -4 -3  1  0 -4 -3 -3    7  44   1   0   0   1   4  21   0   0   0   2   0   0   0  14   5   0   0   0  0.51 0.12
  303 P   -2 -4 -4 -3 -4 -3 -3 -4 -4 -4 -5 -3 -4 -5  8 -2 -1 -5 -5 -4    2   0   0   0   0   0   0   0   0   0   0   0   0   0  94   1   3   0   0   0  2.44 0.27
  304 L   -3 -3 -5 -5 -2 -3 -4 -5 -4  2  5 -4  1 -1 -4 -4 -2 -3 -2  0    0   0   0   0   0   0   0   0   0   8  89   0   1   0   0   0   0   0   0   2  0.94 0.17
  305 D   -3 -3  0  7 -5 -2  1 -3 -3 -5 -5 -2 -5 -5 -3 -2 -3 -6 -5 -4    0   0   0  94   0   0   6   0   0   0   0   0   0   0   0   0   0   0   0   1  1.67 0.24
  306 S    1 -2 -2  1 -4  0  4 -3 -2 -4 -4  0 -3 -4  5  0 -2 -4 -3 -3   12   0   0   5   0   0  45   0   0   0   0   2   0   0  32   4   0   0   0   0  0.86 0.15
  307 E    0  1  1  1 -3  2  3  0  2 -3 -3  0 -2 -3 -2  0  1 -3 -1 -2    9   7   5   7   0   9  27   6   7   0   1   2   0   0   0   5  11   0   1   0  0.27 0.06
  308 C   -1 -5 -3 -4 10 -4 -4 -4 -4 -3 -3 -4 -3 -4 -4  2 -2 -4 -4 -3    1   0   0   0  81   0   0   0   0   0   1   0   0   0   0  18   0   0   0   0  2.06 0.27
  309 H    0 -1  1  5 -3 -1  0  1 -1 -3 -4 -1 -3 -4  0  1  1 -4 -3 -3    7   2   3  52   0   1   1  11   1   1   0   2   0   0   4   8   8   0   0   0  0.58 0.12
  310 C   -2 -5 -4 -5 11 -5 -6 -4 -5 -3 -3 -5 -3 -4 -5 -3 -2 -4 -4 -3    0   0   1   0  98   0   0   0   0   1   0   0   0   0   0   0   0   0   0   0  2.76 0.32
  311 A   -1 -3 -3 -3 -4 -2 -3 -4  0 -3 -3 -3 -2  0  6 -2 -2 -1  6 -3    3   0   0   0   0   0   0   0   2   0   0   0   1   0  44   1   1   0  46   1  1.32 0.20
  312 V    3 -2 -2 -3  0 -2 -2 -2 -3 -1 -2 -2 -2 -3 -2  0  5 -4 -3  1   35   0   0   0   2   0   0   0   0   0   1   0   0   0   0   1  52   0   0   8  0.59 0.16
  313 C    1 -4 -4 -5 10 -4 -4 -4 -4 -3 -3 -4 -3 -4 -4  0 -1 -4 -4 -2   10   0   0   0  81   0   0   0   0   0   1   0   0   0   0   5   2   0   0   0  1.99 0.26
  314 Q    0  5 -1 -2 -3  2  0 -1 -1 -3 -3  3 -2 -4 -2  0  1 -3 -3 -3    5  39   1   0   0  13   1   3   0   0   1  20   0   0   0   6  10   0   0   0  0.50 0.11
  315 K   -2  0  5  3 -4  1  0 -1  4 -4 -4  0 -3 -4 -3  0  1 -4 -2 -3    0   2  42  16   0   4   1   4  14   0   0   3   0   0   0   4   8   0   0   0  0.59 0.12
  316 W   -3 -3 -4 -5 -3 -3 -4 -4  1 -3 -2 -4 -2  5 -5 -3 -3  5  8 -3    0   0   0   0   0   0   0   0   2   0   0   0   0  23   0   0   0   7  67   0  1.51 0.22
  317 S    0 -2 -1 -2 -2 -2 -2 -2 -2 -4 -4 -2 -3 -4 -2  6  2 -4 -3 -3    1   0   0   0   0   0   0   0   0   0   0   0   0   0   0  90   9   0   0   0  1.05 0.22
  318 R   -3  7 -2 -3 -5  0 -1 -4 -2 -5 -3  2 -3 -4 -4 -2 -3 -4 -3 -4    0  92   0   0   0   0   0   0   0   0   1   8   0   0   0   0   0   0   0   0  1.52 0.24
  319 A    5 -3 -2 -3 -2 -2 -2  0 -3 -3 -3 -2 -2 -4 -2  2 -1 -4 -3 -2   83   0   0   0   0   0   0   3   0   0   0   0   0   0   0  14   0   0   0   0  0.87 0.19
  320 Y   -4 -4 -4 -5 -4 -3 -4 -5  0 -3 -3 -4 -3  1 -5 -4 -3  1  9 -3    0   0   0   0   0   0   0   0   0   0   0   0   0   0   0   0   0   0 100   0  2.19 0.31
  321 I   -3 -4 -5 -5 -3 -3 -4 -5 -3  1  5 -4  1 -1 -4 -4 -2 -3 -2  0    0   0   0   0   0   0   0   0   0   5  94   0   0   0   0   0   0   0   0   1  1.00 0.19
  322 H   -3  0 -1 -3 -5 -1 -2 -4 10 -5 -4 -1 -3 -1 -4 -3 -3 -4  2 -5    0   5   1   0   0   0   0   0  86   0   0   2   0   1   0   0   0   0   5   0  1.89 0.27
  323 H   -4 -2 -1 -3 -5 -1 -2 -4 10 -5 -5 -3 -4 -3 -4 -3 -4 -4  0 -5    0   0   0   0   0   0   0   0 100   0   0   0   0   0   0   0   0   0   0   0  2.47 0.33
  324 L   -3 -3 -5 -5 -2 -3 -4 -5 -4  1  5 -4  1 -1 -4 -4 -2 -3 -2  1    0   0   0   0   0   0   0   0   0   0  89   0   0   0   0   0   0   0   0  11  0.93 0.18
  325 I   -2 -3 -1  5 -3 -1  0 -3  0  1 -2 -2 -1  2 -3 -2 -2 -3 -1  2    0   0   1  44   0   2   2   0   3  10   0   0   0  12   0   1   0   0   1  24  0.44 0.12
  326 R   -2  6 -2 -2 -5  0 -1 -3 -1 -4 -4  5 -3 -4 -3 -2 -2 -4 -3 -4    0  49   0   0   0   0   0   0   1   1   0  50   0   0   0   0   0   0   0   0  1.06 0.19
  327 A    3 -3 -2 -3  8 -3 -3 -2 -3 -2 -3 -3 -2 -4 -3  2  0 -4 -3 -2   26   0   0   0  48   0   0   0   0   0   0   0   0   0   0  20   6   0   0   0  1.03 0.18
  328 G   -1 -1  4  1 -4  1  0  4  0 -4 -4  0 -3 -4 -3 -1 -2 -4 -3 -4    0   2  27   5   0   9   6  43   1   0   0   6   0   0   0   0   0   0   0   0  0.63 0.12
  329 E   -2 -2 -2  0 -5  0  7 -4 -2 -5 -5 -1 -4 -5 -3 -2 -2 -5 -4 -4    0   0   0   0   0   0 100   0   0   0   0   0   0   0   0   0   0   0   0   0  1.57 0.26
  330 I   -1 -3 -4 -4 -3 -3 -4 -3 -4  5  0 -3  6 -1 -3 -2 -2 -3 -1  1    4   0   0   0   0   0   0   2   0  53   0   0  35   0   1   2   0   0   1   1  0.75 0.18
  331 L   -3 -3 -5 -5 -2 -2 -4 -5 -4  2  5 -4  1 -1 -4 -4 -2 -3 -2  0    0   0   0   0   0   2   0   0   0  10  86   0   0   0   0   0   0   0   0   1  0.88 0.17
  332 G    1 -3 -2 -2 -3 -3 -3  6 -3 -5 -5 -3 -4 -4 -3  1 -2 -4 -4 -4    8   0   0   0   0   0   0  82   0   0   0   0   0   0   0  10   0   0   0   0  1.28 0.18
  333 A    4 -2 -2 -2 -1 -1 -2  2 -2 -2 -2 -2  0 -3  1  2 -1 -4 -3 -1   50   0   0   0   0   1   0  12   0   0   1   0   4   0   7  23   0   0   0   1  0.45 0.12
  334 M   -2  4 -3 -4 -3  2 -2 -4 -2 -1  0 -1  7 -2 -4 -2 -2 -3 -3 -1    0  31   0   0   0  10   0   0   0   1   0   0  54   0   0   0   1   0   0   3  0.86 0.20
  335 L   -3 -4 -5 -5 -3 -4 -4 -5 -4  1  6 -4  1 -1 -4 -4 -3 -3 -2  0    0   0   0   0   0   0   0   0   0   1  99   0   0   0   0   0   0   0   0   0  1.11 0.20
  336 M   -1 -2  5 -1 -2 -2 -2 -2 -2 -1  3 -2  3 -2 -3 -1 -2 -4 -3 -1    3   0  43   0   0   0   0   2   0   1  39   0  10   0   0   0   0   0   0   1  0.51 0.14
  337 T   -1 -3 -1 -3 -2 -2 -2 -3 -3 -2 -3 -2 -2 -4 -3  1  7 -4 -3 -2    0   0   0   0   0   0   0   0   0   0   0   0   0   0   0   7  93   0   0   0  1.25 0.24
  338 E   -3 -3 -4 -3 -3  0  0 -4 -3  4  0 -3 -1 -1 -4 -3 -2  9 -1  0    0   0   0   0   0   6  10   1   0  45   3   0   0   0   0   0   1  34   0   0  1.04 0.18
  339 H   -2 -2  2 -2 -5 -1 -2 -4 10 -3 -4 -2 -3 -3 -4 -2 -3 -4  0 -4    2   0  10   0   0   0   0   0  85   2   0   0   0   0   0   0   0   0   0   1  1.88 0.28
  340 N   -3 -2  8  0 -4 -2 -2 -2 -1 -5 -5 -2 -4 -5 -4 -1 -2 -6 -4 -5    0   0 100   0   0   0   0   0   0   0   0   0   0   0   0   0   0   0   0   0  1.80 0.28
  341 I   -3 -4 -5 -5 -2 -3 -4 -5 -4  2  5 -4  1 -1 -4 -4 -2 -3 -2  0    0   0   0   0   0   0   0   0   0  14  84   0   0   0   0   0   0   0   0   2  0.89 0.17
  342 A    1  4 -1 -2 -3  1 -1 -2  6 -4 -3  0 -2 -2 -3  0 -1  3  0 -3   15  33   0   0   0   6   0   1  28   0   0   0   0   1   0   6   2   5   3   0  0.56 0.13
  343 F   -3 -3 -4 -5 -4 -3 -4 -5  3 -3 -2 -3 -2  4 -5 -3 -3  0  8 -2    1   0   0   0   0   0   0   0   6   0   0   0   0  19   0   0   0   0  73   1  1.53 0.23
  344 Y   -4 -4 -4 -5 -4 -3 -4 -5  0 -3 -3 -4 -3  3 -5 -4 -3  1  9 -3    0   0   0   0   0   0   0   0   0   0   0   0   0   6   0   0   0   0  94   0  2.01 0.29
  345 Q   -3 -1 -2 -2 -5  8  1 -4 -1 -4 -3  0 -2 -5 -3 -2 -2 -4 -3 -4    0   0   0   0   0  97   1   0   0   0   2   0   0   0   0   0   0   0   0   0  1.66 0.29
  346 Q   -1  3  1  2 -3  2  2 -2  0 -3 -3  1 -2 -3 -2  0  0 -4 -2 -2    5  27   6  16   0   8  16   1   2   1   1   4   0   0   0   3   8   0   0   2  0.34 0.08
  347 L   -2 -3 -5 -5 -2 -3 -4 -5 -2  1  5 -4  1  0 -4 -4 -2 -3 -2  1    0   0   0   0   0   0   0   0   1   5  83   0   1   1   0   0   0   0   0  10  0.82 0.16
  348 M   -3 -3 -4 -5 -3 -2 -4 -5 -3 -1  0 -3 10 -2 -4 -3 -1 -3 -3 -1    0   0   0   0   0   0   0   0   0   0   0   0  96   0   0   0   4   0   0   0  1.85 0.32
  349 Q    3  2 -1 -2 -3  4  1 -2 -1 -3 -3  0 -2 -4 -2  1 -1 -3 -3 -2   40  12   0   0   0  28   8   0   0   0   0   3   0   0   0   6   0   0   0   0  0.45 0.12
  350 K    0 -1 -1  2 -3 -1  1  5 -2 -4 -4 -1 -3 -4 -3  0 -2 -4 -4 -4    6   2   1  11   0   2   9  62   0   0   0   1   0   0   0   4   1   0   0   0  0.78 0.13
  351 I   -2 -3 -4 -5 -2 -3 -4 -5 -4  3  4 -3  5 -1 -4 -3 -2 -3 -2  0    1   0   0   0   0   0   0   0   0  23  48   0  27   0   0   0   0   0   0   0  0.71 0.15
  352 R   -3  8 -2 -3 -5 -1 -2 -4 -2 -5 -4  1 -3 -5 -4 -2 -3 -4 -3 -4    0 100   0   0   0   0   0   0   0   0   0   0   0   0   0   0   0   0   0   0  1.74 0.27
  353 D    1  0  1  3 -3  2  2  1 -1 -3 -3  0 -2 -4 -2  0  0 -4 -3 -2   18   2   5  23   0  13  14  10   1   0   1   5   1   0   0   2   4   0   0   0  0.31 0.07
  354 S    6 -3 -2 -3 -2 -2 -2 -1 -3 -3 -3 -2 -2 -4 -2  1 -1 -4 -3 -2   94   0   1   0   0   0   0   0   0   0   0   0   0   0   0   5   0   0   0   0  1.03 0.21
  355 I   -3 -4 -5 -5 -3 -4 -5 -5 -5  7  1 -4  0 -1 -4 -4 -2 -4 -3  1    0   0   0   0   0   0   0   0   0  92   8   0   0   0   0   0   0   0   0   0  1.17 0.22
  356 S    3 -1 -1  2 -3  0  4  0 -2 -3 -3 -1 -2 -4 -2  0 -1 -4 -3 -2   39   1   0  10   0   3  34   5   0   0   1   1   0   0   0   5   2   0   0   0  0.44 0.12
  357 E    2 -1  1  1 -3  2  4 -1 -1 -3 -3  0 -2 -4 -2  0  0 -4 -3 -2   30   1   6   7   0  13  33   3   0   0   1   1   0   0   0   2   4   0   0   0  0.41 0.11
  358 G   -1 -2  0  1 -4  1 -1  6  0 -5 -5 -2 -4 -4 -3 -1 -2 -4 -4 -4    1   2   4   8   0   7   1  73   2   0   0   1   0   0   0   1   0   0   0   0  1.01 0.16
  359 R   -1  5  0 -1 -2  0  0 -2 -2 -3 -3  2 -2 -4 -3  0  3 -4 -3 -2    2  45   3   1   1   2   4   1   0   0   0  10   0   0   0   3  27   0   0   0  0.57 0.13
  360 F   -3 -4 -4 -5 -3 -4 -4 -5 -3  0  4 -4  1  6 -4 -4 -3 -1  1 -1    1   0   0   0   0   0   0   0   0   0  50   0   1  46   0   0   0   0   2   0  0.89 0.17
  361 S    2 -1 -1  3 -2  0  3 -1 -2 -3 -3 -1 -2 -4 -2  1  0 -4 -3 -2   24   0   0  26   1   2  26   2   0   1   0   1   0   0   0   9   6   0   0   2  0.40 0.10
  362 Q    2 -1  0  4 -3  2  2 -1  0 -3 -3 -1 -2 -4 -2  0  0 -4 -3 -2   31   3   2  27   0  10  15   2   2   0   0   0   0   0   0   4   4   0   0   1  0.38 0.10
  363 F   -4 -2 -4 -5 -2 -4 -4 -5  0 -2 -1 -4 -2  8 -5 -4 -4  5  3 -2    0   2   0   0   1   0   1   0   2   0   0   0   0  81   0   0   0   7   6   1  1.46 0.23
  364 A    2  0 -3 -3  0 -1  0 -2 -3  1  0 -1  0 -2 -3 -1 -1 -3 -2  4   22   7   0   0   2   3   6   1   0   5   2   1   2   0   0   1   2   0   1  48  0.27 0.11
  365 Q    3  0  0  1 -2  0  1 -1 -1 -2 -2  0 -2 -3 -2  1  0 -4 -3 -1   41   5   5  11   0   4   9   3   1   0   1   6   0   0   0   5   6   0   0   3  0.24 0.08
  366 D    0  0 -1  4 -4  1  4 -1 -1 -4 -4  0 -3 -4 -2  0 -1 -4 -3 -3   11   4   0  29   0   5  38   5   1   0   0   1   0   0   0   3   3   0   0   0  0.56 0.12
  367 F   -3 -4 -4 -5 -4 -4 -4 -5 -3  0 -1 -4 -1  8 -5 -3  1 -1  2 -1    0   0   0   0   0   0   0   0   0   3   1   0   0  82   0   0  10   0   1   3  1.35 0.23
  368 R   -2  2 -2 -3 -4  0  0 -4  4 -3 -2  1 -2  0 -3 -2 -2  0  6 -3    2  16   0   0   0   4   4   0  13   0   2   7   1   0   0   2   1   0  48   0  0.73 0.16
  369 A    4  1 -2 -1 -2  1  2 -1 -1 -3 -3 -1 -2 -4 -2  0 -1 -4 -3 -2   54  11   0   2   0   8  15   3   1   0   0   1   0   0   0   2   2   0   0   0  0.43 0.13
  370 R   -1  4  0  1 -3  3  1  1 -1 -4 -3  2 -1 -4 -2 -1 -1 -4 -3 -3    3  37   2   9   0  15   4  11   0   0   0  14   1   0   0   1   2   0   0   0  0.46 0.10
  371 Y   -3 -3 -4 -5 -3 -3 -3 -4  1 -3 -2 -3 -2  1 -4 -3 -3 10  7 -3    0   0   0   0   0   0   0   0   3   0   0   0   0   0   0   0   0  47  50   0  1.83 0.15
  372 F   -1 -3 -3 -4 -2 -3 -3 -4 -2  2  3 -3  1  4 -3 -2 -1 -1  2  2    0   0   0   0   0   0   0   0   0   7  39   0   0  27   0   0   0   0   5  22  0.33 0.02

                      K         Lambda
Standard Ungapped    0.1359     0.3213
Standard Gapped      0.0615     0.2670
PSI Ungapped         0.2007     0.3149
PSI Gapped           0.0615     0.2670
