
Last position-specific scoring matrix computed, weighted observed percentages rounded down, information per position, and relative weight of gapless real matches to pseudocounts
           A  R  N  D  C  Q  E  G  H  I  L  K  M  F  P  S  T  W  Y  V   A   R   N   D   C   Q   E   G   H   I   L   K   M   F   P   S   T   W   Y   V
    1 E   -2 -1  4  1 -4  3  3 -2  0 -4 -4  0 -3 -4 -2  1 -1 -4 -3 -3    0   0  37   5   0  16  32   0   0   0   0   1   0   0   0   8   0   0   0   0  0.62 0.10
    2 Q   -2  1 -2 -2 -5  8  0 -4 -1 -4 -4  1 -2 -5 -3 -2 -2 -4 -2 -4    0   6   0   0   0  81   1   0   0   0   0   7   0   0   0   1   1   0   1   0  1.42 0.30
    3 Y   -4 -4  1 -4 -4 -3 -4 -5  0 -3 -3 -4 -3  4 -5 -3 -3  0  8 -3    0   0   9   0   0   0   0   0   1   0   0   0   0  18   0   0   0   0  71   0  1.63 0.31
    4 Y   -3 -1 -3 -5 -4 -2 -4 -5  0 -1 -2 -3  0  2 -5 -3 -3  3  9 -3    1   3   1   0   0   2   0   0   1   3   2   0   2   2   0   1   0   3  78   0  1.62 0.31
    5 G    1 -4 -2 -3 -4 -3 -4  7 -4 -5 -5 -3 -4 -5 -4 -2 -3 -4 -5 -5   10   0   0   0   0   0   0  89   0   0   0   0   0   0   0   1   0   0   0   0  1.62 0.27
    6 T   -2 -3 -2 -3 -3 -3 -3 -4 -4 -3 -3 -3 -3 -4 -3 -1  7 -5 -4 -2    0   0   0   0   0   0   0   0   0   0   0   0   0   0   0   0  99   0   0   1  1.65 0.35
    7 G   -2 -4 -2 -3 -5 -4 -4  7 -4 -6 -6 -4 -5 -5 -4 -2 -4 -5 -5 -5    0   0   0   0   0   0   0 100   0   0   0   0   0   0   0   0   0   0   0   0  1.96 0.31
    8 R   -3  8 -2 -4 -6 -1 -2 -4 -2 -5 -4  1 -3 -5 -4 -3 -3 -5 -4 -5    0  96   0   0   0   0   0   0   0   0   0   4   0   0   0   0   0   0   0   0  1.88 0.34
    9 R   -4  8 -3 -4 -6 -1 -2 -5 -2 -5 -4  0 -4 -5 -4 -3 -3 -5 -4 -5    0 100   0   0   0   0   0   0   0   0   0   0   0   0   0   0   0   0   0   0  2.00 0.35
   10 K   -3  0 -2 -3 -5 -1 -1 -4 -3 -5 -5  7 -3 -5 -3 -2 -3 -5 -4 -4    0   0   0   0   0   0   0   0   0   0   0 100   0   0   0   0   0   0   0   0  1.69 0.34
   11 E   -1 -1  2  0 -2 -1  0 -2  1 -3 -3  1 -3 -3 -2  3  3 -4 -3 -3    0   0   9   4   0   1   6   0   4   0   0  11   0   0   0  36  28   0   0   0  0.48 0.16
   12 A    3 -3 -1 -2 -2 -2 -2 -2 -3 -4 -4 -2 -3 -4 -3  6 -1 -5 -4 -3   25   0   0   0   0   0   0   0   0   0   0   0   0   0   0  75   0   0   0   0  1.04 0.27
   13 V    0 -3 -3 -4 -2 -3 -3 -4 -4  3 -1 -3 -1 -2 -3  0  3 -4 -3  4    7   0   0   0   0   0   0   0   0  15   0   0   0   0   0   6  21   0   0  50  0.55 0.17
   14 A    6 -3 -3 -4 -2 -3 -3 -2 -4 -3 -3 -3 -3 -4 -3  0 -2 -5 -4 -2   99   0   0   0   0   0   0   0   0   0   0   0   0   0   0   1   0   0   0   0  1.37 0.31
   15 R   -4  8 -3 -4 -6  0 -2 -5 -2 -5 -4  0 -3 -5 -4 -3 -3 -5 -4 -5    0  98   0   0   0   1   0   0   0   0   0   1   0   0   0   0   0   0   0   0  1.94 0.35
   16 V   -2 -5 -5 -5 -3 -4 -4 -5 -5  1 -1 -4 -1 -3 -4 -4 -2 -5 -3  7    1   0   0   0   0   0   0   0   0   1   0   0   0   0   0   0   0   0   0  98  1.41 0.31
   17 F   -3  5 -3 -4 -4 -2 -3 -4  0 -2 -2 -1 -2  6 -5 -3 -3  5  3 -3    0  39   0   0   0   0   0   0   1   1   0   0   0  38   0   0   0   8  12   0  0.99 0.22
   18 L   -2 -4 -5 -5 -3 -4 -4 -5 -4  3  5 -4  2 -1 -4 -4 -2 -3 -3  1    3   0   0   0   0   0   0   0   0  15  72   0   4   0   0   0   0   0   0   6  0.83 0.19
   19 R   -1  3 -2 -3 -3 -1 -2 -3 -2  0  0  2  0 -1 -3 -1  0 -3  1  3    1  18   0   0   0   1   0   0   0   3   5  21   2   1   0   2   6   0   5  34  0.28 0.12
   20 P    1 -2 -2 -3 -4 -1 -2 -3 -4 -4 -4 -1 -4 -5  8 -1 -2 -5 -5 -3   11   2   1   0   0   2   1   0   0   0   0   3   0   0  76   2   1   0   0   1  1.83 0.28
   21 G   -2 -4 -2 -3 -5 -4 -4  7 -4 -6 -6 -4 -5 -5 -4 -2 -4 -5 -5 -5    0   0   0   0   0   0   0 100   0   0   0   0   0   0   0   0   0   0   0   0  1.96 0.31
   22 N   -1 -1  2  1 -2  0  2 -2 -2 -3 -3  0 -3 -4 -2  3  4 -4 -3 -2    1   0  12   8   0   1  15   1   0   0   0   4   0   0   0  23  34   0   0   0  0.48 0.15
   23 G   -2 -4 -2 -3 -5 -4 -4  7 -4 -6 -6 -4 -5 -5 -4 -2 -4 -5 -5 -5    0   0   0   0   0   0   0 100   0   0   0   0   0   0   0   0   0   0   0   0  1.96 0.31
   24 K   -1  2  4  0 -4  1  0 -2 -1 -3 -4  4 -2 -4 -3  0 -1 -4 -3 -2    4   8  30   3   0   3   3   0   0   0   0  41   0   0   0   3   2   0   0   2  0.60 0.17
   25 V   -3 -5 -5 -5 -2 -4 -5 -5 -5  7  0 -4  1  1 -5 -4 -2 -4 -2  3    0   0   0   0   0   0   0   0   0  78   1   0   2   5   0   0   0   0   0  14  1.12 0.24
   26 T   -2 -3 -2 -3 -2 -2 -2 -4 -3  2 -1 -2 -1 -3 -3  0  5 -4 -3  3    0   0   1   0   0   1   1   0   0  10   4   2   1   0   0   3  54   0   0  24  0.62 0.19
   27 V   -2 -4 -5 -5 -3 -4 -5 -5 -5  6  0 -4 -1 -2 -4 -4 -2 -4 -3  5    0   0   0   0   0   0   0   0   0  53   0   0   0   0   0   0   0   0   0  47  1.06 0.23
   28 N   -4 -3  8 -1 -5 -2 -2 -3 -2 -6 -6 -2 -4 -5 -4 -1 -2 -6 -4 -5    0   0 100   0   0   0   0   0   0   0   0   0   0   0   0   0   0   0   0   0  2.09 0.37
   29 G   -2  0  3  1 -4  1 -1  4 -2 -4 -4  3 -3 -4 -3 -1 -2 -4 -4 -4    0   1  14   8   0   8   0  39   0   0   0  27   0   0   0   2   1   0   0   0  0.62 0.16
   30 Q   -3  7 -2 -3 -4  0 -2 -4 -2 -5 -3  4 -3 -5 -4 -2 -2 -5 -3 -4    0  73   0   0   0   2   0   0   0   0   1  22   0   0   0   0   1   0   0   1  1.32 0.26
   31 D   -1 -2  0  4 -3 -1  2 -2 -2 -4 -4 -1 -3 -4  3  2  1 -5 -4 -3    3   1   3  35   0   0  12   1   0   0   0   1   0   0  14  18  11   0   0   0  0.58 0.14
   32 F   -1 -3 -4 -4 -2 -2 -3 -4 -4  4  4 -3  2  1 -4 -3 -2 -2 -2  1    5   0   0   0   0   1   0   1   0  31  44   0   6   4   0   0   0   0   0   7  0.54 0.14
   33 N   -1 -1  2  5 -5  0  4 -2 -2 -4 -4  0 -3 -5 -2 -1 -1 -5 -4 -4    3   1   9  45   0   2  31   1   0   0   1   2   0   0   0   2   2   0   0   0  0.85 0.19
   34 E   -2 -2  1  3 -4  2  5 -3 -2 -3 -4 -1 -3 -4 -3 -1 -1 -5 -3 -1    1   0   5  21   0   8  53   0   0   1   0   1   0   0   0   1   3   0   0   7  0.76 0.19
   35 Y   -4 -4 -4 -5 -5 -4 -4 -5  0 -3 -3 -4 -3  3 -5 -4 -4  0  9 -3    0   0   0   0   0   0   0   0   0   0   0   0   0   8   0   0   0   0  91   0  2.25 0.37
   36 F   -4 -5 -5 -6 -3 -5 -5 -5 -3  0  0 -5 -1  8 -6 -4 -4 -1  1 -2    0   0   0   0   0   0   0   0   0   6   5   0   1  87   0   0   0   0   0   1  1.72 0.30
   37 Q    0 -4  0 -1 -4 -2 -3  6 -3 -5 -5 -3 -4 -5  3 -1 -3 -4 -4 -4    5   0   3   3   0   1   0  68   0   0   0   0   0   0  17   2   0   0   0   0  1.12 0.21
   38 G   -3  5 -2 -3 -4 -1 -2 -3 -1 -1  2  0  0  1 -3 -2 -2 -3  1 -2    0  48   1   0   0   0   1   1   1   1  28   2   1   6   0   3   1   0   6   0  0.54 0.17
   39 L   -1 -1 -2  1 -5  1  6 -3 -2 -4 -3  1 -3 -5  2 -1 -2 -4 -4 -2    5   1   0   6   0   4  61   0   0   0   2   9   0   0  10   0   0   0   0   2  0.82 0.20
   40 V    0 -3 -1 -2 -3 -3 -3 -3 -4 -2 -3 -3 -2 -4 -3  0  7 -4 -3  1    5   0   1   1   0   0   0   0   0   1   0   0   0   0   0   1  81   0   0  10  1.12 0.28
   41 R    2 -2 -3 -2 -2 -2 -2 -1 -3  0  4 -3  0 -2 -3  1 -1 -3 -3 -1   19   2   0   2   0   1   0   3   0   0  58   0   1   0   0  12   1   0   0   0  0.39 0.15
   42 A   -2  5 -1 -2  0  1  1 -3 -1 -1 -2  4 -2 -4 -3 -1 -2 -4 -3 -2    1  44   0   1   3   7   6   0   0   4   3  27   0   0   0   1   0   0   0   3  0.65 0.17
   43 V   -2 -1 -3 -4 -3 -2 -1 -4 -3  1  2 -2  7 -1 -4 -3 -1 -3 -2  2    0   3   1   0   0   1   5   0   0   4  17   1  51   0   0   0   3   0   1  13  0.74 0.21
   44 A   -2 -4 -4 -1 -2 -3 -3 -5 -4  5  0 -4  1 -2 -4 -3 -1 -4 -2  4    1   0   0   5   0   0   1   0   0  44   3   0   2   0   0   0   1   0   1  41  0.69 0.18
   45 A    0 -4 -4 -5 -2 -4 -4 -4 -5  3  1 -4  0 -2 -4 -2 -1 -4 -3  6    6   0   0   0   0   0   0   0   0  12   6   0   1   0   0   1   0   0   0  73  0.86 0.21
   46 L   -2  6  2 -2 -3  0 -1 -3 -2 -4 -2  3 -1 -4 -3 -2 -2 -4 -2 -3    2  51  12   0   1   2   1   0   0   0   3  25   2   0   0   0   0   0   1   0  0.79 0.19
   47 E   -2 -1 -2 -2 -5  8  1 -4 -2 -5 -4 -1 -2 -5 -3 -1 -3 -4 -4 -4    1   1   0   0   0  90   3   0   0   0   0   0   1   0   0   4   0   0   0   0  1.71 0.35
   48 P   -2 -4 -4 -4 -5 -3 -3 -4 -4 -5 -5 -3 -5 -6  9 -3 -3 -6 -5 -5    2   0   0   0   0   0   0   0   0   0   0   0   0   0  97   0   0   0   0   0  2.73 0.37
   49 L   -3 -4 -5 -5 -3 -4 -5 -5 -4  0  6 -4  1  3 -5 -4 -3 -3 -2 -1    0   0   0   0   0   0   0   0   0   1  87   0   0  11   0   0   0   0   0   0  1.07 0.23
   50 R    0 -1  0  0 -3  0  5 -1 -1 -1 -2  0 -2 -4 -3 -1  0 -4 -3  2    7   1   4   2   0   2  50   3   1   1   1   2   0   0   0   1   7   0   0  19  0.46 0.16
   51 A    1 -3 -4 -4 -1 -3 -3 -4 -4  1  4 -3  0 -1 -3 -2  0 -3 -2  2   16   1   0   0   1   0   1   0   0   5  57   0   0   0   0   0   5   0   0  14  0.46 0.14
   52 V    0 -3 -2 -3 -2 -3 -3 -3 -4 -1 -1 -3 -2 -3 -3 -1  6 -4 -3  2    6   0   0   0   0   0   0   0   0   2   4   0   0   0   0   0  70   0   0  18  0.89 0.24
   53 D   -2 -2  2  4 -5  1  5  1 -2 -5 -5 -1 -4 -5 -3 -1 -2 -5 -4 -4    1   0  11  23   0   3  45  13   0   0   0   2   0   0   0   1   0   0   0   0  0.75 0.18
   54 A    0 -1  2 -2 -2 -1 -2 -3 -2 -1 -1 -2  4 -3 -3  0  5 -4 -3 -1    5   3   9   0   0   1   0   0   0   1   5   1  16   0   0   5  51   0   0   3  0.54 0.19
   55 L    0 -1 -1 -1 -2  0  1 -1 -2  0  1  0  1 -2 -2  0  2 -3 -2  1   10   0   2   1   0   3  11   3   0   3  22   6   3   0   0   2  19   0   0  14  0.11 0.07
   56 G   -1 -3  1  4 -4 -1  2  4 -2 -4 -5 -2 -4 -5 -3  0 -2 -4 -4 -4    1   0   6  27   0   0  17  42   0   0   0   0   0   0   0   4   1   0   0   0  0.75 0.16
   57 R   -1  2  1 -2 -3  3  0 -3  0 -4 -4  5 -3 -4 -3  0 -1 -4 -3 -3    2  10   5   0   1  14   0   0   2   0   0  57   0   0   0   6   3   0   0   0  0.74 0.19
   58 F   -4 -4 -5 -5 -4 -4 -5 -5 -2 -2  0 -4 -1  7 -5 -4 -4  0  6 -1    0   0   0   0   0   0   0   0   0   0   8   0   0  61   0   0   0   0  27   2  1.41 0.26
   59 D   -4 -4  0  8 -6 -2  0 -3 -3 -5 -6 -3 -5 -6 -4 -2 -3 -7 -5 -5    0   0   2  98   0   0   0   0   0   0   0   0   0   0   0   0   0   0   0   0  2.04 0.34
   60 A   -1 -4 -5 -5 -2 -4 -4 -5 -5  3  1 -4  0 -1 -4 -3 -2 -4 -3  5    3   0   0   0   0   0   0   0   0  20  12   0   1   1   0   0   0   0   0  63  0.80 0.20
   61 Y   -2 -2  0 -3 -2 -2 -2 -4  0  2  2  0  1  1 -3 -2 -1 -1  4  1    0   1   6   0   0   1   1   0   2  17  22   6   3   4   0   1   3   0  22  10  0.27 0.10
   62 I    1 -4 -4 -4  4 -3 -4 -4 -4  3  0 -4 -1 -2 -4 -2 -2 -4 -3  5   15   0   0   0  11   0   0   0   0  18   1   0   0   0   0   0   0   0   0  55  0.69 0.19
   63 T   -2  0  5 -1 -3 -1 -2 -3 -2 -2 -3  1 -2 -4 -3  0  5 -4 -3 -2    0   5  36   1   0   0   0   0   0   1   1   7   0   0   0   3  45   0   0   0  0.74 0.21
   64 V   -1 -5 -5 -5 -1 -4 -4 -5 -5  1 -1 -4 -1 -3 -4 -3 -2 -5 -3  7    2   0   0   0   1   0   0   0   0   0   0   0   0   0   0   0   0   0   0  97  1.35 0.30
   65 R    0  1  2  0  0  1  0 -2  3 -1 -2  3 -2 -3 -2  1  0 -3  0 -1    8   7  10   2   2   3   5   0  11   4   0  24   0   0   0  10   5   0   3   4  0.20 0.08
   66 G   -2 -4 -2 -3 -5 -4 -4  7 -4 -6 -6 -4 -5 -5 -4 -2 -4 -5 -5 -5    0   0   0   0   0   0   0 100   0   0   0   0   0   0   0   0   0   0   0   0  1.96 0.31
   67 G   -2 -4 -2 -3 -5 -4 -4  7 -4 -6 -6 -4 -5 -5 -4 -2 -4 -5 -5 -5    0   0   0   0   0   0   0  99   0   0   0   0   0   0   0   1   0   0   0   0  1.94 0.31
   68 G   -2 -4 -2 -3 -5 -4 -4  7 -4 -6 -6 -4 -5 -5 -4 -2 -4 -5 -5 -5    0   0   0   0   0   0   0 100   0   0   0   0   0   0   0   0   0   0   0   0  1.96 0.31
   69 K   -1 -2 -1 -2 -2 -2 -2 -2 -1  2  0 -2  0  3  0  0  0 -1  3  1    2   0   2   1   0   0   1   3   1  17   8   1   2  18   5   7   7   0  13  10  0.16 0.07
   70 S   -1 -3  0 -2 -3 -2 -2 -2 -3 -3 -3 -2 -3 -1 -3  4  5 -4 -3 -2    1   0   4   0   0   0   0   0   0   0   0   0   0   3   0  47  43   0   0   0  0.83 0.23
   71 G   -1 -4 -2 -3 -4 -4 -4  7 -4 -6 -6 -3 -5 -5 -4 -2 -3 -5 -5 -5    1   0   0   0   0   0   0  98   0   0   0   0   0   0   0   1   0   0   0   0  1.89 0.30
   72 Q   -3 -1 -2 -3 -5  9  0 -4 -2 -5 -5 -1 -3 -6 -4 -2 -3 -4 -4 -5    0   0   0   0   0 100   0   0   0   0   0   0   0   0   0   0   0   0   0   0  2.09 0.40
   73 I    6 -3 -3 -4 -2 -3 -3 -2 -4 -2 -3 -3 -3 -4 -3  0 -2 -5 -4 -2   96   0   0   0   0   0   0   0   0   1   0   0   0   0   0   3   0   0   0   0  1.27 0.29
   74 D   -2 -4 -2 -2 -5 -3 -4  7 -4 -6 -6 -3 -5 -5 -4 -2 -4 -5 -5 -5    0   0   0   1   0   0   0  98   0   0   0   0   0   0   0   0   0   0   0   0  1.88 0.30
   75 A    6 -3 -4 -4 -2 -3 -3 -2 -4 -3 -3 -3 -3 -4 -3 -1 -2 -5 -4 -2  100   0   0   0   0   0   0   0   0   0   0   0   0   0   0   0   0   0   0   0  1.39 0.31
   76 I   -3 -5 -5 -5 -1 -4 -5 -6 -5  7  1 -4  0 -2 -5 -4 -2 -4 -3  3    0   0   0   0   1   0   0   0   0  81   4   0   1   0   0   0   0   0   0  12  1.19 0.25
   77 K   -3  8 -2 -4 -6  0 -2 -4 -2 -5 -4  2 -3 -5 -4 -3 -3 -5 -4 -5    0  94   0   0   0   1   0   0   0   0   0   5   0   0   0   0   0   0   0   0  1.81 0.33
   78 L   -4 -3 -2 -4 -5 -1 -2 -5 10 -4  0 -3 -1 -3 -5 -3 -4 -5 -1 -5    0   0   0   0   0   1   0   0  86   0  12   0   1   0   0   0   0   0   0   0  2.17 0.37
   79 G   -1 -4 -2 -3 -5 -4 -4  7 -4 -6 -6 -3 -5 -5 -4 -2 -4 -5 -5 -5    1   0   0   0   0   0   0  99   0   0   0   0   0   0   0   0   0   0   0   0  1.91 0.30
   80 I   -3 -5 -5 -5 -3 -5 -5 -6 -5  7  1 -4  0 -2 -5 -4 -2 -4 -3  2    0   0   0   0   0   0   0   0   0  84  10   0   0   0   0   0   0   0   0   6  1.23 0.26
   81 A    4 -3 -2 -3 -2 -2 -2 -2 -3 -3 -3 -2 -2 -4 -2  3  4 -4 -3 -2   45   0   0   0   0   0   0   0   0   0   0   0   0   0   0  26  29   0   0   0  0.70 0.20
   82 R   -3  8 -2 -4 -6 -1 -2 -4 -2 -5 -4  1 -3 -5 -4 -3 -3 -5 -4 -5    0  95   0   0   0   1   0   0   0   0   0   4   0   0   0   0   0   0   0   0  1.83 0.33
   83 A    6 -3 -4 -4 -2 -3 -3 -2 -4 -3 -3 -3 -3 -4 -3 -1 -2 -5 -4 -2  100   0   0   0   0   0   0   0   0   0   0   0   0   0   0   0   0   0   0   0  1.39 0.31
   84 L   -3 -4 -5 -6 -3 -4 -5 -6 -5  0  6 -4  0 -1 -5 -4 -3 -3 -3 -1    0   0   0   0   0   0   0   0   0   1  99   0   0   0   0   0   0   0   0   0  1.32 0.27
   85 V   -2 -3 -3 -4  1 -2 -4 -4 -4  2  4 -3  5 -1 -4 -3  0 -3 -2  2    0   0   1   0   3   1   0   0   0   9  48   0  20   0   0   0   5   0   0  14  0.57 0.15
   86 Q   -1  0  0  1 -4  4  4 -3  0 -3 -3  2 -2 -3 -2 -1 -1 -4 -1 -2    5   1   2   4   0  25  38   0   1   0   2  15   0   0   0   1   1   0   2   3  0.56 0.16
   87 Y    3 -3 -3 -4 -2 -3 -3 -3 -1 -1 -2 -3 -1  2 -3 -1 -2 -1  6  2   32   0   1   0   0   0   0   0   0   0   1   0   1   6   0   1   1   0  37  18  0.63 0.19
   88 N   -3 -3  3  7 -5 -2  1 -1 -3 -5 -5 -2 -5 -5 -3 -1 -3 -6 -5 -5    0   0  13  77   0   0   5   3   0   0   0   0   0   0   0   2   0   0   0   0  1.43 0.27
   89 P    1 -2 -1  0 -4 -1  4 -1 -2 -3 -3 -1 -3 -4  5  0 -2 -4 -4 -3   13   0   1   2   0   1  39   4   0   1   1   0   0   0  32   5   0   0   0   1  0.78 0.18
   90 D    0 -2  1  3 -3  0  4 -1 -2 -3 -4 -1 -3 -4 -2  1  1 -4 -3 -3    8   0   6  22   0   1  35   3   0   0   0   0   0   0   0  12  13   0   0   1  0.50 0.14
   91 Y   -3 -3 -1 -4 -3 -3 -4 -5 -1  0  4 -4  1  3 -4 -3 -3 -1  5 -1    0   0   3   0   0   0   0   0   1   0  54   0   3  15   0   1   0   0  23   0  0.73 0.18
   92 R   -3  8 -2 -4 -6 -1 -2 -4 -2 -5 -4  2 -3 -5 -4 -3 -3 -5 -4 -5    0  92   0   0   0   0   0   0   0   0   0   8   0   0   0   0   0   0   0   0  1.78 0.32
   93 A    1 -2 -2 -2 -3 -1 -2  1 -3 -4 -3 -1 -3 -3  7  1 -1 -5 -4 -3   12   1   0   1   0   2   0  11   0   0   2   3   0   1  53  12   2   0   0   1  1.07 0.19
   94 K    2 -2 -1 -1 -2 -1  1 -2 -2  0 -2 -1 -1 -3  3  1  1 -4 -3  1   28   0   2   2   0   1   9   0   0   5   0   3   1   0  13   8  13   0   0  16  0.25 0.09
   95 L   -3 -4 -5 -5 -3 -4 -5 -5 -5  0  6 -4  1 -1 -5 -4 -3 -3 -3 -1    0   0   0   0   0   0   0   0   0   0  97   0   2   0   0   0   0   0   0   1  1.25 0.26
   96 K   -3  5 -2 -3 -5  0 -1 -4 -2 -5 -4  6 -3 -5 -3 -2 -2 -5 -4 -4    0  33   0   0   0   0   0   0   0   0   0  66   0   0   0   1   0   0   0   0  1.24 0.26
   97 P    1  3 -2 -2 -3  1  0 -2 -2 -4 -3  5 -3 -4 -1  1 -1 -4 -3 -3   16  14   0   1   0   3   2   1   0   0   0  51   0   0   2   8   2   0   0   1  0.59 0.17
   98 L    6 -2 -2 -3 -2 -2  0 -1 -2 -3 -3 -2 -3 -4 -3  0 -2 -4 -4 -2   86   1   2   0   0   0   6   2   0   0   1   1   0   0   0   1   0   0   0   0  0.97 0.25
   99 G   -2 -4 -2 -3 -5 -4 -4  7 -4 -6 -6 -3 -5 -5 -4 -2 -4 -5 -5 -5    0   0   0   0   0   0   0  99   0   0   0   0   0   0   0   0   0   0   0   0  1.91 0.31
  100 F   -4 -4 -5 -5 -4 -4 -5 -5 -1 -2  1 -5  0  7 -5 -4 -4 -1  5 -2    0   0   0   0   0   0   0   0   1   0  13   0   2  68   0   0   0   0  18   0  1.40 0.26
  101 L   -2 -4 -5 -5 -3 -4 -4 -5 -4  1  5 -4  1 -1 -4 -4 -2 -3 -3  3    0   0   0   0   0   0   0   0   0   3  66   0   2   0   0   0   0   0   0  29  0.84 0.20
  102 T   -2 -3 -2 -3 -3 -3 -3 -4 -4 -3 -3 -3 -3 -4 -3 -1  7 -5 -4 -2    0   0   0   0   0   0   0   0   0   0   0   0   0   0   0   0 100   0   0   0  1.70 0.36
  103 R   -4  8 -3 -4 -6 -1 -2 -5 -2 -5 -4  0 -4 -5 -4 -3 -3 -5 -4 -5    0 100   0   0   0   0   0   0   0   0   0   0   0   0   0   0   0   0   0   0  2.00 0.35
  104 D   -4 -4  0  8 -6 -2  0 -3 -3 -5 -6 -3 -5 -6 -4 -2 -3 -7 -5 -5    0   0   1  99   0   0   0   0   0   0   0   0   0   0   0   0   0   0   0   0  2.07 0.35
  105 A    4 -3 -3 -2 -3 -2 -2 -2 -3 -4 -4 -2 -3 -4  6  2 -2 -5 -4 -3   42   0   0   1   0   0   0   0   0   0   0   0   0   0  42  15   0   0   0   0  1.11 0.23
  106 R   -4  8 -3 -4 -6 -1 -2 -5 -2 -5 -4  0 -4 -5 -4 -3 -3 -5 -4 -5    0 100   0   0   0   0   0   0   0   0   0   0   0   0   0   0   0   0   0   0  2.00 0.35
  107 V    0 -1 -3 -3 -1  1  2 -3 -2 -1 -1  0  7 -2 -3 -2 -2 -4 -3  0    9   2   0   0   1   5  16   0   0   1   0   5  51   0   0   1   1   0   0   7  0.66 0.22
  108 V   -2 -1 -3 -3 -3 -1 -2 -4 -3 -1 -2  5 -2 -4 -3 -2 -1 -5 -3  4    0   0   0   0   0   0   0   0   0   0   0  53   0   0   0   0   1   0   0  46  0.82 0.24
  109 E   -3 -2 -2  0 -6  0  7 -4 -2 -6 -5 -1 -4 -6 -3 -2 -3 -5 -4 -5    0   0   0   0   0   0 100   0   0   0   0   0   0   0   0   0   0   0   0   0  1.81 0.35
  110 R   -4  8 -3 -4 -6 -1 -2 -5 -2 -5 -4  0 -4 -5 -4 -3 -3 -5 -4 -5    0 100   0   0   0   0   0   0   0   0   0   0   0   0   0   0   0   0   0   0  2.00 0.35
  111 K   -3  2 -2 -3 -5 -1 -1 -4 -3 -5 -5  7 -3 -5 -3 -2 -3 -5 -4 -4    0   7   0   0   0   0   0   0   0   0   0  93   0   0   0   0   0   0   0   0  1.53 0.31
  112 K   -3  0 -2 -3 -5 -1 -1 -4 -3 -5 -5  7 -3 -5 -3 -2 -3 -5 -4 -4    0   0   0   0   0   0   0   0   0   0   0 100   0   0   0   0   0   0   0   0  1.69 0.34
  113 Y   -3 -4 -4 -5 -3 -4 -4 -5 -1  0 -2 -4 -2  0 -1 -3 -3 -1  8  3    0   0   0   0   0   0   0   0   0   4   1   0   0   0   3   0   0   0  62  29  1.23 0.27
  114 G   -2 -4 -2 -3 -5 -4 -4  7 -4 -6 -6 -4 -5 -5 -4 -2 -4 -5 -5 -5    0   0   0   0   0   0   0 100   0   0   0   0   0   0   0   0   0   0   0   0  1.96 0.31
  115 K   -3 -1 -5 -5 -3 -2 -4 -5 -4  0  6  0  0  0 -4 -4 -3 -3 -3 -1    0   3   0   0   0   1   0   0   0   0  88   6   0   2   0   0   0   0   0   0  0.96 0.23
  116 H   -1  4 -2 -3 -5  0 -1 -3  5 -4 -4  5 -3 -4 -1 -2 -2 -4 -2 -4    4  24   0   0   0   0   0   0  16   0   0  55   0   0   2   0   0   0   0   0  0.95 0.23
  117 K    2  0 -2 -3 -4 -1 -1  1 -3 -4 -4  6 -3 -5 -3 -1 -2 -5 -4 -3   21   0   0   0   0   0   0  11   0   0   0  67   0   0   0   1   0   0   0   0  0.87 0.23
  118 A    6 -3 -3 -4 -2 -3 -3 -2 -4 -3 -3 -3 -3 -4 -3  0 -2 -5 -4 -2   99   0   0   0   0   0   0   0   0   0   0   0   0   0   0   1   0   0   0   0  1.35 0.31
  119 R   -4  8 -3 -4 -6 -1 -2 -5 -2 -5 -4  0 -4 -5 -4 -3 -3 -5 -4 -5    0 100   0   0   0   0   0   0   0   0   0   0   0   0   0   0   0   0   0   0  2.00 0.35
  120 R   -2  7 -2 -3 -5 -1 -1 -4 -2 -5 -4  4 -3 -5 -4 -2 -3 -5 -4 -4    2  68   0   0   0   0   0   0   0   0   0  30   0   0   0   0   0   0   0   0  1.35 0.27
  121 A    5  4 -2 -3 -2 -1 -2 -2 -3 -3 -3  0 -3 -4 -3  1 -1 -4 -3 -2   60  25   0   0   0   0   0   0   0   0   0   4   0   0   0   9   0   0   0   0  0.71 0.20
  122 P   -2 -4 -4 -3 -3 -3 -3 -4 -3 -4 -4 -2 -4  1  8  0  0 -5 -3 -4    0   0   0   0   0   0   0   0   0   0   0   1   0   7  77   6   7   0   0   0  1.87 0.29
  123 Q   -3 -1 -2 -3 -5  8  0 -4 -2 -5 -5 -1 -3 -6 -4 -2 -3 -4 -4 -5    0   0   0   0   0  99   1   0   0   0   0   0   0   0   0   0   0   0   0   0  2.07 0.40
  124 Y   -4 -5 -5 -6 -5 -5 -5 -5 -3 -2 -2 -5 -2  8 -6 -4 -4  1  4 -3    0   0   0   0   0   0   0   0   0   0   0   0   0  88   0   0   0   1  11   0  1.95 0.33
  125 S   -1 -3 -1 -2 -3 -2 -2 -2 -3 -5 -5 -2 -4 -5 -3  7  0 -5 -4 -4    0   0   0   0   0   0   0   0   0   0   0   0   0   0   0  99   1   0   0   0  1.47 0.34
  126 K   -3  0 -2 -3 -5 -1 -1 -4 -3 -5 -5  7 -3 -5 -3 -2 -3 -5 -4 -4    0   0   0   0   0   0   0   0   0   0   0 100   0   0   0   0   0   0   0   0  1.69 0.34
  127 R   -4  8 -3 -4 -6 -1 -2 -5 -2 -5 -4  0 -4 -5 -4 -3 -3 -5 -4 -5    0 100   0   0   0   0   0   0   0   0   0   0   0   0   0   0   0   0   0   0  2.00 0.35

                      K         Lambda
Standard Ungapped    0.1397     0.3212
Standard Gapped      0.0660     0.2670
PSI Ungapped         0.2161     0.3182
PSI Gapped           0.0660     0.2670
