
Last position-specific scoring matrix computed, weighted observed percentages rounded down, information per position, and relative weight of gapless real matches to pseudocounts
           A  R  N  D  C  Q  E  G  H  I  L  K  M  F  P  S  T  W  Y  V   A   R   N   D   C   Q   E   G   H   I   L   K   M   F   P   S   T   W   Y   V
    1 D   -3 -2 -1  5 -6  0  6 -4 -2 -5 -5 -1 -4 -5 -3 -2 -3 -5 -4 -5    0   0   1  32   0   0  67   0   0   0   0   0   0   0   0   0   0   0   0   0  1.40 0.38
    2 Q   -1 -1 -1 -2 -3  1  2  2 -2 -1 -1 -1 -1 -3  0  0  1 -4 -3  2    2   2   3   0   0   8  16  19   0   2   5   3   1   0   4   5   8   0   0  23  0.18 0.15
    3 N   -1 -3 -1  0 -4 -1  1 -3 -2 -3 -4 -1 -4 -5  6  1 -1 -5 -4 -1    4   0   3   6   0   2  11   1   1   1   0   2   0   0  48  11   3   0   0   6  1.01 0.34
    4 Q   -1 -3 -3 -1 -4  2  2 -4 -3 -2 -1  1  8 -3 -2 -2  0 -4 -2 -2    5   0   0   3   0   9  14   1   0   1   3   7  44   0   2   2   6   0   1   2  0.83 0.45
    5 Q   -2 -3  0  6 -5 -1  3 -2 -3 -5 -6  0 -5 -6 -4  1  1 -6 -5 -5    1   0   3  46   0   2  21   2   0   0   0   5   0   0   0   9   9   0   0   0  0.99 0.43
    6 L   -3 -5 -5 -6 -4 -4 -4 -6 -5  3  4 -4  2 -1 -2 -4 -2 -4 -3  4    0   0   0   0   0   0   1   0   0  18  44   0   5   1   2   0   2   0   0  27  0.86 0.38
    7 N    0 -1  5  0 -4  2  2 -3  0 -3 -2  0  2 -4 -2  0  1 -5 -2 -2    9   1  28   3   0   8  16   0   2   0   2   5   6   0   1   4   9   0   2   2  0.42 0.28
    8 E   -1 -3  1  3 -4  1  2 -2 -3 -3 -4  0 -3 -5 -2  0  4 -5 -4 -2    4   0   5  19   0   7  14   2   0   1   0   5   0   0   1   5  34   0   0   3  0.58 0.35
    9 V    5 -1 -3 -2 -2 -1 -1 -3 -4 -2 -3  3 -2 -4 -2 -1  0 -5 -4  0   52   2   0   2   0   2   3   0   0   2   1  19   1   0   1   2   6   0   0   6  0.64 0.38
   10 L    1 -4 -5 -5 -3 -3 -5 -5 -5  3  4 -4  0 -1 -5 -2  0 -4 -3  1   12   0   0   0   0   1   0   0   0  19  52   0   1   1   0   3   5   0   0   7  0.73 0.36
   11 A   -2  1 -3 -2 -4  6  1 -4 -2 -2  1  2  0 -3 -3 -2 -3 -4  2 -3    2   6   0   1   0  37   7   1   0   3  16  15   2   0   0   2   0   0   7   1  0.62 0.39
   12 K   -1  0  0  1 -5  2  5 -2 -2 -2 -2  2 -2 -4 -3 -1 -2 -5 -3 -2    5   4   3   7   0   7  47   2   1   3   4  12   1   1   0   2   1   0   1   2  0.64 0.36
   13 V    1 -5 -5 -3 -1 -4 -4 -2 -5  1  1 -4  2 -2 -4 -2 -1 -5 -4  5   11   0   0   1   1   0   1   3   0   4  12   0   6   1   0   2   2   0   0  56  0.76 0.39
   14 I   -3 -3 -6 -6  3 -5 -5 -6 -5  1  5 -5  0 -1 -4 -4 -3 -4 -3  3    1   1   0   0   6   0   0   0   0   6  62   0   1   2   1   0   1   0   0  18  0.97 0.43
   15 K   -3  3 -2 -2 -5  2  2 -4  1 -3 -4  6 -3 -5 -4 -1 -3 -5 -2 -4    1  16   1   1   0   7  12   0   3   1   1  50   1   0   0   3   1   0   1   0  0.93 0.44
   16 S   -1  0  1 -2 -3  2 -1 -3 -2  0 -2  2  0 -3 -1 -1  4 -4 -2  0    3   3   8   1   0  11   2   0   1   6   3  17   2   1   3   3  28   0   1   7  0.30 0.25
   17 S    6 -3 -4 -4 -2 -3 -3 -2 -4 -1 -4 -3 -2 -4 -4  3  0 -5 -4 -2   67   1   0   0   1   0   0   1   0   4   0   0   1   0   0  19   5   0   0   2  1.06 0.52
   18 N    0  2  0 -3 -1 -1 -2 -3  1  0  3 -1  0  0 -4 -1 -2 -3 -1 -1    6  16   5   1   1   2   1   1   4   2  43   3   2   4   0   5   1   0   1   2  0.30 0.23
   19 C    0 -1  0  1 -2 -1  0 -2  1  3 -1  0  0 -2 -3 -1  1 -4 -2  1   10   2   6   8   1   2   7   1   4  27   2   5   2   1   0   2   9   0   0  10  0.15 0.16
   20 Q   -1  0  1 -3  1  1 -2 -3  7 -3 -3 -2 -1 -2 -4  0  1 -3  3 -2    6   5   6   0   4   5   1   1  36   1   1   1   2   1   0   8  11   0   9   3  0.72 0.36
   21 D   -2  0  2  5  2 -2  0  3  0 -5 -5  1 -4 -4 -3 -1 -3 -5 -2 -4    1   4  11  37   4   1   2  25   2   0   0   8   0   0   0   2   0   0   2   0  0.68 0.31
   22 A   -1  0  0 -1  1  1 -2  5 -3 -4 -3  2 -3 -4 -3  0 -1 -4 -4 -3    2   4   3   2   4   6   1  54   0   1   2  12   0   0   0   5   3   0   0   1  0.73 0.32
   23 I   -3 -4 -5 -5 -3 -4 -5 -5 -5  2  5 -4  1 -2 -1 -4 -3 -4 -3  2    0   0   0   0   0   0   0   0   0  11  68   0   2   0   3   0   0   0   0  13  0.96 0.39
   24 S    3  1 -2 -3 -1 -1 -2 -2 -2  0 -2  2 -2 -1 -1  0  1 -4 -3  1   34   7   0   0   1   1   0   1   1   4   2  18   0   3   2   5   7   0   0  13  0.26 0.23
   25 K   -3  5 -2 -3  3  0 -1 -4  3 -3 -4  4 -3 -4 -3 -2 -1 -4 -1 -3    0  42   0   0   6   2   1   0   9   1   1  28   0   0   1   1   3   0   1   1  0.88 0.40
   26 G   -1 -2 -3 -2 -4 -4 -2  7 -4 -5 -5 -3 -4 -5 -4 -2 -4 -5 -5 -3    2   2   0   2   0   0   3  85   0   0   0   0   0   0   0   0   0   0   0   2  1.62 0.53
   27 L    0 -3 -2 -3 -2 -3 -3 -2 -1  4  3 -3  0 -1 -3 -1  1 -3 -2  1    9   0   2   0   0   0   0   2   2  29  28   0   0   2   0   4  11   0   0   8  0.34 0.21
   28 H   -2  4  4 -2  1 -1 -2 -3  5 -4 -3  1 -3 -4 -1 -1 -1 -4 -2 -3    2  27  23   0   3   1   0   0  19   0   3   8   0   0   2   3   3   0   1   2  0.62 0.31
   29 E   -3 -1 -1  0 -2  2  6 -3 -2 -5 -4  2 -4 -5 -3 -1 -2 -4 -4 -4    0   1   2   2   1   9  65   2   0   0   1  11   0   0   0   2   1   0   0   0  1.09 0.45
   30 V    3 -3 -3 -2  4 -3 -3 -1 -3 -1 -2 -3 -2 -3 -2  1  2 -4 -3  3   30   0   0   1   9   0   0   3   0   0   1   0   0   0   1   8  13   0   0  30  0.46 0.29
   31 L    3 -1 -2 -3  1 -2 -2 -2 -3  0 -1 -2 -2 -1 -2  1  4 -4 -3  1   30   3   0   0   3   0   0   1   0   4   6   0   0   2   1   6  31   0   0  11  0.40 0.27
   32 R   -2  2 -3 -3 -5  0 -1 -4 -3 -5 -3  7 -3 -5 -3 -3 -2 -5 -4 -4    2   6   0   0   0   2   1   1   0   0   2  81   0   0   0   1   2   0   0   0  1.47 0.57
   33 T    4 -2 -2 -1 -1 -1 -2 -1 -3 -2 -2  0 -1 -2 -2  1  1 -4 -2  0   50   0   1   3   1   3   0   3   0   1   3   5   1   2   1   7   8   0   1   6  0.39 0.28
   34 I   -2 -4 -4 -5 -3 -4 -4 -5 -4  4  4 -4  1  0 -4 -2 -2 -3  0  2    1   0   0   0   0   0   0   0   0  27  48   0   3   3   0   2   0   0   3  10  0.73 0.33
   35 E   -2  0  1  4 -2 -1  4 -3 -1 -1 -1 -1 -3 -4 -3 -1 -1 -5 -3 -3    1   5   6  30   1   0  38   1   1   4   6   1   0   0   0   2   2   0   1   1  0.67 0.34
   36 A    0  5  1 -1 -1  1  0 -2 -2 -4 -4  4 -3 -4 -3  0 -2 -4 -2 -4    6  34   5   3   1   6   3   2   0   0   0  30   0   0   0   5   1   0   1   0  0.68 0.34
   37 K   -2  3  0  1  1  0 -1  4  2 -5 -3  1 -3 -4 -4 -1 -3 -4 -1 -4    0  21   3   7   3   3   3  36   5   0   2  10   0   0   0   4   0   0   2   0  0.57 0.30
   38 Q   -1  0  2  0 -3  4  1 -2  2  0 -1  1 -1 -2 -1 -1  0 -4 -2 -1    5   3  10   3   0  24   8   2   6   7   5  10   1   1   2   2   5   0   0   5  0.22 0.18
   39 A    5 -3 -3 -3  1 -2 -2 -1 -3  0 -2  0  1 -3 -3  1  0 -4 -3  0   60   0   0   0   3   0   0   3   0   6   3   5   4   0   0   7   5   0   0   3  0.56 0.31
   40 L   -1  1  0  0 -3  2  1 -1  5 -1  0  2  0 -2 -3 -1 -2 -3  0 -1    3   6   2   4   0  11   7   5  22   3   9  14   2   0   0   3   0   0   3   6  0.25 0.18
   41 F   -1 -3 -3 -4  2 -3 -3 -4  1  1  3 -3  2  2 -4 -3 -2 -2  2  1    6   0   0   0   6   0   0   0   6   6  42   0   7   9   0   0   0   0  11   8  0.37 0.17
   42 V    0 -1 -3 -4  8 -3 -3 -3  1  1  0 -3 -1 -2 -3  0  0 -3  1  2    7   5   0   0  38   0   0   0   5   8   6   0   0   0   0   5   5   0   5  16  0.59 0.23
   43 C   -1 -4 -4 -4  0 -3 -3 -1 -4  3  1 -3  1  1 -4 -3 -2 -3  0  4    5   0   0   0   2   0   2   5   0  14   9   0   3   7   0   0   0   0   3  48  0.46 0.27
   44 V   -3 -4 -4 -4 -3 -3 -4 -5 -1  3  4 -4  2  0 -2 -3 -1 -3 -1  1    0   0   0   0   0   0   0   0   2  20  57   0   4   2   2   0   2   0   2   7  0.66 0.32
   45 A    5 -3  0 -2  1 -2 -1  0 -3 -2 -3 -2 -2 -3 -1  1 -1 -4 -3  0   62   0   4   2   3   0   4   4   0   0   1   0   0   0   3   9   2   0   0   6  0.59 0.34
   46 E    1 -1  1  1 -3  0  3 -1  0 -3 -2  0 -1 -3 -1  1  0 -3  0 -1   15   2   5   8   0   2  26   4   2   0   2   6   2   0   2  10   5   0   3   4  0.22 0.19
   47 D   -2 -3  4  6 -4  0  0 -1  1 -4 -5 -2 -4 -5 -3  1  0 -5 -4 -2    3   0  22  42   0   3   4   3   4   0   1   0   0   0   0   9   5   0   0   3  0.84 0.41
   48 C   -1 -1 -2 -4  8 -4 -4 -1 -4  1 -2 -4  0 -1 -4 -2  0  2 -1  3    4   4   2   0  31   0   0   4   0   7   2   0   2   2   0   3   6   3   2  27  0.75 0.39
   49 D   -1 -3  1  5 -4  0  2 -1 -2 -4 -4 -1 -4 -4 -3  2  1 -4 -1 -4    3   0   6  39   0   5  12   4   0   0   1   3   0   0   0  14  10   0   3   0  0.64 0.35
   50 Q   -2 -3 -1  0 -5  1  5 -3 -1 -5 -5 -1 -4 -5  5 -2 -3 -5 -4 -2    3   0   3   4   0   5  47   2   1   0   0   2   0   0  26   2   0   0   0   3  0.97 0.50
   51 G    0 -1 -3  1 -4  0  2 -2 -3  0 -1 -1 -3 -4  6 -1 -2 -4 -4 -1   10   2   0   8   0   3  16   2   0   6   6   3   0   0  38   2   0   0   0   3  0.69 0.35
   52 N    0  0  0  0  2  1  0  0 -2  0 -1  0  1 -2  1  0  0 -3 -2  0    6   6   6   6   6   6   6   6   0   6   6   6   6   0   6   6   6   0   0   6  0.03 0.09
   53 Y   -3 -4 -4  0  3 -3 -4 -5  2  2  0 -4  2  2 -4 -4 -3 -2  6  0    1   0   0   7   7   0   1   1   6  13   9   0   6   6   0   1   0   0  36   7  0.78 0.39
   54 V    0 -3 -3 -4 -3 -2 -3 -4 -4  2  0  2 -1 -3 -2 -1  0 -4 -3  5    7   0   0   0   0   1   0   1   0  12   6  14   0   0   2   4   6   0   0  46  0.51 0.30
   55 K    1  0 -1 -1 -1  1 -1 -2 -2 -2  0  4  2 -2 -3  0  0 -4  0 -2   14   3   2   3   1   5   1   2   0   2   8  37   8   1   0   5   4   0   3   0  0.34 0.25
   56 L   -3 -2 -1 -4 -4 -3 -4 -5  6  1  4 -4 -1  0 -4 -3 -3  4  1 -1    0   2   3   0   0   0   0   0  22   9  44   0   0   3   0   1   0   5   3   3  0.75 0.37
   57 V   -1 -4 -4 -5 -3 -4 -4 -2 -5  4  2 -4  2 -2 -4 -3 -2 -4 -3  5    3   0   0   0   0   0   0   4   0  21  21   0   4   0   0   0   0   0   0  42  0.75 0.35
   58 K   -2 -1 -2  0 -4  0  4 -1 -3 -2 -4  1 -2 -4  5 -2  0 -4 -2 -2    2   3   1   3   0   3  27   4   0   3   1   7   1   0  33   1   6   0   1   2  0.74 0.33
   59 A    4 -3 -2 -2  0 -2 -1  1 -3  0  0 -2 -1 -1  0  0  0 -3 -2  0   41   0   1   1   2   1   3  11   0   5   8   1   1   2   5   4   4   0   1   7  0.29 0.21
   60 L   -4 -5 -6 -6 -4 -4 -3 -6 -5  0  6 -3  0  1 -5 -5 -4 -4 -1 -1    0   0   0   0   0   0   2   0   0   3  82   2   1   6   0   0   0   0   1   2  1.30 0.53
   61 C    1 -3 -5 -6 10  1 -5 -4 -2 -4 -4 -5 -2 -5 -5 -1 -4 -1 -3 -2   10   1   0   0  69   6   0   1   1   0   0   0   1   0   0   5   0   1   1   3  2.25 0.72
   62 A    2  1  0  0 -4  0  3 -2 -1 -4 -3  2 -3 -4  0  0 -1 -4 -3 -3   24   9   5   4   0   3  24   1   1   0   2  14   0   0   5   4   3   0   0   1  0.37 0.25
   63 K   -1 -1 -1  1 -6  2  6 -4 -3 -2 -5  2 -4 -5 -4 -2 -3 -5 -4 -3    4   2   2   8   0   8  59   0   0   2   0  12   0   0   0   1   1   0   0   1  1.06 0.50
   64 N   -2  0  2 -3 -5  2 -1 -2  8 -5 -3  3  0 -2 -4 -1 -2 -4  1 -4    3   5   9   0   0   8   2   2  36   0   2  20   2   1   0   3   1   0   4   1  0.87 0.43
   65 E   -2  0  4  0 -5  4  0  2  1 -5 -4  2 -4 -5 -4 -1 -2 -5 -4 -4    2   3  21   5   0  22   5  19   3   0   2  13   0   0   0   4   2   0   0   0  0.60 0.36
   66 I   -2 -5  0 -5  0 -4 -5 -5 -5  6 -1 -4 -2  0 -5 -2 -1 -5 -3  4    3   0   5   0   2   0   0   0   0  46   0   0   0   3   0   2   4   0   0  31  0.96 0.46
   67 K   -1 -2  4  0 -5  1 -2 -2  1 -5 -4  0 -2 -5  6  0 -2 -5 -2 -4    5   1  19   6   0   6   1   2   4   0   1   5   1   0  38   7   2   0   1   0  0.88 0.43
   68 Y   -3 -1 -5 -5  0 -4 -5 -5 -1  0  4 -4  0  1 -2 -1 -3 -2  5  0    1   5   0   0   2   0   0   0   1   3  43   0   2   3   3   5   0   0  26   6  0.75 0.42
   69 V    0 -4 -2 -4  1 -2 -4 -3 -4  5  1  0  0 -1 -4 -2 -1  0 -3  2    7   0   2   0   3   2   0   1   0  41   9   8   2   2   0   2   3   2   0  16  0.51 0.32
   70 S   -2  0 -1 -2 -2 -1 -1 -4 -1 -1 -3  4  0  3 -2 -1  0 -3  4 -2    2   3   3   1   1   2   3   0   1   4   1  31   3  12   2   3   6   0  15   1  0.37 0.32
   71 V    0 -2 -2 -2  3 -1  0  0 -2  1  0  0  2 -2 -2  0  1 -3 -2  1    9   0   0   0   9   0   9   9   0   9   9   9   9   0   0   9   9   0   0   9  0.10 0.11
   72 P    0 -1  0  2 -3  0  1  0  0 -3 -3  0 -1  0  3  0 -1 -3  1 -2    9   2   5  17   0   2   8   6   2   0   0   8   3   5  13   9   2   0   5   3  0.21 0.14
   73 K   -1 -2  1  4 -4  0  1 -1  1 -4 -4  1 -3 -4 -3  2  3 -5 -3 -3    3   0   4  26   0   4   7   4   3   0   0  11   0   0   0  18  20   0   0   0  0.48 0.28
   74 R    0  2  2 -2  0  3 -1 -1  0 -2 -4  3 -1 -4 -1  0  0 -4 -3 -3    9  13  13   0   2  13   0   5   2   2   0  26   2   0   2   6   4   0   0   0  0.38 0.26
   75 A    0  1  0  1 -4  1  2 -3 -2 -2 -2  5 -1 -4 -3 -1 -1 -4 -2 -2    6   6   3   9   0   5  14   0   0   2   2  38   2   0   0   4   3   0   1   2  0.45 0.30
   76 S    0  1  1  2 -4  1  2 -2 -2 -2 -2  3 -1 -4 -3 -1  1 -4 -2 -2    9   5   7  14   0   6  14   1   0   1   4  23   1   0   0   2  10   0   1   2  0.29 0.21
   77 L   -4 -2 -5 -5 -4 -2 -5 -6 -1  2  6 -4 -1 -2 -2 -4 -3 -4 -3  0    0   2   0   0   0   2   0   0   2   8  74   0   0   0   2   0   0   0   0   5  1.02 0.49
   78 G    0 -2 -3 -2 -4 -4 -2  7 -4 -5 -5 -3 -4 -5 -4 -3 -4  1 -5 -5    6   2   0   2   0   0   2  79   0   0   1   0   0   0   0   1   0   2   0   0  1.55 0.51
   79 E    0  2 -1  1 -4  2  5 -2  2 -3 -3  1 -2 -4 -3 -1 -1 -4 -3 -3    6   9   1   5   0   8  40   3   6   1   2   9   1   0   0   3   3   0   0   1  0.54 0.29
   80 Y    0  1 -2 -2 -2 -1  0  0 -2  0  0  0  1 -1 -2  0 -1  4  1  0    8   8   0   0   0   0   8   8   0   8   8   8   7   0   0   8   0   7   7   8  0.05 0.13
   81 L    1 -1 -2 -3  3 -2 -2  0 -3  1  1 -2 -1 -2  0  0  0 -3 -2  2   18   5   0   0   8   0   0   6   0   7  12   0   0   0   5   6   6   0   0  24  0.16 0.15
   82 G   -1  0  0 -1  1 -2 -2  5  1 -3 -1 -1 -2 -1 -3 -1 -2 -3 -3 -1    1   6   5   3   4   0   0  52   4   0   7   4   0   3   0   4   0   0   0   4  0.52 0.25
   83 H   -1 -1 -2 -3  0  1 -2 -3  0  1  3 -2  1  1  1 -2 -2 -2  0  1    3   4   2   1   2  11   1   1   3   9  36   1   3   5   7   1   1   0   4   8  0.19 0.16
   84 F    1 -2  0 -1  7 -1  1 -1 -2 -2 -2  1 -1  0 -2  0  0 -3  0 -1   13   1   4   2  26   2   9   3   0   1   1  13   2   4   1   7   6   0   3   2  0.37 0.23
   85 T   -1  2  0 -1 -2  0  0 -2  0 -2 -1  4 -1 -2 -2  0  1 -3 -2 -1    3   8   4   3   0   3   3   2   2   1   5  38   0   1   1   8  11   0   1   6  0.28 0.18
   86 A    0 -1 -1 -1 -1 -1 -1 -1 -2  2  1 -1  1  0  0 -1  1 -2  0  1    8   3   1   3   1   3   2   4   1  15  13   1   4   4   4   3  15   0   4  10  0.06 0.07
   87 N    0  0  1  4 -2 -1  0 -1 -1 -2 -2  0 -2 -2 -1  1  1 -3 -2 -2    5   4   7  33   1   1   4   3   1   3   5   6   1   1   1   9  13   0   1   2  0.32 0.16
   88 A    1  3  0 -1 -2  0  0 -2  1 -2 -2  1 -2 -2 -1  1  0  0 -2 -1   18  21   5   2   0   4   3   2   4   3   3   8   0   1   3  13   6   2   1   2  0.19 0.14
   89 K    0  1  0  2 -3  0  3  0 -1 -3 -2  1 -1 -3 -1  1  0 -3 -1 -2    7   7   3  12   0   2  28   6   0   1   3   8   1   1   3   9   4   0   3   2  0.26 0.15
   90 G    0 -2  0 -1 -3 -2 -1  6 -2 -3 -3 -2 -3 -3 -2 -1  0 -3 -3 -2    8   2   3   3   0   1   5  58   0   1   3   1   0   1   1   4   5   0   1   3  0.75 0.28
   91 E    0  0  2  0 -1  0  1 -1  0 -3 -2  4 -1 -3 -2  1  0 -3 -2 -2    8   3  10   4   1   2  11   4   2   1   3  32   1   1   1   9   4   0   1   3  0.27 0.17
   92 I    2 -2 -2 -2 -2 -1 -1 -1 -2  1  0 -1 -1 -2  4 -1 -1 -3 -1  1   22   1   1   1   0   2   5   4   1  11   7   4   0   1  19   2   3   0   2  14  0.25 0.16
   93 K   -2  5 -2 -2  1  0 -1 -3  0  0 -1  1 -2 -1 -1 -1  0 -1 -1  1    1  39   1   1   4   2   4   2   2   7   4   8   0   3   3   2   4   1   1  11  0.36 0.24
   94 K   -2  2  0 -1 -4  0  0 -2 -2 -4 -3  6 -3 -2  0 -1 -2 -4 -3 -3    2   8   5   2   0   2   4   2   0   1   2  60   0   2   4   3   1   0   0   1  0.81 0.40
   95 V   -1 -2 -2 -2 -2  0 -2 -3 -3  2 -1 -2  0 -2  0  0  0 -4 -3  5    3   2   1   2   0   4   2   1   0   9   3   1   2   1   5   9   6   0   0  48  0.40 0.28
   96 K   -1  0 -3 -3 -1 -2 -3 -1 -4  2  0 -1  1 -1 -1 -2  0 -4 -3  5    4   5   1   1   1   1   0   6   0   8   4   4   3   2   2   2   4   0   0  50  0.41 0.29
   97 G    1 -1  0 -1 -1 -1 -2  4  0 -4 -4  3 -3 -4  0  1 -1 -4 -4 -3   10   2   5   2   1   1   0  38   3   0   0  20   0   0   5   9   2   0   0   1  0.53 0.30
   98 C    2 -4 -5 -5 10 -5 -4 -2 -5 -4 -4 -5 -4 -4 -5 -1 -1 -5 -1 -3   21   1   0   0  64   0   1   2   0   0   0   0   0   1   0   3   4   0   2   1  2.05 0.73
   99 S    1 -3 -1 -3  2 -2 -2  0 -3 -1 -4  0 -3 -4 -3  5  0 -5 -4 -2   10   0   1   0   4   0   0   7   0   3   0   6   0   0   0  59   4   0   0   2  0.76 0.45
  100 S    1 -4 -1 -2  9 -3 -2 -3 -4 -1 -2 -4 -2 -4 -4  2 -2 -4 -2  1   12   0   3   2  44   0   3   0   0   2   2   0   1   0   0  17   1   0   1  10  1.05 0.46
  101 L    3 -3 -4 -4  2 -3 -3 -3 -4  1  1 -2  0 -3 -3 -2 -1 -4 -3  4   26   0   0   0   4   0   0   1   0   6  11   2   1   0   0   1   1   0   0  43  0.53 0.33
  102 A    3 -4 -4 -4 -1 -3 -3 -1 -4  1 -1 -3  0 -1 -3 -1 -1 -4 -3  5   31   0   0   0   1   0   0   3   0   4   4   0   2   3   0   3   1   0   0  46  0.59 0.36
  103 I   -2 -4 -4 -2 -3 -4 -4 -3 -4  5  0 -4 -1  0 -4 -3  0 -4  0  4    1   0   0   2   0   0   0   2   0  36   6   0   0   3   0   0   5   0   4  38  0.67 0.34
  104 R   -2  3 -2 -3 -4  0 -1 -2 -1  0 -2  5 -1 -4 -2 -1  2 -4 -3  0    1  13   0   0   0   3   2   2   1   7   3  42   1   0   1   2  14   0   0   7  0.48 0.32
  105 K   -3 -2  2  7 -5 -2  2 -2 -1 -5 -6  0 -5 -6 -1 -2 -2 -6 -5 -5    1   1  11  61   0   1  10   3   1   0   0   7   0   0   3   1   1   0   0   0  1.19 0.49
  106 Y   -1 -4 -2 -1 -1 -3 -1 -4 -2 -1 -1 -3 -2  4  1 -3 -2  3  6  0    6   0   2   3   1   0   4   0   0   4   4   1   0  20   6   1   2   4  36   5  0.71 0.37
  107 A    0 -2  0 -2  0 -3 -3  6 -4 -3 -5 -1 -4 -3 -4 -2 -3 -5 -5 -2    8   2   4   1   2   0   1  69   0   1   0   4   0   1   0   1   1   0   0   3  1.13 0.47
  108 P   -1 -1  0  0 -3  0  4 -1 -2 -2 -4  4 -3 -4 -1  0 -2 -4 -4 -3    5   1   4   2   1   2  34   4   0   3   0  34   0   0   3   5   1   0   0   1  0.60 0.35
  109 E   -1  0 -1  2 -4  2  6 -2 -2 -4 -3  0 -1 -2 -2 -2 -2 -4 -3 -2    4   5   2   8   0   8  54   2   0   0   2   3   2   2   1   1   1   0   0   4  0.74 0.38
  110 I    0 -2 -1  1 -2 -2  0 -1 -2  0 -1  0 -2 -1 -2  3  2 -3 -2 -1    5   0   2  10   0   0   4   5   0   6   6   4   0   2   0  29  17   0   1   4  0.21 0.21
  111 T    0  1  0  0 -2  1  1  0 -1 -1 -1  1 -1 -2  1  1  1 -2 -2 -1    9   8   4   5   1   6  11   5   1   3   4   8   1   1   6  14   9   0   1   3  0.12 0.06
  112 E    0 -1  0  1 -2  1  4 -1 -1 -2 -2  1 -2 -2 -1  1 -1 -2 -2 -1    8   2   3   7   1   4  36   4   1   2   3   6   1   1   3  11   3   0   1   3  0.31 0.15
  113 D    0  1  0  2 -4  5  2 -2  0 -3 -2  1 -2 -4 -2 -1 -1 -3 -2 -2    7   8   3  11   0  30  16   2   2   0   4   5   0   0   0   3   3   0   1   2  0.42 0.25
  114 E    3 -3 -3 -3 -3 -2  1 -1 -1  1  1 -1 -1  0 -3 -1 -2 -3  1  1   35   0   0   0   0   0  13   5   1   8  16   3   0   4   0   0   0   0   6   8  0.23 0.23
  115 K   -1  2 -1  0 -4  1  1 -2  1 -4 -1  5 -2 -4 -3 -1 -1  0 -2 -3    4   8   2   4   0   5   6   2   3   0   7  49   0   0   0   3   3   1   1   1  0.55 0.33
  116 K   -1 -2  2  4 -4  1  2 -1  0 -3 -3  1 -3 -1 -2  0 -1 -4 -2 -2    4   0  11  33   0   6  13   4   2   1   1  10   0   3   1   6   1   0   1   2  0.45 0.25
  117 I   -1 -3 -3 -4 -3 -3 -3 -4 -2  3  2 -1  1  3 -4 -3 -2 -3 -1  4    5   0   1   0   0   0   1   0   1  20  18   5   3  12   0   0   1   0   1  32  0.45 0.26
  118 I   -2 -2 -3 -4 -3 -2 -4 -4 -4  4  2 -2  3  0 -2 -3  0 -4 -3  3    0   3   1   0   0   1   0   0   0  36  19   1   7   2   1   0   5   0   0  21  0.54 0.28
  119 E   -3  1 -1  2 -5  2  5 -3 -2 -4 -1  1 -1 -3 -2 -1 -2 -5 -4 -4    0   6   2   9   0   6  53   1   0   0   8   8   1   1   1   3   1   0   0   0  0.73 0.37
  120 G    0 -2  1  3 -5  0  5  0 -2 -5 -5  1 -4 -5 -3 -1 -2 -5 -4 -4    7   0   5  19   0   1  49   7   0   0   0   9   0   0   0   3   0   0   0   0  0.77 0.34
  121 A   -1 -3 -3 -2 -2 -2 -1 -4  3  0 -2  0 -1  1 -4 -2 -3  1  7  1    5   0   0   2   1   1   4   0   8   6   2   7   1   3   0   1   0   1  48  10  0.72 0.32
  122 L   -3 -4 -4 -4 -3 -4 -2 -5 -3  2  2 -3  0  6 -4 -3 -3 -1  2  2    0   0   0   0   0   0   4   0   0  13  17   1   2  45   0   0   0   0   5  14  0.69 0.26
  123 K   -3  2 -1 -3 -5  2 -1 -4 -2 -5 -4  7 -3 -5 -3 -2 -3 -5 -4 -4    0   6   1   0   0   6   0   0   0   0   0  86   0   0   0   1   0   0   0   0  1.36 0.43
  124 A    3 -2 -1 -2 -2 -1 -1  3 -2 -3 -3 -1 -2 -3 -2  4  0 -3 -3 -2   30   0   0   0   0   0   0  24   0   0   0   0   0   0   0  47   0   0   0   0  0.51 0.11

                      K         Lambda
Standard Ungapped    0.1305     0.3142
Standard Gapped      0.0532     0.2670
PSI Ungapped         0.1733     0.3141
PSI Gapped           0.0532     0.2670
