
Last position-specific scoring matrix computed, weighted observed percentages rounded down, information per position, and relative weight of gapless real matches to pseudocounts
           A  R  N  D  C  Q  E  G  H  I  L  K  M  F  P  S  T  W  Y  V   A   R   N   D   C   Q   E   G   H   I   L   K   M   F   P   S   T   W   Y   V
    1 T    0 -1  1 -1 -1 -1 -1 -1 -2 -2 -2 -1 -1 -3  1  2  4 -3 -2 -1    0   0   6   0   0   0   0   0   0   0   0   0   0   0   5  24  65   0   0   0  0.43 0.03
    2 N   -1 -1  4  2 -3  3  0  0  1 -3 -2  0 -2 -3 -2  1  0 -3 -2 -3    1   0  40  11   0  23   0   3   2   0   4   1   0   0   0  12   1   0   0   0  0.41 0.05
    3 S    2 -1  3 -1 -2  0  0  1 -1 -3 -3 -1 -2 -3  0  2  1 -3 -2 -2   26   0  21   0   0   5   2  13   0   0   0   0   0   0   2  22   9   0   0   0  0.29 0.04
    4 D   -2 -2  1  6 -4  0  3 -2 -1 -4 -4 -1 -3 -4 -1  0 -2 -4 -3 -4    0   0   1  65   0   1  29   0   0   0   0   0   0   0   2   2   0   0   0   0  0.91 0.09
    5 F   -3 -3 -3 -4 -3 -2 -3 -4  1 -2 -1 -3 -2  4 -4 -2 -2  1  7 -2    0   0   0   0   0   0   0   0   1   0   0   0   0  21   0   1   0   0  77   0  1.20 0.12
    6 V   -1 -3 -4 -4 -2 -3 -4 -4 -3  4  1 -3  0  3 -3 -3 -1 -2  0  3    0   0   0   0   0   0   0   0   0  45   2   0   0  18   0   0   0   0   0  35  0.46 0.07
    7 V    0 -3 -3 -4  2 -3 -3 -3 -4  2  0 -3  1 -1 -3 -2 -1 -3 -2  5    8   0   0   0   5   0   0   0   0   9   3   0   1   0   0   0   0   0   0  74  0.48 0.08
    8 I   -2 -4 -4 -4 -2 -3 -4 -4 -4  5  1 -3  1 -1 -3 -3 -1 -3 -2  4    0   0   0   0   0   0   0   0   0  66   0   0   0   0   0   0   0   0   0  34  0.63 0.09
    9 K   -2  3 -1 -1 -4  1  0 -2  0 -4 -3  6 -2 -4 -2 -1 -1 -4 -3 -3    0   9   0   0   0   2   1   0   1   0   0  87   0   0   0   0   0   0   0   0  0.84 0.12
   10 A    5 -2 -2 -3 -1 -2 -2 -1  0 -2 -2 -2 -2 -3 -2  0 -1 -3 -2 -1   97   0   0   0   0   0   0   0   3   0   0   0   0   0   0   0   0   0   0   0  0.75 0.12
   11 L   -2 -1 -2 -2 -2  0  1 -3 -1  0  3  2  1 -1 -3 -2 -1 -3 -2  0    0   0   1   1   0   2  12   1   1   3  53  26   0   0   0   0   0   0   0   2  0.24 0.06
   12 E    0 -1 -1  2 -4  2  5 -2 -1 -4 -3  0 -3 -4 -2  0 -1 -4 -3 -3    7   0   0   8   0   3  73   0   0   0   0   1   0   0   0   6   3   0   0   0  0.73 0.09
   13 D   -2 -1  5  4 -4  1  1 -2  0 -4 -4  0 -3 -3 -2  0 -1 -4 -1 -4    0   0  45  38   0   7   2   0   1   0   0   3   0   0   0   2   0   0   3   0  0.70 0.08
   14 G   -1 -3 -1 -2 -3 -3 -3  6 -3 -5 -5 -2 -4 -4 -3 -1 -2 -3 -4 -4    0   0   0   0   0   0   0  98   0   0   0   0   0   0   0   2   0   0   0   0  1.38 0.12
   15 V   -1 -3 -4 -4  1 -3 -3 -4 -4  2  0 -3  0 -2 -3 -2 -1 -4 -2  6    0   0   0   0   3   0   0   0   0   0   0   0   0   0   0   0   0   0   0  97  0.74 0.12
   16 N   -1 -1  4  0 -3  3  0 -2  3 -2 -2  0  0 -3 -2  1  2 -3 -2 -2    0   0  31   0   0  24   0   0   9   0   0   0   4   0   0   7  23   0   0   2  0.39 0.07
   17 V   -1 -3 -4 -4 -2 -3 -3 -4 -4  3  1 -3  0 -1 -3 -3 -1 -4 -2  5    0   0   0   0   0   0   0   0   0  22   2   0   0   0   0   0   0   0   0  76  0.63 0.10
   18 I   -2 -3 -2 -3 -2 -3 -3 -4 -3  5  1 -3  1  1 -3 -1  0 -3 -2  2    0   0   2   0   0   0   0   0   0  80   0   0   3   5   0   4   5   0   0   0  0.53 0.10
   19 G   -1 -3 -1 -2 -3 -3 -3  7 -3 -5 -5 -2 -4 -4 -3 -1 -2 -3 -4 -4    0   0   0   0   0   0   0 100   0   0   0   0   0   0   0   0   0   0   0   0  1.44 0.12
   20 L   -2 -3 -4 -4 -2 -3 -3 -4 -3  1  5 -3  3  0 -4 -3 -2 -2 -2  1    0   0   0   0   0   0   0   0   0   0  82   0  10   0   0   0   0   0   0   8  0.64 0.09
   21 T   -1 -2 -1 -2 -2 -1 -2 -2 -3 -2 -2 -1 -2 -3 -2  1  6 -3 -3 -1    0   0   0   0   0   0   0   0   0   0   0   0   0   0   0   5  95   0   0   0  0.90 0.13
   22 R   -2  7 -1 -3 -4  0 -1 -3 -1 -4 -3  1 -2 -4 -3 -1 -2 -4 -3 -3    0  98   0   0   0   0   0   0   0   0   0   0   0   0   0   2   0   0   0   0  1.24 0.14
   23 G   -1 -3 -1 -2 -3 -3 -3  7 -3 -5 -5 -2 -4 -4 -3 -1 -2 -3 -4 -4    0   0   0   0   0   0   0 100   0   0   0   0   0   0   0   0   0   0   0   0  1.44 0.12
   24 A    1  1  0  0 -2  2  1  0  0 -2 -2  2 -1 -3  0  1  2 -3 -2 -2   11   6   3   1   0  16   9   4   1   1   2  15   1   0   3   9  18   0   0   0  0.21 0.03
   25 D   -2 -2  1  6 -4  1  3 -2 -1 -3 -4 -1 -3 -4 -2  0 -1 -4 -3 -2    1   0   1  68   0   5  18   0   0   0   0   0   0   0   0   2   0   0   0   5  0.84 0.09
   26 T   -1 -2  1 -2 -2 -1 -2 -2 -2 -2 -2 -1 -2 -3 -2  1  6 -3 -3 -1    0   0   5   0   0   0   0   0   0   0   0   0   0   0   0   0  95   0   0   0  0.90 0.14
   27 R   -2  5 -1 -2 -4  1  0 -3 -1 -4 -3  5 -2 -4 -2 -1 -2 -4 -3 -3    0  46   0   0   0   0   0   0   0   0   0  54   0   0   0   0   0   0   0   0  0.83 0.10
   28 F   -3 -4 -4 -4 -3 -4 -4 -4 -2  0  1 -4  0  7 -4 -2 -3  0  2 -1    0   0   0   0   0   0   0   0   0   3   9   0   0  86   0   2   0   0   0   0  1.06 0.12
   29 H   -2 -1  1 -2 -4 -1 -1 -2  9 -4 -2 -2 -2 -1 -3 -1 -2 -3  1 -4    1   0   7   0   0   0   0   1  82   0   5   0   0   1   0   2   0   0   0   0  1.24 0.14
   30 H   -3 -1  0 -2 -4 -1 -1 -3 10 -4 -4 -2 -3 -2 -3 -2 -3 -4  1 -4    0   0   0   0   0   0   0   0 100   0   0   0   0   0   0   0   0   0   0   0  1.81 0.18
   31 S    1 -2  0 -1 -1 -1 -1 -2 -2 -1 -2 -1 -2 -3 -2  3  5 -3 -2 -1    6   0   0   0   0   0   0   0   0   1   0   0   0   0   0  38  54   0   0   0  0.56 0.09
   32 E   -2 -1 -1  1 -5  1  6 -3 -1 -4 -4  0 -3 -4 -2 -1 -2 -4 -3 -3    0   0   0   0   0   0 100   0   0   0   0   0   0   0   0   0   0   0   0   0  1.19 0.14
   33 K   -2  2 -1 -2 -4  1  0 -2 -2 -2 -3  6  1 -4 -2 -1 -1 -4 -3 -3    0   5   0   0   0   0   0   0   0   2   0  87   5   0   0   0   0   0   0   0  0.78 0.12
   34 L   -2 -3 -4 -4 -2 -3 -4 -5 -4  1  5 -3  1  0 -4 -3 -2 -2 -2  0    0   0   0   0   0   0   0   0   0   4  96   0   0   0   0   0   0   0   0   0  0.76 0.10
   35 D   -3 -2  1  7 -5 -1  2 -2 -2 -4 -5 -1 -4 -5 -2 -1 -2 -5 -4 -4    0   0   0  95   0   0   5   0   0   0   0   0   0   0   0   0   0   0   0   0  1.35 0.13
   36 K    0  2  0  0 -2  2  1 -2 -1 -3 -3  4 -2 -4 -2  0 -1 -3 -2 -3   11  10   1   5   1   6   8   0   0   0   0  57   0   0   0   2   0   0   0   0  0.47 0.07
   37 G   -1 -3  2 -2 -3 -2 -3  6 -2 -5 -4 -2 -3 -4 -3  0 -2 -3 -4 -4    0   0  10   0   0   0   0  88   0   0   0   0   0   0   0   2   0   0   0   0  1.17 0.11
   38 E   -2 -1 -1  1 -5  1  6 -3 -1 -4 -4  0 -3 -4 -2 -1 -2 -4 -3 -3    0   0   0   0   0   0 100   0   0   0   0   0   0   0   0   0   0   0   0   0  1.19 0.14
   39 V   -1 -3 -4 -4 -2 -3 -3 -4 -4  3  1 -3  1 -1 -3 -2 -1 -4 -2  5    0   0   0   0   0   0   0   0   0   9   3   0   1   0   0   0   0   0   0  86  0.65 0.10
   40 L   -2 -3 -4 -4 -2 -2 -3 -4 -3  2  2 -3  3  3 -3 -3 -1  6  0  2    0   0   0   0   0   0   0   0   0  17  17   0  17  17   0   0   0  17   0  17  0.46 0.08
   41 I   -1 -4 -4 -4 -2 -3 -4 -4 -4  5  2 -3  1  0 -3 -3 -1 -3 -2  3    3   0   0   0   0   0   0   0   0  70  11   0   0   2   0   0   0   0   0  15  0.60 0.10
   42 A    5 -2 -2 -3  0 -2 -2 -1 -3 -1 -1 -2 -1 -2 -2  0 -1 -3 -2  0   84   0   0   0   2   0   0   1   0   0   2   0   0   1   0   2   0   0   0   8  0.58 0.12
   43 Q   -2  0 -1 -1 -4  7  1 -3 -1 -4 -3  0 -2 -4 -2 -1 -2 -3 -3 -3    0   0   0   0   0 100   0   0   0   0   0   0   0   0   0   0   0   0   0   0  1.37 0.20
   44 F   -3 -4 -4 -5 -4 -4 -4 -4 -2 -1 -1 -4 -1  8 -5 -4 -3  0  2 -2    0   0   0   0   0   0   0   0   0   0   0   0   0 100   0   0   0   0   0   0  1.50 0.18
   45 T   -1 -2 -1 -2 -2 -2 -2 -3 -3 -2 -2 -2 -2 -3 -2  1  6 -4 -3 -1    0   0   0   0   0   0   0   0   0   0   0   0   0   0   0   0 100   0   0   0  1.06 0.17
   46 E   -1 -1 -1  3 -4  1  6 -3 -1 -4 -4  0 -3 -4 -2 -1 -1 -4 -3 -3    2   0   0  15   0   1  78   0   0   0   0   1   0   0   0   0   3   0   0   0  0.91 0.13
   47 H   -3 -1  2 -2 -4 -1 -1 -3  9 -4 -4 -1 -2 -1 -3 -2 -2 -4  0 -2    0   0  12   0   0   0   0   0  80   0   0   2   0   2   0   0   0   0   0   4  1.31 0.17
   48 T   -1 -2 -1 -2 -2 -2 -2 -3 -3 -1 -2 -2 -1 -3 -2  0  6 -4 -3  0    0   0   0   0   0   0   0   0   0   2   0   0   0   0   0   0  92   0   0   6  0.90 0.15
   49 S    1 -2  0 -1 -2 -1 -1 -1 -2 -3 -3 -1 -2 -3 -2  6  1 -4 -3 -2    3   0   0   0   0   0   0   0   0   0   0   0   0   0   0  94   4   0   0   0  0.84 0.15
   50 A    5 -2 -2 -3 -1 -2 -2  0 -3 -2 -2 -2  0 -3 -2  0 -1 -3 -3 -1   96   0   0   0   0   0   0   2   0   0   0   0   2   0   0   0   0   0   0   0  0.78 0.14
   51 I   -2 -3 -4 -4 -2 -3 -4 -4 -4  5  1 -3  4 -1 -4 -3 -1 -3 -2  3    0   0   0   0   0   0   0   0   0  69   0   0  16   0   0   0   0   0   0  15  0.65 0.11
   52 K   -2  1 -1 -2 -4  0  0 -3 -2 -4 -4  6 -2 -4 -2 -1 -2 -4 -3 -3    0   0   0   0   0   0   0   0   0   0   0 100   0   0   0   0   0   0   0   0  1.07 0.16
   53 V   -2 -4 -4 -4 -2 -3 -4 -4 -4  5  1 -3  0 -1 -3 -3 -1 -4 -2  4    0   0   0   0   0   0   0   0   0  63   0   0   0   0   0   0   0   0   0  37  0.68 0.11
   54 R   -2  7  0 -2 -4  0 -1 -3  0 -4 -3  2 -2 -4 -3 -2 -2 -4 -3 -4    0  92   4   0   0   0   0   0   2   0   0   3   0   0   0   0   0   0   0   0  1.18 0.15
   55 G   -1 -3 -1 -2 -4 -3 -3  7 -3 -5 -5 -2 -4 -4 -3 -1 -3 -4 -4 -4    0   0   0   0   0   0   0 100   0   0   0   0   0   0   0   0   0   0   0   0  1.49 0.15
   56 K    0  2  1  0 -4  1  1 -2  1 -3 -3  5 -2 -4 -2 -1 -1 -4 -2 -3    5  11   6   5   0   3   7   0   4   0   0  59   0   0   0   1   0   0   0   0  0.51 0.08
   57 A    5 -2 -2 -3  0 -2 -2 -1 -3 -2 -2 -2 -2 -3 -2  1 -1 -3 -3 -1   93   0   0   0   2   0   0   0   0   0   0   0   0   0   0   4   0   0   0   2  0.74 0.13
   58 Y   -1  0 -1  0 -3  1  3 -3 -1  0  0  1 -1 -2 -2  0  1 -3 -1  1    0   5   0   1   0   5  37   0   1   6   8   9   0   0   0   2  11   0   1  14  0.21 0.05
   59 I   -2 -4 -4 -4 -2 -3 -4 -4 -4  5  2 -3  1 -1 -3 -3 -1 -3 -2  3    0   0   0   0   0   0   0   0   0  67  10   0   0   0   0   0   0   0   0  23  0.63 0.10
   60 Q   -1 -1 -2 -3 -2  3 -1 -3  2  0  2 -1  3  1 -3 -2 -2  1  3 -1    3   2   0   0   0  23   0   0   6   7  22   0  15   2   0   0   0   2  19   0  0.25 0.07
   61 T   -1 -2 -1 -2  1 -1 -2 -2  0 -2 -2 -2 -2 -3 -2  2  6 -3 -2 -1    0   0   0   0   3   0   0   0   2   0   0   0   0   0   0  11  84   0   0   0  0.80 0.14
   62 R    1  3  0 -1 -2  1  0 -1  0 -3 -3  4 -2 -3 -1  1  0 -3 -2 -2   13  16   1   0   1   3   2   2   2   0   0  41   0   0   2  13   2   0   0   1  0.34 0.06
   63 H   -3 -2  0 -3 -4 -1 -2 -3  8 -1 -2 -2 -1  2 -3 -2 -2 -1  4 -2    0   0   2   0   0   0   0   0  63   3   0   0   2  10   0   0   0   0  17   3  0.99 0.14
   64 G   -1 -3 -1 -2 -4 -3 -3  7 -3 -5 -5 -2 -4 -4 -3 -1 -3 -4 -4 -4    0   0   0   0   0   0   0 100   0   0   0   0   0   0   0   0   0   0   0   0  1.49 0.15
   65 V   -1  0  0 -1 -2  1  3 -2 -1  0 -1  1  1 -2 -2  0  1 -3 -2  1    3   2   2   0   0   4  28   1   0   9   2  14   5   0   0   4  13   0   0  13  0.17 0.06
   66 I   -2 -3 -4 -4 -2 -3 -4 -4 -4  4  2 -3  3  0 -3 -3 -1 -3 -2  3    0   0   0   0   0   0   0   0   0  45  17   0  12   1   0   0   0   0   0  25  0.54 0.10
   67 E   -1  1  1  3 -1  2  3 -2  1 -2 -2  1  0 -2 -2  0 -1 -3  0 -2    0  11   4  18   1   8  28   0   4   2   2   7   4   2   0   3   3   0   3   0  0.30 0.06
   68 S    0 -2  1 -1 -2 -1 -1 -1 -2 -3 -3 -1 -2 -3 -1  4  4 -4 -3 -2    4   0   6   0   0   0   0   1   0   0   0   0   0   0   2  53  33   0   0   0  0.59 0.13
   69 E   -2 -1  0  5 -5  1  5 -3 -1 -4 -4  0 -3 -4 -2 -1 -2 -4 -3 -4    0   0   0  36   0   3  59   0   0   0   0   2   0   0   0   0   0   0   0   0  0.93 0.12
   70 G    3 -2 -1 -2 -1 -1 -2  4 -2 -3 -3 -1 -2 -3 -2  1 -1 -3 -3 -1   50   0   0   0   0   0   0  45   0   0   0   0   0   0   0   5   0   0   0   0  0.52 0.03

                      K         Lambda
Standard Ungapped    0.1341     0.3164
Standard Gapped      0.0410     0.2670
PSI Ungapped         0.1341     0.3164
PSI Gapped           0.0410     0.2670
