
Last position-specific scoring matrix computed, weighted observed percentages rounded down, information per position, and relative weight of gapless real matches to pseudocounts
           A  R  N  D  C  Q  E  G  H  I  L  K  M  F  P  S  T  W  Y  V   A   R   N   D   C   Q   E   G   H   I   L   K   M   F   P   S   T   W   Y   V
    1 E   -3 -3 -3  1 -6  0  7 -5 -3 -6 -5 -2 -5 -6 -4 -3 -3 -5 -5 -5    0   0   0   6   0   0  94   0   0   0   0   0   0   0   0   0   0   0   0   0  1.84 0.47
    2 R   -4  8 -4 -5 -6  1 -2 -4 -2 -3 -5  0  0 -6 -5 -3 -4 -6 -5 -2    0  78   0   0   0   6   1   1   1   1   0   4   3   0   0   1   1   0   0   3  1.79 0.65
    3 V   -3 -4 -3  1 -5 -2  5 -5 -4  3 -2 -3 -2 -3 -4 -3 -3 -6 -4  3    1   0   0   7   0   0  47   0   0  17   3   0   0   1   0   1   1   0   0  22  0.90 0.45
    4 V   -4 -6 -6 -7 -6 -5 -5 -7  1  0 -1 -6  4  1 -7 -6 -5 -2  9  0    1   0   0   0   0   0   0   0   3   5   5   0  10   3   0   0   0   0  66   8  1.99 0.74
    5 T   -3 -4 -1 -5 -5 -5 -5 -6 -6 -1 -5 -5 -3 -6 -5 -1  7 -7 -6  1    1   1   3   0   0   0   0   0   0   4   0   0   1   0   0   2  79   0   0  11  1.84 0.78
    6 I   -5 -7 -5 -7 -5 -7 -7 -8 -7  7 -1 -6 -3 -4 -7 -6 -3 -7 -5  4    0   0   0   0   0   0   0   0   0  74   2   0   0   0   0   0   1   0   0  22  1.98 0.72
    7 P   -5 -2  7 -2 -6 -3 -4 -4  5 -5 -7 -4 -6 -7  5 -1 -3 -7 -4 -6    0   2  49   1   0   0   0   0  13   1   0   0   0   0  27   5   1   0   0   0  1.64 0.70
    8 L   -4 -6 -7 -7 -5 -6 -6 -7 -3  5  5 -6  2 -1 -6 -6 -3 -5 -4 -2    1   0   0   0   0   0   0   0   1  27  63   0   4   1   0   0   1   0   0   1  1.41 0.59
    9 R   -4  5 -3 -4 -4 -2 -4 -1  9 -7 -6  1 -5 -6 -6 -1 -5 -3 -3 -7    1  35   1   0   0   1   0   6  43   0   0   7   0   0   0   5   0   0   0   0  1.78 0.72
   10 D   -3  3 -1  2 -7 -2 -1 -3 -3 -5 -6  7 -5 -7 -4 -3 -4 -7 -6 -6    1  14   2  11   0   0   2   2   0   0   0  64   0   0   0   1   0   0   0   0  1.44 0.65
   11 A    1  2 -4 -5  2 -3 -3 -4  0  4  1 -3  0 -2 -4 -2 -1 -3 -2  3   12  14   0   0   4   0   1   0   3  24  11   0   1   1   0   1   3   0   1  24  0.48 0.31
   12 R   -2  0 -1 -3 -4 -1 -2 -4  6  1  0  3 -1 -1 -3 -2  0  1  2  0    2   4   2   0   0   1   1   0  20  10  11  20   1   2   1   3   5   2   8   6  0.41 0.29
   13 A    0  0 -1  0 -3 -1 -1  2  6 -3 -2  2  0 -2 -3 -1 -1  0 -1 -3    7   6   2   5   0   1   2  19  24   1   4  14   3   2   1   3   3   1   2   1  0.46 0.30
   14 E    0 -2 -2 -3 -4 -2 -3  4 -3  0 -2  0  1 -4 -4  0 -2 -5 -1  3    8   2   1   0   0   1   1  30   0   4   3   6   3   0   0   8   1   0   3  29  0.46 0.31
   15 P    0  0 -3 -2  2 -1 -2  2 -4 -1 -3  0  0 -4  5  1 -1 -5 -4  1    5   6   0   1   4   2   2  16   0   3   1   5   3   0  26  11   3   0   0  13  0.46 0.29
   16 N   -2  4  0 -1  0 -1 -3  1 -2 -3 -2  1 -3  4 -3  1  0  1 -1 -2    2  24   5   3   2   2   0   9   1   0   2   7   0  23   1   9   6   2   0   2  0.42 0.30
   17 H   -4  0 -1 -4 -5  0 -2 -4  3 -4 -3  4 -2  5 -2 -1  1  6  1 -3    0   3   3   0   0   4   1   1   6   0   1  26   1  23   1   4  10  10   4   1  0.69 0.39
   18 K   -4  3  0 -3 -7  0  0 -4 -1 -3 -5  7 -5 -6 -5 -3 -3 -2 -5 -6    0  12   5   1   0   3   6   1   1   1   1  67   0   0   0   1   1   1   0   0  1.42 0.63
   19 R   -3  8 -4 -5 -4 -2 -4 -4 -1 -7 -6  3 -5 -7 -5 -4 -5 -7 -4 -6    2  75   0   0   0   1   0   1   1   0   0  18   0   0   0   1   0   0   0   0  2.05 0.79
   20 A    6 -2 -5 -4  0 -4 -4 -2 -3 -4 -4 -4 -5 -3 -5  1  0 -6 -5 -2   77   2   0   1   2   0   0   2   0   0   1   0   0   1   0   7   5   0   0   2  1.43 0.67
   21 D   -2 -2  0  1 -6 -4 -3 -1 -3 -5 -5  1 -4 -7  7 -1 -3 -7 -6 -4    2   2   4   9   0   0   1   5   1   1   1  10   0   0  58   4   1   0   0   1  1.49 0.62
   22 K   -3  6 -3 -4 -3  2 -3 -4 -1 -2 -3  3 -3 -4 -3 -2 -1  3  0 -3    2  51   1   0   1   8   0   1   1   3   2  15   0   1   1   3   3   3   3   1  1.03 0.51
   23 A    7 -5 -5 -6 -1 -5 -3 -2 -6 -5 -4 -3 -5 -6 -5 -1 -2 -7 -6 -3   89   0   0   0   1   0   2   2   0   0   1   1   0   0   0   2   1   0   0   1  1.81 0.77
   24 M   -2 -5 -6 -6 -2 -5 -5 -5 -4  5  3 -5  4 -1 -4 -5 -2 -5 -4  4    3   0   0   0   1   0   0   1   0  32  22   0  11   2   0   0   1   0   0  27  0.95 0.44
   25 I   -2  3  0 -2 -6 -1 -2 -3 -2 -4 -5  6 -5 -5 -5  0 -2 -6 -4 -5    3  15   5   2   0   2   1   2   1   1   0  59   0   0   0   7   3   0   0   0  1.18 0.57
   26 L   -1 -1 -2 -1 -2 -1  5 -4 -2  0  0  0  2  0 -4 -2 -3 -5  0 -2    5   3   2   1   1   1  45   0   0   6  11   4   7   4   0   2   0   0   4   2  0.59 0.39
   27 I   -5 -6 -4 -7 -5 -6 -6 -7 -7  7  1 -6 -2 -2 -6 -5 -2 -6 -5  3    0   0   1   0   0   0   0   0   0  67  11   0   0   1   0   1   1   0   0  17  1.61 0.63
   28 R   -5  7 -3 -5 -7  2 -3 -6 -4 -4 -3  4 -4 -6 -3 -4 -3  3 -5 -2    0  53   1   0   0   7   0   0   0   1   2  27   0   0   1   0   1   4   0   3  1.43 0.63
   29 E    0  1 -1  0 -5  1  3 -2 -3 -4 -4  6 -4 -3 -4 -1 -2 -5 -3 -5    7   7   3   4   0   4  16   3   0   1   1  47   0   1   0   4   1   0   1   0  0.79 0.43
   30 H   -3 -4 -4 -6 -4 -4 -3 -7  3 -1 -1 -4 -1  8 -7 -4 -4  0  3 -3    3   1   1   0   0   1   2   0   8   3   4   1   1  65   0   1   1   1   7   1  1.71 0.68
   31 L    5 -5 -5 -4 -4 -4 -4 -4 -5  2  1 -4 -2 -3 -4 -1 -2 -5 -4  3   49   0   0   1   0   0   0   0   0  10  15   0   1   1   0   2   2   0   0  19  0.83 0.47
   32 A    2  0 -3 -4 -4  3  0 -2 -1 -1 -2  1  6 -3 -4  0  0 -2 -3 -1   21   3   0   0   0  14   5   2   1   4   1   8  22   0   0   7   6   1   1   3  0.46 0.35
   33 K   -4  5 -3 -4 -6  1 -2 -5  0 -4 -3  6 -4 -6 -5 -3 -3 -6 -5 -5    1  27   1   0   0   6   2   0   2   1   3  55   0   0   0   1   1   0   0   1  1.39 0.61
   34 H    0 -3 -2 -3 -2  1  3 -4  8 -3 -2 -1  0 -2 -4 -3 -1 -5  0 -3    8   1   1   1   1   6  19   1  40   1   3   3   3   1   0   1   5   0   3   2  1.02 0.49
   35 F   -1 -4 -4 -6 -5 -4 -5 -5 -5 -2  0 -3  9  4 -6 -5  1 -1 -1 -3    5   1   1   0   0   0   0   1   0   1   6   2  57  15   0   0   7   1   2   1  1.70 0.72
   36 S   -2  0 -1 -4 -5 -2 -2  5 -1 -5 -5  5  0 -4 -5 -2 -4 -3 -5 -5    2   5   2   0   0   1   1  42   2   1   1  36   3   1   0   3   0   0   0   0  1.05 0.51
   37 V    1 -4 -3 -2  0 -3 -4 -4 -4 -1 -2 -3  0 -3 -4  0  6 -5 -3  2   12   0   0   2   2   1   0   1   0   3   2   0   2   1   0   6  51   0   1  15  0.86 0.46
   38 D   -1 -1  1  3 -3  0  3 -2 -2 -3 -3  0 -3 -4  4 -1  0 -4 -3 -3    3   3   6  15   0   2  22   3   0   1   2   6   0   1  23   3   7   0   1   1  0.54 0.26
   39 E    0  0  0  1 -1  0  2 -1 -1 -1 -1  0 -1 -1  2  0  0 -1 -1 -1    7   3   4  10   1   4  19   4   1   3   6   5   2   2   9   6   7   1   2   4  0.13 0.05
   40 D    0  0  0  2 -2  0  1  0  0 -1 -1  1  0 -1  0  0  0 -1 -1  0    5   4   4  13   1   2  11   6   3   5   6  11   2   2   4   9   3   1   2   7  0.07 0.04
   41 A   -1 -1  1  6 -1 -1  0 -2 -1 -3 -3  1 -3 -5 -2 -2 -2 -5 -3 -2    4   3   6  51   1   2   4   3   2   1   2  10   1   0   2   2   2   0   1   3  0.86 0.38
   42 V   -4 -6 -6 -6 -4 -5 -6 -6 -6  3 -2 -6  1 -4 -6 -5 -4 -6 -5  7    0   0   0   0   0   0   0   0   0  15   2   0   3   0   0   0   0   0   0  77  1.81 0.67
   43 R   -2  6 -2 -4  1 -1 -3 -3  2  0 -2  3 -2 -4 -4 -3 -2  4 -2 -1    2  44   1   0   4   2   0   2   6   6   3  16   1   0   0   1   2   5   1   5  0.84 0.41
   44 L   -4 -6 -4 -6 -5 -6 -6 -7 -6  7  3 -6  1 -1 -4 -4 -2 -6 -4  1    0   0   1   0   0   0   0   0   0  59  23   0   2   2   1   1   2   0   0   8  1.35 0.54
   45 D   -2 -4  0  7 -7 -2  0 -2 -1 -6 -5 -4 -3 -7 -5 -1 -1 -7 -3 -6    3   1   3  72   0   1   4   3   1   0   1   0   1   0   0   5   4   0   1   0  1.68 0.65
   46 P   -1 -3  1 -2 -4 -1  0 -4 -3 -3 -4 -1 -1 -5  5  0  5 -6 -5 -1    4   1   6   2   0   3   6   1   1   1   0   4   2   0  28   4  34   0   0   4  0.82 0.43
   47 S   -1  4 -1  2 -5  0  1 -1 -2 -3 -2  2 -1 -2 -3  1  0 -1 -2 -4    4  30   2  10   0   4   9   4   0   1   4  10   2   2   1  12   4   1   1   0  0.41 0.26
   48 I   -5 -6 -7 -7 -2 -6 -6 -7 -6  3  6 -6  0 -1 -4 -6 -3 -5 -4  2    0   0   0   0   1   0   0   0   0  13  68   0   1   2   1   0   1   0   0  14  1.32 0.54
   49 N   -2 -5  9 -2 -7 -4 -5 -5  0 -7 -5 -3 -6 -7 -6 -1 -3 -8 -6 -7    4   0  87   1   0   0   0   0   2   0   1   1   0   0   0   3   1   0   0   0  2.49 0.89
   50 E   -3  0  0 -2 -6  1  3 -4  2 -5 -5  6 -2 -6 -4 -1 -1 -6 -5 -4    1   3   4   1   0   6  22   1   4   0   1  47   1   0   0   4   3   0   0   1  0.98 0.48
   51 A    4 -1 -3 -3 -2  0  0 -3  1 -2 -2  1 -1  2 -3 -1 -1 -3  2 -1   36   2   0   1   1   3   6   0   4   2   4  11   1   9   0   4   3   0   9   3  0.36 0.28
   52 A   -3 -6 -6 -4 -4 -6 -6 -7 -7  6  1 -6  0 -2 -6 -5 -4 -6 -5  5    2   0   0   1   0   0   0   0   0  41  12   0   1   1   0   0   0   0   0  41  1.35 0.54
   53 W   -7 -5 -8 -9 -1 -7 -8 -5 -1 -8 -7 -8 -7  0 -5 -3 -3 13 -1 -8    0   1   0   0   1   0   0   1   2   0   0   0   0   4   1   3   2  85   1   0  4.19 1.21
   54 A    4 -2 -2 -2 -2 -1  2 -2  0 -4 -4  1 -2 -5 -3  4 -2 -5 -3 -3   35   1   1   1   1   2  13   2   2   1   1   8   1   0   0  29   1   0   1   1  0.64 0.40
   55 R   -3  6  2 -3 -2  1 -2 -4  1 -6 -5  5 -2 -4 -5 -3 -3 -6 -3 -6    1  39   9   1   1   5   1   1   3   0   1  35   1   1   0   1   1   0   1   0  1.19 0.53
   56 G   -3 -3 -4 -5 -6 -5 -4  7 -6 -8 -8 -3 -7 -7 -4  0 -5 -7 -4 -5    1   2   0   0   0   0   1  85   0   0   0   2   0   0   1   7   0   0   1   1  2.08 0.73
   57 R   -2  2 -1 -4 -1 -3 -5 -5 -5  6 -1 -1  2 -4 -4 -2 -2 -5 -3  2    2  12   3   1   1   1   0   1   0  52   2   3   5   0   1   3   2   0   1  11  0.86 0.43
   58 A   -3  6 -1  0 -6  2  2 -4 -1 -6 -5  3 -2 -3 -4 -1 -3 -5 -3 -5    1  41   2   4   0  10  14   1   1   0   0  17   1   1   0   5   1   0   1   0  0.93 0.45
   59 N   -3 -1  6  0 -2 -2 -3  0  2 -5 -4  4 -2 -6 -5  0 -2 -6 -3 -5    1   1  39   3   1   1   0   8   6   0   2  29   1   0   0   6   1   0   1   0  0.96 0.48
   60 T   -2 -5 -5 -3 -2 -5 -5 -4 -6  3 -2 -3 -3 -3  5 -3 -1 -6 -5  5    2   0   0   2   1   0   0   1   0  14   2   1   0   1  31   2   3   0   0  42  1.09 0.50
   61 P   -3 -3 -5 -4 -7 -4 -3 -6 -6 -3 -4 -5 -6 -7  8 -4 -3  0 -7 -2    2   1   1   1   0   1   2   0   0   2   2   0   0   0  84   1   2   1   0   3  2.51 0.87
   62 S   -2  4  0 -3 -1 -3 -3 -2  2 -2 -3 -2 -4  1 -2  1 -1 -3  6 -3    3  23   5   1   1   0   0   3   5   2   2   1   0   5   1  13   3   0  29   1  0.64 0.39
   63 K   -4  7 -4 -4  1  0 -3 -3  3 -6 -5  4 -5 -5 -3 -2 -3 -3 -2 -6    1  53   0   0   3   2   0   1   6   0   1  25   0   0   1   3   1   0   2   0  1.35 0.58
   64 I   -4 -6 -5 -6 -4 -6 -6 -7 -6  6  2 -6  1 -1 -6 -4 -2 -5 -3  4    0   0   1   0   0   0   0   0   0  52  13   0   3   2   0   0   2   0   1  26  1.28 0.52
   65 R   -4  7 -3 -4  0 -1 -3 -5  3 -5 -5  1 -5 -6 -4 -2 -2  0 -5 -3    0  68   0   1   2   2   0   0   8   1   1   8   0   0   1   2   3   2   0   2  1.57 0.65
   66 V   -3 -6 -6 -7 -5 -6 -6 -7 -7  2  0 -3  0 -4 -6 -5 -4 -6 -5  7    2   0   0   0   0   0   0   0   0   7   6   2   2   0   0   0   0   0   0  82  1.79 0.69
   67 R   -3  6 -4 -4 -2  1 -1 -5  0 -4 -3  3 -3 -5 -4 -3 -4  3 -2  0    2  51   0   1   1   7   2   0   2   1   3  18   0   0   0   0   0   4   1   7  1.09 0.51
   68 A    2 -5 -5 -5  1 -4 -5 -3 -5  3  4 -4  2 -1 -4 -3 -3 -4 -3  3   17   0   0   0   3   0   0   2   0  13  37   0   4   2   0   1   0   0   0  20  0.64 0.34
   69 A    1 -1 -1 -2 -1 -1  1 -3 -2 -1 -3 -1  0 -2 -2  4  1 -5 -4  1   13   2   2   1   1   2  10   1   1   3   1   3   2   2   1  38   8   0   0   9  0.41 0.31
   70 R   -4  7 -4 -5 -6 -3 -3 -5 -4 -2 -4  4 -2 -2 -5 -3 -4 -6 -4 -3    0  60   0   0   0   0   1   1   0   3   1  28   1   2   0   1   0   0   1   2  1.58 0.65
   71 F   -3 -1 -1  1 -5 -1  1 -4 -2  0 -1  5 -2  3 -4 -2 -2 -4 -1 -3    1   2   2   7   0   1   9   1   1   6   5  46   1  14   0   1   2   0   1   1  0.67 0.39
   72 E   -1  5 -2  2 -1  1  3 -1  1 -5 -4  0 -4 -5  0 -1 -2 -2 -4 -3    3  35   1  12   2   4  18   4   3   0   1   4   0   0   4   5   1   1   0   2  0.60 0.34
   73 E   -3 -2  6  4 -6 -2  4 -4 -1 -5 -5 -1 -3 -6 -5 -1 -4 -7 -5 -5    1   1  42  19   0   1  28   0   1   1   1   3   1   0   0   2   0   0   0   0  1.26 0.56
   74 E   -3 -3  0  4 -6 -1  5  2 -4 -6 -6  0 -5 -6 -4 -2 -2 -6 -5 -6    2   0   4  24   0   1  44  16   0   0   0   6   0   0   0   1   2   0   0   0  1.05 0.48
   75 G   -3 -2 -1  5 -5 -1  2  3 -2 -4 -4  0 -4 -5 -2 -1  1 -5 -5 -3    1   2   2  38   0   1  11  22   0   1   1   5   0   0   1   3   9   0   0   2  0.72 0.35
   76 E   -2 -3 -2  0 -5 -1  6 -4 -3 -2 -4 -1 -4 -2 -4 -2  0 -5  0  1    2   1   1   4   0   0  63   0   0   2   1   2   0   2   0   2   6   0   3  10  1.03 0.48
   77 A    1  0 -1  2 -3  0  2  1 -2 -2 -1  0 -2 -3  0  0 -1 -3 -3  0   13   6   1  12   0   4  18  11   0   1   8   4   0   0   5   7   2   0   0   8  0.16 0.12
   78 I    2 -1 -3 -3 -2  0 -2 -3 -3  2  0  0 -1 -3 -3 -1  0 -4 -2  4   25   3   0   0   0   4   2   0   0  11   7   5   0   0   0   4   3   0   1  34  0.33 0.21
   79 V    1 -2 -3 -3 -3 -2 -1 -4 -3  2  0  3 -1 -2 -3 -1  0 -4 -3  4   11   1   0   0   0   1   3   0   0   8   5  22   0   1   0   2   5   0   0  42  0.40 0.23
   80 E   -3 -1 -2  0 -5  1  6 -4 -2 -4  0  0 -3 -4 -3 -1 -3 -5 -4 -4    0   2   0   3   0   3  73   0   0   0  12   5   0   0   0   2   0   0   0   0  1.06 0.35
   81 A    5 -3 -3 -1 -2 -2 -2 -2 -3 -1 -2 -2 -2 -3 -2  0 -1 -4 -1  2   67   0   0   4   0   0   0   0   0   0   0   0   0   0   0   3   0   0   3  23  0.58 0.21
   82 E   -2 -1 -1  2 -5  2  6 -3 -1 -5 -4  0 -3 -5 -2 -1 -2 -4 -3 -4    0   0   0   7   0   6  87   0   0   0   0   0   0   0   0   0   0   0   0   0  1.24 0.25

                      K         Lambda
Standard Ungapped    0.1300     0.3164
Standard Gapped      0.0543     0.2670
PSI Ungapped         0.1764     0.3084
PSI Gapped           0.0543     0.2670
