
Last position-specific scoring matrix computed, weighted observed percentages rounded down, information per position, and relative weight of gapless real matches to pseudocounts
           A  R  N  D  C  Q  E  G  H  I  L  K  M  F  P  S  T  W  Y  V   A   R   N   D   C   Q   E   G   H   I   L   K   M   F   P   S   T   W   Y   V
    1 M   -2 -3 -3 -4 -3 -2 -4 -4 -4  2  1 -3  7 -2 -4 -2  3 -4 -3  1    0   0   0   0   0   0   0   0   0  11  10   0  47   0   0   0  22   0   0  10  0.80 0.25
    2 F   -4 -5 -5 -6 -4 -5 -5 -6 -3  3  1 -5 -2  7 -6 -5 -3 -2  4 -2    0   0   0   0   0   0   0   0   0  18  14   0   0  53   0   0   2   0  14   0  1.30 0.37
    3 T   -2 -2 -1 -1 -4 -1  3 -4 -3 -1 -3  3 -2 -4 -3 -1  4 -5 -4  1    1   0   2   1   0   1  23   0   0   4   1  19   1   0   0   1  36   0   0  11  0.58 0.29
    4 I   -4 -5 -6 -6 -4 -5 -5 -6 -5  5  3 -5  0  5 -5 -5 -3 -1 -1  1    0   0   0   0   0   0   0   0   0  32  33   0   1  26   0   0   0   1   1   7  0.95 0.32
    5 N   -2 -2  5  1 -4  2  2 -3  0 -1 -4  1 -3 -4 -2  0  0 -5 -3  0    2   0  34   7   0   9  12   0   2   4   0  11   0   0   1   5   5   0   0   8  0.48 0.23
    6 A    7 -5 -5 -5 -3 -4 -4 -2 -5 -4 -4 -4 -4 -5 -4 -2 -3 -6 -5 -1   93   0   0   0   0   0   0   2   0   0   0   0   0   0   0   0   0   0   0   4  1.70 0.55
    7 E   -1 -2 -1  0 -4  3  4 -4 -2 -1 -2  0 -2  1 -3  0  2 -4 -2  1    3   0   1   3   0  15  32   0   0   2   2   3   1   8   0   4  13   0   1  11  0.40 0.23
    8 V    1 -1 -1 -2 -2 -1  0 -3 -3  1  0  1 -1 -3  0  0  1 -4 -3  3   15   2   2   1   0   1   8   0   0   6  11  10   0   0   4   6   9   0   0  26  0.17 0.14
    9 R   -5  9 -4 -5 -7 -2 -3 -6 -4 -7 -6 -1 -5 -6 -6 -4 -5 -6 -5 -6    0  99   0   0   0   0   0   0   0   0   0   1   0   0   0   0   0   0   0   0  2.58 0.67
   10 K    1 -1  1  1 -3  1  2 -2 -1 -3 -3  2 -3 -4 -3  2  3 -4 -3 -2   10   1   6   9   0   5  16   2   1   0   0  14   0   0   0  14  20   0   0   1  0.36 0.19
   11 E   -1 -1 -1  5 -5  0  4 -3 -3 -3 -1  1 -2 -4 -3 -2 -1 -5 -3  0    6   2   1  35   0   3  26   1   0   0   5   8   1   0   0   1   2   0   1   8  0.59 0.25
   12 Q   -1 -1 -2 -3 -4  6  1 -4  1 -1  1  1  0 -3 -2 -1  0 -4 -3 -2    3   0   0   0   0  43   5   0   3   4  17   9   2   1   1   2   6   0   0   2  0.57 0.29
   13 G   -3 -4 -4 -5 -6 -5 -5  8 -5 -7 -7 -5 -6 -7 -5 -3 -5 -6 -6 -7    0   1   0   0   0   0   0  99   0   0   0   0   0   0   0   0   0   0   0   0  2.39 0.59
   14 K   -3  1 -3 -4 -5 -2 -2 -4 -4 -5 -5  7 -4 -6 -4  0  4 -6 -5 -4    0   4   0   0   0   0   0   0   0   0   0  65   0   0   0   5  27   0   0   0  1.34 0.47
   15 G   -1 -2 -1 -4 -5 -4 -5  7 -5 -6 -6 -4 -5 -6 -4  1 -4 -5 -6 -6    3   2   2   0   0   0   0  84   0   0   0   0   0   0   0   9   0   0   0   0  1.75 0.48
   16 A    7 -4 -4 -5 -3 -4 -3 -3 -4 -4 -4 -4 -4 -1 -4  0 -3 -5 -3 -2   90   0   0   0   0   0   1   0   0   0   0   0   0   2   0   5   0   0   1   1  1.55 0.52
   17 S    0 -4 -1 -3 -4 -3 -3 -3 -4 -6 -6 -3 -5 -6 -4  7 -1 -6 -5 -5    5   0   2   0   0   0   0   0   0   0   0   0   0   0   0  93   1   0   0   0  1.81 0.61
   18 R   -5  8 -2 -5 -7 -2 -3 -6 -1 -7 -6  0 -5 -6 -6 -4 -4 -6 -5 -6    0  96   2   0   0   0   0   0   1   0   0   2   0   0   0   0   0   0   0   0  2.41 0.66
   19 R   -3  8 -4 -4 -7 -2 -3 -5 -2 -6 -6 -1 -5 -6 -5 -3 -4 -6 -5 -5    2  94   0   1   0   0   0   1   1   0   0   1   0   0   0   1   0   0   0   1  2.28 0.64
   20 L   -4 -5 -6 -7  0 -4 -6 -7 -6 -1  6 -5 -1 -1 -6 -5 -3 -5 -4 -1    1   0   0   0   2   0   0   0   0   0  94   0   0   1   0   0   1   0   0   2  1.60 0.50
   21 R   -5  9 -4 -5 -7 -2 -4 -6 -4 -7 -6 -1 -5 -7 -6 -4 -5 -6 -5 -6    0 100   0   0   0   0   0   0   0   0   0   0   0   0   0   0   0   0   0   0  2.65 0.73
   22 A   -1  6  1 -4 -5 -1 -3 -4  6  0 -1  1 -3 -4 -4 -2 -2 -5 -3 -3    5  45   5   0   0   1   0   1  22   7   5   6   0   0   0   1   2   0   0   1  0.91 0.37
   23 A    4 -3  1 -1 -3  1  3 -2 -1 -3 -4 -1 -3 -5 -3  0  1 -5 -4 -3   47   0   7   2   0   5  21   1   1   1   0   1   0   0   0   6   7   0   0   0  0.62 0.32
   24 N   -1 -4  4  2 -5 -3 -1  5 -2 -6 -5 -1 -5 -3 -4 -1 -3 -5 -5 -5    5   0  24   9   0   0   4  51   1   0   0   3   0   1   0   3   0   0   0   0  0.99 0.36
   25 K   -3  3 -1 -3 -3  3 -1 -4 -2 -4  0  5  0 -4 -4 -2 -3 -5 -2 -3    0  13   2   0   1  16   1   1   0   0  12  47   3   0   0   2   0   0   1   1  0.78 0.35
   26 F   -2 -5 -5 -5 -1 -5 -5 -5 -5  3  0 -5 -2  4 -5 -4  0 -4 -2  5    2   0   0   0   1   0   0   0   0  12   7   0   0  17   0   0   7   0   0  54  0.93 0.36
   27 P   -3 -6 -6 -5 -7 -5 -5 -6 -6 -7 -5 -5 -6 -7  9 -4 -4 -8 -7 -6    1   0   0   0   0   0   0   0   0   0   1   0   0   0  97   0   1   0   0   0  3.11 0.77
   28 A    6 -5 -4 -5 -1 -4 -4  3 -5 -5 -5 -4 -4 -5 -4 -1 -3 -6 -5 -3   74   0   0   0   1   0   0  23   0   0   0   0   0   0   0   1   0   0   0   1  1.40 0.50
   29 I   -4 -6 -6 -6 -4 -6 -6 -7 -6  7 -1 -6 -2 -3 -6 -5 -3 -6 -4  4    0   0   0   0   0   0   0   0   0  69   0   0   0   0   0   0   1   0   0  31  1.66 0.52
   30 I   -3 -5 -6 -6 -4 -5 -5 -6 -6  5  2 -5  0 -3 -5 -5 -3 -5 -4  5    0   0   0   0   0   0   0   0   0  36  16   0   1   0   0   0   0   0   0  47  1.18 0.40
   31 Y   -6 -6 -6 -7 -6 -5 -6 -7 -2 -3 -5 -6 -5  0 -7 -6 -6 -1 10 -5    0   0   0   0   0   0   0   0   0   1   0   0   0   1   0   0   0   0  98   0  3.19 0.83
   32 G   -3 -6 -4 -5 -6 -5 -6  8 -6 -7 -7 -5 -6 -7 -6 -4 -5 -6 -7 -7    0   0   0   0   0   0   0 100   0   0   0   0   0   0   0   0   0   0   0   0  2.48 0.65
   33 G    2 -5 -3 -3 -5 -3 -2  6 -4 -4 -4 -3 -5 -4 -3 -1 -3 -5 -5 -3   15   0   0   0   0   0   3  71   0   1   1   1   0   1   1   3   1   0   0   1  1.32 0.43
   34 K   -1 -2  3  2 -4 -1  2  3  2 -5 -5  1 -4 -5 -3  1  0 -5 -4 -4    4   0  17  13   0   0  17  21   5   0   0   8   0   0   0   8   6   0   0   0  0.48 0.22
   35 E    2  0 -1 -1 -4  2  2 -1 -2 -3 -2  4 -3 -3 -3  0  0 -4 -3 -3   16   2   2   2   0  10  16   5   0   1   3  34   0   1   0   3   5   0   0   1  0.44 0.24
   36 A    3 -2 -1  2 -4  0  5 -2 -3 -4 -3  0 -4 -5  0 -1 -1 -5 -4 -4   29   0   2  11   0   3  37   1   0   0   2   5   0   0   5   2   3   0   0   0  0.63 0.30
   37 P    3 -5 -5 -5 -5 -4 -2 -4 -5 -5 -6 -4 -5 -6  8 -2 -3 -6 -6 -4   26   0   0   0   0   0   2   0   0   0   0   0   0   0  69   2   1   0   0   1  2.02 0.58
   38 L   -2 -2 -3 -4 -3  3  0 -5 -3  2  1 -1  1 -3 -4 -2  0 -4 -3  4    2   1   0   0   0  19   6   0   0  14   9   4   2   0   0   1   6   0   0  37  0.48 0.27
   39 A    3 -3  1 -3 -3 -1 -3 -3 -3 -3 -1 -2  3 -4  1  4  0 -5 -4 -2   23   0   6   0   0   1   0   0   0   0   7   1  10   0   8  41   3   0   0   1  0.60 0.33
   40 I   -4 -6 -6 -6 -4 -6 -6 -7 -6  7  2 -6 -1 -1 -6 -5 -3 -5 -4  2    0   0   0   0   0   0   0   0   0  72  14   0   1   1   0   0   0   0   0  12  1.50 0.47
   41 E    1 -3 -2 -1 -2  0  3 -3  0 -1 -3 -1 -1 -4 -3  2  4 -5 -3  0   12   0   0   1   0   3  24   0   2   3   1   1   2   0   0  17  26   0   0   7  0.44 0.26
   42 L   -4 -5 -6 -6 -4 -5 -5 -6 -5  2  5 -5  2  2 -5 -5 -3 -4 -3  1    0   0   0   0   0   0   0   0   0  11  68   0   4   7   0   0   1   0   0  10  1.08 0.38
   43 D   -2 -1  2  6 -5 -1  2 -3 -2 -2 -2 -1 -3 -4 -2  0 -2 -2 -4 -3    3   2   9  50   0   1  13   1   1   2   3   3   0   0   2   5   1   1   0   2  0.80 0.32
   44 H   -1 -2 -2 -4 -6  1 -1 -3 10 -3 -2 -2 -2 -4 -3 -2 -4 -5 -1 -4    4   1   1   0   0   5   3   1  68   2   5   2   1   0   1   3   0   0   1   1  1.82 0.56
   45 D   -3  1  6  3 -5 -2 -1 -3  0 -4 -4  3 -4 -3 -3  0 -1 -6 -4 -4    1   5  43  17   0   0   2   0   2   1   1  19   0   1   0   4   2   0   0   1  0.87 0.35
   46 K    1 -2 -1  2 -4  1  4 -3 -2 -3 -3  2 -3 -3 -2 -1  0 -5 -3 -2   14   0   1  14   0   6  35   0   0   2   2  14   0   1   1   3   6   0   1   2  0.50 0.25
   47 V   -3 -4 -5 -5 -3 -4 -5 -6 -5  4  4 -4  2  0 -5 -4 -1 -4 -1  4    1   0   0   0   0   0   0   0   0  22  38   0   4   4   0   0   3   0   1  28  0.79 0.30
   48 M   -1 -2 -1 -3 -3 -3 -2 -4 -2  2  1  0  2  3 -4 -2 -1  5  3  1    4   1   4   1   0   0   2   0   0  14   9   7   5  15   0   1   4   9  11  12  0.31 0.17
   49 N   -4  2  4 -3 -5  0 -2 -4  6 -4 -2  4 -3 -2 -4 -2 -1 -5  1 -4    0   8  24   0   0   2   0   0  22   1   5  29   0   1   0   0   2   0   4   0  0.81 0.35
   50 M    4 -3 -1 -3 -3  1 -1 -3  2  0  1 -2  2 -2 -3 -1 -2 -4 -1 -1   43   0   3   0   0   8   2   0   7   5  16   1   6   1   0   3   1   0   2   1  0.40 0.26
   51 Q   -1 -3 -4 -4 -4  4  0 -4 -3  0  4 -2  2  0 -4 -2 -2 -4 -3 -2    5   0   0   0   0  22   5   1   0   3  50   1   5   3   0   2   2   0   0   1  0.62 0.32
   52 A    0  2  0  2 -4  2  4 -3 -1 -3 -3  3 -2 -5 -3 -1 -1 -5 -4 -2   10  11   3   9   0   8  31   1   1   1   2  16   1   0   0   3   2   0   0   2  0.47 0.23
   53 K   -3 -1  4  1 -5  0  1 -3  3 -3 -4  5 -2 -1 -4 -1 -1 -5 -2 -4    1   1  24   6   0   3   6   0   9   1   1  36   1   3   0   3   3   0   1   1  0.66 0.30
   54 A   -2 -3 -1  1 -6  0  6 -4 -2 -2 -5 -1 -4 -3  2 -2 -3 -6 -3 -3    3   0   3   7   0   1  64   1   1   3   0   3   0   1  10   1   0   0   1   1  1.10 0.43
   55 E    4 -3 -2  1 -3 -1  2  1 -1 -4 -4 -1 -3 -4 -3  2 -1  2 -4 -2   45   0   1   6   0   1  15   8   1   0   0   2   0   0   0  14   3   3   0   1  0.55 0.29
   56 F   -2 -6 -6 -7 -6 -6 -6 -6 -5 -2 -2 -6 -2  9 -7 -4 -3 -2  0 -2    3   0   0   0   0   0   0   0   0   1   3   0   0  87   0   1   2   0   0   2  2.28 0.63
   57 Y   -5 -5 -5 -3 -6 -4 -5 -5  6 -5 -4 -5 -4  5 -6 -5 -5 -2  8 -5    0   0   0   1   0   0   0   1  21   0   0   0   0  22   0   0   0   0  55   0  2.03 0.59
   58 S    1 -2  1 -1 -3 -2  0 -1 -3 -3 -4 -1 -3 -5 -3  5  2 -5 -4 -3   11   1   6   3   0   0   4   2   0   1   0   3   0   0   0  54  13   0   0   1  0.73 0.34
   59 E   -1 -2 -1  0 -4  1  3 -3  6 -5 -5 -2 -4 -5 -4  4  0 -5 -3 -4    4   1   1   4   0   7  19   1  20   0   0   0   0   0   0  38   4   0   0   0  0.79 0.36
   60 V   -2 -5 -3 -2 -3 -4 -3 -5 -5  5  0 -3 -1 -2 -3 -3 -1 -5 -4  5    2   0   2   2   0   0   2   0   0  41   7   1   0   0   1   1   2   0   0  38  0.85 0.34
   61 L   -4 -5 -6 -6 -4 -4 -5 -6 -5  4  5 -5 -1 -1 -5 -5 -3 -4 -3  1    0   0   0   0   0   1   0   0   0  24  67   0   0   2   0   0   0   0   0   5  1.17 0.40
   62 T   -1 -3  1  3 -1 -2  2 -3 -3 -2 -3  0 -3 -3 -3  0  5 -5 -4 -2    4   0   6  19   1   1  12   0   0   2   2   5   0   1   0   5  40   0   0   1  0.58 0.29
   63 I   -4 -5 -6 -6 -4 -5 -5 -6 -5  3  5 -5  4 -1 -5 -5 -3 -4 -3  1    0   0   0   0   0   0   0   0   0  18  63   0   9   1   0   0   0   0   0   8  1.12 0.39
   64 V   -1 -2  4  1 -2  0  2 -3 -1 -1 -2  0 -1 -4 -3  0 -1 -5 -3  2    3   1  23   8   1   2  18   0   1   3   2   7   1   0   0   5   3   0   0  23  0.33 0.21
   65 V   -3 -5 -5 -6 -3 -5 -5 -5 -5  5  2 -5  0 -1 -5 -4 -2 -5 -3  4    1   0   0   0   0   0   0   1   0  39  21   0   1   2   0   0   1   0   0  35  0.98 0.35
   66 D    0 -4  3  6 -5 -2  1  2 -3 -6 -6 -2 -5 -6 -4 -2 -3 -6 -5 -5    9   0  12  52   0   1   7  17   0   0   0   1   0   0   0   1   0   0   0   0  1.09 0.39
   67 G   -3 -5 -2  1 -6 -4 -2  7 -5 -7 -7 -2 -6 -6 -5 -2 -3 -6 -6 -6    0   0   1   7   0   0   3  83   0   0   0   3   0   0   0   2   1   0   0   0  1.76 0.51
   68 K    0  0 -1 -1 -5  2  2 -3 -1 -5 -5  6 -4 -5 -4 -1 -1 -5 -4 -3    9   2   2   2   0   7  10   1   1   0   0  59   0   0   0   2   3   0   0   1  0.93 0.38
   69 E    0 -1 -1  0 -4 -1  3 -3 -3 -2 -3  3 -2 -4 -1  1  2 -5 -4  0    7   0   2   3   0   1  26   1   0   2   0  24   0   0   3  11  12   0   0  10  0.40 0.24
   70 I   -3 -2 -1 -1 -4  3  5 -4  2 -1 -3 -2 -2 -2 -4 -1  1 -4  0  2    0   1   2   1   0  14  41   0   5   3   0   0   1   1   0   2   8   0   4  17  0.59 0.31
   71 K   -1  0  1  0 -5  4  1 -3  0 -4 -4  5 -3 -5 -2  0  1 -5 -4 -4    4   3   8   4   0  20   6   1   1   0   1  37   0   0   1   6   7   0   0   0  0.59 0.28
   72 V    1 -6 -6 -6  0 -5 -5 -6 -6  0 -2 -5 -2 -4 -5 -4 -2 -6 -4  7   11   0   0   0   2   0   0   0   0   1   0   0   0   0   0   0   1   0   0  85  1.59 0.54
   73 K   -3 -1 -4 -4 -4 -2 -3 -5 -4  4  2  3 -1 -2 -4 -3 -2 -5 -3  3    0   3   0   0   0   1   1   0   0  26  21  26   0   0   0   0   1   0   0  20  0.58 0.29
   74 A   -2 -5 -5 -5 -1 -4 -5 -5 -5  3  4 -4 -1 -2  0 -4 -3 -4 -3  4    2   0   0   0   1   0   0   0   0  15  44   0   0   0   6   0   0   0   0  31  0.80 0.31
   75 Q   -3  5 -3 -4 -6  5 -2 -5 -1 -5 -5  5 -3 -6 -4 -3 -3  0 -4 -3    1  33   0   0   0  24   0   0   1   0   0  39   0   0   0   0   0   1   0   2  1.21 0.43
   76 D    4 -4 -1  7 -5 -3 -2 -2 -3 -5 -5 -3 -5 -4 -4 -1 -3 -6 -5 -4   36   0   1  58   0   0   0   1   0   0   0   0   0   1   0   3   0   0   0   0  1.36 0.46
   77 V   -3 -4 -5 -5 -3 -4 -5 -5 -4  3  3 -4  4  1 -5 -4 -2  0  0  4    0   0   0   0   0   0   0   0   0  14  27   0  14   7   0   0   2   1   3  32  0.70 0.27
   78 Q   -3 -3 -4 -4 -7  9 -2 -6 -2 -6 -6 -2 -3 -7 -5 -4 -4 -6 -5 -5    1   0   0   0   0  97   0   0   1   0   0   0   0   0   0   0   0   0   0   1  2.61 0.76
   79 R   -4  7 -3 -5 -6 -2 -3 -5  1 -4 -4 -1  3 -1 -5 -4 -4  4  0 -3    0  72   1   0   0   0   0   0   3   1   1   1   9   3   0   0   0   6   3   1  1.54 0.50
   80 H   -6 -4 -2 -3 -7 -3 -4 -6 11 -7 -7 -5 -5 -5 -5 -5 -6 -6 -2 -7    0   0   1   1   0   0   0   0  98   0   0   0   0   0   1   0   0   0   0   0  3.51 0.82
   81 P    1 -5 -5 -5 -6 -4 -4 -5 -5 -4 -5 -4 -5 -7  8 -2 -4 -7 -6 -3   12   0   0   0   0   0   0   0   0   1   1   0   0   0  82   2   0   0   0   2  2.37 0.61
   82 Y    2 -5 -5 -5 -3 -4 -4 -4 -3 -2 -3 -4 -3  6 -5 -1 -2  0  5  1   22   0   0   0   0   0   0   0   0   0   0   0   0  39   0   3   1   1  24   9  1.05 0.38
   83 K   -4  2 -1 -4 -6 -1 -2 -5 -4 -6 -5  7 -4 -6 -4 -1 -2 -6 -5 -5    0   9   2   0   0   0   0   0   0   0   0  82   0   0   0   5   2   0   0   0  1.66 0.53
   84 P   -2 -1  1  0 -5  3 -1  0 -3 -5 -3 -2 -3 -3  7 -2 -3 -5 -4 -4    2   2   8   4   0  17   3   6   0   0   2   0   1   1  50   1   0   0   0   1  1.14 0.38
   85 K   -2  1 -2 -3 -3  3 -1 -4 -1 -1  1  4  0  2 -3 -2  0 -3 -1 -1    2   5   0   0   0  17   1   0   1   4  18  29   2  10   0   1   6   0   1   4  0.33 0.21
   86 L   -2 -5 -5 -5 -3 -4 -5 -5 -5  4  2 -4  0 -1  1 -4 -3 -4 -2  5    2   0   0   0   0   0   0   0   0  24  19   0   1   2   8   0   0   0   1  44  0.81 0.31
   87 Q   -2 -3 -3 -3 -3  1  0 -4  0  0  3 -3  5 -1 -4 -2  2 -3 -2  0    1   0   0   0   0   9   6   0   2   3  35   0  19   1   0   2  15   0   1   5  0.47 0.25
   88 H   -6 -4 -3 -5 -7 -3 -4 -6 11 -7 -5 -5 -5 -5 -6 -5 -6 -6 -2 -7    0   0   0   0   0   0   0   0  99   0   1   0   0   0   0   0   0   0   0   0  3.59 0.83
   89 I    2 -4 -5 -5 -2 -4 -4 -4 -5  4  1 -4  3 -1 -2 -3 -2 -4 -3  3   20   0   0   0   0   0   0   0   0  33  13   0  10   1   2   0   0   0   0  21  0.63 0.27
   90 D   -5 -5 -2  9 -7 -4 -2 -5 -5 -7 -7 -4 -7 -7 -5 -4 -4 -8 -7 -7    0   0   0 100   0   0   0   0   0   0   0   0   0   0   0   0   0   0   0   0  2.65 0.67
   91 F   -5 -6 -6 -7 -6 -7 -7 -7 -5 -3  0 -6 -3  9 -7 -6 -5 -2  0 -2    0   0   0   0   0   0   0   0   0   0   8   0   0  91   0   0   0   0   0   2  2.47 0.61
   92 V   -3 -1 -3 -4 -4  6 -1 -5 -2  1  2  0  3 -3 -4 -3 -2 -4 -3  1    0   2   0   0   0  43   0   0   0  10  19   6   7   1   0   0   1   0   0  11  0.72 0.33
   93 R   -5  8 -4 -5 -7 -2 -3 -6 -3 -6 -5 -1 -5 -2 -5 -4 -4 -5  0 -6    0  94   0   0   0   0   0   0   0   0   0   0   0   2   0   0   0   0   4   0  2.30 0.61
   94 A    2 -5 -5 -5  0 -4 -5 -5 -5  0 -2 -4 -2 -4 -5 -3 -2 -5 -4  6   21   0   0   0   2   0   0   0   0   0   0   0   0   0   0   0   0   0   0  77  1.28 0.42

                      K         Lambda
Standard Ungapped    0.1347     0.3193
Standard Gapped      0.0635     0.2670
PSI Ungapped         0.2075     0.3161
PSI Gapped           0.0635     0.2670
