
Last position-specific scoring matrix computed, weighted observed percentages rounded down, information per position, and relative weight of gapless real matches to pseudocounts
           A  R  N  D  C  Q  E  G  H  I  L  K  M  F  P  S  T  W  Y  V   A   R   N   D   C   Q   E   G   H   I   L   K   M   F   P   S   T   W   Y   V
    1 V   -4 -5 -6 -6 -5 -4 -6 -6 -5 -1 -1 -5 10 -4 -6 -5  1 -5 -5  1    0   0   0   0   0   0   0   0   0   1   1   0  81   0   0   0   7   0   0  10  2.44 0.81
    2 H   -4  0 -4 -5 -4 -1 -4 -5  3  2  4 -2 -1  3 -5 -4 -3 -3  2 -1    0   5   0   0   0   3   0   0   7  14  52   2   0  11   0   0   0   0   6   1  0.73 0.36
    3 V   -4 -5 -6 -6 -4 -5 -6 -6 -6  6  0 -5  7 -3 -6 -5 -2 -5 -4  2    0   0   0   0   0   0   0   0   0  53   5   0  27   0   0   0   2   0   0  14  1.44 0.55
    4 L   -2 -2 -4 -3 -5 -4 -2 -5 -5 -6 -3 -2 -5 -6  8  2 -1 -7 -6 -5    2   2   0   1   0   0   2   0   0   0   2   2   0   0  69  18   3   0   0   0  1.90 0.67
    5 K   -4  1 -2 -4 -6 -1 -1 -5 -4 -3 -2  7 -4 -6 -4 -3  1 -6 -5 -3    0   5   1   0   0   1   2   0   0   1   4  75   0   0   0   1   9   0   0   2  1.45 0.62
    6 A    2  1  0  0 -4  2  2 -3 -1 -4 -4  4 -3 -2 -1 -1 -2 -5 -4 -2   17   7   3   4   0  10  15   0   1   0   0  32   0   2   3   3   1   0   0   2  0.51 0.31
    7 T   -3 -3  6  3 -5  0  1 -3  2 -3 -5 -2 -4 -5 -4  0  0 -5  0 -1    1   0  44  15   0   4  11   0   5   1   0   2   0   0   0   4   6   0   4   5  0.85 0.42
    8 K   -4  7 -4 -5 -1  0 -3 -4 -2 -1 -1  2 -1 -4 -1 -3 -3  2  0 -4    0  61   0   0   2   4   0   1   1   5   6   9   1   0   3   1   0   3   4   0  1.16 0.52
    9 I   -3  3  1  0 -4 -1 -1 -4 -1  3 -1  3 -1 -3 -4 -2 -2 -4 -1  1    1  21   7   7   0   1   3   0   2  19   4  22   1   0   0   0   2   0   2   8  0.39 0.28
   10 R    4 -1 -2  0 -1  0  1 -3 -3 -2 -2  3 -1 -4 -3  0  1 -5 -4 -1   38   1   1   5   1   3  10   0   0   2   3  19   1   0   0   5   7   0   0   5  0.40 0.29
   11 I   -3 -6 -6 -6 -4 -6 -6 -7 -6  7 -2 -6 -2 -4 -6 -3 -2 -6 -5  3    2   0   0   0   0   0   0   0   0  73   0   0   0   0   0   2   1   0   0  22  1.71 0.64
   12 Y   -5 -2 -5 -6  2 -2 -5 -6  4 -5 -2 -1  1  1 -6 -4 -5 -2  9 -5    0   2   0   0   5   2   0   0  10   0   4   5   3   3   0   1   0   0  65   0  1.89 0.73
   13 K   -1  3 -1 -1 -5  1  5 -4 -3 -5 -5  3 -1 -3 -4  0  0 -5 -4 -5    6  14   2   1   0   6  42   0   0   0   0  18   2   1   0   5   5   0   0   0  0.82 0.44
   14 Q   -2  0  1 -3 -4  1 -2 -4  5 -2  0 -1 -3  2 -4 -2 -2 -2  6 -1    3   4   6   1   0   7   2   0  14   1  10   4   0   8   0   2   1   0  30   5  0.63 0.35
   15 L   -4 -5 -6 -6 -4 -3 -5 -6 -2  2  6 -5 -1  2 -5 -5 -4 -4 -3 -1    0   0   0   0   0   1   0   0   1   9  77   0   0   7   0   0   0   0   0   2  1.36 0.56
   16 L   -3 -5 -6 -6 -5 -6 -6 -6 -4  0  0 -3 -1  8 -6 -3 -5 -3  2 -4    2   0   0   0   0   0   0   0   0   4   8   2   1  74   0   2   0   0   6   0  1.95 0.69
   17 Q   -3  2  1 -1 -5  3  2 -4  0 -5 -4  5 -4 -5 -4 -2  0 -5 -4 -4    1  12   7   2   0  12  10   0   2   0   1  43   0   0   0   2   5   0   0   1  0.81 0.43
   18 D   -2 -3  1  3 -6 -1  6 -1 -3 -5 -5  0 -5 -3 -4 -1 -2 -5 -5 -5    2   0   8  16   0   1  56   4   0   0   0   5   0   1   0   3   2   0   0   0  1.14 0.55
   19 G   -1 -4 -2 -4  0 -5 -3  7 -5 -6 -6 -1 -6 -6 -5 -2 -5 -6 -6 -4    5   1   2   0   2   0   2  80   0   0   0   4   0   0   0   2   0   0   0   1  1.79 0.70
   20 V    0 -2 -5 -6  3 -5 -5 -3 -6  0 -2 -5 -1 -4 -2 -1 -2 -6 -4  6    6   2   0   0   6   0   0   2   0   3   2   0   1   0   2   5   1   0   0  69  1.25 0.61
   21 F   -3 -5 -5 -6  3 -4 -5 -6 -5  3  3 -5  6 -1 -4 -3 -1 -4 -1  1    1   0   0   0   5   0   0   0   0  18  33   0  24   2   1   2   3   0   2   8  0.92 0.47
   22 V    0 -5 -6 -4  0 -4 -5 -5 -5  1  0 -5 -1 -1 -5 -2 -2 -2  0  6    6   0   0   1   2   1   0   1   0   6   8   0   1   3   0   3   2   1   3  64  1.10 0.56
   23 L    5 -5 -5 -5  4 -4 -3 -2 -5  0 -1 -4 -3 -5 -4 -2 -2 -5 -5  3   51   0   0   0   9   0   1   2   0   6   7   0   0   0   0   1   2   0   0  21  0.95 0.54
   24 K   -2  0 -2 -4 -6  2  2 -4  1 -4 -6  6 -2 -2  1 -2 -4 -6 -5 -4    2   4   1   0   0   8  14   1   3   1   0  55   1   2   6   2   0   0   0   1  1.11 0.62
   25 K   -5  0  0  2 -7 -3  1 -6 -1 -7 -7  7 -6 -1 -5 -4 -5 -7 -6 -6    0   4   4  10   0   0   9   0   2   0   0  69   0   3   0   0   0   0   0   0  1.65 0.80
   26 D   -4 -2  3  7 -7 -4  0 -2 -4 -3 -7 -1 -6 -6 -2 -1 -3 -7  1 -6    1   2  12  58   0   0   6   3   0   2   0   4   0   0   2   3   2   0   5   0  1.35 0.71
   27 F   -2  0 -2 -3 -1 -1 -3 -3  0 -1 -1 -1  0  5  1 -2 -1  4  3  1    2   6   1   1   1   2   2   1   2   3   5   4   2  28   9   2   3   5  12   9  0.47 0.35
   28 E   -2  2  4 -1 -5  1  0 -3  5 -4 -1  1  0 -1  0 -1 -1 -5 -2 -2    2  13  23   2   0   5   5   1  15   0   6   8   2   3   5   3   3   0   1   2  0.47 0.38
   29 G    1 -1 -1 -2  1 -1 -1  0 -3 -2 -4  3  1 -2  5 -1  0 -4 -4 -2   11   3   3   2   3   2   4   8   0   2   0  18   4   2  27   3   4   0   0   3  0.47 0.33
   30 H   -3  0  0 -1 -5 -1 -2 -2  7 -2 -3  3 -1 -2  0 -1  1 -4  1 -3    1   4   4   2   0   2   2   3  31   2   2  19   2   2   5   4   8   0   4   1  0.67 0.44
   31 H   -3 -4  0 -3 -1  0 -1 -5  8 -2 -2 -4  0 -4  3 -2 -2  3  0 -5    2   0   4   1   1   3   4   0  43   2   5   0   3   0  17   3   2   5   3   0  1.26 0.66
   32 E    0 -1  0  1  1  1  4 -3  0 -3 -3 -1 -2 -5  4 -1  0 -5 -4 -2    6   2   3   9   3   5  29   2   2   2   2   3   1   0  21   3   5   0   0   2  0.55 0.38
   33 E   -1 -2 -1  1 -3  0  2 -1  0  1  2 -1 -1  1 -1 -1 -1 -3  0  1    2   0   2   7   0   4  18   5   2   7  23   4   0   5   3   3   2   0   3  11  0.11 0.17
   34 T   -1 -2  0  0  1  0  2 -1 -2  1  0  2  1 -1  1 -1  0 -4 -3  0    3   0   3   4   3   4  18   3   0   9   8  15   4   3   7   3   6   0   0   6  0.12 0.16
   35 G   -1  0  3  2 -4  0  1  1  1 -4 -4  0  0 -1  0  0  1 -4 -3 -4    5   4  18  14   0   4   9  13   4   0   0   6   4   4   4   6   8   0   0   0  0.29 0.23
   36 V   -1 -2 -4 -2  0 -3 -4 -3 -4  4  0 -2  1  0 -4 -3  0 -4 -3  4    3   3   0   3   2   0   0   2   0  33   5   2   3   4   0   0   5   0   0  35  0.54 0.32
   37 P   -1  0  0 -1 -4 -1  0 -3 -3 -4 -3  2 -3 -4  6  0  0 -4  0 -3    3   4   4   3   0   2   6   0   0   0   3  15   0   0  42   7   6   0   4   0  0.83 0.37
   38 N   -1 -3  7  0  2 -2 -3 -1 -2 -2 -4 -2  0 -5 -4  0 -1 -5 -4 -4    5   0  66   4   4   0   0   4   0   3   0   2   3   0   0   5   2   0   0   0  1.21 0.55
   39 L   -1 -1 -3 -3  2 -2 -3 -1 -3  1  3 -1  0  1  0 -2 -2  3 -2  1    5   5   0   0   4   0   0   5   0  10  38   5   0   6   5   1   0   4   0   9  0.25 0.20
   40 H    0  1  1  1 -3  1  1 -2  2  0 -2  0 -1  1  1  0 -1 -2  1  0    7   7   7   7   0   7   7   0   7   7   1   7   0   7   7   7   0   0   7   7  0.10 0.12
   41 C   -1 -4 -2 -3  1 -4 -4 -5 -5  1  1 -2 -2 -3 -1 -2 -2 -5 -4  6    3   0   2   2   3   0   0   0   0   4   9   3   0   0   3   2   0   0   0  69  0.96 0.49
   42 Y   -3 -1 -1 -4 -3 -3 -4 -5 -3  4  1 -1  6 -1  0 -3  0  0  1  0    0   4   4   0   0   0   0   0   0  30   9   4  26   2   4   0   5   1   6   4  0.56 0.36
   43 I   -1  1  0 -2  0  1  0  0  0 -1 -2  5  2 -4 -1  0 -2 -4 -3 -2    3   4   4   0   2   6   3   6   3   4   2  47   6   0   2   5   0   0   0   2  0.48 0.32
   44 L    3 -1 -3 -3  0 -3 -3 -2 -3  1  1 -2  0  2 -3 -1  0 -3 -2  1   36   4   0   0   2   0   0   2   0  10  17   0   1   9   0   2   6   0   0   8  0.30 0.24
   45 V   -1 -4 -4 -4  3 -3 -4 -1 -4  1  2 -3  7 -2 -4 -1  0 -4 -3  1    6   0   0   0   6   0   0   6   0   6  21   0  33   0   0   6   6   0   0   8  0.67 0.36
   46 R   -1  3  0 -2 -4  5  0 -1  1 -1 -2  1  0 -4 -1 -1  0  2 -3 -1    4  16   3   0   0  30   3   4   3   3   4   5   3   0   3   4   5   3   0   4  0.39 0.27
   47 S    0 -2  0 -2 -2 -1  1  0 -2 -3 -3 -2 -3  0  0  4  2  2 -2 -3    4   0   4   0   0   0   8   6   0   0   1   1   0   4   5  50  11   4   0   1  0.49 0.29
   48 L    0 -3 -3 -3 -2  0 -3 -3 -3  0  4 -3  3  2  0 -1 -2 -2  1 -1    8   0   0   0   0   4   1   1   0   0  53   1   8   8   5   5   1   0   4   1  0.43 0.24
   49 K   -1  1 -1 -1  1  0  1 -3  0  1 -1  2 -1 -2 -3 -1  0  3 -1  1    4   6   3   2   4   2  13   0   2  10   3  19   0   0   0   2   8   6   2  16  0.14 0.14
   50 D    0 -3 -2 -1 -3 -2 -2 -1 -3 -4 -2 -2 -3 -1 -3  6  1 -4  0 -2    4   0   0   2   0   0   0   2   0   0   5   0   0   2   0  70   9   0   4   2  0.87 0.46
   51 R   -2  4  0 -2  1  2 -1 -1  1 -3  0  2  0 -3  0 -1 -1 -3  0 -3    0  28   4   0   3  10   0   4   3   0   9  16   3   0   4   4   4   0   3   0  0.28 0.22
   52 G    1  1  1  1 -2  0  1  1 -1 -2 -2  1 -2 -3 -2  1 -1 -3 -2  0   11  11  10  11   0   0  11  11   0   1   1  11   0   0   1  11   1   0   0  11  0.15 0.07
   53 F   -2 -3 -3 -4  2 -3 -3 -4  2 -1  1 -3  1  2  0 -2 -1  4  6  0    0   0   0   0   7   0   0   0   7   0  17   0   5   8   5   0   5   5  36   5  0.55 0.24
   54 L   -1 -3 -3 -5  0 -4 -4 -5 -1  1  1 -2  4 -2 -4 -3 -2 -4 -3  5    3   1   1   0   2   0   0   0   2   5  12   2  11   1   0   0   1   0   0  60  0.77 0.39
   55 E   -2  3  0 -1 -4  1  1 -2  1 -2 -3  4 -1 -4  0 -1  0 -4 -3 -3    0  13   4   2   0   4  10   2   4   2   1  41   2   0   4   2   6   0   0   1  0.47 0.25
   56 E   -2 -1 -2  1 -4  1  5 -2 -1 -3 -3  2  1 -4 -3  0  1 -4 -3 -3    0   2   0   4   0   3  52   2   1   1   2  12   5   0   0   4  10   0   0   0  0.68 0.34
   57 I   -1  0 -1 -1 -3  5  0 -3  1  0 -2  1 -2 -2  1  0  2 -3 -1  0    2   5   2   3   0  33   2   0   4   9   1   6   0   2   5   6  13   0   1   6  0.32 0.24
   58 F   -3 -4 -4 -5  1 -4 -4 -2  1  0  0 -4 -2  7 -4 -3 -3 -1  3 -2    0   0   0   0   4   0   0   3   4   5   9   0   0  60   0   2   1   0  10   0  1.12 0.42
   59 N    3 -2  2 -2  1 -2 -2 -1 -2 -1 -2 -2 -2 -3  0  2  0 -4 -3  1   35   0  12   0   3   0   0   1   0   2   3   0   0   0   5  22   5   0   0  10  0.36 0.25
   60 W   -4 -2 -5 -5 -4 -4 -4 -1 -4 -4 -4 -4 -4  0 -5 -4 -4 12 -1 -5    1   2   0   1   0   0   1   6   0   1   1   1   0   3   1   1   1  80   0   1  3.25 0.78
   61 G   -2  4  1 -1  0  3 -1  0 -2 -1 -2  1  0 -3 -3  0 -1 -3 -3 -2    1  33   6   3   2  20   0   7   0   5   3   7   3   0   0   5   2   0   0   1  0.40 0.25
   62 F   -3 -1  0 -1  0  0 -2 -3  8 -3 -1 -2 -2  1 -1 -2  0  4  3 -3    1   2   5   4   3   3   1   1  44   0   6   0   0   5   3   1   6   7   9   1  0.84 0.37
   63 T    0 -2  0 -3  1  0 -2 -1  1  0  0 -2 -1  3 -3  0  0 -1  4  1   10   0   4   0   4   4   1   4   4   4  10   1   0  16   0   6   4   0  17  10  0.18 0.13
   64 Y   -3 -3 -3 -4  3  0 -3 -4  2  0 -2 -3 -2  2 -4 -3 -3  4  7  0    1   0   0   0   8   6   1   1   6   6   1   1   0   6   0   1   1   6  49   7  1.02 0.38
   65 Y   -3  0 -3 -4  1 -3 -3 -2 -2 -1 -1 -3 -2  2  1 -3 -3  8  5 -1    1   7   0   0   4   0   1   4   0   4   5   1   0   9   7   1   1  29  22   4  0.91 0.31
   66 Y   -2 -1  0 -2  1 -2 -1 -3  1  0  0 -2 -1  2 -3 -1  0  0  5  0    1   3   7   1   3   0   3   1   3   4  12   1   0   9   1   4   8   0  32   8  0.28 0.14
   67 L   -1 -3 -3 -3  3 -2 -3 -3 -3  1  4 -3  1 -1 -3 -2  0 -2 -2  1    6   1   0   1   7   0   1   1   0   6  63   1   0   0   1   1   6   0   0   6  0.45 0.19
   68 N    0 -1  1 -1 -2  1 -1 -2 -1  1  1  1  2 -2 -2  0  1 -2 -2  0   12   1  12   1   0  12   1   1   0  12  12  12  11   0   1   1  12   0   0   1  0.09 0.08
   69 K   -1 -1  5  2 -3  0  1 -1 -1 -3 -2  0 -2 -3  2  0 -1 -3 -3 -2    3   1  39  14   0   2   7   3   0   1   4   5   0   0   9   6   2   0   0   2  0.44 0.18
   70 E   -1  0  0  2 -3  1  5 -2 -1 -3 -2  2 -2 -3  0  0 -1 -3 -3 -3    3   2   2   9   0   3  50   1   0   1   4  11   0   0   5   4   2   0   0   1  0.54 0.21
   71 G   -1 -2 -1  1 -3 -2 -2  5 -2 -2 -3 -2 -2 -3 -2  1 -1 -3 -3  0    1   1   1  11   0   1   1  58   0   1   1   1   0   1   1  11   1   0   0  11  0.65 0.17
   72 C   -1 -2 -2 -2  2  0 -1 -3 -2  3  1 -2  1  0 -2 -1  0 -2 -1  2    1   1   1   1   5   5   6   1   0  35   9   1   5   5   1   6   5   0   0  12  0.17 0.09
   73 E   -1  0  0  1 -3  5  3 -2  0 -2 -2  1 -2 -3 -2  0 -1  2 -2 -1    3   4   3   6   0  32  19   3   2   3   3   6   0   0   0   5   3   4   0   4  0.41 0.21
   74 Y   -1 -1 -1 -3 -3 -2  0 -3  3 -2 -2 -1 -2  4 -3 -2 -3  4  7 -1    4   3   3   0   0   0   6   1   7   0   1   3   0  17   0   1   1   5  45   3  0.82 0.31
   75 L   -2 -3 -4 -4 -2 -1 -3 -4 -3  1  5 -3  2  1 -1 -3 -2 -2 -2  0    1   0   0   0   0   4   1   1   0   5  68   1   4   6   4   1   1   0   0   4  0.63 0.27
   76 K   -2  6  0  0  3  0 -1 -3  2 -3 -2  1 -2 -3 -3 -1 -2  1 -2 -2    0  54   5   6   8   3   0   0   6   0   3   5   0   0   0   3   0   2   0   3  0.72 0.31
   77 T   -1  1  2  3  0  1  3 -1 -1 -2 -3  1 -2 -3 -2  0  0 -3 -3 -3    3   7   9  19   3   5  25   4   0   2   1  11   0   0   0   4   5   0   0   0  0.35 0.16
   78 K   -3 -2 -3 -1 -1 -1  2 -4  1 -2 -2  0 -2  2 -3 -2 -2  3  6 -1    0   0   0   4   2   2  19   0   2   2   3   6   0   7   0   2   0   4  43   3  0.68 0.32
   79 L   -3 -4 -4 -5 -3 -1 -4 -5  1  0  5 -4  2  0 -4 -4  0 -3 -2  0    0   0   0   0   0   3   0   0   4   0  79   0   3   3   0   0   6   0   0   3  0.93 0.39
   80 G   -2  0  2  0  1 -1  0 -1  8 -4 -4 -1 -2 -2 -4 -1 -3 -4  2 -2    3   6  12   4   3   2   4   4  47   0   0   2   1   1   0   3   0   0   6   3  0.91 0.38
   81 I   -3 -3 -4 -5 -3 -2 -4 -5 -4  3  5 -1  1  2 -4 -4 -2 -3 -2  0    0   0   0   0   0   2   0   0   0  15  64   5   1   7   0   0   1   0   0   2  0.76 0.34
   82 S   -2 -3 -3 -1 -4 -2 -3 -2  0 -4 -3 -3 -4 -5  8 -1 -1 -5 -4 -4    2   1   0   3   0   1   0   2   2   0   2   0   0   0  77   3   4   0   0   0  1.90 0.52
   83 A    1 -2 -1  0 -2 -1  0 -1 -1 -1 -1 -1 -2 -3  5  2  0 -3 -2 -1   17   2   2   4   0   2   4   2   2   5   6   1   0   1  29  17   4   0   1   3  0.42 0.16
   84 D   -2 -1  0  3 -4  0  6 -3 -2 -4 -4  0 -3 -4 -1 -2 -2 -4 -3 -2    2   3   3  18   0   0  60   1   0   1   1   3   0   0   3   1   1   0   0   2  0.90 0.34
   85 N    0 -1  1  1 -1  0  0  2  1 -1 -1  0 -1 -2 -1  1  1 -2 -1 -1    7   2  10  10   1   2   4  17   3   2   4   4   2   2   2  11  11   1   1   4  0.12 0.04
   86 V    1 -3 -4 -3  2 -3 -1 -4 -4  5  0 -3 -1 -2 -3 -2 -2 -4 -3  3   15   0   0   0   4   0   6   0   0  48   1   0   0   0   0   0   0   0   0  23  0.58 0.27
   87 I   -1 -4 -4 -5 -2 -3 -4 -4 -4  2  1 -2  3  1 -4 -3 -2 -4 -2  5    3   0   0   0   0   0   0   0   0   8   8   2   8   5   0   0   0   0   0  66  0.77 0.31
   88 P   -3 -5 -5 -4 -5 -4 -4 -5 -5 -5 -3 -4 -5 -6  9 -3 -4 -6 -5 -5    0   0   0   0   0   0   0   0   0   0   3   0   0   0  97   0   0   0   0   0  2.81 0.60
   89 K    3 -1  2 -1 -2 -1 -1 -1 -2 -1 -1 -1 -1 -1  0  1  0 -1 -2  0   41   2  14   1   0   1   1   2   0   1   7   2   1   3   4  10   5   1   0   5  0.25 0.17
   90 T   -2 -3 -2 -3  1 -3 -3 -4 -4 -1 -3 -3 -1 -4 -1  0  7 -5 -4 -2    0   0   0   0   3   0   0   0   0   3   0   0   1   0   2   4  86   0   0   0  1.38 0.48
   91 F   -2 -2 -3 -4  0 -1 -3 -4  4 -1  4 -3  2  1 -4 -3 -1 -3  2 -1    1   1   0   0   2   3   0   0  16   1  55   0   5   6   0   0   4   0   6   1  0.59 0.26
   92 K   -2  3 -2 -2  2  1 -1 -3  0 -1 -1  4  0 -3 -3  0  0 -4 -2 -2    0  19   0   1   5   5   1   0   2   4   5  43   3   0   0   5   5   0   1   1  0.49 0.24
   93 A    0  4 -2 -2  2  1  1 -2  1 -2 -3  4 -2 -4  0 -2 -2 -4 -3 -3    8  29   1   0   6   5   8   1   3   2   1  29   1   0   4   0   1   0   0   1  0.51 0.23
   94 S    1  0 -1 -1 -3  2  0 -2  0 -3 -3  1 -2 -4  3  3  0 -4 -3 -2   10   3   2   3   0  12   2   1   2   0   1   8   1   0  15  32   5   0   0   3  0.39 0.20
   95 N    2  3  1 -1  0  1  0 -2  2 -3 -3  0 -2 -4  1  0  1 -4 -3 -2   21  19   8   2   2   8   3   1   6   1   0   2   1   0   7   5  11   0   0   2  0.27 0.17
   96 V   -1  4 -1 -3 -4 -1 -2 -3 -2 -1 -2  1 -2 -4  4 -1 -1 -4 -2  0    5  30   2   0   0   1   1   1   0   4   3   9   1   0  25   4   3   0   2   9  0.54 0.24
   97 N    0  1  1  1 -4  1  3 -2  0 -4 -4  1 -3 -4  4  1  0 -4 -3 -3    5   6   8   5   0   6  23   1   2   1   0   7   0   0  19  10   7   0   0   0  0.47 0.21
   98 F    0  1 -2 -2 -3  0  1 -3  1 -1 -2 -1 -1  1  3 -1  3 -3  0  0    8  11   0   1   0   3  11   0   3   2   0   1   2   7  14   2  25   0   2   9  0.26 0.18
   99 I    2  1 -2 -2 -3 -1 -2  2 -3 -1 -1 -1 -1 -3  4  0  1 -4 -2 -1   20  10   1   1   0   2   1  15   0   5   6   1   2   0  21   5   9   0   1   2  0.33 0.16
  100 S    1  3 -2 -1 -3  1  0 -1 -2 -2 -3  1 -1 -4  4  0  0 -4 -3 -1   11  25   1   2   0   5   5   4   0   1   1   5   1   0  20   8   6   0   0   5  0.39 0.18
  101 K   -1  5 -3 -1 -5  0  0 -3 -1 -4 -3  1 -3 -3  5 -2  0 -5 -4 -4    3  38   0   2   0   2   6   1   1   0   2   5   0   1  31   1   5   0   0   0  0.86 0.31
  102 E    0  5 -1 -1 -4  1  1 -2 -2 -3 -3  0 -1 -4  4  0 -1 -4 -3 -3    9  36   2   2   0   6  10   2   0   1   1   2   1   0  20   4   2   0   0   1  0.57 0.23
  103 E   -2  6 -2  1 -5  0  4 -4 -2 -5 -4  1 -3 -5 -3 -1 -2 -5 -4 -4    1  54   0   8   0   2  28   0   0   0   0   4   0   0   0   3   0   0   0   0  0.99 0.27
  104 D   -2 -2  2  6 -4  0  3 -2 -1 -4 -4 -1 -4 -4 -2 -1 -2 -5 -4 -4    0   0   9  73   0   0  18   0   0   0   0   0   0   0   0   0   0   0   0   0  1.05 0.14

                      K         Lambda
Standard Ungapped    0.1410     0.3214
Standard Gapped      0.0550     0.2670
PSI Ungapped         0.1789     0.3148
PSI Gapped           0.0550     0.2670
