
Last position-specific scoring matrix computed, weighted observed percentages rounded down, information per position, and relative weight of gapless real matches to pseudocounts
           A  R  N  D  C  Q  E  G  H  I  L  K  M  F  P  S  T  W  Y  V   A   R   N   D   C   Q   E   G   H   I   L   K   M   F   P   S   T   W   Y   V
    1 M   -3 -5 -5 -6 -4 -4 -5 -6 -5 -1  0 -5  8 -3 -5 -4 -3 -5 -4  6    0   0   0   0   0   0   0   0   0   0   4   0  42   0   0   0   0   0   0  54  1.62 0.60
    2 Q   -4  0  7 -2 -6  1  0 -3 -2 -6 -5  5 -4 -6 -4 -2 -3 -6 -5 -5    0   2  54   0   0   5   4   0   0   0   1  34   0   0   0   0   0   0   0   0  1.34 0.53
    3 M   -3 -4 -5 -5 -3 -4 -5 -5 -4  4  0 -3  5  1 -5 -3 -2 -4  1  4    0   0   0   0   0   0   0   0   0  26   3   1  18   6   0   1   1   0   6  39  0.87 0.40
    4 P   -4 -5 -5 -5 -6 -3 -5 -6 -6 -6 -7 -2 -6 -7  9 -3 -5 -7 -7 -6    0   0   0   0   0   1   0   0   0   0   0   2   0   0  97   1   0   0   0   0  3.06 0.88
    5 R   -2  3 -2 -3 -6 -1 -2 -4 -2 -6 -5  7 -4 -6 -4 -1 -2 -6 -5 -4    1  11   1   0   0   0   1   1   0   0   0  78   0   0   0   4   1   0   0   1  1.54 0.62
    6 R   -2  2  0 -3 -4  1  1 -4 -3 -2 -3  2 -1 -3 -3  0  5 -5 -4  0    2  12   3   0   0   5   8   0   0   2   1  13   1   1   0   4  44   0   0   5  0.56 0.35
    7 F   -3  5 -2 -4  1  1 -2 -3  3  1 -2  0  0  3 -4 -2 -3  0 -1  1    0  34   1   0   4   6   0   1   8  12   2   4   3  13   0   1   0   1   1   9  0.46 0.30
    8 N   -3  5  3 -3 -5  1 -2 -2 -2 -3 -3  3  0 -5 -3 -2 -2  2 -4 -3    0  41  18   0   0   7   1   2   0   1   1  20   2   0   1   0   2   3   0   2  0.84 0.41
    9 T   -1  1 -1 -4 -4 -3 -4 -4 -3 -2 -4 -1  0 -5 -4 -1  7 -5 -4 -2    5   7   2   0   0   0   0   0   1   2   0   4   3   0   0   2  76   0   0   1  1.33 0.60
   10 Y   -5 -5 -5 -6 -5 -5 -5 -6  2 -4 -2 -5 -3  7 -6 -4 -5 -1  8 -4    0   0   0   0   0   0   0   0   5   0   2   0   0  40   0   1   0   0  52   0  2.01 0.67
   11 C   -4 -7 -6 -7 11 -6 -7 -5 -3 -5 -5 -7 -5 -4 -6 -3 -4 -3 -3 -4    0   0   0   0  94   0   0   1   1   0   0   0   0   1   0   2   0   0   1   0  3.58 0.96
   12 P   -2  0 -2 -3 -5 -1 -2 -4 -4 -4 -5  5 -4 -6  6 -1 -3 -4 -5 -4    2   4   2   1   0   1   0   0   0   1   0  45   0   0  39   3   0   0   0   1  1.30 0.52
   13 H   -3  2  0 -2 -5 -1 -1 -3  3 -3 -4  5 -3  2 -4 -1 -2 -3  3 -4    1   9   4   2   0   1   2   1   9   2   0  46   0   9   0   5   1   0  10   0  0.71 0.39
   14 C   -3 -3 -4 -7 11 -4 -6 -6 -6 -5 -4 -6 -5 -6 -7 -5 -5 -6 -1 -5    1   1   1   0  92   1   1   0   0   0   1   0   0   0   0   0   0   0   2   0  3.45 0.97
   15 N   -2  2  3  1 -5 -1 -1  4  0 -5 -5  4 -4 -5 -4 -2 -2 -5 -4 -3    2  11  14   7   0   0   1  31   2   0   0  29   0   0   0   1   1   0   0   1  0.66 0.35
   16 E    0  1 -1 -3 -2 -1  1 -3 -2 -4 -4  6 -2 -5 -3 -1  2 -5 -2 -2    6   4   3   0   1   0   6   1   1   0   0  56   1   0   0   2  15   0   1   3  0.80 0.44
   17 H   -5 -2 -3 -5 -7 -3 -4 -6 11 -6 -5 -4 -5 -4 -4 -5 -5 -5  3 -4    0   2   0   0   0   0   0   0  88   0   1   0   0   0   1   0   0   0   7   1  3.03 0.94
   18 Q   -3 -2 -1 -3 -3  6 -1 -4  3 -4 -4 -1 -2 -5 -4 -1  5 -5 -4 -3    1   1   2   0   0  37   2   0   8   0   0   3   1   0   0   1  43   0   0   1  1.13 0.57
   19 E   -2 -2 -2 -1 -4  0  3 -4 -3  1 -1 -1  0 -4  5 -1 -1 -5 -4  0    2   1   1   2   0   4  27   0   0   9   7   3   3   0  31   3   3   0   0   5  0.63 0.34
   20 H   -5 -4 -3 -4 -1  1 -4 -6 10 -5 -4 -3 -1 -1 -6 -4 -5 -3  0 -4    0   0   0   0   1   6   0   0  83   1   1   1   2   2   0   0   0   0   1   1  2.70 0.89
   21 E   -2  0 -2 -1 -5 -1  3 -4 -3 -2 -5  6 -4 -5 -4  0  1 -5 -4 -2    1   2   1   2   0   1  19   0   0   2   0  57   0   0   0   5   8   0   0   3  0.96 0.49
   22 V   -2 -5 -6 -3 -4 -3 -3 -6 -6  1 -1 -5  0 -4 -5 -3 -3 -6 -4  7    2   0   0   2   0   1   1   0   0   3   2   0   1   0   0   1   0   0   0  87  1.58 0.66
   23 E   -2 -2 -2 -2 -4 -2  3 -3 -1 -4 -3  0 -2 -2 -2  2  5 -5 -3 -2    2   0   1   1   0   0  26   1   1   0   1   4   1   1   2  15  42   0   1   2  0.73 0.45
   24 K   -3  3 -1 -3 -5  6  0 -4  0  0  0  3 -3 -5 -3 -3 -2 -1 -4 -3    0  15   1   0   0  43   5   0   1   6   9  17   0   0   1   0   1   1   0   0  0.82 0.46
   25 V   -1 -5 -2 -6  1 -4 -5 -6 -2 -1 -3 -5 -3  0 -5 -2 -2 -2  8  3    4   0   2   0   2   0   0   0   0   1   1   0   0   1   0   2   3   0  58  26  1.44 0.63
   26 R   -2  3 -3 -3 -6 -1 -1 -3  0 -5 -5  7 -4 -6 -4 -2 -2 -6 -4 -5    2  16   0   0   0   1   3   1   2   0   0  70   0   0   0   2   2   0   0   0  1.39 0.61
   27 S    1  1  0 -3 -4  1 -1 -1  0 -4 -4  5 -1 -5 -2  1  0 -5 -4 -4   11   5   3   0   0   4   1   5   3   0   0  51   2   0   1   9   6   0   0   0  0.67 0.39
   28 G   -2  1 -2 -1 -3 -4 -4  6 -4 -6 -6 -1 -5 -6 -4 -1 -3 -2 -5 -2    2   9   1   3   0   0   0  74   0   0   0   3   0   0   1   3   1   1   0   3  1.35 0.54
   29 R   -2  4 -2 -1 -6  1 -1 -4 -3 -5 -5  6 -4 -6 -1 -2 -3 -6 -5 -4    2  19   1   2   0   4   1   0   0   0   0  66   0   0   3   2   0   0   0   1  1.29 0.58
   30 Q    2  3 -1  4 -4  0  1 -2 -3 -4 -4 -1 -3 -4 -1  0  0 -5 -3 -2   23  17   1  29   0   3   8   1   0   0   0   1   0   0   3   7   4   0   1   2  0.49 0.31
   31 T   -2  3  0 -3 -2 -2 -3 -2 -3 -3 -2 -2 -3 -3 -1  5  1  1 -3 -4    0  17   3   0   0   0   0   1   0   1   3   1   0   1   2  58   9   2   1   0  0.82 0.48
   32 G   -1 -1 -1 -2 -3 -1  1  1  0 -1  2 -1  0 -1  1  0  0 -3 -1 -1    3   2   2   0   0   1  10  14   2   1  31   4   1   1   7   9   5   0   2   3  0.13 0.16
   33 M   -1 -2 -3 -3  0 -2 -3 -3  0 -1  3 -2  4  2 -2 -1 -1 -1  5  0    4   1   1   1   3   1   0   1   2   1  28   3  13   7   1   3   4   0  23   4  0.43 0.29
   34 K    4  0 -1 -3 -3  0 -2 -1  1 -3 -4  3 -3 -4 -1  1  1 -4 -3 -2   46   3   2   0   0   3   0   2   3   0   0  18   0   0   2   7  10   0   0   2  0.55 0.36
   35 W   -1  1 -3 -2 -5  6  0 -2  2 -3 -3  1 -3 -4 -3 -2 -3  8 -2 -4    5   8   0   2   0  38   5   3   5   2   2   6   0   0   1   2   0  20   0   0  1.01 0.49
   36 I   -1 -2 -1  0 -4 -3 -2  6 -4  2 -4 -1 -2 -4 -4 -3 -3 -4 -1 -2    3   3   2   5   0   0   2  61   0  13   0   4   1   0   0   0   1   0   2   2  0.92 0.43
   37 D    1  1  0  1 -4  3  1 -2 -2 -2 -4  4 -3 -4 -3 -1 -1  1 -3 -3   12   7   5   8   0  16   9   1   0   3   0  30   0   0   0   2   3   3   0   1  0.44 0.29
   38 R   -4  8 -3 -4 -6  1 -3 -5  0 -5 -3  0 -4 -5 -2 -4 -4  2 -4 -5    0  78   0   0   0   5   0   0   2   0   2   2   0   0   2   0   0   3   0   0  1.68 0.67
   39 Q   -4  6 -2 -4  3  5 -2 -2  2 -5 -3  0 -3 -2 -1 -3 -3 -4  1 -5    0  47   1   0   6  25   0   3   5   0   2   2   0   2   3   0   0   0   4   0  1.01 0.50
   40 R   -2  1 -1  0 -2 -1 -3 -5  2 -4 -3  2 -1  3 -5 -3 -1 -1  7 -4    2   6   3   5   1   2   0   0   5   0   1  15   1   9   0   0   4   0  44   0  0.90 0.45
   41 E    0  4  0  4 -5  0  2 -2 -1 -4 -3  1 -3 -5 -3 -2 -3 -5 -4 -2   10  25   4  32   0   2  10   2   1   0   2   8   0   0   0   0   0   0   0   3  0.62 0.34
   42 R   -3  7 -2 -4 -6 -1 -1 -2 -1 -3 -3  3 -2 -5 -4 -2 -3  1 -4 -3    1  65   1   0   0   1   3   2   1   2   1  13   1   0   0   3   1   2   0   1  1.23 0.53
   43 N   -1  2  1 -1 -5  3  0 -2 -1 -3 -4  5 -3 -5 -3 -1 -1 -5 -4 -1    3   9   5   2   0  16   2   2   1   1   0  46   0   0   0   2   4   0   0   5  0.68 0.38
   44 S   -1  0  0 -1 -3  4 -1 -1 -2 -1 -1  2 -1 -2  1  2  1 -1 -3 -3    1   3   3   2   0  25   1   4   0   4   6  11   1   2   6  22   7   1   0   0  0.31 0.27
   45 G    0  0 -1 -2 -3 -1 -2  3 -1 -3 -3  2  0 -4 -3  3 -1 -4 -4 -2    7   5   2   0   0   2   1  27   1   1   2  17   4   0   0  29   1   0   0   2  0.46 0.30
   46 I   -2 -2 -3 -3 -4 -3 -3  5 -2  2 -3 -1 -3 -1 -4 -1 -1 -2  4  0    1   2   0   1   0   0   0  46   1  13   0   4   0   1   0   3   2   0  19   5  0.68 0.35
   47 G   -3 -2 -3 -2  1 -1 -4  5 -1 -3 -4 -4 -4  2 -5 -2 -4 -2  6 -3    0   2   0   2   3   2   0  47   1   1   1   0   0   7   0   2   0   0  31   1  1.07 0.49
   48 N   -2 -1  4 -2 -1 -2 -3  5  0 -5 -5 -1 -4 -4 -4 -1 -1 -1  2 -3    0   3  21   1   2   1   0  51   2   0   0   3   0   0   0   3   2   1  10   1  0.91 0.43
   49 D   -1  2 -2 -2 -4  3 -2  4  0 -4 -3  0  0 -1 -3  1 -1 -2 -3 -3    4  10   0   2   0  16   1  40   2   0   1   3   3   3   0  12   2   1   0   1  0.53 0.32
   50 G   -2 -1 -2 -3 -4  5 -1  4 -1 -5 -4  0 -3 -1  2 -1  2 -4 -4 -4    0   2   0   0   0  32   1  29   1   0   0   4   0   3   9   2  17   0   0   0  0.72 0.43
   51 K   -2  2 -2 -3 -4 -1 -2 -2 -3 -1 -2  4 -3  1  0 -1  4 -3  1 -2    2  13   0   0   0   1   0   2   0   3   3  30   0   7   5   1  28   0   5   1  0.47 0.33
   52 F   -2  1 -2 -2 -3 -1  0 -3 -2 -3 -1  4  0  4  2 -1 -1 -2  1 -3    1   6   1   1   0   2   4   1   0   1   4  34   2  22  11   3   2   0   3   1  0.47 0.28
   53 S   -1  1 -1 -3 -4  0 -2 -2  2 -2 -3 -1 -3 -4  6  2 -2  1 -3 -2    2   7   2   0   0   3   0   2   5   2   2   3   0   0  48  17   1   2   0   3  1.00 0.41
   54 K   -2  1 -3 -3 -4 -1  0 -4 -3  4 -2  4 -1 -1  1 -2 -2 -4 -3  1    2   6   0   0   0   2   5   0   0  35   0  28   1   2   8   2   1   0   0   8  0.46 0.32
   55 V   -3 -1 -2 -4 -4  1 -2 -4  0  0  1  0  0  5  0 -2 -3 -2  0  1    0   3   2   0   0   7   1   0   2   4  13   6   2  37   4   3   0   0   1  14  0.45 0.28
   56 P   -1  4 -3 -3 -1  1  0 -4  3 -4 -4  2 -3 -1  4 -2 -3  4 -1 -3    4  25   0   0   1   6   6   0   8   0   0  13   0   3  23   0   0   7   1   1  0.68 0.34
   57 G   -2  3 -1 -2 -4 -1 -1  3 -3 -4 -3  5 -3 -3 -3 -1 -2 -4 -4 -3    1  15   2   1   0   1   2  26   0   0   2  41   0   1   0   4   1   0   0   2  0.69 0.36
   58 G   -2  2  0 -3 -4 -1 -1  2 -1 -4 -4  5 -1  1 -1 -2 -1 -4 -2 -2    0  10   3   0   0   1   1  20   1   0   0  42   2   6   3   1   3   0   1   4  0.52 0.32
   59 D    4 -2 -1  2 -2 -2  1 -2 -3 -1 -3  1 -1 -4 -1  0 -1 -5 -3 -2   52   1   3  10   1   0   9   1   0   4   0   7   2   0   2   4   2   0   1   2  0.50 0.34
   60 K   -2  0  0 -3 -6  0 -1 -3 -4 -6 -5  7 -4 -6 -4 -3 -4 -6 -5 -4    2   2   3   0   0   2   2   2   0   0   0  86   0   0   0   0   0   0   0   1  1.71 0.69
   61 P   -2 -4 -2 -4 -4  0 -3 -3 -4 -2 -3 -2 -2 -4  5 -1  5 -5 -1  0    1   0   2   0   0   4   0   2   0   2   1   2   0   0  29   3  45   0   2   8  0.94 0.47
   62 T   -2 -3 -1 -4 -4 -3 -4 -4 -4 -2 -4 -3 -3 -5 -4  1  7 -5 -4  0    1   1   2   0   0   0   0   0   0   2   0   0   0   0   0   9  80   0   0   5  1.50 0.65
   63 K   -3  1 -2 -3 -6  0 -1 -4 -3 -5 -5  7 -4 -5 -4 -2 -2 -5 -1 -5    0   4   1   1   0   2   3   0   0   0   0  82   0   0   0   2   2   0   2   0  1.55 0.63
   64 K   -3  3 -1 -3 -6 -1 -2 -2 -1 -5 -5  7 -2 -5 -4 -3 -3 -5 -4 -3    0  13   2   0   0   0   0   2   1   0   0  77   1   0   0   0   1   0   0   2  1.47 0.61
   65 T   -2 -4 -4 -5 -3 -1 -4 -5 -5  5  1 -1  0 -2 -2 -3  1 -5 -3  3    0   0   0   0   0   3   0   0   0  47   8   3   2   0   2   1  10   0   0  25  0.75 0.38
   66 D   -1 -3  1  3 -3 -3 -2 -3  0  0 -1 -3  0 -3 -4 -1  0 -1 -3  4    5   0   8  21   0   0   0   1   2   1   4   0   2   1   0   3   7   1   0  45  0.48 0.34
   67 L   -4 -4 -6 -6 -2 -3 -5 -6 -5  1  6 -5  0 -1 -2 -5 -4 -4 -4  0    0   1   0   0   1   1   0   0   0   6  85   0   1   1   3   0   0   0   0   3  1.29 0.53
   68 K   -4  7 -2 -4 -1  0 -2 -4 -3 -2 -2  4 -2 -5 -4 -3 -3 -5 -4 -1    0  61   1   0   2   2   1   1   0   2   3  21   1   0   0   0   1   0   0   4  1.20 0.51
   69 Y   -4 -3 -5 -6 -4 -4 -5 -6 -2  0  5 -5  1  3 -4 -4 -4  0  5 -2    0   1   0   0   0   0   0   0   1   2  58   0   3  10   0   0   0   1  23   0  1.04 0.46
   70 R   -2  3 -2 -1 -5  1  5 -3 -2 -3 -4  2 -3 -5 -3 -1  1 -5 -4 -2    2  19   0   1   0   5  43   1   0   1   0  12   0   0   0   1  11   0   0   4  0.72 0.38
   71 C   -4 -7 -6 -7 11 -6 -4 -6 -6 -5 -5 -4 -5 -6 -6 -4 -4 -6 -6 -4    0   0   0   0  96   0   1   0   0   0   0   1   0   0   0   1   0   0   0   0  3.63 0.95
   72 G   -1 -1  0 -2 -3  0 -1 -1 -3  0 -1  0 -1 -3  0  1  3 -4 -3  3    2   3   4   0   0   5   3   3   0   4   2   7   0   0   4  13  22   0   0  27  0.23 0.21
   73 E   -2 -2 -1  1 -4  1  5 -2 -2 -1 -3  2 -3 -4 -3  0  0 -5 -4  0    1   0   2   7   0   3  46   2   0   3   1  15   0   0   0   5   5   0   0  10  0.58 0.33
   74 C   -4 -7 -6 -7 11 -6 -7 -6 -6 -5 -5 -6 -5 -6 -1 -4 -3 -6 -6 -4    0   0   0   0  94   0   0   0   0   0   0   0   0   0   3   1   1   0   0   0  3.47 0.90
   75 G   -2  4  1 -3 -5 -1 -2  4 -1 -5 -5  4 -4 -5 -4 -1 -3 -5 -4 -4    0  24   7   0   0   1   0  32   1   0   0  30   0   0   0   2   0   0   0   0  0.82 0.36
   76 K   -1  1 -1 -3 -1  0 -2 -3  1 -4 -4  4 -2 -2 -3  3  1 -2  3 -3    2   6   2   0   1   2   0   0   3   0   0  34   1   1   1  27   7   0  13   1  0.56 0.35
   77 A    2  1 -2 -3 -3  0 -1 -3 -3 -1 -3  5  1 -4 -3  0  0 -5 -3 -1   24   5   1   0   0   3   1   0   0   4   1  44   4   0   0   4   4   0   0   4  0.56 0.34
   78 H   -2  4 -2 -3 -2  0 -2 -3  6 -1 -1  1 -1 -2 -4 -1  0 -2  0 -2    1  31   0   0   1   3   1   1  26   5   4   9   1   1   0   3   6   0   3   2  0.64 0.34
   79 L   -3 -3 -1 -3 -3  4 -2 -5  2  1  1 -3  7 -2 -1 -3  0 -4 -2 -1    0   0   2   1   0  20   1   0   5   6  11   0  37   1   3   1   7   0   1   3  0.77 0.43
   80 R   -2  4 -3 -4 -3 -1 -3 -4  1 -1  3  3  0 -2 -1 -3 -1 -4 -2 -1    1  26   0   0   0   2   0   0   3   2  37  17   1   0   3   1   3   0   1   3  0.52 0.32
   81 E    3 -1  0 -2 -1 -1  1 -2 -2 -1 -2  0 -3 -4  4  0  0 -4 -2  0   31   3   4   0   1   1  10   1   1   2   2   5   0   0  19   7   5   0   1   7  0.37 0.24
   82 G   -2 -3 -3 -4  2 -2 -3  3 -2  4  1 -3  0 -2 -4 -2  0 -4 -3  0    0   1   0   0   5   1   2  26   1  32  17   1   1   1   0   3   7   0   0   3  0.44 0.28
   83 W   -3 -1 -3 -4 -5 -1 -2  0 -3  1 -2  6 -1  2 -2 -3 -3  5 -1 -2    0   1   0   0   0   1   1   7   0  10   3  53   1  11   1   0   0   8   1   2  0.81 0.43
   84 R   -5  8 -4 -5 -7 -2 -3 -4 -4 -7 -6  1 -5 -6 -6 -3 -5 -6 -5 -6    0  94   0   0   0   0   0   1   0   0   0   5   0   0   0   1   0   0   0   0  2.41 0.80
   85 A    2 -5 -5 -5  9 -4 -5 -4 -5 -1  0 -4  0 -4 -5 -1  1 -2  1  0   22   0   0   0  42   0   0   0   0   3   7   0   2   0   0   3   7   1   5   7  1.14 0.46
   86 G   -1  2 -2 -4 -6 -1 -1  1 -3 -6 -5  7 -4 -6 -4 -2 -3 -6 -5 -5    4   7   1   0   0   1   2  12   0   0   0  72   0   0   0   1   0   0   0   0  1.37 0.56
   87 R   -4  3 -2 -3 -6 -1 -3 -5  8 -5 -5  5 -2 -5 -3 -3 -2 -6 -3 -5    0  13   0   1   0   1   0   0  44   1   0  36   1   0   1   0   2   0   0   0  1.52 0.58
   88 L   -3 -5 -6 -6 -2 -6 -6 -6 -4 -1  1 -6  0  8 -4 -4 -4 -2  0  1    2   0   0   0   1   0   0   0   0   2  15   0   2  66   1   1   0   0   1  10  1.52 0.54
   89 E   -4 -3 -3  0 -7  0  7 -5 -3 -4 -6 -2 -5 -6 -4 -3 -3 -6 -5 -2    0   0   0   3   0   2  89   0   0   1   0   1   0   0   0   0   1   0   0   3  1.93 0.70
   90 F   -4 -5 -6 -6 -4 -5 -5 -6 -5  3  5 -5  1  3 -5 -5 -4  0 -2 -1    0   0   0   0   0   0   0   0   0  16  67   0   2  13   0   0   0   1   0   1  1.14 0.44
   91 Q   -1 -1 -2 -3 -3  2  0  1 -3  1 -1 -1 -1 -3 -3 -1  1 -4 -3  4    2   2   0   0   0  13   7  12   0   5   1   3   1   0   0   1  12   0   0  41  0.29 0.19
   92 E   -3 -2 -2  3 -6  1  7 -4 -2 -5 -5 -1 -4 -5 -3 -2 -3 -5 -4 -4    0   0   0  12   0   1  86   0   0   0   0   0   0   0   0   0   0   0   0   0  1.43 0.34

                      K         Lambda
Standard Ungapped    0.1363     0.3179
Standard Gapped      0.0509     0.2670
PSI Ungapped         0.1657     0.3150
PSI Gapped           0.0509     0.2670
