
Last position-specific scoring matrix computed, weighted observed percentages rounded down, information per position, and relative weight of gapless real matches to pseudocounts
           A  R  N  D  C  Q  E  G  H  I  L  K  M  F  P  S  T  W  Y  V   A   R   N   D   C   Q   E   G   H   I   L   K   M   F   P   S   T   W   Y   V
    1 A    3 -2 -2 -2 -1 -1 -1 -1 -2  1  0 -1  0 -2 -1  0  0 -3 -2  2   61   0   0   0   0   0   0   0   0   0   0   0   0   0   0   0   0   0   0  39  0.24 0.01
    2 T    0 -2 -1 -2 -1 -1 -2 -2 -2  1  0 -1  2 -2 -2  0  4 -3 -2  2    0   0   0   0   0   0   0   0   0   0   0   0  13   0   0   0  52   0   0  35  0.29 0.04
    3 W   -2 -3 -3 -4 -2 -2 -3 -3 -1 -1 -1 -3 -1  1 -4 -3 -2  9  5  0    0   0   0   0   0   0   0   0   0   0   0   0   0   0   0   0   0  49  35  16  1.27 0.07
    4 T    0 -1 -1 -2 -1 -1 -1 -2 -2  1 -1  1  0 -2 -2  1  4 -3 -2  1    0   0   0   0   0   0   0   0   0  10   0  13   0   0   0   0  65   0   0  12  0.31 0.04
    5 C   -1 -4 -3 -4 10 -3 -4 -3 -4 -2 -2 -4 -2 -3 -3 -1 -1 -3 -3 -1    0   0   0   0 100   0   0   0   0   0   0   0   0   0   0   0   0   0   0   0  1.60 0.09
    6 I   -1  1 -1 -2 -3  0  0 -2 -1  0  1  4  1 -2 -2 -1 -1 -3 -2 -1    0   0   0   0   0   0   0   0   0   7  21  63   8   0   0   0   0   0   0   0  0.26 0.04
    7 N    1  1  4  0 -2  0  0 -1  0 -2 -2  0 -2 -2 -1  0  0 -3 -2 -2   24  13  50   1   0   1   1   1   0   1   1   1   0   1   1   1   1   0   1   1  0.32 0.03
    8 Q    0  0  0  1 -2  2  2  3 -1 -3 -3  0 -2 -3 -1  0 -1 -2 -2 -2    1   1   1  11   0  21  15  36   0   1   1   6   0   1   1   1   1   0   1   1  0.34 0.02
    9 Q    1  0  0 -1 -2  4  1 -1  0 -2 -2  0 -1 -2 -1  1  0 -2 -1 -1   19   1   1   1   0  51   1   2   1   1   2   1   1   1   1  11   1   0   1   2  0.32 0.04
   10 L   -1  0  2  0  5  0  0 -1 -1 -1 -1  2 -1 -2 -1  1  0 -2 -2 -1    2   1  18   1  21   1   5   2   1   1   8  21   1   1   1  11   1   0   1   2  0.18 0.02
   11 N   -2 -1  6  1 -3  0 -1 -1  4 -3 -3 -1 -2 -3 -2  0 -1 -3 -1 -3    1   0  75   0   0   0   1   1  17   0   1   0   0   0   0   1   1   0   0   1  0.75 0.09
   12 P   -1 -2  3  2 -3 -1 -1 -2 -2 -2 -3 -1 -3 -4  6  0 -1 -4 -3 -2    0   0  22  14   0   0   0   0   0   5   0   0   0   0  51   8   0   0   0   0  0.98 0.08
   13 K   -1  1  1 -1 -3  0  0  2 -1 -1 -2  4 -2 -3 -2 -1 -1 -3 -2  0    0   0  10   0   0   0   0  22   0   0   0  53   0   0   0   0   0   0   0  16  0.31 0.07
   14 T    2 -2 -1 -2 -1 -1  0 -1 -2 -1  0 -1 -1 -2 -2  1  3 -3 -2  0   33   0   0   0   0   0   7   0   0   0  16   0   0   0   0   0  44   0   0   0  0.28 0.07
   15 N   -2 -2  4  1 -2 -1 -1 -1 -1  0  3 -2  0 -1 -3 -1 -1 -3 -2 -1    0   0  39   9   0   0   0   3   0   0  48   0   0   0   0   0   0   0   0   0  0.32 0.08
   16 K   -1  1  1 -1 -2  0  0  0 -1 -1 -2  2 -1 -1 -2  1  0 -2  2 -1    0   5  10   0   0   0   0   7   0   8   1  30   0   0   0  18   7   0  13   0  0.15 0.04
   17 W    1 -1 -1 -2 -2 -1 -1  3 -1 -2 -1  0 -1 -1  0  0 -1  4  2 -2   15   0   0   0   0   0   1  35   0   0   7   7   0   0   3   7   1   7  15   1  0.28 0.04
   18 E   -1  0  1  1 -2  1  3 -1 -1 -3 -3  1 -2 -3  1  2  1 -3 -2 -2    1   0  10   5   0   0  32   1   0   0   1  14   0   0   6  20   8   0   0   1  0.33 0.05
   19 D    1 -1  0  2  0  0  1 -1 -1  0 -1 -1 -1 -2 -1  0  2 -2 -2  0   17   1   3  20   3   5   7   1   0   7   2   1   0   1   1   1  24   0   1   3  0.15 0.03
   20 K   -1  1  0 -1 -3  3  1 -1 -1 -2 -2  4 -1 -3 -1  0 -1 -2 -2 -2    2   1   1   1   0  19   7   4   0   1   2  55   0   1   1   1   1   0   1   1  0.42 0.07
   21 R    0  4  0 -1 -2  0  0 -1 -1 -2 -2  2 -1 -2  2  1  0 -2 -1 -2    8  35   1   1   1   1   2   4   1   1   2  12   1   1  11  15   2   0   1   2  0.28 0.04
   22 L   -1 -2 -2 -3 -1 -2 -2 -3 -2  2  3 -2  1  3 -2 -2 -1 -1  2  1    1   1   1   1   0   1   1   1   0  12  40   1   0  17   1   1   1   0   7  10  0.23 0.04
   23 L    0  0 -1 -1 -1  1 -1 -2 -1  0  1  1  0 -1 -1  1  2 -2 -1  1    1   3   1   1   0   9   1   1   0   5  18  11   0   1   1  17  17   0   0  13  0.09 0.03
   24 Y   -1 -3 -3 -3 -2 -3 -3 -4 -1  3  0 -3  0  0 -3 -2 -1 -1  4  3    0   0   0   0   0   0   0   0   0  36   0   0   0   0   0   0   0   0  26  34  0.45 0.11
   25 S   -1 -1  3  3 -3  0  1  1 -1 -3 -3  0 -3 -3  2  1 -1 -4 -3 -3    0   0  24  21   0   0  10  11   0   0   0   2   0   0  11  17   0   0   0   0  0.42 0.08
   26 Q   -1 -1  0 -1 -2  4  1 -2 -1  0  0  0  0 -2 -2 -1  1 -3 -2  2    1   0   4   0   0  37   7   1   0   0   5   1   0   0   0   1   8   0   0  33  0.27 0.10
   27 A    1 -2  2  4 -2 -1  0 -1 -1 -2 -3 -1 -2 -2 -2  1 -1 -3  1 -1   18   0  16  39   0   0   1   1   0   0   1   1   0   0   0  10   1   0   7   4  0.36 0.08
   28 K    0  1  3  2 -3  1  0 -1  1 -3 -3  2 -2 -3 -2  0  1 -4 -2 -2    7   4  27  11   0   9   0   0   4   0   0  23   0   0   0   5  10   0   0   0  0.34 0.08
   29 A    5  1 -2 -3 -1 -1 -2 -1 -2  0 -2 -1 -1 -3 -2  0 -1 -3 -2  0   78  10   0   0   0   0   0   0   0   5   0   0   0   0   0   0   0   0   0   7  0.51 0.15
   30 E    0  0  1 -1 -3  2  2 -2 -1  1  0  2  2 -2 -2 -1 -1 -3 -2  0    5   0   7   0   0  16  18   0   0  12   7  19   9   0   0   0   0   0   0   7  0.17 0.07
   31 S    1  1 -1 -2 -2 -1  0  1 -1 -3 -2 -1 -2 -1 -2  2  0  6  1 -2   11  11   0   0   0   0   5  12   0   0   4   0   0   0   0  28   5  17   7   0  0.36 0.09
   32 N   -1 -1  2  0 -3  3  1  1  1 -2 -1  0 -1 -1 -2 -1 -1 -2  0 -1    0   0  18   4   0  31  10  10   5   0   7   0   0   4   0   0   0   0   4   7  0.24 0.08
   33 S    2 -2 -2 -2 -1 -2 -2 -2  1  1  1 -2  0  2 -2  1 -1 -2  0  1   29   0   0   0   0   0   0   0   7   7  19   0   0  12   0  16   0   0   0   9  0.14 0.07
   34 H    0  3 -1 -2 -3  1 -1  1  5 -1 -2  1 -2 -2 -2 -1 -1 -2  1 -2   11  22   0   0   0   5   0  13  25   6   0   9   0   0   0   0   0   0   7   0  0.30 0.08
   35 H   -1  0  2  0 -3  2  1 -2  6 -3 -3  2 -2 -3 -2  0 -1 -3  0 -3    5   0  11   4   0  12   9   0  38   0   0  15   0   0   0   5   0   0   0   0  0.50 0.11
   36 A    5 -2 -2 -3 -1 -2 -2 -1 -2  0 -2 -2 -2  1  1  1 -1 -3 -2 -1   77   0   0   0   0   0   0   0   0   5   0   0   0   7   7   4   0   0   0   0  0.52 0.15
   37 P   -1  0 -2 -2 -3 -1 -2  2 -2 -4 -4  1 -3 -4  6  0 -2 -4 -3 -3    0   4   0   0   0   0   0  19   0   0   0  13   0   0  58   7   0   0   0   0  1.16 0.15
   38 L   -1 -1 -2 -3 -2 -2 -2 -3 -3  2  2 -2  0  2  1 -1  2 -2 -1  0    0   5   0   0   0   0   0   0   0  16  29   0   0  14   7   0  28   0   0   0  0.24 0.08
   39 S    0 -1  0  1 -2  0  1  0  1 -2 -3  1 -2 -3 -2  2  2 -3 -2 -1    0   0   0   8   0   0  11   7   6   0   0  11   0   0   0  30  21   0   0   5  0.25 0.08
   40 D    0 -1  2  3 -3  0  0 -2  1 -3 -3  2 -2 -3 -2  0  3 -4 -2 -2    9   0  12  27   0   0   0   0   5   0   0  18   0   0   0   0  28   0   0   0  0.36 0.10
   41 G   -1  0 -1  0 -3 -2 -2  5 -2 -4 -3 -2 -3 -2 -2 -1  0 -2  1 -3    0   5   0   7   0   0   0  71   0   0   0   0   0   0   0   0   7   0   7   0  0.77 0.12
   42 K   -1  2  0  1 -3  0  1 -2  1 -3 -3  4 -2 -3  1  1 -1 -3 -2 -2    1  10   1   8   0   1   7   1   5   1   1  44   0   0   7  11   1   0   0   1  0.35 0.07
   43 T    0 -1  1  1 -2 -1 -1 -1  1 -2 -3 -1 -2 -3 -2  4  3 -3 -2 -2    0   0   7   7   0   0   0   0   5   0   0   0   0   0   0  50  29   0   0   0  0.46 0.12
   44 G   -1 -2 -1 -2 -3 -2  0  6 -2 -4 -4  1 -3 -4  1 -1 -2 -3 -4 -4    0   0   0   0   0   0   7  74   0   0   0  12   0   0   7   0   0   0   0   0  0.93 0.14
   45 S    0  2  0  1 -1  0  0 -1 -1 -2 -2  0 -1 -2 -1  3  0 -2 -1 -1    3  14   2  11   1   1   2   3   1   2   3   2   1   1   2  46   2   0   1   2  0.23 0.05
   46 S    0  1  0  1 -1  0  0  2 -1 -2 -2  0 -1 -2 -1  2  0 -1 -1 -1    3   9   2   8   1   2   3  24   1   2   4   3   1   2   2  26   3   1   1   3  0.16 0.03
   47 Y   -2 -2 -3 -3 -3 -2 -3 -3  1 -2 -2 -3 -2  2 -3 -2 -2  1  8 -2    1   0   0   0   0   0   1   1   0   0   1   1   0   0   0   1   1   0  91   1  1.45 0.22
   48 P   -2 -3 -3 -3 -4 -2 -2 -3 -3 -4 -4 -2 -4 -5  8 -2 -2 -5 -4 -4    0   0   0   0   0   0   0   0   0   0   0   0   0   0 100   0   0   0   0   0  2.51 0.26
   49 H   -3 -1 -1 -2 -4  0 -1 -3  9 -4 -4  2 -3 -2 -3 -2 -3 -3  2 -4    0   0   0   0   0   0   0   0  77   0   0  17   0   0   0   0   0   0   7   0  1.33 0.23
   50 W   -2  1 -1  2 -3  2  1 -1 -2 -3 -2 -1 -2  0  3 -1 -2  6 -1 -3    0   9   0  16   0  17   7   5   0   0   4   0   0   7  17   0   0  18   0   0  0.49 0.10
   51 F   -3 -4 -4 -5 -3 -4 -4 -4 -2 -1 -1 -4 -1  7 -5 -3 -3  0  4 -2    0   0   0   0   0   0   0   0   0   0   0   0   0  85   0   0   0   0  15   0  1.34 0.21
   52 T   -1 -1  1 -1 -2  1 -1  1  1 -2 -1  1  1  1 -2  0  2 -2  1 -2    0   0  11   0   0  12   0  14   5   0   4  10   6   7   0   7  18   0   5   0  0.12 0.05
   53 N   -2 -1  7  2 -3 -1 -1 -1  0 -4 -4 -1 -3 -4 -3  0 -1 -4 -3 -4    0   0  81  11   0   0   0   0   0   0   0   0   0   0   0   5   0   0   0   0  1.05 0.19
   54 G    0 -1  1 -1 -2 -1 -1  3 -1 -2 -1  1 -1  1 -1  0 -1 -1 -1 -2    3   2   7   2   1   2   2  37   1   2   3  15   1  12   2   3   2   1   1   2  0.21 0.03
   55 Y   -1 -1 -1  1 -2  0  1  0  2 -2 -1 -1 -1  1 -1 -1 -1  0  5 -1    3   2   2   9   1   5  12   9   5   2   3   2   1   1   2   2   2   0  35   2  0.25 0.05
   56 D   -1 -1  2  5 -2  0  2 -1 -1 -2 -2  0 -2 -2 -1  0 -1 -2 -2 -2    2   2  10  46   1   1  19   2   1   2   3   2   1   1   2   2   2   0   1   2  0.47 0.06
   57 G    0 -1  2  0 -1 -1 -1  4 -1 -2 -1 -1 -1 -1 -1  0 -1 -1 -1 -1    4   3  13   3   1   2   3  41   1   3   5   3   1   2   3   4   3   1   2   3  0.26 0.02
   58 N   -1  0  1  1 -1  1  1 -1 -1  0  1  0  0 -1  0  0  0 -1 -1  0    4   3   7  12   1   6   8   4   1   3  25   7   1   2   3   4   3   1   2   3  0.04 0.01
   59 G    0 -1  0  0 -1  0 -1  4 -1 -1 -1  0 -1 -1  0  0  0 -1 -1 -1    5   3   3   3   1   3   4  41   1   3   6   4   1   2   3   5   4   1   2   4  0.23 0.02
   60 K    0  1  2  0 -1  0  0  0  0 -1 -1  2 -1 -1  0  0  0 -1 -1 -1    5  10  16   3   1   3   4   5   1   3   6  20   1   2   3   5   4   1   2   4  0.09 0.01
   61 L    0 -1 -1 -1 -1 -1 -1 -1 -1  1  1 -1  1  0 -1 -1  0 -1 -1  2    4   3   3   3   1   2   4   4   1   9  22   3   1   2   3   4   3   1   2  24  0.04 0.01
   62 I    0 -1 -1 -1 -1  1  0 -1 -1  0  1  0  2 -1  2  0  0 -1 -1  0    4   3   3   3   1   8   4   4   1   8  13   3  15   2  14   4   3   1   2   4  0.09 0.01
   63 K    0  1  1  0 -1  1  0 -1  0 -1 -1  3 -1 -1  0  0  0 -1 -1 -1    4   3   7   3   1   2   4   4   1   3   5  41   1   2   3   4   3   1   2   4  0.15 0.02
   64 G    0 -1  1  0 -1 -1 -1  2 -1 -1  0 -1 -1  2 -1  0  0  0  0 -1    4   3   9   3   1   2   4  22   1   3   8   3   1  17   3   4   3   1   2   4  0.07 0.01
   65 R    0  2  1  0 -1  0  0 -1  0 -1 -1  1 -1 -1  2  0  0 -1 -1 -1    9  24   9   3   1   3   4   5   1   3   6   4   1   2  10   4   4   1   2   4  0.12 0.01
   66 T    0  0  0  1 -1  0  0 -1 -1 -1  0  0  0  0  2  0  1 -1  0  0    5   3   3   8   1   3   4   5   1   3   6   6   6   5  10   5  18   1   2   4  0.07 0.01
   67 P    0  0 -1  0 -1  0  0 -1 -1 -1 -1  0 -1 -1  5  0  0 -1 -1 -1    5   3   3   3   1   3   4   5   1   3   6   8   1   3  34   5   4   1   2   4  0.40 0.02
   68 I   -1 -2 -2 -2 -1 -1 -2 -2 -2  4  1 -2  1  0 -1 -1 -1 -1 -1  1    3   2   2   2   1   2   2   3   1  54  14   2   1   1   2   3   2   0   1   2  0.21 0.06
   69 K   -1  1  0 -1 -2  0  0 -1 -1 -2 -2  4 -1 -2 -1  0  1 -2 -1 -2    2   2   1   2   1   1   2   2   1   2   3  59   1   1   2   7   8   0   1   2  0.35 0.08
   70 F   -1 -2 -2 -2 -2 -2 -2 -2 -1 -1  1 -2  0  5 -2 -2 -1  7  1 -1    7   1   1   2   1   1   2   2   1   1  12   2   1  41   1   2   2  18   1   2  0.52 0.08
   71 G    0 -1 -1  1 -2  0 -1  4 -1 -2 -2  0 -2 -2  2 -1 -1  3 -2 -2    2   1   1   8   1   5   2  45   1   1   3   7   1   1  10   2   2   6   1   2  0.39 0.05
   72 K    1  0  1  1 -1  0  0 -1 -1 -1 -2  2 -1 -2 -1  1  0 -2 -1  0   23   1   9   8   1   1   2   2   1   1   3  28   1   1   1   7   2   0   1   7  0.14 0.04
   73 A    1  0  1  0 -1  0  1  0  2 -2 -2  0 -1  0 -1  1  1 -2 -1 -1   12   2   6   2   1   1   8   7  10   2   3   7   1   5   2  20   8   0   1   2  0.11 0.02
   74 D    0  0  2  3  1  0  0  1  1 -2 -2  0 -2 -2  0  0 -1 -2 -1 -2    9   8  11  22   6   1   4  12   6   2   3   2   1   1   5   2   2   0   1   2  0.16 0.03
   75 C   -1  0 -2 -2  8 -2 -2 -2 -2 -1 -1 -2 -1  0 -2 -1 -1 -1  1  0    2   7   1   2  50   1   2   2   1   2   3   2   1   5   2   2   2   0   6   7  0.63 0.09
   76 D   -1 -1  3  4 -2  0  0 -1 -1 -2 -2 -1 -2 -2  2  0 -1 -2 -2 -2    2   2  25  38   1   1   2   2   1   2   3   2   1   1  10   2   2   0   1   2  0.44 0.07
   77 R   -1  3  1  1 -2  0  0 -1  0 -2 -1  2 -1 -2 -1  0  0 -1 -1 -1    3  26   7   8   1   2   3   3   1   2   4  18   1   2   2   9   3   1   1   3  0.18 0.03
   78 P   -1  1 -1 -1 -2  0 -1 -1 -1 -2 -2  1 -1 -2  6 -1 -1 -2 -2 -2    3   7   2   2   1   2   2   3   1   2   3  13   1   1  48   3   2   1   1   2  0.75 0.06
   79 P   -1 -1 -1 -1  2 -1 -1 -1 -1  0  0  0  2  0  4  0  0 -1 -1  0    3   2   2   2   6   2   3   3   1   2   7   9  11   6  21   3   8   1   1   7  0.18 0.03
   80 K    0  2  0  0 -2  1  1  0 -1 -2 -1  2 -1 -2 -1  1  0 -1 -1 -1    3  16   2   2   1   5   7   8   1   2   4  24   1   2   2  13   2   1   1   3  0.16 0.03
   81 H   -1  1  2  0 -2  0  0 -1  5 -2 -1  0 -1 -1  1  0  0 -1  0 -1    4  10  12   2   1   2   3   3  26   2   4   3   1   2   9   8   3   1   1   3  0.21 0.03
   82 S    1  1  0 -1 -1  0  0  0 -1 -1 -1  0 -1  0  0  2  0 -1 -1  0   18   9   2   2   1   2   3   7   1   2   4   3   1   5   2  22   3   1   1   9  0.07 0.02
   83 Q   -1  1  0  0  3  1  1 -1 -1 -2 -1  3 -1 -2 -1  0 -1 -1 -1 -1    3   5   2   2  11   8  13   3   1   2   4  32   1   2   2   3   2   1   1   3  0.19 0.04
   84 N    0 -1  1  2 -1  1  0  0 -1 -1 -1  0 -1  1 -1  1  0 -1  0 -1    4   2   6  20   1   7   3   9   1   2   4   3   1  10   2  17   3   1   1   3  0.11 0.02
   85 G    1 -1  0 -1 -1 -1 -1  4 -1 -1 -1 -1 -1 -1  1  0 -1 -1 -1 -1   12   3   2   3   1   2   3  42   1   3   5   3   1   2   6   4   3   1   2   3  0.27 0.03
   86 M    0  0  2  0  2  1  1  0 -1 -1 -1  1  0 -2 -1  1  0 -2 -1 -1    8   2  15   5   7   5   9   8   1   2   3  11   5   1   2  11   2   0   1   2  0.10 0.02
   87 G    0 -2 -1 -1  2 -1 -1  5 -2 -2 -2 -1 -2 -2 -1  0 -1 -2 -2 -2    3   2   1   2   6   1   2  59   1   2   3   2   1   1   2   7   2   0   1   2  0.53 0.07
   88 K    0  0  0 -1  5  0 -1  0 -1  0 -1  2  1 -2 -1  0 -1 -2 -2 -1    4   1   6   2  19   1   2   8   1   7   3  25   6   1   2   8   2   0   1   2  0.15 0.04
   89 D   -1  1  2  2 -2  0  1  0 -1 -2 -2  2 -2 -2 -1  1  0 -2 -2 -2    2   4  18  14   0   1   8   6   1   1   2  19   1   1   1  13   5   0   1   2  0.22 0.04
   90 D    0  0  2  3 -2  1  0 -1 -1 -2 -2  1 -1 -2  1  1  0 -2 -2 -2    7   2  11  28   1   8   2   2   1   2   3  12   1   1   6  10   2   0   1   2  0.24 0.04
   91 H    0  0  1  1 -2  0  0 -1  4 -2 -2  1 -1 -2  1  0 -1 -2  0 -2    7   2   7  10   1   1   5   3  23   2   3  14   1   1   8   8   2   0   1   2  0.20 0.04
   92 Y    0  0  0 -1 -1  0 -1 -1  0  0 -1  0  1  0  1 -1 -1  0  3  0    6   5   7   2   1   2   3   3   1   2   4   6   6   2   8   3   2   1  23  13  0.10 0.03
   93 L   -2 -3 -4 -4 -2 -3 -3 -4 -3  2  4 -3  4  0 -3 -3 -2 -2 -2  2    0   0   0   0   0   0   0   0   0   6  64   0  15   0   0   0   0   0   0  14  0.58 0.13
   94 L   -2  2 -3 -4 -3  0 -2 -4 -2 -1  3 -1  0  1 -3 -3 -2  7  2 -1    0  17   0   0   0   5   0   0   0   0  43   0   0   5   0   0   0  18  11   0  0.53 0.12
   95 E   -2 -1 -1  1 -5  1  6 -3 -1 -4 -4  0 -3 -4 -2 -1 -2 -4 -3 -4    0   0   0   0   0   0 100   0   0   0   0   0   0   0   0   0   0   0   0   0  1.30 0.22
   96 F   -2 -3 -4 -4 -3 -3 -3 -4 -1  1  2 -3  0  5 -4 -3 -2  0  5 -1    0   0   0   0   0   0   0   0   0   6  30   0   0  34   0   0   0   0  31   0  0.67 0.12
   97 P   -2 -3 -3 -3 -4 -2 -2 -3 -3 -4 -4 -2 -4 -5  8 -2 -2 -5 -4 -4    0   0   0   0   0   0   0   0   0   0   0   0   0   0 100   0   0   0   0   0  2.52 0.25
   98 T   -1 -3 -3 -3 -2 -3 -3 -4 -4  3  1 -3  0 -1 -3 -2  2 -3 -2  4    0   0   0   0   0   0   0   0   0  31   6   0   0   0   0   0  16   0   0  48  0.46 0.11
   99 F   -2 -3 -3 -4 -3 -3 -3 -4 -1  0  2 -3  0  5 -4 -1 -2  0  4 -1    0   0   0   0   0   0   0   0   0   0  27   0   0  46   0   6   0   0  21   0  0.67 0.12
  100 P    1 -2  0 -2 -3  2 -1 -2 -2 -2 -1  0  0 -2  4 -1 -1  6 -1 -2   21   0   8   0   0  15   0   0   0   0   7   3   3   0  27   0   0  15   0   0  0.55 0.10
  101 D   -1  1  0  4 -3  2  1  1 -1 -2 -3  1 -2 -3 -2  0 -1 -3 -3 -1    0   8   0  32   0  18   6  10   0   0   0   8   0   0   0   7   0   0   0  10  0.34 0.08
  102 G   -1 -2 -1  0 -3  2 -1  5  2 -4 -4 -1 -3 -4 -3  0 -2 -3 -3 -4    0   0   0   6   0  15   0  64   9   0   0   0   0   0   0   6   0   0   0   0  0.77 0.13
  103 H   -1  0  0 -1 -3  1  1 -2  7 -4 -3  2 -2 -2 -2  1 -1 -3  2 -3    3   0   0   0   0   5   7   0  44   0   0  22   0   0   0  14   0   0   6   0  0.60 0.13
  104 D    1  1  0  2 -3  0  1 -2 -1 -2 -1  2 -1 -3  3 -1 -1 -3 -2 -2   14   8   5  13   0   1  13   0   0   0  10  23   0   0  14   0   0   0   0   0  0.27 0.06
  105 Y   -1 -3 -3 -4 -3 -3 -3 -4  0 -2 -2 -3 -2  2 -4 -3 -3  7  7 -1    5   0   0   0   0   0   0   0   0   0   0   0   0   0   0   0   0  15  74   6  1.33 0.20
  106 K   -1  0  4  2 -3  1  1 -2  2 -3 -2  2 -2 -3  1  0 -1 -4 -2 -3    5   0  34  12   0   5  10   0   6   0   4  19   0   0   6   0   0   0   0   0  0.38 0.08
  107 F   -2 -2 -3 -4 -3 -2 -3 -4  0  0  0  0 -1  4  0 -2 -2  4  6 -2    0   0   0   0   0   0   0   0   0   5   5  11   0  24   5   0   0   5  45   0  0.69 0.13
  108 D   -2 -1  3  5 -4  0  2  0 -1 -4 -4  1 -3 -4 -2 -1 -1 -4 -3 -3    0   0  16  53   0   0  11   6   0   0   0  11   0   0   0   0   0   0   0   0  0.67 0.11
  109 S    1 -1  1 -1 -2  2  1 -1 -1 -1 -2  0 -1 -3 -1  3  1 -3 -2  0   14   0   6   0   0  16   5   0   0   0   0   5   0   0   0  35   5   0   0  11  0.24 0.07
  110 K   -1  3  1 -1 -3  0  0 -2 -1 -2 -1  4 -1 -3  1 -1 -1 -3 -2 -2    1  22   6   1   0   0   1   1   0   1   8  52   0   0   5   1   1   0   0   1  0.45 0.10
  111 K    1  1 -1 -1 -2  0  0 -1 -1 -2 -2  4 -1 -2 -1  0  1 -2 -2  0   12   1   1   1   0   1   1   1   0   1   2  55   0   1   1   1  11   0   1   7  0.31 0.08
  112 P   -1 -1  0  1 -3  0 -1  1  1 -3 -3  0 -2 -3  5  1  0 -3 -2 -2    1   1   5   8   0   5   1  10   5   1   1   6   0   0  38  12   4   0   0   1  0.61 0.07
  113 K   -1  2 -1 -1 -3  0  1  3 -1 -3 -3  4 -2 -3 -2 -1 -1 -3 -3 -3    0   7   0   0   0   0  11  27   0   0   1  47   0   0   0   0   4   0   0   0  0.45 0.10
  114 E    0 -1  2  1 -3  3  3 -2 -1 -3 -2  0  1 -3  1  1 -1 -3 -2 -2    5   0  12   3   0  23  28   0   0   0   1   0   8   0   7  10   0   0   0   0  0.35 0.08
  115 D   -1 -1  3  4 -3  0  2  0 -1 -4 -4  0 -3 -4  2  1 -1 -4 -3 -3    0   0  16  35   0   0  18   5   0   0   0   5   0   0   8  13   0   0   0   0  0.51 0.09
  116 P   -2 -3 -3 -2 -4 -2 -2 -3 -3 -4 -4  0 -3 -5  8  1 -2 -5 -4 -3    0   0   0   0   0   0   0   0   0   0   0   5   0   0  85  10   0   0   0   0  1.95 0.20
  117 G   -1 -3 -1 -2 -3 -2 -3  6 -3 -4 -4 -2 -3 -4 -3 -1  2 -3 -4 -3    0   0   0   0   0   0   0  80   0   0   0   0   0   0   0   0  20   0   0   0  1.07 0.16
  118 P    0 -3 -3 -2 -3 -2  0 -3 -3 -3 -2 -2 -3 -4  7 -1 -2 -4 -4 -3   10   0   0   0   0   0   6   0   0   0   6   0   0   0  79   0   0   0   0   0  1.70 0.18
  119 A    2 -3 -3 -3  4 -2 -3 -2 -3  2  1 -2  2  2 -3 -1 -1 -2 -1  1   26   0   0   0  13   0   0   0   0  19  11   0  11  15   0   0   0   0   0   5  0.25 0.08
  120 R   -3  7 -1 -3 -5  0 -1 -3 -1 -4 -3  1 -2 -4 -3 -2 -2 -4 -3 -4    0 100   0   0   0   0   0   0   0   0   0   0   0   0   0   0   0   0   0   0  1.42 0.22
  121 V    0 -3 -4 -4 -2 -3 -3 -4 -4  2  1 -3  0 -2 -3 -2 -1 -4 -2  5    5   0   0   0   0   0   0   0   0   7   7   0   0   0   0   0   0   0   0  81  0.64 0.15
  122 I   -2 -3 -4 -4 -2 -3 -3 -4 -2  4  0 -3  0  1 -3 -3 -1 -2  3  3    0   0   0   0   0   0   0   0   0  47   0   0   0   5   0   0   0   0  15  33  0.51 0.12
  123 Y    1 -3 -3 -4 -3 -2 -3 -3  0 -2 -2 -3 -2  3 -3 -2  0  1  7 -2   15   0   0   0   0   0   0   0   0   0   0   0   0   6   0   0   7   0  72   0  1.01 0.18
  124 T    2  0  1 -2 -2 -1 -1 -2 -2 -2 -2 -1 -2 -3 -2  2  4 -3 -2 -1   22   7   5   0   0   0   0   0   0   0   0   0   0   0   0  14  51   0   0   0  0.45 0.12
  125 Y    1  0  2 -1 -3  0 -1 -2 -1 -1 -2  4 -2 -1 -2  0 -1 -1  4 -2   14   0  15   0   0   0   0   0   0   5   0  41   0   0   0   4   0   0  22   0  0.33 0.11
  126 P   -1 -1  0  3 -3  0  1  0 -2 -2 -2  0 -2 -3  4  0 -1 -3 -3 -1    4   0   0  30   0   0  12   6   0   0   5   7   0   0  22   5   0   0   0   6  0.42 0.07
  127 N   -1 -2  4  3 -3 -1 -1  0 -1 -2  0 -1 -1 -3 -2  1  1 -4 -3 -2    0   0  40  17   0   0   0   7   0   0  15   0   0   0   0   8  13   0   0   0  0.38 0.10
  128 K   -1  2  1  1 -3  0 -1  2  1 -1 -1  3 -2 -3 -2 -1 -1 -3 -2 -2    0  15   6   7   0   0   0  21   5   6   5  35   0   0   0   0   0   0   0   0  0.27 0.07
  129 V    0  0 -1  0 -2  1 -1 -2  2  1  0 -1  0 -1 -2  0  0 -2  1  1    6   5   1   8   0  11   1   1   8   6  10   1   2   1   1   6   7   0   6  20  0.05 0.03
  130 F   -3 -3 -4 -4 -3 -3 -4 -4 -1 -1  2 -3  0  6 -4 -3 -3  0  5 -1    0   0   0   0   0   0   0   0   0   0  23   0   0  47   0   0   0   0  30   0  0.84 0.14
  131 C   -2 -5 -4 -5 10 -4 -5 -4 -4 -3 -3 -4 -3 -4 -4 -2 -2 -4 -4 -2    0   0   0   0 100   0   0   0   0   0   0   0   0   0   0   0   0   0   0   0  2.42 0.28
  132 G    1 -3 -1 -2 -3 -3 -3  6 -3 -4 -4 -2 -3 -4 -3 -1 -2 -3 -4 -2   13   0   0   0   0   0   0  84   0   0   0   0   0   0   0   0   0   0   0   3  1.14 0.16
  133 I   -2 -4 -4 -4 -2 -3 -4 -4 -4  5  1 -3  0 -1 -3 -3 -1 -4 -2  4    0   0   0   0   0   0   0   0   0  64   0   0   0   0   0   0   0   0   0  36  0.71 0.14
  134 V   -1 -3 -3 -3 -2 -2 -3  1 -3  3  1 -2  5 -1 -3 -2  0 -3 -2  2    0   0   0   0   0   0   0  15   0  23   0   0  33   0   0   0   5   0   0  24  0.36 0.11
  135 A    3 -2 -1 -2  4 -1 -1  0 -2 -1 -2  0 -1 -3 -2  2  2 -3 -2 -1   43   0   0   0  13   0   0   3   0   5   0   5   0   0   0  15  16   0   0   0  0.34 0.09
  136 H   -2 -1 -1 -2 -4  0 -1 -3  9 -4 -4  2 -3 -3 -3  0 -2 -4  0 -4    0   0   0   0   0   0   0   0  79   0   0  16   0   0   0   6   0   0   0   0  1.35 0.21
  137 Q   -1 -1  1  2 -3  1  2 -2  2 -2 -1  0 -2 -3  1  1  1 -3 -2 -2    0   0   6  17   0   3  16   0  10   0   7   7   0   0   6  16  12   0   0   0  0.25 0.05
  138 R   -1  3  3  0 -3  0  1 -2 -1 -3 -3  2 -2 -3 -2  1  0 -4 -2 -3    0  22  28   0   0   0  12   0   0   0   0  20   0   0   0  12   6   0   0   0  0.43 0.08
  139 G    0 -2 -1  0 -2 -1  1  1 -2 -1 -1 -1  1 -2  4  0 -1 -3 -2  0    7   1   0   7   0   0  11  13   0   1   1   1   8   0  28   7   1   0   0  14  0.36 0.05
  140 N   -2 -1  6  2 -3 -1  1  0 -1 -4 -4 -1 -3 -4 -2  1  1 -4 -3 -3    0   0  63  10   0   0   7   6   0   0   0   0   0   0   0   6   7   0   0   0  0.71 0.13
  141 Q    1  0  0  2 -2  2  0 -1 -1 -3 -3  1 -2 -3  1  2  0 -3 -2 -2   17   2   0  17   0  19   0   0   0   0   0   7   0   0   8  26   4   0   0   0  0.32 0.07
  142 G   -1  0  1 -2 -3 -2 -2  6 -2 -4 -4 -1 -3 -4 -3  1 -2 -3 -3 -4    0   7   8   0   0   0   0  74   0   0   0   0   0   0   0  11   0   0   0   0  0.92 0.12
  143 D   -2 -1  5  3 -3 -1  0 -1 -1 -3 -1 -1 -2 -3  1  1 -1 -4 -3 -3    0   0  54  17   0   0   4   0   0   0  12   0   0   0   6   7   0   0   0   0  0.52 0.10
  144 L   -2 -3 -3 -4 -3 -3 -3 -4 -2  0  2 -3  0  5  3 -2 -2 -1  1  0    0   0   0   0   0   0   0   0   0   0  23   0   0  50  20   0   0   0   0   7  0.59 0.09
  145 R   -2  1  0 -1 -3  2  1 -3  7 -3 -3  1 -2 -2 -3 -1 -2 -3  0 -1    0   7   0   0   0   9   8   0  60   0   0   9   0   0   0   0   0   0   0   8  0.74 0.12
  146 L   -2 -1  2 -2 -2 -2 -2 -3 -2  0  4  0  1 -1 -3 -2 -1 -3 -2  0    0   0  20   0   0   0   0   0   0   0  70   9   0   0   0   0   0   0   0   0  0.35 0.09
  147 C   -1 -4 -4 -5 10 -4 -5 -4 -4 -2 -2 -4 -2 -3 -4 -2 -2 -3 -3 -2    0   0   0   0 100   0   0   0   0   0   0   0   0   0   0   0   0   0   0   0  2.11 0.20
  148 S    2 -1  0 -1 -1 -1 -1 -1 -1 -2 -2 -1 -1 -2 -1  3  3 -3 -2 -1   20   0   0   0   0   0   0   0   0   0   0   0   0   0   0  47  33   0   0   0  0.37 0.03
  149 H   -2 -1  0 -2 -3  0 -1 -3  7 -3 -2 -1 -1  1 -3 -1 -2  0  5 -2    0   0   0   0   0   0   0   0  65   0   0   0   0   0   0   0   0   0  35   0  0.69 0.01

                      K         Lambda
Standard Ungapped    0.1363     0.3158
Standard Gapped      0.0344     0.2670
PSI Ungapped         0.1125     0.3005
PSI Gapped           0.0344     0.2670
