
Last position-specific scoring matrix computed, weighted observed percentages rounded down, information per position, and relative weight of gapless real matches to pseudocounts
           A  R  N  D  C  Q  E  G  H  I  L  K  M  F  P  S  T  W  Y  V   A   R   N   D   C   Q   E   G   H   I   L   K   M   F   P   S   T   W   Y   V
    1 M   -3 -4 -5 -6 -4 -4 -5 -5 -4  1  4 -4  7  2 -5 -4 -3 -3 -2  1    0   0   0   0   0   0   0   0   0   4  39   0  40  10   0   0   0   0   0   7  1.12 0.41
    2 H   -3 -2 -4 -5 -4  0 -3 -5 -2  3  2 -1  0  3 -5 -4 -3 -2  5 -1    1   1   0   0   0   5   1   0   0  19  25   4   1  13   0   0   0   0  26   2  0.66 0.31
    3 A    4 -4 -4 -5 -3 -4 -4 -2 -4 -1  2 -4 -2  4 -4 -2 -3 -3 -2  1   45   0   0   0   0   0   0   2   0   2  17   0   0  22   0   0   0   0   0  11  0.71 0.36
    4 L    0 -6 -6 -6 -4 -5 -5 -6 -6  4  0 -5 -2 -4 -5 -4 -3 -6 -4  6    6   0   0   0   0   0   0   0   0  18   4   0   0   0   0   0   0   0   0  72  1.43 0.55
    5 V   -4 -6 -5 -6 -4 -5 -6 -7 -6  6  0 -5  0 -3 -6 -5 -3 -6 -4  5    0   0   1   0   0   0   0   0   0  54   3   0   2   0   0   0   0   0   0  39  1.47 0.55
    6 Q   -5  8 -3 -5 -7  3 -3 -6 -4 -6 -3  1 -5 -6 -5 -3 -4 -1 -5 -6    0  79   1   0   0  11   0   0   0   0   2   5   0   0   0   1   0   1   0   0  1.98 0.71
    7 L   -3 -6 -6 -6 -4 -5 -6 -7 -6  7  2 -6  0 -3 -6 -5 -2 -5 -4  3    1   0   0   0   0   0   0   0   0  68  14   0   2   0   0   0   1   0   0  14  1.46 0.55
    8 R   -3  7 -4 -5 -5  0 -3 -4 -3 -6 -5  3 -5 -6 -2 -3 -4 -6 -5 -5    1  71   0   0   0   4   0   1   0   0   0  18   0   0   2   1   0   0   0   0  1.74 0.65
    9 G   -2 -4 -4 -3 -6 -4 -4  7 -5 -7 -7 -5 -6 -7 -5  1 -4 -6 -6 -6    1   1   0   1   0   1   1  87   0   0   0   0   0   0   0   9   0   0   0   0  2.01 0.68
   10 E   -2  0 -1 -1 -3  1  1 -3 -1  4 -1  0  0 -3 -2  0  0 -1 -2  1    0   6   2   2   0   7   9   1   1  36   3   6   3   0   1   9   7   1   1   6  0.26 0.23
   11 V    1 -2  5 -2 -1 -2 -3 -3 -2  1 -2 -1 -2 -4 -1 -1  0 -5 -4  3   12   1  36   0   1   1   0   0   0   8   2   3   1   0   3   3   5   0   0  24  0.56 0.35
   12 N   -1  0  3  4 -5 -1 -1  4 -2 -5 -5  2 -4 -5 -4 -1 -2 -5 -4 -5    3   4  17  21   0   3   1  33   0   0   0  13   0   0   0   2   2   0   0   0  0.73 0.35
   13 M   -1  0 -4 -5  1 -2 -4 -4 -4  3  1 -2  4 -3 -3 -3  1 -4 -3  4    5   5   0   0   3   1   0   1   0  18   8   1  13   0   1   1   8   0   0  36  0.58 0.32
   14 H    0  1  1  0 -3 -1 -1 -3  5 -4 -5  1 -3 -5  4  3 -1 -5 -3 -4    8   9   5   4   0   2   2   0  15   0   0   7   0   0  21  24   2   0   0   0  0.64 0.34
   15 T   -2  1 -2 -3 -6  0 -2 -1 -2 -5 -4 -1 -5 -5  7 -2 -3  2  1 -4    3   8   1   1   0   4   2   4   1   0   1   4   0   0  58   1   1   3   6   1  1.36 0.52
   16 D   -2  2 -1  3 -5  0  1 -2  0 -4 -4  5 -4 -3 -2 -2 -1  3 -1 -4    3   9   1  18   0   2   7   3   2   1   1  40   0   1   2   1   3   5   2   0  0.62 0.34
   17 I    0 -4 -4 -5 -3 -1 -3 -5 -5  4 -1 -3 -1 -3  2 -2  0 -5 -2  4    9   0   0   0   0   4   1   0   0  28   1   1   1   0  12   1   7   0   1  34  0.63 0.34
   18 Q   -1  6  0 -2 -5  2  1 -4 -2 -3 -4  3 -1 -5 -4 -2 -1 -5 -4 -3    5  47   3   1   0   9   8   0   0   1   0  17   1   0   0   1   3   0   0   2  0.89 0.41
   19 D   -2  1 -1  4 -3  0  0 -4  0 -5 -3  6 -3 -4 -4 -2 -1 -5 -2 -4    2   4   1  23   1   2   4   0   2   0   2  51   0   0   0   1   4   0   1   0  0.92 0.44
   20 T   -1 -4 -3 -4 -4 -4 -4 -4 -3  3 -2 -4 -2 -2 -4 -2  5 -5 -4  3    4   0   0   0   0   0   0   1   1  21   0   0   0   1   0   1  48   0   0  22  0.98 0.48
   21 L   -2 -4 -6 -6  0 -5 -5 -6 -5  0  6 -5  4 -1 -5 -5 -3 -4 -4 -2    3   1   0   0   2   0   0   0   0   2  78   0  12   2   0   0   1   0   0   0  1.34 0.53
   22 E   -2  2  0  1 -4  5  2 -3  0 -5 -4  2 -1 -3 -3  0 -1 -4  0 -4    3  10   4   7   0  34  12   1   2   0   1  12   1   1   0   6   4   0   3   0  0.59 0.33
   23 M   -4 -2 -1 -5  1 -4 -3 -4 -3 -1  5 -3  6 -1 -5 -2 -3 -4 -3 -1    0   2   3   0   3   0   1   1   1   1  56   2  25   1   0   3   1   0   0   1  0.96 0.45
   24 L   -4 -5 -6 -7 -4 -5 -6 -7 -5 -1  6 -5  1  3 -6 -4 -4 -4 -3 -2    0   0   0   0   0   0   0   0   0   0  83   0   2  12   0   1   0   0   0   1  1.50 0.57
   25 N   -4  7  3 -2 -1 -1 -3 -1  1 -5 -5  1 -4 -6 -5 -3 -4 -6 -4 -5    0  66  14   1   1   1   0   4   3   0   0   6   0   0   0   0   0   0   0   0  1.40 0.57
   26 I   -4 -5 -6 -6 -1 -5 -6 -6 -6  1  6 -5  0 -2 -6 -5 -4 -5 -3 -1    0   0   0   0   1   0   0   0   0   6  86   0   1   0   0   0   0   0   0   2  1.47 0.57
   27 H   -3  4  2  0  0 -1 -1 -2  5 -3  0  1 -3 -4 -2 -1  0 -4 -2 -2    0  28   9   4   3   0   3   2  17   0   9   8   0   0   1   3   8   0   1   2  0.43 0.28
   28 H   -3  5 -1 -3 -6  6 -1 -4  1 -5 -5  3 -4 -5 -4 -1 -3 -5 -3 -5    0  29   2   0   0  35   0   1   3   0   0  20   0   0   0   4   1   0   1   0  1.06 0.49
   29 V   -2  0 -1 -4 -4 -2 -4 -5 -4  5  0  1 -1 -3 -2 -3 -1 -5 -4  3    2   6   3   0   0   1   0   0   0  45   4  10   0   0   1   0   4   0   0  19  0.63 0.35
   30 N   -5 -4  7 -3 -6 -3 -4 -4  3 -5 -3 -4 -3  5 -5 -2 -3 -4  3 -5    0   0  52   0   0   1   0   0   7   0   2   0   0  23   0   2   0   0  10   0  1.38 0.58
   31 H   -2  0  6 -2 -3 -1 -3 -4  7 -4 -5 -2 -3 -5 -4  1  1 -2 -2 -3    2   6  37   1   1   2   0   0  28   1   0   1   0   0   0   9   9   1   0   1  1.08 0.47
   32 C    3 -4 -4 -3  6 -4 -4  4 -4 -4 -1 -4  1 -5 -4 -2 -2 -5 -5 -3   28   0   0   1  21   0   0  37   0   0   5   0   5   0   0   0   1   0   0   0  1.00 0.43
   33 T    0 -4 -3 -5 -1 -4 -4 -5 -5  0 -2 -4  3 -4 -4 -1  3 -5 -4  6    7   0   1   0   1   0   0   0   0   3   0   0   7   0   0   3  22   0   0  56  0.97 0.47
   34 L   -4 -5 -6 -6 -4 -5 -5 -6 -4  3  2 -5 -1  7 -6 -4 -4 -3 -1  1    1   0   0   0   0   0   0   0   0  17  21   0   1  49   0   1   0   0   0  10  1.22 0.47
   35 V   -2 -5 -5 -5 -3 -4 -5 -5 -4  3  1 -5  1  0 -5 -4 -2 -4  3  5    1   0   0   0   0   0   0   0   0  16  12   0   3   4   0   0   1   0   9  53  0.95 0.41
   36 P   -3  3 -1  0 -5  0  0 -4 -2 -4 -5  4 -4 -5  5 -3 -3 -5 -4 -3    1  18   3   4   0   2   4   0   1   1   0  33   0   0  31   0   0   0   0   1  1.02 0.44
   37 E    0 -2  1  2 -2 -1  3 -2 -2  0  2 -1  0 -2 -1 -1 -1 -3 -2  1   10   1   6  11   0   0  21   1   0   3  24   3   1   1   2   2   1   0   1  10  0.20 0.19
   38 T   -3 -2  6  0 -4 -2 -2 -4 -1 -5 -4  0 -4 -5 -4  2  4 -6 -4 -4    0   1  44   3   0   1   1   0   1   0   2   4   0   0   0  13  29   0   0   0  1.08 0.50
   39 D   -1 -1 -2  3 -5 -1  2 -3 -2 -5 -4  5 -4 -5  4 -1 -3 -6 -4 -4    4   1   1  17   0   1  13   1   1   0   1  38   0   0  18   2   0   0   0   1  0.82 0.40
   40 A    4 -2  0 -1 -2  0 -1  0  0 -3 -3 -2 -3 -4 -1  3  1 -4 -2 -1   37   1   4   3   0   3   2   5   3   0   2   1   0   0   2  22  10   0   1   3  0.43 0.28
   41 Y   -2 -3  0 -3 -3 -3 -3 -4 -2  1  0 -3  1  0 -4  1  4 -2  5  0    0   0   4   0   0   0   0   0   0  10   8   0   3   2   0  12  31   0  22   4  0.58 0.34
   42 R   -1  2  0 -1 -3  0  0 -3 -2  2  1  2  2 -1 -3 -1  0 -1 -2  0    3  14   4   2   0   3   7   0   0  15  16  14   5   1   0   3   4   1   0   6  0.15 0.14
   43 G   -2 -1  4 -2 -5  1  1  5 -2 -5 -5  0 -3 -5 -3 -1 -2 -5 -4 -5    2   4  20   1   0   6  10  46   1   0   0   5   1   0   1   2   1   0   0   0  0.83 0.37
   44 M   -4 -2 -5 -6 -5 -2 -5 -6 -5  0  0 -2 10 -3 -5 -5 -4 -5 -4 -2    1   2   0   0   0   2   0   0   0   4   5   3  81   0   0   0   0   0   0   1  2.43 0.79
   45 V   -4 -5 -5 -6 -4 -4 -5 -6 -5  3  6 -5  1 -2 -5 -5 -3 -4 -3  1    0   0   0   0   0   0   0   0   0  15  72   0   2   0   0   0   0   0   0   7  1.21 0.46
   46 A   -2  5  1 -2 -5  4  0 -4  1 -3 -3  3 -2 -4 -3 -1  0 -4 -3 -3    3  30   6   1   0  22   3   0   3   1   2  20   1   0   0   2   6   0   0   1  0.68 0.34
   47 K   -2  2 -2 -3 -4 -2 -2 -4 -3  3  0  5 -1 -3 -4 -2 -1 -3 -3  0    2   9   1   0   0   0   1   0   0  20  11  44   1   1   0   1   3   0   1   6  0.61 0.34
   48 V    2 -5 -5 -5  1 -4 -4 -4 -5  2 -1 -4 -1 -3 -4 -2 -2 -5 -4  6   15   0   0   0   3   0   0   1   0  11   2   0   1   0   0   2   1   0   0  64  1.04 0.45
   49 N   -2  0  2  0 -5  2  4 -2 -1 -5 -4  4 -4 -5 -3  0 -2 -5 -4 -4    1   2  10   3   0   9  35   2   1   0   1  29   0   0   0   5   1   0   0   0  0.76 0.36
   50 D   -3 -2  0  5 -5 -2 -1 -4  2 -5 -4 -3 -5 -5  6  0 -2 -6 -5 -5    2   2   4  35   0   1   3   0   5   0   1   1   0   0  39   5   1   0   0   0  1.25 0.48
   51 F   -4 -5 -5 -6 -2 -3 -4 -6 -1 -3 -4 -5 -4  4 -6 -5 -5  5  9 -2    1   0   0   0   1   1   1   0   1   1   0   0   0  14   0   0   0   8  68   3  2.16 0.71
   52 V   -2 -5 -5 -5 -2 -5 -5 -5 -5  5 -1 -5 -2 -3 -5 -3 -2 -5 -4  6    2   0   0   0   1   0   0   0   0  32   2   0   0   0   0   2   1   0   0  57  1.26 0.49
   53 A    5 -4 -3 -4 -3 -3 -4 -3 -4 -3 -4 -3 -2 -5 -4  0  5 -5 -4 -2   47   0   0   0   0   0   0   0   0   1   0   0   1   0   0   4  43   0   0   1  1.17 0.53
   54 F   -5 -3 -6 -6 -5 -5 -5 -6  1 -4 -3 -5 -4  3 -6 -5 -5 10  7 -4    0   2   0   0   0   0   0   0   4   1   1   0   0  11   0   0   0  44  34   1  2.41 0.72
   55 G   -3 -5 -3 -4 -1 -2 -3  7 -5 -4 -6 -4 -5 -6 -5 -3 -3 -5 -6 -3    0   0   0   0   1   2   2  87   0   1   0   0   0   0   0   1   1   0   0   2  1.92 0.62
   56 E   -3 -2 -2 -1 -4 -1  5 -5  0 -3 -3 -1 -4  0 -3 -3 -1 -3  6 -3    1   2   1   2   0   1  45   0   1   1   2   2   0   4   1   1   4   0  30   1  1.02 0.47
   57 P   -1 -5 -5 -5 -4 -3 -4 -5 -5  4  0 -4 -1 -4  7 -4 -3 -5 -4  1    4   0   0   0   0   1   0   0   0  27   8   0   1   0  48   0   0   0   0   8  1.31 0.48
   58 S   -3 -2  6  5 -5 -3 -1 -2 -3 -5 -5 -2 -4 -5 -4  3 -1 -6 -5 -5    0   2  38  28   0   0   2   1   0   0   0   1   0   0   0  22   3   0   0   0  1.10 0.47
   59 Q    1 -1 -2 -1 -3 -1  0 -3 -2  0  3  0  1 -2 -1 -1 -1 -3 -1  0   16   4   1   4   0   3   8   1   1   2  36   8   3   1   2   2   2   0   2   6  0.19 0.17
   60 E   -1 -1 -1  3 -5  0  4 -2  0 -5 -5  4 -4 -5  0  0 -2 -5 -4 -4    3   2   2  17   0   1  25   3   2   0   0  33   0   0   3   6   1   0   0   0  0.67 0.33
   61 T   -1 -4 -1 -4 -3 -3 -3 -1 -3 -1  0 -3  0 -4 -4  3  5 -5 -4  1    3   0   2   0   0   0   0   4   1   3   9   0   2   0   0  25  42   0   0  10  0.69 0.40
   62 L    0 -5 -5 -6 -3 -5 -5 -5 -5  3  3 -5  1 -2 -5 -4 -2 -5 -3  4    7   0   0   0   0   0   0   0   0  18  33   0   2   1   0   0   2   0   0  37  0.86 0.38
   63 E    1  4  2 -2 -4 -1  1 -3 -1 -2 -2  3 -2 -4 -3 -1  0 -5 -4 -1   13  28   9   0   0   1  11   1   1   1   3  19   1   0   0   3   4   0   0   4  0.47 0.28
   64 T    0 -1 -1  0 -5  2  5 -3 -2 -4 -1  2 -1 -5 -3 -1  1 -5 -3 -3    7   2   2   4   0   7  43   0   1   0   5  14   2   0   0   2  10   0   0   1  0.62 0.35
   65 V   -4 -5 -6 -7 -2 -5 -6 -7 -6  0  6 -6  2 -3 -6 -5 -3 -5 -4  0    0   0   0   0   1   0   0   0   0   4  84   0   4   0   0   0   1   0   0   6  1.52 0.57
   66 L   -4 -5 -6 -6 -4 -5 -4 -6 -5  6  4 -5  1 -1 -4 -4 -2 -5 -4  2    0   0   0   0   0   0   1   0   0  44  37   0   2   2   0   1   2   0   0  10  1.03 0.42
   67 A   -1  1 -2  0 -5 -1  1 -5 -2 -3 -2  1 -3 -1 -4 -1 -2 -2  7 -3    5   8   1   6   0   2  10   0   0   1   4  11   0   0   0   4   2   0  45   1  0.83 0.41
   68 T   -2  1  0 -3 -6 -1 -1 -3 -2 -5 -4  7 -3 -6 -4 -1  1 -6 -4 -4    2   6   4   1   0   0   3   1   1   0   1  68   0   0   0   3   8   0   0   1  1.21 0.53
   69 R   -3  8 -4 -5  0 -2 -3 -5  0 -3 -4  2 -4 -6 -5 -4 -4 -6 -5 -5    2  79   0   0   2   0   0   0   2   2   1  10   0   0   0   0   0   0   0   0  1.87 0.65
   70 A    1 -2 -3 -2 -3 -4 -5  7 -5 -3 -3 -3 -5 -6 -5 -2 -4 -5 -6 -3   10   2   0   2   1   0   0  77   0   1   2   2   0   0   0   2   0   0   0   2  1.54 0.55
   71 E   -3  4 -2 -2 -1  0  1 -3  1 -4 -2  0  0  2 -4 -2 -2 -2  5 -3    1  27   1   2   2   3  12   1   4   0   3   5   2   8   0   2   2   0  25   1  0.60 0.32
   72 P    1 -1 -1 -1  1 -1 -1  3 -1 -1 -1  0 -1 -2  2 -1  0 -2 -2 -1   12   2   2   4   4   1   2  27   1   3   7   7   1   1  11   3   7   0   2   4  0.21 0.11
   73 L   -1  1 -1 -2 -2 -1 -1 -3 -1  1  2  4  1  0 -3 -2 -2 -3 -2 -1    3   7   2   1   1   0   2   1   1   9  18  38   4   4   0   1   1   0   1   3  0.38 0.25
   74 E   -1 -2  0 -2 -3 -1  1 -2 -1  3  0  0  0 -2  0  0  0 -3  0  2    2   1   4   1   0   2  12   2   2  21   4   7   2   1   5   7   5   0   4  19  0.15 0.15
   75 G   -2 -1  4  1 -5 -2 -1  5  1 -6 -6 -2 -3 -5 -4 -1 -3 -5 -5 -5    1   3  23   7   0   1   3  51   3   0   0   2   1   0   0   3   1   0   0   1  1.03 0.42
   76 D   -2  2  3  3 -4 -1 -1  2 -1 -5 -4  4 -3 -4 -3 -1 -2 -4  1 -4    1  10  15  15   0   1   1  17   1   0   1  27   0   0   0   3   1   0   5   0  0.55 0.31
   77 A   -1  2 -1 -1 -3  4  1 -2 -1 -2 -3  4  0 -4 -2  0 -2 -4 -3 -2    6  12   3   2   1  22   6   2   1   2   2  29   2   0   1   5   1   0   0   2  0.51 0.30
   78 D   -2  5 -1  1 -5  0 -1 -3 -1 -4 -5  3 -4 -5  5 -2 -2 -5 -4 -4    3  31   3   8   0   3   3   1   1   1   0  17   0   0  25   2   1   0   0   1  0.85 0.40
   79 V   -3 -5 -5 -5 -4 -5 -5 -6 -5  5  4 -5 -1 -2 -5 -4 -3 -4 -2  3    1   0   0   0   0   0   0   0   0  42  34   0   0   1   0   0   1   0   1  18  1.04 0.44
   80 D   -2 -4  1  4 -4 -3 -2 -4 -4 -4 -4 -3 -2 -4 -2  1  6 -5 -4 -3    3   0   5  27   0   0   0   0   0   0   1   0   1   1   2   8  50   0   0   0  1.08 0.52
   81 D   -2 -2  5  5 -5 -1  2 -3 -3 -4 -2 -1 -4 -5 -1  0 -2 -5 -4 -4    3   1  30  33   0   2  13   0   0   1   4   2   0   0   3   5   1   0   0   0  0.85 0.40
   82 E    0 -2  3  2 -4  0  5 -3 -2 -4 -4  0 -3 -5 -3  1 -1 -5 -4 -4    9   1  15   8   0   3  41   1   0   1   1   4   0   0   0   9   4   0   0   0  0.69 0.37
   83 W   -2 -2  0  1 -2 -1 -1 -3 -1  2  1 -1  0  1 -2 -1 -1  5  4  0    3   1   4   9   0   2   3   1   1  14  11   3   2   4   1   5   3  10  16   5  0.27 0.19
   84 V   -3 -4 -5 -5 -3 -4 -4 -5 -5  6  3 -4  0 -2 -4 -4 -3 -4 -2  3    1   0   0   0   0   0   1   0   0  45  24   1   1   0   0   1   1   0   1  22  0.98 0.41
   85 A    1  0 -1 -1 -3  1  2 -2 -2  1 -1  3 -2 -3 -2  0 -1 -4 -3 -1   12   2   2   2   0   4  18   2   1  12   6  24   0   1   1   8   1   0   0   3  0.24 0.20
   86 E   -1  0 -1  2 -4  1  5 -1 -2 -4 -4  2 -3 -4 -3  0 -2 -2 -4 -4    5   5   1   9   0   6  45   4   0   1   1  12   0   0   0   5   2   1   0   1  0.70 0.35
   87 H    0  0  4 -2 -4  0  0 -1  2 -3 -3  4 -1 -3 -3 -1 -2 -4  1 -3    7   2  21   1   0   3   5   3   6   1   2  36   1   0   1   2   1   0   5   2  0.53 0.31
   88 T   -1 -3 -2 -3 -2 -2 -3 -3  0 -1  3 -1  1  3 -3  0  3  0  2 -1    4   1   1   0   1   1   1   1   2   1  29   4   3  14   0   8  19   1   7   2  0.32 0.24
   89 D   -2 -3  1  3 -3 -2  1  6 -3 -5 -5 -1 -5 -5 -2 -1 -3 -5 -5 -4    1   1   7  15   1   1   8  55   0   0   0   4   0   0   2   4   1   0   0   1  0.97 0.42
   90 Y   -3 -4 -3 -4 -4 -2 -2 -3 -2  5  0 -2  1  3 -5 -4 -3  1  5  1    1   0   1   0   0   1   3   2   1  36   6   2   3  12   0   0   1   2  22   6  0.74 0.38
   91 D   -1 -1  0  1 -3  1  0 -1  1  2 -1  1 -1 -1 -2  0  0 -3 -1  0    5   3   4  10   0   6   7   4   3  20   5   9   1   2   1   8   4   0   2   6  0.07 0.10
   92 D   -2 -4  0  3  8 -4 -2  0 -4 -5 -5 -4 -4 -5 -3  3  1 -5 -5 -4    1   0   4  16  32   0   2   9   0   0   0   0   0   0   1  27   8   0   0   0  1.09 0.50
   93 I   -2 -5 -5 -5 -3 -4 -5 -5 -5  5  0 -4  4  2 -5 -3 -1 -4  0  3    2   0   0   0   0   0   0   0   0  38   7   0  13   9   0   1   3   0   2  22  0.85 0.40
   94 S   -1 -1 -1  2 -5  0  6 -2 -3 -3 -5  0 -4 -5 -4 -1 -3 -5 -5 -3    5   2   3  10   0   2  61   3   0   2   0   5   0   0   0   4   1   0   0   1  1.09 0.51
   95 G    0 -4 -2  6  0 -1  4 -1 -3 -5 -4 -3 -5 -5 -4 -1 -1 -6 -5 -5    9   0   0  48   2   1  26   4   0   0   1   0   0   0   0   4   3   0   0   0  1.08 0.49
   96 L   -4 -5 -5 -6 -3 -5 -5 -6 -5  1  5 -5  3  4 -5 -5 -3 -4 -2  0    0   0   0   0   0   0   0   0   0   6  64   0   6  16   0   0   1   0   0   4  1.14 0.48
   97 A    4 -4 -4 -4 -1 -4 -3 -3 -4  4 -2 -3 -2 -3 -4 -1 -2 -5 -4  3   41   0   0   0   1   0   1   1   0  27   1   1   0   0   0   3   1   0   0  21  0.80 0.42
   98 F   -1 -1 -1  1 -5  0  3 -3  8 -5 -3  1 -4 -3 -4 -2 -1 -4  1 -4    4   3   2   6   0   4  17   1  39   0   2  10   0   0   0   2   3   0   4   1  0.91 0.43
   99 A    4 -2 -2 -1 -3  0  5 -3  1 -4 -4  1 -4 -5 -3 -1 -3 -5 -4 -2   33   1   1   1   0   4  40   1   3   0   0   8   0   0   0   4   0   0   0   2  0.80 0.43
  100 L   -4 -5 -4 -5 -4 -5 -5 -6 -5  6  3 -5 -1  0 -5 -5 -3 -4 -1  2    0   0   1   0   0   0   0   0   0  52  29   0   0   2   0   0   1   0   2  10  1.13 0.47
  101 L    1 -4 -3 -4  1 -3 -3 -4 -1  1  1 -3  0  2 -4 -1 -2 -2  5  2   13   0   1   1   3   0   2   0   1  10  11   1   2   8   0   3   2   0  27  15  0.48 0.28
  102 S    0 -1  2  1 -3 -1  1 -1 -1 -3 -3  0 -2 -1 -3  1  4 -4 -2 -3    9   2   9   8   0   1  12   4   1   1   1   5   1   3   0  11  29   0   1   0  0.36 0.27
  103 E   -1 -3  0 -2  3 -3  1  4 -4 -2 -3 -2 -3 -3 -2 -2 -2 -5 -4  3    4   1   4   2   6   0  12  37   0   1   0   2   0   1   2   1   1   0   0  26  0.60 0.36
  104 E   -2 -1  0  0 -5 -1  4  4 -3 -3 -5  3 -4 -5 -4 -2 -1 -5 -4 -4    1   2   3   4   0   2  26  36   0   2   0  16   0   0   0   2   5   0   0   0  0.73 0.39
  105 T    1 -1 -2 -2 -3 -2  0 -3 -3  1 -1  1  0  1  4 -1  1 -4 -2  1   10   2   1   1   0   1   6   1   0  10   4  13   2   6  22   1  11   0   1   8  0.33 0.23
  106 T   -1  1  2 -1  0 -1 -1 -2  5 -3 -2  3 -1 -2 -3  0  2 -4  0 -3    3   8  12   2   2   1   2   2  15   1   3  22   2   1   0   7  14   0   3   1  0.39 0.28
  107 L   -3 -3 -5 -6 -4 -4 -4 -6 -3  0  3 -3  2  7 -4 -4 -3 -3  1 -1    2   1   0   0   0   1   1   0   0   5  32   2   5  43   1   1   1   0   4   3  1.05 0.47
  108 R    0  3  0 -2 -1  0 -1 -3  2 -3 -3  5 -3 -5 -4  0 -1 -5 -4 -3    7  13   4   2   1   2   2   2   4   1   2  47   0   0   0   8   2   0   0   2  0.72 0.40
  109 E   -1 -2  1  4 -5  3  4 -4 -2 -4 -5  2 -3 -5 -1  0 -1 -6 -5 -4    4   0   6  21   0  11  33   0   0   1   0  11   0   0   2   7   2   0   0   1  0.73 0.40
  110 Q    1 -1  5 -2 -2  1  1 -3 -2 -2 -3  1 -2 -4  2  0 -1 -5 -3 -2   10   3  34   1   1   5   8   0   0   2   3   8   1   0  12   6   3   0   0   2  0.52 0.34
  111 G   -3 -4  1  0 -5 -3 -2  3 -4 -2 -3 -2 -3  6  0 -2 -3 -1  0 -4    2   0   7   6   0   0   2  25   0   2   1   3   0  41   5   2   1   1   3   0  0.81 0.42
  112 L   -3 -4 -4 -6 -4 -5 -5 -6 -5  2  5 -5  2  1 -5 -4 -2 -4 -3  1    1   0   1   0   0   0   0   0   0  11  64   0   4   7   0   1   3   0   0   7  1.04 0.47
  113 S   -3 -2 -4 -5  0 -3 -4 -4 -5 -3 -2  5 -1 -2 -5  0 -3 10 -1  0    1   1   1   0   2   0   0   1   0   1   3  35   1   1   0   8   1  35   1   6  1.52 0.64
  114 P   -3 -4 -2 -5 -5 -5 -4 -4 -5 -5  0 -4 -5 -3  8 -4 -4 -6 -5 -1    1   1   3   0   0   0   0   1   0   0   9   1   0   1  77   0   0   0   0   4  2.19 0.78
  115 T    0 -2 -2 -2 -2 -1 -1 -2 -1  0  0 -1  0  1  2  0  1  4  0  3    7   2   2   2   1   2   2   3   2   4   5   2   1   6  10   8   8   6   3  25  0.17 0.11
  116 L   -2 -6 -7 -7 -6 -7 -7 -7 -5  1  1 -6 -3  8 -7 -6 -5 -3 -1 -2    3   0   0   0   0   0   0   0   0   7  12   0   0  75   0   0   0   0   0   2  2.08 0.75
  117 R   -1  6 -2 -4 -6  0 -2 -4  0 -6 -6  5 -3 -6 -4 -2 -3 -6 -4 -5    5  46   2   0   0   2   1   1   2   0   0  38   0   0   0   2   1   0   0   0  1.37 0.60
  118 L   -5 -5 -6 -7 -5 -5 -6 -7 -6 -2  7 -6  2 -2 -6 -6 -5 -2 -4 -3    0   0   0   0   0   0   0   0   0   0  93   0   3   1   0   0   0   0   0   0  1.87 0.72
  119 H   -1 -1  4 -3 -5 -2 -3 -4  8 -6 -5  0 -4 -5 -4  3 -1 -6 -3 -5    4   2  19   1   0   1   0   1  37   0   0   5   0   0   0  27   2   0   0   0  1.25 0.57
  120 P   -1 -4  2 -4  2 -4 -4 -3 -1 -5 -6 -1 -5 -6  7  2  0 -6 -5 -3    4   0  11   0   4   0   0   1   1   0   0   3   0   0  54  14   5   0   0   2  1.39 0.59
  121 P   -2 -5 -6 -6 -7 -4 -5 -6 -6 -6 -7 -4 -7 -8  9 -4 -5 -8 -7 -6    4   0   0   0   0   1   0   0   0   0   0   0   0   0  93   0   0   0   0   0  3.04 1.00
  122 R   -3  6  0 -3 -2 -1 -1 -3 -3 -2 -2  2 -4 -5 -3  1  1 -1 -3 -3    1  45   4   0   1   2   3   1   0   2   3  13   0   0   0  12   9   1   0   2  0.76 0.42
  123 G   -3 -1 -2 -2 -6 -1 -3  6  2 -5 -6  3 -5 -3 -5 -3 -4 -6 -4 -5    1   2   1   2   0   2   1  59   6   1   0  23   0   1   0   0   0   0   0   0  1.25 0.55
  124 G   -1 -3 -4 -4 -6 -3 -6  7 -6 -7 -7 -4 -4 -7 -6 -3 -5 -6 -4 -6    4   2   0   0   0   1   0  90   0   0   0   0   0   0   0   1   0   0   1   0  2.15 0.77
  125 H   -3 -4 -5 -6 -5 -4 -4 -6  4 -3  1 -3  3  6 -6 -4 -3  6  4 -4    1   1   0   0   0   0   1   0  11   1  12   1   9  35   0   1   1  12  15   0  1.23 0.52
  126 D   -2  4  0  0 -5  0  1 -1  0 -4 -5  5 -3 -5 -3 -2 -2 -5 -4 -4    2  21   3   6   0   4   9   5   2   1   0  42   0   0   0   2   2   0   0   1  0.78 0.41
  127 G    0 -1  1  0 -3 -1 -1  4 -2 -4 -5  3 -1 -5 -2  2  0 -5 -3 -3    6   2   7   5   0   2   2  32   1   0   0  21   1   0   1  14   5   0   1   1  0.50 0.31
  128 V   -3  2 -3 -4 -5 -1 -3 -5 -4  4 -2  5 -3 -4 -3 -2  2 -4 -4  1    0   9   1   0   0   2   0   0   0  23   2  39   0   0   1   1  13   0   0   8  0.73 0.44
  129 K   -3  3  0 -4 -6 -2 -3 -2 -4 -3 -4  6 -3 -6 -4 -2  2 -6 -3 -2    1  14   3   0   0   0   0   2   0   1   1  59   0   0   0   2  12   0   1   3  1.14 0.57
  130 H   -2  4  2 -3 -5  0 -2 -2  3 -2 -2  4 -3 -3 -4 -2  1 -2 -3 -3    2  24   9   0   0   3   0   3   8   3   5  30   0   1   0   1  10   1   0   1  0.59 0.37
  131 P   -1 -2 -1 -2 -4 -2 -3  0  7 -5 -2 -2 -2 -1  4  1  0 -5 -3 -2    4   1   1   2   0   1   0   8  34   0   4   1   1   2  19  10   7   0   0   2  0.85 0.45
  132 V   -3 -6 -6 -5 -5 -5 -4 -6 -3 -2 -1 -6 -3  7 -6 -4  0 -1  6  0    2   0   0   0   0   0   1   0   0   1   3   0   0  48   0   0   6   0  30   7  1.58 0.64
  133 K    0 -1  1 -3 -2  0 -2  0 -1  1 -2  2 -2 -3  0  0  0 -4 -3  3    6   3   9   0   0   4   0   8   1  10   1  14   0   0   4   8   5   0   0  24  0.19 0.21
  134 E   -2 -2  0  1 -6  4  6 -4 -3 -3 -2 -1 -3 -5 -4 -2 -2 -5 -2 -2    3   1   3   8   0  18  50   0   0   1   5   2   1   0   0   2   2   0   1   3  0.94 0.51
  135 G   -3 -3 -2 -2 -6 -2 -5  7 -2 -5 -6  1 -1 -6 -3 -2 -4 -6 -6 -5    1   1   1   2   0   1   0  76   1   1   1  10   2   0   1   2   0   0   0   1  1.59 0.64
  136 G   -4 -4 -4 -4 -6 -6 -5  8 -6 -8 -7 -4 -7 -7 -6 -4 -5 -6 -7 -7    0   1   0   1   0   0   1  96   0   0   0   1   0   0   0   0   0   0   0   0  2.49 0.86
  137 Q    1 -3 -1  5 -2  1  3 -2 -3 -2 -5 -2 -3 -5 -4  1 -2 -6 -4 -1   12   0   2  39   1   6  16   2   0   2   0   2   0   0   0  11   1   0   0   4  0.71 0.40
  138 L    2 -4 -4 -4 -1 -4 -4 -4 -2 -2  4 -4 -1  3 -1 -1  0  3  1 -1   17   0   0   1   1   0   0   0   1   0  41   0   0  14   3   4   7   4   4   2  0.54 0.35
  139 G   -4 -6 -3 -5 -7 -6 -5  8 -6 -8 -8 -5 -7 -7 -6 -2 -5 -4 -7 -7    0   0   1   0   0   0   0  96   0   0   0   0   0   0   0   2   0   0   0   0  2.50 0.87
  140 K   -2 -1  6  1 -1 -2 -1 -1 -1 -3 -3  1 -3  0 -2 -1 -2 -3  2 -3    3   2  44   6   2   1   2   4   1   1   3  10   1   4   2   3   1   0   8   2  0.66 0.30
  141 H   -3  6 -2 -3 -4 -1 -3 -4  5 -4 -4 -2 -2 -2 -4 -3 -3  1  6 -4    1  41   2   2   0   2   1   1  15   1   1   1   1   1   1   1   1   2  26   1  1.19 0.49
  142 D   -2  5 -2  0 -1  0  5 -1  0 -4 -4 -1 -4 -4 -3 -1 -1 -4 -3 -4    2  33   0   4   1   3  35   6   2   0   1   1   0   0   0   4   4   0   1   1  0.81 0.41
  143 T    0 -2  1 -1 -2 -1 -1  4  0 -2 -2 -1 -2 -1 -2  0  1 -2 -1 -2    5   2   8   4   1   2   4  36   2   2   5   3   1   2   2   7  12   0   2   3  0.33 0.15
  144 E   -2 -2 -1  5 -4 -1  5 -3 -3 -4 -4  1 -4 -4 -1 -1 -2 -4 -3 -4    2   1   1  30   0   2  39   2   0   1   1  10   0   1   3   3   1   0   1   1  0.89 0.40
  145 G    0  0  0  1 -3  2  2 -2  0 -3  0  2 -1  0 -3  0 -2 -3  1 -3    9   3   4   8   0  11  12   2   2   0  12  19   1   4   0   5   1   0   7   0  0.20 0.18
  146 I   -5 -7 -7 -7 -5 -6 -7 -7 -7  8  0 -6 -1 -4 -7 -6 -3 -6 -5  0    0   0   0   0   0   0   0   0   0  88   8   0   1   0   0   0   1   0   0   2  2.20 0.79
  147 D   -3 -4  8  2 -5 -4 -3  0 -2 -7 -7 -3 -6 -7 -4 -1 -3 -7 -6 -6    2   0  76   9   0   0   1   6   0   0   0   1   0   0   1   3   1   0   0   0  1.93 0.75
  148 D    0  2  1  3 -4  2  4 -3 -2 -4 -4  2 -4 -4 -2  0  0 -3 -4 -3    8  10   6  14   0   7  28   1   0   1   0  11   0   0   1   5   4   0   0   2  0.47 0.29
  149 L   -5 -6 -7 -7 -5 -6 -7 -7 -6  0  6 -6 -1  0 -5 -6 -4 -5 -4 -2    0   0   0   0   0   0   0   0   0   3  92   0   0   3   0   0   1   0   0   1  1.83 0.72
  150 L   -2 -6 -6 -6 -4 -5 -6 -7 -6  6  3 -6 -1 -3 -6 -5 -3 -5 -4  3    2   0   0   0   0   0   0   0   0  47  29   0   0   0   0   0   0   0   0  21  1.26 0.53
  151 E   -2  5  0 -1 -5  0  2 -2 -1 -4 -2  3 -2 -5 -4 -1 -2 -3  0 -3    3  35   3   2   0   2  15   2   1   1   4  21   1   0   0   4   1   0   3   1  0.66 0.37
  152 A    0  6 -1 -3 -6  2 -2 -5 -3 -5 -5  4 -4 -6 -4 -1 -3 -4 -5 -5    7  49   3   1   0   7   0   0   0   1   0  27   0   0   1   4   1   0   0   0  1.20 0.55
  153 M   -6 -6 -7 -8 -6 -5 -7 -7 -6 -3 -2 -6 11 -5 -7 -6 -5 -6 -6 -4    0   0   0   0   0   0   0   0   0   0   0   0 100   0   0   0   0   0   0   0  3.73 1.19
  154 R   -3  7 -2 -3 -5  0 -1 -4 -2 -4 -4  2 -3 -4 -3 -2 -2 -4 -3 -4    0  93   0   0   0   0   0   0   0   0   0   7   0   0   0   0   0   0   0   0  1.45 0.25

                      K         Lambda
Standard Ungapped    0.1348     0.3152
Standard Gapped      0.0534     0.2670
PSI Ungapped         0.1733     0.3116
PSI Gapped           0.0534     0.2670
