
Last position-specific scoring matrix computed, weighted observed percentages rounded down, information per position, and relative weight of gapless real matches to pseudocounts
           A  R  N  D  C  Q  E  G  H  I  L  K  M  F  P  S  T  W  Y  V   A   R   N   D   C   Q   E   G   H   I   L   K   M   F   P   S   T   W   Y   V
    1 D   -3 -3  3  7 -5 -1  2 -3 -2 -5 -5 -2 -4 -5 -3 -1 -2 -6 -4 -4    0   0  12  79   0   0   9   0   0   0   0   0   0   0   0   0   0   0   0   0  1.30 0.23
    2 D    0  1  1  2 -4 -1 -1 -2 -2 -4 -4  5 -3 -5 -3  2 -1 -5 -4 -3    9   4   7  13   0   0   0   1   0   0   0  47   0   0   0  17   2   0   0   1  0.62 0.28
    3 F    0 -2  0  0 -3  0  3 -2 -2 -2 -3 -1 -3  1 -3  2  4 -4 -3 -2    7   0   4   3   0   2  25   2   0   2   0   1   0   7   0  15  32   0   0   2  0.44 0.27
    4 Q   -3 -1 -1 -2 -5  6  5 -4 -2 -3 -4  2 -3 -5 -3  0 -2 -5 -4 -4    1   1   3   0   0  38  36   0   0   2   0  11   0   0   0   7   1   0   0   1  0.98 0.44
    5 T   -2 -2  2  4 -5  5  1 -2  1 -5 -4  0 -4 -4 -4  0 -1 -5 -4 -5    3   0  11  28   0  31   7   2   3   0   0   5   0   1   0   7   3   0   0   0  0.76 0.38
    6 H   -3  2 -1  0 -2  2 -1 -4  1 -1 -1  2 -2  0 -4 -2 -2 -2  6  0    1  10   3   5   1  12   2   0   2   3   4  12   1   2   0   1   2   0  33   6  0.51 0.32
    7 I   -2 -5 -3 -5 -1 -4 -5 -6 -5  6  0 -5 -1 -1 -5 -2 -3 -5 -4  3    2   0   1   0   1   1   0   0   0  61   7   0   1   2   0   3   0   0   0  22  1.14 0.48
    8 H   -4  0  0 -4 -4 -1 -2 -5  9  0 -4  2 -4 -4 -3  0 -1 -5  1 -2    0   5   4   0   0   2   1   0  52   6   1  13   0   0   1   6   4   0   3   3  1.25 0.53
    9 I   -4 -2 -6 -6 -4 -5 -6 -6 -6  7  0 -5  2 -2 -5 -5 -2 -5 -4  3    0   2   0   0   0   0   0   0   0  68   6   0   4   1   0   0   1   0   0  18  1.36 0.54
   10 R   -4  7 -3 -3 -6  0 -2 -4  1 -5 -5  3 -4 -3 -5 -1 -1 -5  1 -4    0  63   0   1   0   3   1   1   3   0   0  15   0   1   0   4   3   0   5   0  1.31 0.55
   11 V   -1 -1 -2 -4 -1 -3 -3 -5 -4  5  1 -2  1 -2 -4 -2  1 -4 -2  3    4   4   2   0   1   0   1   0   0  42  13   2   4   0   0   3   7   0   1  17  0.55 0.31
   12 E   -3 -2 -1  2 -5  6  3 -4 -2 -2 -4 -1 -3 -2 -3 -2 -1 -5 -3  0    1   0   2   9   0  48  20   0   1   2   1   2   0   2   1   1   4   0   0   7  0.94 0.50
   13 Q   -2  1 -2 -3 -5  6  1 -4 -1 -5 -4  3 -2 -5 -2  0 -1 -4 -4 -3    3   6   1   0   0  47   7   0   1   0   1  21   1   0   2   5   3   0   0   1  0.92 0.45
   14 R   -3  8 -3 -4 -3 -2 -3 -2 -3 -2 -4  0  0 -5 -5 -4 -2 -5 -4 -2    2  78   0   0   1   1   0   3   0   3   1   3   2   0   0   0   3   0   0   4  1.63 0.63
   15 R   -2  4  6 -1 -5 -1 -2 -2 -2 -5 -5  2 -4 -3 -4  0 -1 -5 -2 -5    2  24  45   1   0   1   0   1   0   0   0  12   0   1   0   7   4   0   1   0  0.97 0.46
   16 G   -1 -2 -1 -2 -4 -3 -3  5 -3 -2 -3  1 -3  2 -3 -1 -3  0  4 -2    4   1   2   2   0   0   0  45   0   2   1   9   0   8   1   4   0   1  16   2  0.66 0.33
   17 R   -3  6 -1 -1 -5 -2 -3  3  1 -4 -5  3 -4 -5 -3 -2 -2 -5 -2 -5    0  45   3   3   0   0   0  24   3   1   0  15   0   0   1   2   2   0   1   0  0.92 0.43
   18 K   -3  0 -1 -4 -6 -1 -2 -5 -4 -6 -5  8 -4 -6 -2 -3 -4 -6 -5 -5    1   3   3   0   0   2   0   0   0   0   0  86   0   0   2   0   0   0   0   0  1.89 0.71
   19 C   -1 -2 -1 -2  1 -1  0 -2 -2 -1 -1 -1  0  1  0  1  4 -1  1 -2    3   1   1   1   3   1   7   2   1   2   4   3   2   6   5  11  38   1   5   2  0.35 0.29
   20 F   -2 -4 -5 -5 -3 -2 -4 -4 -5  2  4 -3  3  0 -3 -3 -1 -4 -3  4    1   0   0   0   0   1   0   1   0   8  40   1   7   3   1   1   2   0   0  33  0.68 0.34
   21 T   -2 -4 -3 -4 -4 -4 -4 -4 -5 -2 -4 -2 -4 -5 -2  0  7 -5 -5 -2    2   0   0   0   0   0   0   0   0   2   0   1   0   0   2   4  84   0   0   1  1.70 0.70
   22 T   -1 -3 -2 -4 -3 -2 -2 -4 -4  3 -1 -3 -1 -3 -3 -1  5 -4  0  2    4   1   1   0   0   1   1   0   0  21   4   1   1   0   1   3  44   0   3  12  0.64 0.39
   23 V   -1 -5 -5 -5 -3 -4 -5 -5 -5  5  0 -4 -1 -3 -4 -4 -3 -5 -3  6    5   0   0   0   0   0   0   0   0  30   5   0   0   0   0   0   0   0   0  56  1.13 0.48
   24 E   -2 -2 -1  0 -5  6  4 -4  0 -3 -4 -1 -3 -3 -3  0 -1 -4 -4 -3    3   0   1   4   0  41  29   0   2   1   0   2   0   1   0   6   3   0   0   2  0.90 0.47
   25 G   -2 -2  0 -1 -5 -4 -2  7 -4 -6 -6 -2 -5 -6 -5 -3 -4 -5 -5 -5    2   2   5   3   0   0   3  79   0   0   0   2   0   0   0   0   0   0   0   0  1.63 0.63
   26 I   -3 -4 -2 -3 -4 -4 -5 -5 -5  4  4 -4  1  3 -2 -3 -2  1 -2  0    0   0   2   2   0   0   0   0   0  31  40   0   2  12   2   2   2   2   0   3  0.74 0.42
   27 P    2 -1  1  3 -4 -1  1 -1 -1 -3 -4  0 -3 -4  4  1 -1 -5 -4 -2   18   3   7  17   0   2   7   3   1   2   0   4   0   0  20  10   3   0   0   1  0.42 0.28
   28 P    0  0  0  3 -4  1  2 -1  0 -2 -2  2 -3 -4  2  0 -1 -4 -1 -2    6   3   3  21   0   6  12   4   2   2   3  15   0   0   9   6   3   0   2   2  0.32 0.24
   29 E   -1  0  2  4  0  0  2  0 -2 -2 -4  1 -3 -4 -1  0 -1 -5 -4 -3    3   4   9  30   2   4  16   6   0   3   0   9   0   0   3   6   4   0   0   0  0.45 0.30
   30 F   -1 -3 -3 -2  0 -2  0 -2  1  1  0 -1  0  2  0  0 -1  1  5  0    3   0   0   2   2   0   6   3   3  10   9   3   2  10   4   8   3   2  23   7  0.24 0.22
   31 D   -2 -1  2  6 -4  0  1 -1  1 -2 -4  0 -4 -4 -1  0 -1 -5 -1 -4    3   3  11  42   0   3   9   3   3   3   1   4   0   0   3   5   4   0   2   0  0.66 0.39
   32 Y   -1 -1 -2 -3  0  0 -2 -3 -1  2  3  1  1  0 -1 -2 -1 -3  1  0    6   2   2   1   2   4   2   1   2  15  29  11   3   3   3   2   2   0   6   4  0.18 0.18
   33 E   -2  1  1  1 -5  0  2 -2  0 -4 -3  5 -1 -5 -2 -1 -1  1 -4 -3    2   5   7   7   0   2  13   2   2   0   2  42   2   0   2   4   2   2   0   2  0.58 0.39
   34 K   -2  2  1  1 -4  0  1 -2 -3 -2 -2  5 -1 -4 -3  1 -1 -5 -4 -2    2  10   6   6   0   3   8   2   0   2   3  39   2   0   0   9   3   0   0   2  0.52 0.36
   35 I   -2 -4 -2 -4 -3 -4 -2 -5  0  4  4 -4  1  1 -2 -4 -1  1 -3  2    2   0   3   0   0   0   2   0   2  27  36   0   3   5   3   0   3   2   0  11  0.57 0.35
   36 M    2 -1 -2 -3  0 -1 -3 -2 -3  0  3 -1  1 -1 -2  0  0 -3 -3  1   21   3   2   0   2   2   0   2   0   2  29   3   4   2   2   7   5   0   0  13  0.21 0.22
   37 K   -2  3 -1 -3 -5 -1 -1 -4 -1 -5 -2  6 -2 -5 -4  1 -1 -5 -4 -4    1  13   2   0   0   2   2   0   1   0   4  57   1   0   0  12   3   0   0   0  1.06 0.55
   38 Y    2 -2 -2  1 -2  0  2 -2  0  0 -2  0 -1  0 -2  0  0 -3  0  0   25   1   1   9   1   4  16   2   3   5   2   6   1   4   1   4   4   0   4   8  0.17 0.19
   39 W   -3 -4 -5 -5  3 -4 -5 -5 -4  0  4 -4  2  5 -5 -3 -2  4 -2  0    2   0   0   0   6   0   0   0   0   3  46   0   4  23   0   1   2   5   0   5  0.86 0.43
   40 K   -2  1 -2 -4  0  0 -3 -2  1 -5 -5  7 -1 -3 -4 -2 -4 -5 -4 -5    2   6   2   0   2   4   0   3   4   0   0  72   1   2   0   1   0   0   0   0  1.42 0.66
   41 K   -1  2 -1 -2 -4  1 -1 -1  0 -4 -4  5 -1 -4 -3  2  0 -4 -2 -4    4  10   2   2   0   6   1   3   2   0   1  42   2   0   0  16   4   0   1   1  0.64 0.38
   42 W   -1  1  0 -1 -4  1  1 -2  1 -1 -2  4  0 -1 -3  0 -1  2  0 -2    4   7   3   3   0   4   9   3   3   4   4  30   3   3   0   6   4   3   4   3  0.27 0.25
   43 L   -1 -4 -4 -5  5 -4 -4 -5  1  0  2 -1  2  4 -1 -1 -1  3  1 -1    4   0   0   0  11   0   0   0   4   5  22   4   4  21   4   4   4   4   5   4  0.51 0.34
   44 S    3 -1  0 -1  4 -1 -1  1  2 -2 -3 -2 -3 -4 -3  1 -1 -4 -1 -1   34   3   5   3  10   3   3  12   6   2   0   0   0   0   0  10   3   0   2   3  0.39 0.33
   45 C   -1 -5 -1 -5 10 -5 -5 -2 -5 -4 -4 -5  2 -5 -5  0  2 -5 -1 -2    4   0   3   0  56   0   0   3   0   0   1   0   6   0   0   8  11   0   3   3  1.74 0.69
   46 N   -2  0  6 -1  0 -2 -3  4  0 -5 -5 -2 -4 -4 -4  0  0 -5 -4 -4    3   6  41   2   2   0   0  30   2   0   1   0   0   0   0   5   5   0   0   0  0.87 0.38
   47 A    0 -4 -3 -1  1 -4 -4  6 -4 -4 -5 -3 -4 -5 -4 -1  0 -4 -5 -2    5   0   0   3   3   0   0  69   0   0   1   0   0   0   0   4   7   0   0   4  1.22 0.45
   48 T    0  1  1 -2  2 -1  0  0  2  0 -2  0 -2 -2  1  0  0 -3  1  0    7   7   7   0   7   0   7   7   7   7   1   7   0   0   7   7   7   0   7   7  0.09 0.12
   49 I   -2 -5 -5 -5 -1 -4 -3 -3 -5  4  0 -3  0 -1 -5 -3 -1 -5 -1  5    3   0   0   0   1   0   1   2   0  24   6   1   1   2   0   2   2   0   2  50  0.85 0.49
   50 V   -2 -1 -2 -1 -1 -1 -2 -3 -2  3 -1  2  0  0 -3 -1  1 -4 -3  3    2   2   1   4   1   2   2   1   1  21   4  16   1   4   0   3   8   0   0  26  0.28 0.27
   51 E   -1 -1  1  3 -1  1  3 -2  0 -4 -4  3 -2 -4 -1 -1 -1 -5 -4 -2    3   2   7  19   1   4  24   2   2   0   1  18   1   0   2   3   3   0   0   3  0.46 0.32
   52 E   -2 -2  1  5  0 -2  0  0  5 -1 -3 -1 -3 -3 -2 -1 -1 -4 -1 -2    2   1   6  34   2   1   6   6  17   4   3   3   0   1   2   4   4   0   2   3  0.55 0.32
   53 D    0 -1  0  1 -3  0  2 -1 -2 -2 -2  1 -2 -3  4  0  0 -3 -3 -2    7   2   3   6   0   4  17   3   0   2   3  11   0   1  24   6   7   0   1   2  0.40 0.24
   54 E   -1 -2  2  2 -3  0  5 -2 -2 -2 -3  0 -1 -3 -2  0 -1 -3 -3 -2    4   1   8  13   0   2  42   3   0   2   2   5   1   1   1   6   4   0   1   3  0.55 0.30
   55 G   -1 -1  1  0  0  0  0  2  1 -1  0 -2  2  0 -3 -1 -1  1  3 -2    4   3   7   6   3   3   6  15   4   3  10   1   6   3   1   4   3   2  15   1  0.13 0.15
   56 K    0  0 -2  0 -4  0  1  5 -3 -4 -4  0 -3 -4  0  0  0 -3  0 -4    5   5   0   5   0   5   8  44   0   1   1   5   0   0   5   5   5   0   5   1  0.55 0.30
   57 K   -1  0  0  0 -4  1  2  1 -2 -3 -2  2  0 -1  0 -1 -1 -3  1 -1    3   4   3   6   0   4  18  11   0   0   4  18   3   3   3   4   3   0   7   4  0.18 0.17
   58 V   -1 -1 -3 -3  1 -2  0 -2  0  2 -1 -2  0  1 -3 -1  0  1  0  4    3   4   0   0   3   0   8   3   2  13   3   2   2   5   0   4   5   2   3  35  0.27 0.25
   59 I   -4 -5 -5 -5  0 -5 -5 -6 -5  7  1 -5  2  1 -5 -4 -1 -4 -3  1    0   0   0   0   2   0   0   0   0  69   9   0   4   5   0   0   3   0   0   5  1.24 0.49
   60 K   -3  0 -2 -1 -5  6  3 -4  0 -4 -1  1  0 -2 -2 -2 -1 -4 -3 -2    1   3   0   2   0  44  22   0   2   0   6   6   2   2   2   0   3   0   0   3  0.80 0.41
   61 L   -3 -2 -5 -5 -4 -2 -5 -5 -5  2  5 -4  2  0 -2 -4 -3 -4 -3  1    0   2   0   0   0   2   0   0   0   8  69   0   4   4   2   0   0   0   0   7  0.95 0.42
   62 N   -3  0  0 -3 -5  8  0 -4  0 -5 -4 -1 -3 -5 -2  0  0 -4 -4 -4    0   3   4   0   0  74   2   0   2   0   0   0   0   0   2   6   5   0   0   0  1.40 0.54
   63 G   -2 -4 -2  0 -4 -3 -4  7 -4 -5 -5 -3 -4 -5 -4  0 -3 -4 -5 -5    1   0   0   4   0   0   0  82   0   0   1   0   0   0   0   5   0   0   0   0  1.52 0.46
   64 D   -3 -2  2  7 -5 -1  0 -2 -3 -5 -5 -2 -4 -5 -3 -1 -3 -5 -5 -5    2   2   8  76   0   2   3   2   0   0   1   2   0   0   0   2   0   0   0   0  1.46 0.46
   65 H   -3 -1 -1 -3 -4  6 -1 -4  7 -4 -3  0 -3 -3 -3 -2 -3  1  1 -1    1   1   2   0   0  44   1   1  32   0   2   4   0   0   0   0   0   2   4   4  1.14 0.44
   66 R   -2  6 -2 -3  3 -1 -2 -1  0 -2 -2  1 -3 -3 -3  1 -1 -4  0 -2    2  52   0   0   8   0   0   5   2   2   3   5   0   0   0  11   3   0   3   2  0.67 0.31
   67 N   -1  1  0  2 -4  1  2 -1  0 -2 -3  4 -2 -3 -2  0 -1 -3 -1 -2    5   6   4  11   0   6  14   5   3   2   2  30   1   1   0   3   4   0   2   2  0.32 0.18
   68 Q   -1  2  5  1 -4  0  1 -2  0 -4 -2  3 -3 -4 -2  0 -1 -4 -2 -3    4  14  31   6   0   3   8   1   2   0   3  18   0   0   1   3   4   0   1   1  0.47 0.25
   69 I   -1 -2 -2 -4 -3 -3 -4 -4 -4  5  0 -4  1 -2 -4 -3 -1 -4 -3  4    5   2   2   0   0   1   0   1   0  46   4   0   3   0   0   1   2   0   0  32  0.80 0.34
   70 Q    0  1 -1 -2  5  1  0 -1  0 -2 -2  3 -1 -1 -1  0 -2 -2 -1 -1   10   8   2   1  17   5   5   4   3   1   2  22   1   3   3   7   1   1   1   4  0.29 0.20
   71 Q   -1 -1  1  3 -4  5  3 -2 -1 -4 -3  1 -2 -4 -2 -1 -1 -4 -4 -4    4   2   5  16   0  27  23   3   1   1   2   8   1   1   1   2   3   0   0   0  0.61 0.33
   72 F   -3 -3 -4 -3 -2 -3 -3 -5 -4  0  1 -3  0  7 -5 -3 -2  4  1  0    2   1   0   1   1   1   2   0   0   6  11   1   1  53   0   1   3   5   3   6  1.01 0.41
   73 L   -3 -4 -5 -5 -4 -3 -5 -5 -5  0  6 -5  1  0 -2 -4 -4 -4 -3 -1    1   0   0   0   0   1   0   1   0   2  82   0   2   3   2   0   0   0   0   2  1.31 0.51
   74 S   -1  0 -3 -3  0 -1 -1 -2 -3  3  1  0  0 -2 -3 -1  1 -4 -3  3    4   5   0   1   2   3   5   3   0  21  11   6   1   0   0   3   8   0   0  27  0.27 0.20
   75 E   -2  0  0  2 -5  2  5 -2  0 -4 -4  3 -4 -5 -2 -1 -1 -5 -4 -4    2   3   3  10   0   7  40   3   2   1   1  20   0   0   1   4   3   0   0   0  0.70 0.37
   76 E   -1  0  0 -1 -2  0  2 -3 -1  2  0  1  2 -2 -3 -1  1 -2 -2  0    4   3   5   2   1   4  18   1   1  15   7  12   8   1   0   3  10   0   1   4  0.18 0.19
   77 G   -3 -2 -1 -2 -6 -2 -1  6  0 -6 -3  0 -3 -3 -4 -2 -4  0 -3 -6    1   2   2   2   0   1   4  70   2   0   3   6   0   1   0   2   0   1   1   0  1.30 0.54
   78 I   -3 -4 -5 -3 -4 -3 -4 -1 -4  4  4 -3  1  4 -4 -4 -4 -3  0 -1    0   0   0   1   0   1   1   5   0  24  35   1   3  21   1   0   0   0   3   2  0.70 0.37
   79 A    4 -3 -3 -2  2 -2  0 -1 -2  0  0 -2  0 -1 -1  0 -1 -3 -3  2   37   1   0   2   5   0   6   3   1   5   8   2   2   2   3   7   3   0   0  14  0.27 0.21
   80 A   -2  1 -1 -2 -4  0  0 -3 -2 -4 -2  5 -2 -5  3  1  0 -5 -4 -2    2   6   2   1   0   3   5   1   1   0   5  40   1   0  14   9   7   0   0   2  0.57 0.35
   81 V   -1 -1 -1  4 -5  0  4 -2 -3 -4 -3  3 -4 -5  2 -1 -2 -5 -4 -2    6   1   1  23   0   2  27   3   0   0   2  18   0   0   9   4   1   0   0   3  0.59 0.33
   82 D   -2 -2  0  5 -5  0  4 -1 -1 -5 -5  0 -4 -5 -2  1 -2 -5 -2 -3    3   1   4  39   0   2  26   4   1   0   0   6   0   0   1   8   1   0   2   2  0.81 0.40
   83 N   -2 -1  4 -1 -3  6 -1 -3  0 -3 -2  0 -1 -3 -4  0  1 -5 -4 -4    2   2  24   3   1  37   2   1   2   1   4   4   2   1   0   6   9   0   0   1  0.77 0.45
   84 I   -4 -5 -6 -6 -1 -5 -6 -6 -6  6  3 -5 -1 -3 -4 -5 -4 -5 -4  2    0   0   0   0   1   0   0   0   0  58  28   0   0   0   1   0   0   0   0  11  1.32 0.53
   85 T   -3  1 -2 -3 -5  0  2 -5 -3 -1 -3  6 -1 -5 -4 -3 -1 -5 -4  1    0   4   1   0   0   2  14   0   0   4   1  59   1   0   0   0   2   0   0  10  1.01 0.50
   86 I   -2 -5 -4 -6 -1 -5 -5 -5 -5  5  1 -4  1 -2 -3 -4 -3 -5 -4  5    2   0   1   0   1   0   0   1   0  31  11   1   4   1   1   0   0   0   0  48  1.02 0.45
   87 H   -4 -3 -3 -5 -3 -2 -4 -6 11 -7 -6 -4 -2 -5 -3 -5 -5 -6 -1 -5    1   1   0   0   1   1   0   0  91   0   0   0   1   0   1   0   0   0   1   1  3.16 0.93
   88 G   -2 -5 -2 -4 -6 -5 -4  7 -5 -7 -7 -5 -6 -6 -5 -1 -4 -6 -6 -6    1   0   1   0   0   0   1  94   0   0   0   0   0   0   0   3   0   0   0   0  2.16 0.66
   89 I   -5 -6 -6 -6 -5 -6 -6 -6 -4  0  0 -6 -2  8 -6 -5 -5 -2  2  0    0   0   0   0   0   0   0   0   0   5   6   0   0  79   0   0   0   0   4   6  1.87 0.56

                      K         Lambda
Standard Ungapped    0.1384     0.3202
Standard Gapped      0.0543     0.2670
PSI Ungapped         0.1770     0.3146
PSI Gapped           0.0543     0.2670
