
Last position-specific scoring matrix computed, weighted observed percentages rounded down, information per position, and relative weight of gapless real matches to pseudocounts
           A  R  N  D  C  Q  E  G  H  I  L  K  M  F  P  S  T  W  Y  V   A   R   N   D   C   Q   E   G   H   I   L   K   M   F   P   S   T   W   Y   V
    1 M   -2 -3 -4 -5 -3 -2 -4 -4 -3  0  2 -3  9 -1 -4 -3 -2 -3 -2 -1    0   0   0   0   0   0   0   0   0   0   8   0  92   0   0   0   0   0   0   0  1.48 0.27
    2 V   -3 -6 -6 -6 -4 -5 -6 -6 -6  3 -2 -5 -2 -4 -5 -5 -2 -6 -4  7    0   0   0   0   0   0   0   0   0  17   1   0   0   0   0   0   1   0   0  82  1.66 0.49
    3 V   -5  8 -4 -5 -7 -2 -3 -6 -4 -6 -5  0 -4 -6 -5 -4 -3 -6 -5 -1    0  90   0   0   0   0   0   0   0   0   0   3   0   0   0   0   1   0   0   5  2.19 0.60
    4 T   -3 -5 -4 -4 -2 -4 -4 -5 -5 -1 -2 -4 -3 -4 -4 -2  6 -6 -4  5    0   0   0   1   0   0   0   0   0   0   2   0   0   0   0   0  49   0   0  48  1.29 0.47
    5 R   -5  9 -4 -5 -7 -2 -4 -6 -4 -7 -6 -1 -5 -6 -6 -4 -5 -6 -5 -6    0 100   0   0   0   0   0   0   0   0   0   0   0   0   0   0   0   0   0   0  2.65 0.68
    6 I   -4 -6 -6 -6 -5 -6 -6 -6 -4  4 -2 -6 -2  7 -6 -5 -4 -2  3  1    0   0   0   0   0   0   0   0   0  28   0   0   0  55   0   0   0   0  10   7  1.54 0.45
    7 A    7 -5 -5 -5 -4 -4 -4 -3 -5 -5 -5 -4 -4 -6 -3 -2 -3 -6 -5 -3   99   0   0   0   0   0   0   0   0   0   0   0   0   0   1   0   0   0   0   0  1.95 0.60
    8 P   -5 -6 -6 -5 -7 -5 -5 -6 -6 -7 -7 -5 -6 -8  9 -5 -5 -8 -7 -6    0   0   0   0   0   0   0   0   0   0   0   0   0   0 100   0   0   0   0   0  3.28 0.75
    9 S   -2 -4 -3 -4 -4 -4 -4 -4 -4 -6 -6 -4 -5 -6 -4  7 -2 -6 -5 -5    0   0   0   0   0   0   0   0   0   0   0   0   0   0   0 100   0   0   0   0  2.12 0.67
   10 P   -5 -6 -6 -5 -7 -5 -5 -6 -6 -7 -7 -5 -6 -8  9 -5 -5 -8 -7 -6    0   0   0   0   0   0   0   0   0   0   0   0   0   0 100   0   0   0   0   0  3.28 0.75
   11 T   -4 -5 -4 -5 -4 -4 -4 -5 -5 -4 -5 -4 -4 -6 -5 -2  8 -6 -5 -4    0   0   0   0   0   0   0   0   0   0   0   0   0   0   0   0 100   0   0   0  2.37 0.69
   12 G   -3 -6 -4 -5 -6 -5 -5  8 -5 -7 -7 -5 -6 -7 -6 -4 -5 -6 -7 -7    0   0   0   0   0   0   0 100   0   0   0   0   0   0   0   0   0   0   0   0  2.46 0.61
   13 D    0  1 -1  4 -4 -1  0 -4 -1 -3 -2 -1 -2  3  1 -2 -3 -2  4 -4    7  10   1  28   0   1   4   0   1   1   2   2   1  13   8   2   0   0  20   0  0.52 0.25
   14 P   -3 -4 -5 -5 -4 -1 -4 -5 -5 -2  4 -4  6 -3  5 -4 -4 -5 -4 -1    1   0   0   0   0   3   0   0   0   0  37   0  21   0  34   0   0   0   0   4  1.19 0.41
   15 H   -6 -4 -3 -5 -7 -3 -4 -6 11 -7 -7 -5 -6 -5 -6 -5 -6 -6 -2 -7    0   0   0   0   0   0   0   0 100   0   0   0   0   0   0   0   0   0   0   0  3.71 0.84
   16 V   -3 -5 -6 -6 -4 -5 -6 -6 -6  5  0 -5 -1 -3 -5 -5 -3 -5 -4  6    0   0   0   0   0   0   0   0   0  39   5   0   1   0   0   0   0   0   0  56  1.39 0.43
   17 G   -3 -6 -4 -5 -6 -5 -6  8 -5 -7 -7 -5 -6 -7 -6 -4 -5 -6 -7 -7    0   0   0   0   0   0   0 100   0   0   0   0   0   0   0   0   0   0   0   0  2.47 0.62
   18 T   -3 -4  4 -3 -4 -3 -4  5 -4 -5 -5 -3 -4 -5 -4  0  4 -5 -5 -4    0   0  22   0   0   0   0  39   0   0   0   0   0   0   0   4  34   0   0   0  1.11 0.41
   19 A    4 -4 -5 -5 -3 -4 -4 -4 -5  0  3 -4 -1 -3 -3 -2 -3 -5 -4  2   46   0   0   0   0   0   0   0   0   2  37   0   0   0   0   0   0   0   0  15  0.81 0.35
   20 Y   -5  7 -4 -5 -6 -3 -4 -6 -2 -6 -5 -2 -4 -2 -6 -4 -5 -3  6 -5    0  66   0   0   0   0   0   0   0   0   0   0   0   0   0   0   0   0  33   0  1.98 0.59
   21 I   -3 -4 -3 -4 -4 -2 -4 -5 -5  4 -3 -4  2 -4 -4  0  6 -5 -4 -1    1   0   0   0   0   1   0   0   0  25   0   0   4   0   0   4  63   0   0   1  1.28 0.48
   22 A    7 -5 -5 -5 -4 -4 -4  0 -5 -3 -5 -4 -4 -5 -4 -1 -3 -6 -5 -3   94   0   0   0   0   0   0   4   0   1   0   0   0   0   0   1   0   0   0   0  1.76 0.57
   23 L   -4 -5 -7 -7 -4 -5 -6 -7 -6 -1  6 -6  1 -2 -6 -6 -4 -5 -3 -2    0   0   0   0   0   0   0   0   0   1  96   0   2   0   0   0   0   0   1   1  1.75 0.53
   24 F   -5 -4 -6 -7 -6 -6 -6 -7 -3 -4 -3 -6 -4  8 -7 -5 -5 -2  7 -4    0   1   0   0   0   0   0   0   0   0   1   0   0  61   0   0   0   0  38   0  2.28 0.60
   25 N    1 -4  8 -1 -5 -3  0 -3 -3 -6 -6 -3 -5 -6 -5 -1  0 -7 -5 -5   12   0  75   1   0   0   6   0   0   0   0   0   0   0   0   2   4   0   0   0  1.71 0.54
   26 Y   -5 -4 -5 -6 -5 -4 -3 -6  0 -3  1 -4  0  2 -6 -4 -5  7  8 -4    0   1   0   0   0   0   2   0   1   0  14   1   2   5   0   0   0  13  61   0  1.79 0.52
   27 A    0 -5 -6 -6  5 -5 -5 -5 -5  0  5 -5 -1 -1 -5 -4 -2 -4 -3  0    8   0   0   0  12   0   0   0   0   3  68   0   0   2   0   0   1   0   0   5  1.05 0.37
   28 W   -5 -6 -6 -7 -5 -6 -6 -6 -4  3 -1 -6 -3  8 -6 -5 -5  1  2 -1    0   0   0   0   0   0   0   0   0  18   4   0   0  69   0   0   0   2   5   2  1.81 0.51
   29 A    7 -5 -5 -5 -4 -4 -4 -3 -5 -5 -5 -4 -4 -6 -4 -1 -3 -6 -5 -3   98   0   0   0   0   0   0   0   0   0   0   0   0   0   0   1   1   0   0   0  1.95 0.61
   30 R   -3  6 -2 -4 -6 -1 -2 -5  0 -6 -5  6 -4 -6 -4 -3 -4 -6 -5 -5    1  45   1   0   0   1   1   0   2   0   0  50   0   0   0   0   0   0   0   0  1.58 0.50
   31 R   -1  1 -1 -3 -5  5 -2 -4  7 -5 -5  4 -4 -5 -4  0 -3 -5 -3 -5    4   5   1   0   0  25   0   0  28   0   0  29   0   0   0   8   0   0   0   0  1.10 0.41
   32 N   -2 -2  4 -2 -3  2  2 -4  7 -5 -4 -1  1 -1 -4 -2 -2 -4  1 -5    3   1  24   1   1   8  12   0  33   0   0   2   5   2   0   2   2   0   4   0  0.92 0.35
   33 G   -2 -4  4  0 -5 -2 -3  6 -3 -6 -6 -1 -5 -6 -5 -3 -4 -6 -6 -6    1   0  18   4   0   1   1  71   0   0   0   4   0   0   0   0   0   0   0   0  1.51 0.45
   34 G   -3 -6 -4 -5 -6 -5 -6  8 -5 -7 -7 -5 -6 -7 -6 -4 -5 -6 -7 -7    0   0   0   0   0   0   0 100   0   0   0   0   0   0   0   0   0   0   0   0  2.48 0.63
   35 R   -2  0 -2  4 -5  3  2 -4 -2 -4 -5  4 -4 -5 -3 -1  0 -5 -4 -2    1   4   0  26   0  11  12   0   0   0   0  33   0   0   0   2   7   0   0   3  0.72 0.30
   36 F   -5 -6 -6 -7 -6 -6 -7 -7 -4 -3 -1 -6  2  9 -7 -6 -5 -2  2 -4    0   0   0   0   0   0   0   0   0   0   5   0   5  87   0   0   0   0   3   0  2.40 0.62
   37 I   -4 -5 -6 -6 -4 -5 -6 -6 -6  7  1 -5  1 -2 -5 -5 -3 -5 -1  3    0   0   0   0   0   0   0   0   0  64  12   0   3   0   0   0   0   0   2  19  1.32 0.41
   38 V   -4 -5 -6 -7 -4 -5 -6 -7 -6  0  6 -5 -1  1 -6 -5 -4 -4 -3  1    0   0   0   0   0   0   0   0   0   2  85   0   0   5   0   0   0   0   0   8  1.45 0.46
   39 R   -5  9 -4 -5 -7 -2 -4 -6 -4 -7 -6 -1 -5 -7 -6 -4 -5 -6 -5 -6    0 100   0   0   0   0   0   0   0   0   0   0   0   0   0   0   0   0   0   0  2.68 0.71
   40 I   -4 -6 -7 -6 -4 -6 -6 -7 -7  8 -1 -6 -2 -2 -6 -6 -4 -6 -4  1    0   0   0   0   0   0   0   0   0  91   3   0   0   1   0   0   0   0   0   5  2.03 0.57
   41 E   -4 -4 -4  0 -7 -1  8 -6 -4 -7 -7 -3 -6 -7 -5 -4 -4 -7 -6 -6    0   0   0   3   0   0  97   0   0   0   0   0   0   0   0   0   0   0   0   0  2.32 0.67
   42 D   -5 -5 -2  8 -7 -4 -2 -5 -5 -7 -7 -4 -7 -7 -5 -4 -5 -8 -7 -7    0   0   0 100   0   0   0   0   0   0   0   0   0   0   0   0   0   0   0   0  2.73 0.70
   43 T   -4 -5 -4 -5 -4 -4 -4 -5 -5 -4 -5 -4 -4 -6 -5 -2  8 -6 -5 -4    0   0   0   0   0   0   0   0   0   0   0   0   0   0   0   0 100   0   0   0  2.39 0.71
   44 D   -5 -5 -2  8 -7 -4 -2 -5 -5 -7 -7 -4 -7 -7 -5 -4 -5 -8 -7 -7    0   0   0 100   0   0   0   0   0   0   0   0   0   0   0   0   0   0   0   0  2.73 0.70
   45 R   -1  5 -3 -4 -5  7 -2 -5 -3 -4 -1 -1 -3 -4 -3  0 -1 -5 -4 -4    3  31   0   0   0  49   0   0   0   1   5   0   0   1   1   6   3   0   0   0  1.17 0.45
   46 A    0 -2  2 -1 -4  1  4 -2 -1 -3 -2 -1 -3 -4 -3  0  3 -5 -4  0    8   1  12   1   0   4  30   2   1   0   4   3   0   0   0   6  23   0   0   6  0.44 0.24
   47 R   -5  9 -4 -5 -7 -2 -4 -6 -4 -7 -6 -1 -5 -7 -6 -4 -5 -6 -5 -6    0 100   0   0   0   0   0   0   0   0   0   0   0   0   0   0   0   0   0   0  2.68 0.71
   48 Y   -3 -4 -3 -4 -4 -2 -3 -4 -1 -3  0 -2 -3  5 -5  4 -3 -2  6 -3    0   0   1   0   0   1   1   0   1   0   8   2   0  22   0  34   0   0  29   1  0.96 0.39
   49 V   -2  0 -3 -3 -3 -2 -3 -5 -3 -1 -2 -1 -1 -3 -4  0  4 -5 -4  5    0   7   1   1   0   1   1   0   1   0   0   4   1   0   0   5  26   0   0  52  0.78 0.36
   50 P    0  0 -3  1 -5 -1  5 -3 -3 -4 -4 -1 -4 -4  5 -2 -3 -5 -5 -4    8   5   0   7   0   0  44   1   0   1   2   2   0   0  26   1   0   0   0   1  0.91 0.35
   51 G   -2 -3 -3  2 -5 -1  4  5 -4 -6 -6 -3 -5 -6 -4 -2 -3 -5 -5 -5    2   0   0  10   0   2  31  52   0   0   0   0   0   0   0   1   1   0   0   0  1.15 0.39
   52 A    5 -4 -3 -4 -3 -3 -3 -2 -4 -4 -4 -3 -4  0 -4  4 -2 -1  1 -3   52   0   0   0   0   0   0   1   0   0   1   0   0   3   0  36   0   1   6   0  1.00 0.42
   53 E   -2 -3 -3 -2 -5  0  5 -5 -3  1  0 -2 -1 -4 -4 -3  0 -5 -2  3    1   0   0   0   0   2  52   0   0   8   9   0   2   0   0   0   5   0   1  21  0.79 0.35
   54 E   -1  0 -1  3 -5  5  4 -3 -2 -5 -5  2 -4 -5 -3 -1 -2 -5 -4 -4    6   3   1  15   0  27  32   1   0   0   0  11   0   0   0   2   2   0   0   0  0.82 0.33
   55 R    0  0  3  0 -3  1 -1 -1 -2  2 -2  0  2 -2 -2 -1 -2 -3  3  0    8   5  17   5   0   8   1   4   0  15   1   4   7   0   1   4   0   0  12   7  0.18 0.16
   56 I   -4 -6 -6 -6 -4 -4 -6 -7 -6  7  2 -6  1 -2 -6 -5 -4 -5 -4  1    0   0   0   0   0   1   0   0   0  79  13   0   3   0   0   0   0   0   0   4  1.65 0.49
   57 L   -4 -4 -4 -6 -4 -3 -4 -6 -3  3  3 -5  1  3 -5 -4 -3 -2  5 -1    0   0   1   0   0   1   0   0   0  17  36   0   4  13   0   0   0   0  27   1  0.91 0.33
   58 A   -2  2  2  4 -5  0  3 -3  0 -5 -5  1 -4 -5 -3  0 -1 -5 -4 -4    3  12   9  30   0   3  24   0   2   0   0   9   0   0   0   5   2   0   0   0  0.70 0.27
   59 A    3 -3 -2 -3 -3 -2 -3  0 -4 -4 -4 -3  1 -5 -3  4  4 -5 -4 -3   30   0   1   0   0   0   1   5   0   0   0   0   4   0   0  32  27   0   0   0  0.78 0.35
   60 L   -4 -5 -6 -7 -4 -5 -6 -7 -5  0  6 -5  4  1 -6 -5 -4 -4 -3 -2    0   0   0   0   0   0   0   0   0   2  83   0   9   5   0   0   0   0   0   0  1.50 0.47
   61 K   -1  4  0  0 -5  1  2 -3  0 -5 -5  4 -3 -5 -3 -1 -2 -5 -3 -4    5  28   5   4   0   5  16   0   2   0   0  32   0   0   0   2   1   0   1   0  0.76 0.30
   62 W   -5 -4 -7 -3 -6 -3 -1 -6 -5 -4 -3  0 -1 -2 -7 -5 -4 12 -2 -5    1   0   0   1   0   1   4   0   0   1   2   6   2   0   0   1   1  78   0   1  3.32 0.77
   63 L    1 -4 -4 -5  4 -4 -4 -4 -4  0  4 -4  0 -2 -4 -2  2 -4 -3  0   15   0   0   0   8   0   0   0   0   2  50   0   1   0   0   2  17   0   0   3  0.66 0.30
   64 G   -3 -6 -2 -3 -6 -4 -4  7 -5 -7 -7 -4 -6 -7 -5 -3 -5 -6 -6 -7    0   0   1   1   0   0   1  97   0   0   0   0   0   0   0   0   0   0   0   0  2.31 0.60
   65 L   -4 -5 -6 -6 -4 -5 -6 -6 -6  5  5 -5  1 -2 -5 -5 -3 -5 -4  1    0   0   0   0   0   0   0   0   0  32  61   0   2   0   0   0   0   0   0   5  1.24 0.40
   66 S   -1 -2  2  3 -4  1  3 -3  0  0 -2  1 -2 -4 -1  0  1 -4 -3 -1    2   0  10  20   0   4  19   0   2   7   2  10   0   0   3   4  11   0   0   5  0.30 0.17
   67 Y   -3 -5 -4 -6 -4 -4 -5 -6  6 -3 -4 -5 -4  2  2 -5 -5 11  4 -4    2   0   1   0   0   0   0   0  20   1   0   0   0   7   9   0   0  47  11   1  2.21 0.58
   68 D   -2 -5 -1  8 -6 -3 -1 -4 -4 -6 -7 -3 -6 -7 -5  0 -3 -7 -6 -5    3   0   1  87   0   0   1   0   0   0   0   1   0   0   0   5   1   0   0   0  2.08 0.58
   69 E   -4 -4 -4 -2 -7 -1  8 -6 -1 -7 -7 -3 -6 -7 -5 -4 -4 -6 -6 -6    1   0   0   0   0   0  98   0   1   0   0   0   0   0   0   0   0   0   0   0  2.35 0.68
   70 G   -3 -5 -3 -4 -5 -5 -5  7 -5 -7 -7 -4 -6 -6 -5  0 -2 -6 -6 -6    0   0   0   0   0   0   0  90   0   0   0   0   0   0   0   7   2   0   0   0  2.05 0.55
   71 P   -4 -5 -5 -5 -5 -4 -4 -4 -5 -1 -5 -4 -4 -6  8 -4 -3 -6 -5  2    0   0   0   0   0   0   0   1   0   3   0   0   0   0  77   0   1   0   0  16  2.19 0.57
   72 D   -3 -4 -1  6 -2 -2  1  1 -3 -3 -3 -2 -2 -2 -2  0 -2 -3 -4 -2    1   0   1  59   1   1   8   9   0   1   3   1   1   2   1   5   1   0   0   4  0.97 0.35
   73 V   -2 -1 -2 -4 -2  0 -2 -4  0  3  0  3 -1  0 -4 -3 -2 -4 -2  4    1   2   2   0   1   4   1   0   2  19   5  24   0   5   0   0   0   0   1  34  0.47 0.25
   74 G   -3 -4  0  2 -5 -3 -1  6 -4 -6 -6 -1 -5 -6 -3 -2 -4 -5 -5 -5    0   0   3  14   0   0   4  72   0   0   0   3   0   0   1   0   0   0   0   0  1.41 0.42
   75 G   -3 -5 -3 -3 -5 -4 -2  7 -5 -6 -6 -2 -5 -6 -5 -3 -4 -5 -6 -6    0   0   0   1   0   0   3  92   0   0   0   2   0   0   0   0   0   0   0   0  2.05 0.54
   76 P   -1 -3  0  2 -5 -1  2  1 -3 -5 -5  0 -4 -4  6 -1 -3 -5 -4 -4    3   0   5  13   0   1  16  12   0   0   0   5   0   1  39   3   0   0   0   1  0.90 0.30
   77 H   -3 -3  1 -4  3 -3 -4 -5  6 -3 -3 -3 -3  3 -5 -3 -3 -2  7  1    2   0   7   1   7   0   0   0  19   0   1   1   0  14   0   1   0   0  36  11  1.04 0.36
   78 G    1 -5 -3 -3 -5 -4 -5  7 -5 -6 -6 -4 -5 -6 -5 -2 -4 -5 -6 -5    9   0   0   1   0   0   0  87   0   0   0   0   0   0   0   1   0   0   0   0  1.93 0.51
   79 P   -4 -6 -6 -5 -7 -5 -5 -6 -6 -7 -7 -5 -6 -7  9 -3 -5 -7 -7 -6    0   0   0   0   0   0   0   0   0   0   0   0   0   0  99   1   0   0   0   0  3.21 0.76
   80 Y   -6 -6 -6 -7 -6 -5 -6 -7 -2 -2 -5 -6 -5 -1 -7 -5 -5 -1 10 -5    0   0   0   0   0   0   0   0   0   2   0   0   0   0   0   0   0   0  98   0  3.14 0.78
   81 R   -4  6 -4 -5 -5 -3 -4 -5 -3  3 -2 -1 -2  1 -5 -4 -2 -4  1  3    0  50   0   0   0   0   0   0   0  17   1   0   0   5   0   0   1   0   5  19  0.97 0.38
   82 Q   -5 -3 -4 -4 -7  9 -2 -6 -3 -7 -6 -2 -4 -7 -5 -3 -4 -6 -5 -6    0   0   0   0   0  99   0   0   0   0   0   0   0   0   0   1   0   0   0   0  2.81 0.80
   83 S   -2 -4 -3 -4 -4 -3 -4 -4 -4 -6 -6 -4 -5 -6 -4  7  0 -6 -5 -5    0   0   0   0   0   0   0   0   0   0   0   0   0   0   0  97   3   0   0   0  2.03 0.66
   84 E   -4 -3 -3  0 -7  3  7 -5 -1 -6 -5 -1 -5 -6 -4 -3 -4 -6 -5 -6    0   0   0   4   0  12  81   0   1   0   1   1   0   0   0   0   0   0   0   0  1.80 0.56
   85 R   -5  9 -4 -5 -4 -2 -4 -6 -4 -7 -6 -1 -5 -7 -6 -4 -5 -6 -5 -6    0 100   0   0   0   0   0   0   0   0   0   0   0   0   0   0   0   0   0   0  2.65 0.71
   86 L   -2  1 -2 -3 -3  1 -2  0 -1 -2  2  3  2  1 -3 -1  0 -3 -2 -1    1   7   1   0   0   7   0   6   1   0  27  22   7   7   0   5   5   0   0   2  0.24 0.18
   87 P    1 -3  0  5 -5 -1  3  0  2 -5 -5  0 -4 -4  1 -1 -3 -5 -4 -4   11   0   3  37   0   1  24   8   5   0   0   4   0   0   6   3   0   0   0   0  0.73 0.29
   88 L   -4 -4 -4 -4 -4 -4 -4 -6 -3  6  3 -4  3 -2 -5 -4 -2 -5 -4  0    0   1   0   1   0   0   1   0   1  55  30   0   8   0   0   1   1   0   0   1  1.08 0.38
   89 Y   -6 -6 -6 -7 -6 -5 -6 -7 -1 -5 -5 -6 -5  0 -7 -6 -6 -1 10 -5    0   0   0   0   0   0   0   0   1   0   0   0   0   2   0   0   0   0  98   0  3.19 0.79
   90 Q   -1  3 -2 -3 -4  3 -1 -1 -1 -2  0  4  2 -4 -3 -2 -2 -2 -3 -2    5  20   1   0   0  13   1   5   1   1  13  32   6   0   0   1   1   0   0   1  0.50 0.25
   91 K   -2  1 -2  0 -5  3  3 -2 -1 -5 -5  5 -4 -5  1 -2 -2 -5 -4 -4    2   4   1   5   0  14  23   2   1   0   0  39   0   0   7   1   1   0   0   0  0.79 0.32
   92 Y   -3 -5 -5 -6 -6 -3 -1 -6  4 -5 -4 -5 -4  1 -6 -5 -5 -1  9 -3    2   0   0   0   0   1   4   0   9   0   0   0   0   3   0   0   0   0  79   1  2.33 0.64
   93 A    6 -4 -4 -5  1 -4 -4 -3 -5  0 -2 -4 -2 -4 -4 -1 -2 -5 -4  2   70   0   0   0   3   0   0   0   0   6   2   0   0   0   0   2   1   0   0  16  1.06 0.42
   94 E   -3  1  0  3 -5  4  3 -4 -1 -4 -2  3 -2 -5 -3 -2 -2 -4 -4 -4    1   7   3  18   0  21  22   0   1   0   4  21   1   0   0   0   1   0   0   0  0.69 0.29
   95 E   -3  2 -2 -1 -5  5  4 -4 -2 -2 -2  3 -1 -5 -4 -2 -2 -3 -3 -2    0   8   1   2   0  35  25   0   0   2   3  16   1   0   0   0   1   0   0   3  0.78 0.33
   96 L   -5 -5 -7 -7 -4 -5 -6 -7 -6 -1  7 -6  0 -3 -6 -6 -4 -5 -4 -2    0   0   0   0   0   0   0   0   0   1  99   0   0   0   0   0   0   0   0   0  1.86 0.55
   97 L   -3 -5 -6 -6 -3 -5 -5 -6 -5  4  4 -4  0 -2 -5 -4 -3 -5 -3  4    0   0   0   0   0   0   0   0   0  25  36   0   0   1   0   0   0   0   0  38  1.02 0.35
   98 K    1 -1 -1  4 -5  0  5 -4 -2 -5 -5  1 -4 -5 -3 -1 -2 -5 -4 -4   12   2   2  24   0   3  44   0   0   0   0   8   0   0   0   2   2   0   0   0  0.87 0.34
   99 R    0  0  1  0 -4  2  2 -3 -1 -4 -4  4 -1 -5 -3  1 -1 -5 -4 -4    9   3   7   4   0   7  15   0   1   0   1  36   2   0   0  13   3   0   0   0  0.54 0.25
  100 G   -3 -5 -3  0 -6 -5 -3  7 -3 -7 -7 -2 -6 -6 -5 -3 -5 -6 -6 -6    0   0   0   6   0   0   1  90   0   0   0   2   0   0   0   0   0   0   0   0  2.05 0.55
  101 W   -2 -1 -1  0 -2  1  2 -2  6 -5 -2  4 -3 -2 -4 -3 -3  4  1 -4    3   1   2   5   1   4  13   3  27   0   3  26   0   1   0   0   0   5   5   0  0.68 0.29
  102 A    7 -5 -5 -5 -4 -4 -4 -2 -5 -5 -5 -4 -4 -6 -4 -2 -3 -6 -5 -3   99   0   0   0   0   0   0   1   0   0   0   0   0   0   0   0   0   0   0   0  1.96 0.61
  103 Y   -5 -5 -6 -7 -6 -5 -6 -7 -2 -5 -4 -6 -4  5 -7 -5 -5 -1  9 -5    0   0   0   0   0   0   0   0   0   0   0   0   0  20   0   0   0   0  80   0  2.69 0.69
  104 R   -4  3 -5 -5 -6 -4 -3 -6  1 -1 -3  1 -4 -1  0 -4 -4 -1  8 -3    0  14   0   0   0   0   1   0   3   5   1   8   0   0   5   0   0   0  63   1  1.57 0.51
  105 A    2 -7 -6 -7 11 -6 -7 -5 -6 -5 -5 -6 -5 -6 -6 -3 -4 -6 -6 -4   19   0   0   0  80   0   0   0   0   0   0   0   0   0   0   1   0   0   0   0  3.01 0.71
  106 F   -6 -6 -6 -7 -6 -6 -6 -7 -1 -4 -3 -6 -3  9 -7 -6 -5 -1  4 -4    0   0   0   0   0   0   0   0   1   0   0   0   0  85   0   0   0   0  13   0  2.50 0.63
  107 E    0  1 -4  3 10 -5 -1 -5 -5 -5 -5 -5 -5 -6 -5 -3 -4 -6 -6 -4    7   7   0  15  64   0   5   0   0   0   0   0   0   0   0   1   0   0   0   0  2.11 0.57
  108 T   -3 -3 -2  2 -4 -3 -2 -3 -4 -4 -5 -3 -4 -5 -3  2  7 -6 -5 -3    0   1   0  12   0   0   1   1   0   0   0   0   0   0   0  17  68   0   0   0  1.34 0.50
  109 P    1 -2 -2 -3 -4  0  0 -3 -3 -5 -5  4 -3 -5  6  1 -1 -5 -4 -3   14   1   1   0   0   5   6   0   0   0   0  25   0   0  35  10   2   0   0   1  0.88 0.33
  110 E   -2 -3 -3  1 -5  0  7 -5 -3 -6 -6 -1 -5 -7 -4 -3 -3 -6 -5 -6    3   0   0   5   0   1  88   0   0   0   0   2   0   0   0   0   1   0   0   0  1.91 0.59
  111 E   -2  6 -3 -1 -6 -1  5 -5 -3 -5 -5 -1 -5 -6 -4 -2 -3 -6 -5 -5    2  46   0   3   0   0  47   0   0   0   0   1   0   0   0   1   0   0   0   0  1.43 0.48
  112 L   -5 -5 -7 -7 -4 -5 -6 -7 -6  0  7 -6  0 -3 -6 -6 -4 -5 -4 -2    0   0   0   0   0   0   0   0   0   2  98   0   0   0   0   0   0   0   0   0  1.83 0.54
  113 E    1 -3 -1  6 -5  0  5 -4 -3 -5 -6 -2 -5 -6 -4 -1 -2 -6 -5 -5   11   0   2  42   0   2  38   0   0   0   0   1   0   0   0   2   1   0   0   0  1.16 0.40
  114 Q    2  0 -1 -1 -4  2  3 -2  0 -3 -4  1 -2 -4 -3  1  0 -4 -3 -3   24   4   2   2   0  11  26   1   2   1   0   9   1   0   0  12   4   0   0   1  0.43 0.23
  115 I   -2  0 -2 -3 -2 -1 -1 -5 -1  1  3 -1  6 -2 -4 -3 -3 -4 -2  1    2   4   1   1   1   2   5   0   2   6  36   5  24   0   0   0   0   0   1  10  0.54 0.26
  116 R   -5  8 -3 -5 -7 -2 -3 -5  0 -6 -5  3 -5 -6 -5 -4 -4 -6 -5 -5    0  81   0   0   0   0   0   0   2   0   0  15   0   0   0   0   0   0   0   0  2.03 0.58
  117 K    1  0  0  0 -5  2  4 -3 -2 -4 -4  4 -3 -4 -3 -1 -2 -5 -4 -4   13   3   4   3   0   8  34   1   0   0   1  29   0   0   0   2   2   0   0   0  0.69 0.30
  118 E    0  0 -2 -1 -5  2  6 -2 -3 -2 -4  1 -3 -4 -4 -1 -2 -5 -1 -3    9   5   1   1   0   9  56   2   0   3   1   6   0   0   0   2   2   0   2   1  0.82 0.34
  119 K    1  2 -1 -3 -3  5 -1 -3  0  2 -1  0 -1 -3 -1 -2 -1 -4 -3 -1   15  10   2   0   0  38   1   0   2  14   3   3   1   0   2   1   3   0   0   4  0.51 0.28
  120 G    0  1 -2 -2 -4  2  1  0 -2 -3 -3  1  2 -1  4  0 -1 -4 -2 -2    7  10   1   1   0  12  10   9   0   0   0   8   6   4  21   4   4   0   1   2  0.35 0.18
  121 G    3  2  0 -2 -3 -1 -1  3 -1 -2 -3  2 -1 -4 -3 -1 -2 -4 -4 -1   27  10   6   0   0   1   2  25   1   3   1  17   2   0   0   1   1   0   0   4  0.40 0.21
  122 Y   -3 -5 -5 -6 -6 -2 -4 -6 -2 -5 -3 -5 -3  0 -6 -4 -5 -1 10 -5    2   0   0   0   0   2   1   0   0   0   1   0   0   0   0   0   0   0  90   0  2.69 0.69
  123 D   -2 -4  2  7 -6 -3 -1 -1 -4 -6 -5 -2 -5 -6 -4 -1 -2 -7 -6 -5    2   0  10  71   0   0   2   5   0   0   1   1   0   0   0   3   2   0   0   1  1.48 0.46
  124 G    0  4 -2 -3 -5 -1 -3  5  0 -5 -4  3 -4 -5 -3 -2 -3  2 -4 -5    8  23   0   0   0   1   0  41   3   0   1  19   0   0   1   1   0   3   0   0  0.81 0.31
  125 R   -2  4 -2 -3  0 -2 -2 -3  8 -3 -1  1 -3 -2 -4 -1 -1 -5 -1 -4    3  23   0   0   2   0   0   1  41   1   6   9   0   1   0   5   4   0   1   0  0.98 0.37
  126 A   -1 -5  0 -1 10 -4 -5 -1 -4 -4 -5 -5 -4 -4 -5 -1  1  0  0 -3    4   0   5   4  63   0   0   4   0   0   0   0   0   0   0   4   9   1   4   1  1.87 0.52
  127 R   -3  7 -4 -5 -3 -2 -3 -5 -4 -3  3 -1  0 -4 -5 -3 -4 -5 -3 -3    1  58   0   0   0   0   0   0   0   0  35   2   2   0   0   1   0   0   0   0  1.27 0.45
  128 N   -1 -1  4  2 -4 -1  0  0  5 -4 -3  1 -3 -3 -3  1  1 -4  0 -4    6   2  20  11   0   1   6   5  19   0   2   7   0   0   0  10   7   0   3   0  0.45 0.22
  129 I   -4 -4 -5 -6 -4 -5 -5 -6 -4  2  6 -4  2 -2 -5 -5 -3 -2 -2 -1    0   0   0   0   0   0   0   0   0   9  81   1   5   0   0   0   0   0   1   1  1.32 0.43
  130 P   -1 -3 -2  0  0 -3 -2 -3 -4 -4 -4 -1 -4 -5  4  5  3 -5 -4 -4    2   0   0   5   2   0   1   1   0   0   0   3   0   0  23  45  18   0   0   0  0.92 0.38
  131 P    1  1 -2  0 -4  1  1 -3 -2 -2 -2  4 -3 -4  4 -1 -2 -5 -4 -2   13   5   0   5   0   6   9   0   1   2   4  29   0   0  21   3   1   0   0   2  0.50 0.23
  132 E    0 -3 -3  2 -6  0  7 -3 -3 -6 -5 -2 -5 -6 -4 -1 -3 -6 -5 -5    9   1   0  10   0   2  72   1   0   0   0   0   0   0   0   4   1   0   0   0  1.39 0.47
  133 E   -4 -3 -3  0 -7  1  7 -5 -3 -5 -6 -1 -4 -6 -4 -3 -4 -6 -5 -5    0   0   0   4   0   4  87   0   0   1   0   2   0   0   0   0   0   0   0   0  1.92 0.58
  134 A    1  1 -4 -4 -2 -1 -4 -4 -4  4 -1 -2 -2 -3 -4 -2 -1 -4 -3  5   14   8   0   0   0   2   0   0   0  22   1   2   0   0   0   3   2   0   0  45  0.65 0.29
  135 E    1  0 -1  1 -5  4  4 -3 -1 -4 -4  2 -3 -5 -3 -1  0 -5 -4 -4   11   4   1   8   0  19  32   0   1   0   1  15   0   0   0   2   4   0   0   0  0.62 0.27
  136 E    3  4 -1 -2 -4  2  2 -2 -2 -4 -4  3 -3 -4 -3  0 -2 -5 -4 -3   25  24   1   0   0   7  16   1   1   0   0  20   0   0   0   4   1   0   0   0  0.60 0.27
  137 R   -4  5  3 -3 -4 -2 -2 -4 -2 -4  1  3 -1 -2 -4 -3 -3 -4  0 -4    0  42  15   0   0   0   0   0   0   0  16  19   1   2   0   0   0   0   4   0  0.80 0.34
  138 A   -1 -2 -4 -4 -3 -2  1 -4 -4  3  4 -3  1 -2 -4 -3 -2 -4 -3  1    6   2   0   0   0   1  13   0   0  20  45   1   3   0   0   1   1   0   0   7  0.53 0.25
  139 R    5  0 -1  2 -4  0  1 -2 -3 -4 -4  1 -3 -5 -3  0 -2 -5 -4 -3   53   4   1  14   0   4  10   2   0   0   0   7   0   0   0   3   1   0   0   0  0.68 0.32
  140 R    5 -1  2  0 -4  1  3 -2 -3 -4 -4  0 -3 -4 -3  0 -2 -5 -4 -3   51   3   9   4   0   5  18   1   0   0   0   4   0   0   0   5   0   0   0   0  0.67 0.32
  141 G   -3 -5  0 -3 -6 -4 -4  7 -5 -7 -7 -2 -6 -6 -5 -3 -4 -6 -6 -6    0   0   4   1   0   0   1  89   0   0   0   3   0   0   0   1   0   0   0   0  1.99 0.54
  142 E   -1  1 -2  0 -2  1  4 -4 -2  0 -2  2  0 -4 -3 -2 -1  0 -3  0    4   6   1   3   1   5  39   0   0   7   3  16   2   0   0   0   2   2   0   8  0.47 0.24
  143 P   -1 -1 -4 -1 -5  1  0 -3 -1 -5 -5  1 -5 -6  7  0 -3 -6 -5 -5    4   2   0   3   0   5   5   1   2   0   0   9   0   0  62   6   1   0   0   0  1.51 0.44
  144 H   -1 -4 -3 -5 -3 -4 -4 -5  5 -5 -4 -4 -4  3  2 -2 -4  0  8 -4    6   0   1   0   0   0   0   0  15   0   0   0   0   8   9   2   0   1  57   0  1.60 0.50
  145 V   -1 -6 -6 -6 -4 -5 -5 -6 -6  0 -2 -5 -2 -4 -5 -3  0 -6 -4  7    4   0   0   0   0   0   0   0   0   0   0   0   0   0   0   2   6   0   0  89  1.70 0.54
  146 I   -4 -6 -6 -6 -4 -5 -6 -7 -6  7  0 -5 -2 -3 -6 -5 -3 -5 -3  4    0   0   0   0   0   0   0   0   0  66   3   0   0   0   0   0   0   0   1  30  1.55 0.47
  147 R   -5  9 -4 -5 -7 -2 -4 -6 -4 -7 -6 -1 -5 -7 -6 -4 -5 -6 -5 -6    0 100   0   0   0   0   0   0   0   0   0   0   0   0   0   0   0   0   0   0  2.68 0.71
  148 L   -3 -4 -5 -5 -4  3 -4 -5 -4  1  3 -4  6  4 -5 -4 -3 -3 -2 -2    0   0   0   0   0  16   0   0   0   5  34   0  23  21   0   0   0   0   0   0  0.94 0.37
  149 K   -2  2  3 -3 -6 -1 -2 -4 -2 -5 -4  7 -3 -5 -4 -3 -3 -6 -5 -3    2   7  17   0   0   0   0   0   0   0   2  68   0   0   0   0   0   0   0   1  1.34 0.47
  150 V   -2 -4  1 -4 -3 -4 -4 -5 -4  3  0 -4  5 -2 -5 -2  0 -3 -3  5    2   0   8   0   0   0   0   0   0  19   6   0  16   0   0   1   5   0   0  41  0.75 0.31
  151 P   -4 -4 -5 -4 -7 -4  0 -6 -6 -6 -7 -4 -6 -7  9 -4 -4 -7 -7 -6    0   1   0   1   0   0   5   0   0   0   0   0   0   0  92   0   0   0   0   0  2.87 0.70
  152 R   -1  1  0  1 -3  0  2 -3 -1 -2  0  0 -1 -2  1  0  2 -3 -1 -1    4   9   3   9   0   3  18   0   1   1  14   4   0   1   6   4  16   0   3   4  0.16 0.13
  153 P   -2 -2  2  2 -5  0  5  0 -1 -5 -5 -1 -4 -5 -2  0  0 -5 -2 -4    1   1  11  12   0   2  49   7   1   0   0   2   0   0   2   4   7   0   1   1  0.77 0.32
  154 G   -2 -1 -3 -3 -5 -1  1  6 -1 -4 -6 -1 -4 -6 -5 -3 -2 -5 -5 -3    0   3   0   0   0   2  12  72   2   1   0   3   0   0   0   0   2   0   0   2  1.32 0.42
  155 T   -1 -1 -1  1 -2  0  2 -3 -2 -1 -2  0 -2 -3 -2  1  3 -4 -3  1    1   2   2   7   0   4  18   0   0   3   1   7   0   1   1  12  26   0   0  14  0.31 0.20
  156 T   -2 -4 -4 -5  6 -4 -4 -5 -5  2  0 -4 -2 -2 -4 -2  5 -5 -3  2    1   0   0   0  21   0   0   0   0  13   8   0   0   1   0   1  43   0   1  12  0.98 0.38
  157 E   -1  0 -2 -1 -3 -1  0 -3  3  0 -2  1 -2 -3 -3  0  4  0 -2  3    2   4   0   2   0   1   6   1   7   4   1   9   0   0   1   4  29   1   0  27  0.36 0.23
  158 V   -4 -5 -6 -6 -2 -5 -5 -6 -3  2  0 -5  0  7 -6 -5 -4 -3  0  4    0   0   0   0   1   0   0   0   0   9   6   0   2  51   0   0   0   0   2  30  1.26 0.41
  159 K   -3  0  3  2 -5  1  2 -4  6 -4 -5  1 -3 -4 -1 -2  0 -5 -1 -2    0   5  16  11   0   5  14   0  27   0   0   7   0   0   3   1   6   0   1   3  0.66 0.28
  160 D   -5 -5 -2  8 -7 -4 -2 -5 -5 -7 -7 -4 -7 -7 -5 -4 -5 -8 -7 -7    0   0   0 100   0   0   0   0   0   0   0   0   0   0   0   0   0   0   0   0  2.73 0.70
  161 E    0 -1 -3 -2 -3 -1  2 -1 -2  2  2 -2  5 -2 -4 -3 -2 -3  0  1    7   3   0   2   0   1  15   4   1  11  24   1  18   0   0   0   0   0   4   8  0.30 0.20
  162 L   -3 -4 -6 -6 -1 -5 -5 -6 -5  5  3 -5 -1 -2 -5 -4 -3 -5 -4  3    0   0   0   0   1   0   0   0   0  43  34   0   0   0   0   1   0   0   0  20  1.05 0.35
  163 R   -4  7 -4 -5 -6 -2 -3 -5  0 -5 -3  1 -2 -1 -5 -4 -4 -4  5 -5    0  65   0   0   0   0   0   0   2   0   3   6   1   2   0   0   0   0  22   0  1.59 0.51
  164 G   -3 -5 -4 -2 -6 -5 -4  7 -5 -7 -7 -3 -6 -7 -5 -3 -5 -6 -6 -7    0   0   0   2   0   0   1  96   0   0   0   1   0   0   0   0   0   0   0   0  2.30 0.60
  165 V   -2  1  0  5 -5 -1  3 -4  1 -3 -4  1 -4 -5  0 -1  1 -2 -4 -3    1   6   2  37   0   1  20   0   3   1   0   8   0   0   5   1  11   1   0   2  0.66 0.27
  166 V   -3 -6 -6 -6 -4 -5 -6 -6 -6  6 -1 -5  1 -3 -5 -5 -2 -6 -4  5    0   0   0   0   0   0   0   0   0  48   1   0   3   0   0   0   1   0   0  47  1.43 0.45
  167 V   -1 -1 -2 -1 -2 -1  4 -4 -1 -2 -4  0 -2 -4 -3  2  4 -3 -4  1    4   3   0   1   1   1  32   0   2   1   0   4   0   0   0  13  29   0   0  11  0.56 0.29
  168 Y   -3 -3 -5 -6 -3 -4 -5 -6 -4  4  0 -5 -1  6 -5 -4 -3  1  1  3    1   1   0   0   0   1   0   0   0  27   4   0   1  38   0   0   1   2   3  22  1.00 0.35
  169 D   -2 -2  3  5 -5  0  2 -3 -2 -5 -5  0 -3 -6  4 -1 -3 -6 -5 -5    2   1  13  35   0   3  16   0   0   0   1   5   0   0  20   3   0   0   0   0  0.89 0.32
  170 N   -3 -3  6 -3  0 -3 -4 -4 -1 -5 -4 -4 -3 -4 -4  1  2  8 -3 -3    0   0  43   0   2   0   0   0   1   0   1   0   0   0   0  12  14  23   0   2  1.36 0.46
  171 Q    2  0  3  3 -3 -1  1 -1 -2 -4 -4  0 -3 -4 -2  3 -1 -5 -4 -3   20   5  13  16   0   1   9   3   0   0   0   6   0   0   1  24   2   0   0   0  0.43 0.22
  172 E   -1 -1  0  2 -4  3  4 -2 -2  0  0  0  0 -4 -3 -1  1 -4 -3 -2    2   3   3  12   0  16  29   3   0   6   8   4   2   0   0   2   8   0   0   2  0.35 0.20
  173 I   -3 -4 -5 -5 -3 -3 -5 -6 -5  4  4 -4  2  0 -5 -4 -3 -4 -2  3    0   0   0   0   0   1   0   0   0  23  43   0   4   4   0   0   0   0   0  24  0.85 0.30
  174 P   -5 -5 -2  8 -7 -2  0 -1 -4 -6 -7 -4 -6 -7  0 -3 -4 -7 -6 -6    0   0   0  84   0   1   5   4   0   0   0   0   0   0   5   0   0   0   0   0  2.04 0.57
  175 D   -1 -5 -2  8 -1 -4 -2 -5 -4 -5 -5 -4  4 -6 -5 -3 -4 -7 -6 -5    6   0   0  80   2   0   0   0   0   0   0   0  12   0   0   0   0   0   0   0  1.94 0.58
  176 V   -3 -2 -3 -4 -5  6 -2 -4 -3 -4 -1  3  4  3 -1 -3 -3 -2 -2 -2    1   0   0   0   0  48   0   0   0   0   4  15  13  13   3   0   0   1   0   2  1.00 0.42
  177 V   -3 -6 -6 -6 -4 -5 -6 -6 -6  5 -2 -5 -2 -3 -5 -5 -3 -6 -4  6    0   0   0   0   0   0   0   0   0  35   0   0   0   0   0   0   0   0   0  65  1.59 0.49
  178 L   -4 -5 -6 -7 -4 -5 -6 -7 -6  3  6 -5 -1 -2 -6 -5 -4 -5 -4 -1    0   0   0   0   0   0   0   0   0  18  82   0   0   0   0   0   0   0   0   0  1.52 0.47
  179 L   -3 -4 -5 -6 -3 -4 -5 -6 -4  4  4 -4  5  1 -5 -4 -3 -1  1  1    1   0   0   0   0   0   0   0   0  26  37   0  18   6   0   0   0   1   6   6  0.83 0.31
  180 K   -4  0 -4 -4 -7 -2 -3 -5 -4 -6 -6  8 -5 -7 -5 -4 -4 -7 -5 -6    0   1   0   0   0   0   0   0   0   0   0  99   0   0   0   0   0   0   0   0  2.34 0.67
  181 S    2 -4 -2 -3 -4 -3 -3 -2 -4 -5 -5 -3 -4 -5 -4  6  2 -6 -5 -4   18   0   0   0   0   0   0   1   0   0   0   0   0   0   0  71   9   0   0   0  1.32 0.50
  182 D   -5 -5  1  8 -7 -4 -2 -5 -4 -7 -7 -4 -7 -7 -5 -3 -4 -8 -7 -7    0   0   4  95   0   0   0   0   0   0   0   0   0   0   0   1   0   0   0   0  2.52 0.66
  183 G   -3 -5 -1 -3 -6 -4 -1  7 -4 -7 -7 -5 -6 -6 -5 -3 -5 -6 -6 -6    0   0   2   1   0   0   4  93   0   0   0   0   0   0   0   0   0   0   0   0  2.12 0.57
  184 Y   -4 -5 -4 -6 -5 -4 -5 -6 -3  0  1 -4  7  6 -6 -5 -3 -1  5 -2    0   0   1   0   0   0   0   0   0   4  13   0  30  32   0   0   1   0  18   0  1.25 0.42
  185 P   -5 -6 -6 -5 -7 -5 -5 -6 -6 -7 -7 -5 -6 -8  9 -4 -5 -8 -7 -6    0   0   0   0   0   0   0   0   0   0   0   0   0   0 100   0   0   0   0   0  3.27 0.77
  186 T   -3 -5 -4 -5 -4 -4 -4 -5 -5 -4 -5 -4 -4 -6 -4 -2  8 -6 -5 -2    1   0   0   0   0   0   0   0   0   0   0   0   0   0   1   0  98   0   0   1  2.27 0.69
  187 Y   -6 -6 -6 -7 -6 -5 -6 -7 -2 -5 -5 -6 -5 -1 -7 -6 -6 -1 10 -5    0   0   0   0   0   0   0   0   0   0   0   0   0   0   0   0   0   0 100   0  3.30 0.81
  188 H   -5 -4  6 -3 -6 -3 -4 -5 10 -7 -6 -4 -5  0 -6 -4 -4 -6 -2 -6    0   0  33   0   0   0   0   0  63   0   0   0   0   4   0   0   0   0   0   0  2.39 0.65
  189 L   -5 -5 -6 -6 -5 -5 -6 -6 -5 -2  5 -5  2  7 -6 -5 -4 -3 -1 -2    0   0   0   0   0   0   0   0   0   0  52   0   5  43   0   0   0   0   0   0  1.46 0.46
  190 A    7 -5 -5 -5 -4 -4 -4 -3 -5 -5 -5 -4 -4 -6 -4 -2 -3 -6 -5 -2   98   0   0   0   0   0   0   1   0   0   0   0   0   0   0   0   0   0   0   2  1.92 0.61
  191 N   -3 -4  8 -2  2 -3 -4 -4 -3 -4 -5 -4 -4 -6 -5 -1 -2 -7 -5  2    2   0  71   0   5   0   0   0   0   0   0   0   0   0   0   4   2   0   0  16  1.60 0.52
  192 V   -3 -6 -6 -6 -1 -5 -6 -6 -6  3 -2 -5  0 -4 -5 -5 -3 -6 -4  7    0   0   0   0   1   0   0   0   0  16   0   0   2   0   0   0   0   0   0  81  1.65 0.51
  193 V   -3 -6 -6 -6 -4 -5 -6 -6 -6  3 -2 -5 -2 -4 -6 -5 -3 -6 -4  7    0   0   0   0   0   0   0   0   0  16   0   0   0   0   0   0   0   0   0  83  1.75 0.53
  194 D   -5 -5 -2  8 -7 -4 -2 -5 -5 -7 -7 -4 -7 -7 -5 -4 -5 -8 -7 -7    0   0   0 100   0   0   0   0   0   0   0   0   0   0   0   0   0   0   0   0  2.73 0.70
  195 D   -5 -5 -2  8 -7 -4 -2 -5 -5 -7 -7 -4 -7 -7 -5 -4 -5 -8 -7 -7    0   0   0 100   0   0   0   0   0   0   0   0   0   0   0   0   0   0   0   0  2.73 0.70
  196 H   -3 -2 -3 -5 -7 -3 -4 -6 11 -7 -6 -4 -5 -3 -6 -5 -5 -6  2 -5    2   1   0   0   0   0   0   0  89   0   0   0   0   0   0   0   0   0   6   1  3.10 0.76
  197 L   -2 -4 -5 -2 -4 -2 -4 -6  0 -1  6 -5  1 -1 -5 -4 -1 -4 -3 -2    3   0   0   3   0   1   1   0   2   0  81   0   2   2   0   1   5   0   0   0  1.14 0.41
  198 M   -5 -5 -6 -7 -5 -3 -6 -7 -6 -3 -2 -5 11 -4 -7 -6 -5 -5 -5 -3    0   0   0   0   0   1   0   0   0   0   0   0  99   0   0   0   0   0   0   0  3.34 0.86
  199 G   -1 -1  0 -2 -5  1  3  5  0 -5 -5  3 -4 -5 -4 -2 -3 -5 -4 -5    3   2   3   0   0   7  23  41   2   0   1  17   0   0   0   0   0   0   0   0  0.79 0.31
  200 V   -4 -6 -6 -6 -4 -6 -6 -7 -6  8 -1 -6  0 -2 -6 -5 -1 -6 -4  2    0   0   0   0   0   0   0   0   0  85   0   0   1   1   0   0   3   0   0  10  1.85 0.54
  201 T   -3 -4 -3 -4 -4 -4 -4 -4 -5 -4 -5 -4 -4 -5 -4  3  7 -6 -5 -4    0   0   0   0   0   0   0   0   0   0   0   0   0   0   0  23  77   0   0   0  1.77 0.59
  202 D   -6 -4 -3 -2 -7 -3 -4 -6 11 -7 -7 -5 -6 -5 -6 -5 -6 -6 -2 -7    0   0   0   2   0   0   0   0  98   0   0   0   0   0   0   0   0   0   0   0  3.58 0.84
  203 V   -3 -6 -6 -6 -4 -5 -6 -6 -6  3 -2 -5 -2 -4 -6 -5 -3 -6 -4  7    0   0   0   0   0   0   0   0   0  12   0   0   0   0   0   0   0   0   0  87  1.79 0.54
  204 I   -1 -5 -5 -6 -3 -5 -5 -6 -5  6  2 -5  2  0 -5 -4 -2 -5 -3  4    4   0   0   0   0   0   0   0   0  48  15   0   4   3   0   0   0   0   0  26  0.99 0.34
  205 R   -5  9 -4 -5 -7 -2 -4 -6 -4 -7 -6 -1 -5 -7 -6 -4 -5 -6 -5 -6    0 100   0   0   0   0   0   0   0   0   0   0   0   0   0   0   0   0   0   0  2.68 0.71
  206 A    3 -5 -4 -4 -5 -5 -5  7 -5 -6 -6 -4 -5 -6 -5 -3 -4 -6 -6 -5   22   0   0   0   0   0   0  78   0   0   0   0   0   0   0   0   0   0   0   0  1.79 0.51
  207 E   -4 -3  3  1 -2  1  7 -5 -3 -6 -6 -2 -3 -6 -4 -1 -3 -6 -5 -5    0   0  16   5   1   4  71   0   0   0   0   0   1   0   0   2   0   0   0   0  1.49 0.50
  208 E   -4 -4 -4  0 -7 -1  8 -6 -4 -7 -7 -3 -6 -7 -5 -4 -4 -7 -6 -6    0   0   0   2   0   0  98   0   0   0   0   0   0   0   0   0   0   0   0   0  2.35 0.68
  209 W   -6 -6 -6 -7 -6 -5 -6 -6  5 -6 -5 -6 -5 -2 -7 -6 -6 12  5 -6    0   0   0   0   0   0   0   0  13   0   0   0   0   0   0   0   0  66  21   0  3.34 0.76
  210 L   -4 -5 -6 -6 -4 -5 -6 -7 -6  4  5 -5  0 -2 -6 -5 -4 -5 -4 -1    0   0   0   0   0   0   0   0   0  28  70   0   1   0   0   0   0   0   0   1  1.37 0.43
  211 V    0 -4  2 -3 -4 -3 -3 -3 -4 -4 -5 -3 -4 -5  5  5  0 -6 -5 -3    5   0  11   0   0   0   0   0   0   0   0   0   0   0  29  48   4   0   0   2  1.11 0.42
  212 S   -2 -4  3 -3 -4 -3 -3 -4 -4 -6 -6 -3 -5 -6 -4  7 -2 -6 -5 -5    0   0  13   0   0   0   0   0   0   0   0   0   0   0   0  86   0   0   0   0  1.77 0.60
  213 T    3 -4 -3 -4 -3 -3 -3 -2 -4 -3 -2 -3  1 -4 -4  1  5 -5 -4 -1   31   0   0   0   0   0   0   1   0   0   4   0   5   0   0   8  47   0   0   4  0.86 0.38
  214 P   -2 -6 -6 -5 -7 -5 -5 -6 -6 -7 -7 -5 -6 -7  9 -4 -5 -8 -7 -6    3   0   0   0   0   0   0   0   0   0   0   0   0   0  97   0   0   0   0   0  3.11 0.74
  215 I   -4  1 -3 -4 -6 -2 -2 -5 -4  0  1  7 -1 -3 -4 -3 -4 -6 -4 -4    0   6   0   0   0   0   0   0   0   5  15  72   1   1   0   0   0   0   0   0  1.32 0.47
  216 H   -5 -4 -3 -4 -6  3 -3 -6 10 -6 -2 -4 -4 -3 -6 -4 -5 -4  5 -6    0   0   0   1   0  13   0   0  62   0   4   0   0   0   0   0   0   0  21   0  2.18 0.61
  217 V   -2 -3  3 -3 -2  1 -3 -4 -3  3  1 -1 -1 -3 -4 -3 -2 -5 -3  3    0   0  18   0   1   8   1   0   0  23  15   4   1   0   0   0   1   0   0  28  0.49 0.25
  218 L   -3  2 -4 -5 -4  0 -4 -5 -1  0  5 -1  1  0 -5 -4 -3 -4  1 -1    1  14   0   0   0   4   0   0   1   2  61   4   3   2   0   0   0   0   5   2  0.75 0.32
  219 L   -4 -5 -6 -6 -4 -5 -6 -6 -6  2  6 -5  2 -2 -6 -5 -3 -5 -4  0    0   0   0   0   0   0   0   0   0  10  82   0   4   0   0   0   0   0   0   3  1.42 0.45
  220 Y   -6 -6 -6 -7 -6 -5 -6 -7 -1 -4 -4 -6 -5  0 -7 -6 -5 -1 10 -5    0   0   0   0   0   0   0   0   1   1   1   0   0   1   0   0   0   0  97   0  3.11 0.78
  221 R   -3  3  0  2 -6  3  5 -4 -2 -5 -5  2 -3 -5 -4 -2 -3 -5 -4 -5    1  17   3  10   0  16  39   0   0   0   0  12   1   0   0   0   0   0   0   0  0.90 0.34
  222 A    6 -4 -4 -3  0 -4 -4 -3 -3 -4 -4 -4 -2 -1 -4 -1 -3 -1  5 -2   69   0   0   2   2   0   0   0   0   0   0   0   1   2   0   1   0   0  21   1  1.22 0.46
  223 F   -5 -6 -6 -7 -3 -6 -6 -7 -5 -2  2 -6 -2  8 -7 -6 -5 -2  0 -4    0   0   0   0   1   0   0   0   0   0  20   0   0  78   0   0   0   0   0   0  2.11 0.57
  224 G   -3 -5 -2 -3 -6 -5 -2  7 -5 -7 -7 -5 -6 -6 -5 -3 -5 -6 -6 -6    0   0   2   1   0   0   3  94   0   0   0   0   0   0   0   0   0   0   0   0  2.17 0.57
  225 W   -5 -5 -8 -8 -6 -6 -7 -7 -6 -5 -2 -7 -5  1 -8 -7 -6 13  2 -6    1   0   0   0   0   0   0   0   0   0   3   0   0   4   0   0   0  86   5   0  4.01 0.86
  226 E   -3 -2 -1  3 -6  2  6 -4 -2 -6 -5  0 -4 -6  0 -2 -1 -6 -5 -4    1   1   2  16   0   6  59   0   0   0   0   4   0   0   5   1   4   0   0   0  1.13 0.40
  227 A    1 -2 -3 -3 -2  0  0 -3 -1  1  0  0  5 -3  3 -2 -1 -4 -3  1   17   1   0   0   0   5   7   0   2   9   4   6  18   0  15   1   2   0   0  12  0.34 0.21
  228 P   -5 -6 -6 -5 -7 -5 -5 -6 -6 -7 -7 -5 -6 -8  9 -5 -5 -8 -7 -5    0   0   0   0   0   0   0   0   0   0   0   0   0   0  99   0   0   0   0   1  3.26 0.77
  229 R   -1  0 -2 -2 -3  3  2 -4 -2  0 -2  1 -1 -4 -3 -2  2 -4 -3  3    4   4   1   0   0  16  15   0   1   4   2  11   1   0   0   1  12   0   0  28  0.36 0.23
  230 F   -5 -5 -5 -6 -5 -5 -6 -6 -3 -2  1 -5 -1  7 -6 -5 -5  4  6 -3    0   0   0   0   0   0   0   0   0   1  16   0   1  50   0   0   0   5  27   1  1.60 0.46
  231 Y    4 -4 -4 -5  6 -4 -4 -1 -4  2 -1 -4  1 -2 -4 -2 -2 -2 -1  3   36   0   0   0  18   0   0   3   0  12   2   0   4   1   0   0   0   1   3  21  0.70 0.30
  232 H   -6 -4 -3 -5 -7 -3 -4 -6 11 -7 -7 -5 -6 -5 -6 -5 -6 -6  0 -7    0   0   0   0   0   0   0   0  97   0   0   0   0   0   0   0   0   0   3   0  3.59 0.84
  233 M   -4 -5 -5 -6  5 -4 -5 -6 -5  0  4 -5  6 -3 -5 -4 -2 -4 -4  1    0   0   0   0  14   0   0   0   0   2  50   0  24   0   0   0   2   0   0   9  1.15 0.40
  234 P   -2 -5 -5 -5 -6 -5 -4 -5 -6 -6 -6 -4 -6 -7  8  1 -3 -7 -6 -6    2   0   0   0   0   0   0   0   0   0   0   0   0   0  87   9   1   0   0   0  2.65 0.66
  235 L   -3 -4 -1 -5 -4 -4 -5 -5 -3  0  5 -5  5 -2  0 -4 -1 -4 -4 -1    1   0   3   0   0   0   0   0   0   1  69   0  14   0   4   0   5   0   0   2  1.06 0.39
  236 L   -4 -5 -6 -6 -4 -5 -5 -6 -6  6  4 -5  1 -2 -5 -5 -3 -5 -4  2    0   0   0   0   0   0   0   0   0  46  41   0   3   0   0   0   0   0   0  11  1.15 0.38
  237 R   -3  4 -4 -5 -4 -3 -4 -5 -4 -1  4 -1  4 -3 -5 -3  2 -4 -4 -2    0  29   0   0   0   0   0   0   0   1  43   1  13   0   0   0  12   0   0   1  0.84 0.36
  238 N    0 -1  6  1 -5 -2 -2  1 -3 -5 -6  3 -4 -6 -4 -1 -3 -6 -5 -5    9   2  50   8   0   0   0  12   0   0   0  18   0   0   0   2   0   0   0   0  1.01 0.38
  239 P    1 -3 -2  1 -5 -2  2 -4 -3 -5 -5  1 -3 -6  7 -2 -2 -6 -5 -3   10   0   2   7   0   1  14   0   1   0   0   9   0   0  51   2   1   0   0   1  1.23 0.39
  240 D   -2 -4  1  7 -6 -1  2  0 -3 -5 -6 -2 -5 -6 -4 -1 -2 -6 -5 -5    3   0   4  64   0   2  13   7   0   0   0   1   0   0   0   3   2   0   0   0  1.31 0.42
  241 K   -3  4  0 -3 -5 -1 -2  2  5 -5 -5  5 -4 -5 -4 -3 -2 -5 -3 -5    1  23   5   0   0   1   0  15  17   0   0  36   0   0   0   0   2   0   0   0  0.94 0.36
  242 T   -1 -2 -1 -3 -4  1 -2  2  2 -5 -5  3 -4 -5 -3  4  1 -5 -4 -4    1   1   1   0   0   7   0  14   5   0   0  18   0   0   0  43  10   0   0   0  0.68 0.33
  243 K   -4 -1 -4 -4 -7 -2 -3 -5 -4 -6 -6  8 -5 -7 -5 -4 -4 -7 -5 -6    0   1   0   0   0   0   0   0   0   0   0  99   0   0   0   0   0   0   0   0  2.35 0.67
  244 I   -4 -5 -6 -7 -4 -5 -6 -7 -6  2  6 -5  1 -2 -6 -5 -4 -5 -4 -2    0   0   0   0   0   0   0   0   0   7  90   0   3   0   0   0   0   0   0   0  1.62 0.49
  245 S   -2 -4 -3 -4 -4 -4 -4 -4 -4 -6 -6 -4 -5 -6 -4  7 -2 -6 -5 -5    0   0   0   0   0   0   0   0   0   0   0   0   0   0   0 100   0   0   0   0  2.12 0.68
  246 K   -4 -1 -4 -4 -7 -2 -3 -5 -4 -6 -6  8 -5 -7 -5 -4 -4 -7 -5 -6    0   0   0   0   0   0   0   0   0   0   0 100   0   0   0   0   0   0   0   0  2.39 0.68
  247 R   -5  9 -4 -5 -7 -2 -4 -6 -4 -7 -6 -1 -5 -7 -6 -4 -5 -6 -5 -6    0 100   0   0   0   0   0   0   0   0   0   0   0   0   0   0   0   0   0   0  2.68 0.71
  248 K   -3 -1  1  3  1  2 -2 -4  6 -5 -5  4 -4 -5 -4  0 -2 -5 -2 -5    0   0   5  14   4  10   0   0  23   0   0  34   0   0   0   8   1   0   1   0  0.86 0.35
  249 S   -2 -4  5 -2 -5 -4 -3  6 -4 -6 -6 -4 -3 -6 -5 -2 -4 -6 -6 -6    2   0  30   1   0   0   1  64   0   0   0   0   1   0   0   2   0   0   0   0  1.57 0.47
  250 H    2 -4 -2  5 -5 -3 -1 -4  5 -4 -5 -3 -5 -5  5 -1 -3 -6 -4 -4   18   0   0  31   0   0   2   0  13   0   0   0   0   0  31   4   0   0   0   0  1.11 0.39
  251 T    1 -3 -3 -4 -3 -3 -3 -4 -4 -1 -3  0 -2  0 -2  1  5 -5 -3  3    9   0   0   0   0   0   0   0   0   1   1   6   0   5   1  10  46   0   0  20  0.68 0.33
  252 S    1 -4 -1 -3 -3 -3 -3 -1 -4 -4 -5 -3 -4 -5  2  6 -2 -2 -3 -4   11   0   2   0   0   0   0   3   0   1   0   0   0   0  12  70   0   1   1   0  1.20 0.47
  253 L   -2 -4 -5 -5 -1 -4 -4 -5 -4  4  2 -4  0  3 -5 -4 -2 -3  2  4    1   0   0   0   1   0   0   0   0  25  17   0   1  13   0   0   2   0   7  32  0.69 0.27
  254 D   -3 -2  2  1 -5  1  5 -3 -2 -2 -1 -1 -2 -1 -3  0  0 -5 -3 -3    0   1  10   7   0   5  46   1   0   2   7   2   1   3   0   6   6   0   0   1  0.58 0.28
  255 W   -4 -4 -2  5 -6  0  2 -4 -2 -5 -5 -3 -4  1 -5 -2 -4  7  5 -5    0   0   0  35   0   3  16   1   0   0   0   0   0   6   0   3   0  17  20   0  1.17 0.40
  256 Y   -5 -5 -6 -6 -5 -5 -6 -6 -1 -3  2 -5 -3  5 -6 -5 -5 -1  8 -4    0   0   0   0   0   0   0   0   1   0  19   0   0  21   0   0   0   0  58   0  1.83 0.53
  257 K   -3  5 -3 -3 -4  1  0 -4 -2  1  0  3  1 -2 -4 -1 -2 -4 -3  0    0  39   0   0   0   6   5   0   0  12   7  16   4   1   0   4   1   0   0   5  0.58 0.27
  258 A    1  3  0  3 -5  1  4 -2 -2 -5 -4  1 -4 -5 -3 -1 -3 -5 -4 -4   11  17   4  17   0   4  35   1   0   0   1   8   0   0   0   2   0   0   0   0  0.66 0.28
  259 E    0  0 -1 -1 -3  4  1 -2 -2 -2  0  3  4 -3 -3  0 -2 -4 -3 -3    7   3   3   2   0  25   8   2   0   2   7  19  16   0   0   7   0   0   0   0  0.45 0.26
  260 G   -3 -6 -3 -5 -6 -5 -6  8 -5 -7 -7 -5 -6 -7 -6 -4 -5 -6 -7 -7    0   0   1   0   0   0   0  99   0   0   0   0   0   0   0   0   0   0   0   0  2.44 0.62
  261 F   -5 -5 -6 -7 -6 -5 -6 -7 -2  0 -4 -5 -4  5 -6 -5 -5 -1  9 -2    0   0   0   0   0   0   0   0   0   5   0   0   0  26   0   0   0   0  67   3  2.20 0.60
  262 L   -4 -5 -6 -6 -4 -5 -4 -6 -5  1  6 -4  1  2 -5 -3 -3 -4 -2  0    0   0   0   0   0   0   1   0   0   4  76   0   2   8   0   2   0   0   1   6  1.14 0.39
  263 P   -1 -3 -4 -4 -6 -3 -4 -5 -5 -5 -6  2 -5 -6  8 -1 -1 -7 -6 -3    4   1   0   0   0   0   0   0   0   0   0  13   0   0  70   5   4   0   0   1  1.89 0.52
  264 E   -4 -3 -3  0 -7  1  7 -5 -3 -7 -6 -2 -5 -7 -3 -3 -4 -6 -5 -6    0   0   1   3   0   5  89   0   0   0   0   1   0   0   1   0   0   0   0   0  2.00 0.60
  265 A    7 -5 -4 -5 -4 -4 -4  1 -5 -4 -5 -4 -4 -5 -4 -2 -1 -6 -5 -3   88   0   0   0   0   0   0   8   0   0   0   0   0   0   0   0   3   0   0   1  1.60 0.54
  266 L   -3 -5 -5 -6 -3 -4 -5 -6 -5  4  4 -5  4  1 -5 -4 -3 -4 -3  3    0   0   0   0   0   0   0   0   0  23  38   0  10   6   0   0   0   0   0  24  0.86 0.31
  267 R   -3 -2 -3 -4 -2 -4 -5 -5 -5  4  2 -4  2 -1 -5 -4 -1 -4 -3  4    0   2   1   1   0   0   0   0   0  25  22   0   5   2   0   0   3   0   0  39  0.76 0.29
  268 N   -5 -4  9 -2 -6 -4 -4 -4 -3 -7 -7 -4 -6 -7 -6 -3 -4 -8 -6 -7    0   0 100   0   0   0   0   0   0   0   0   0   0   0   0   0   0   0   0   0  2.81 0.74
  269 Y   -5 -6 -6 -7 -6 -5 -6 -7 -2 -4 -3 -6 -2  7 -7 -5 -5 -1  8 -4    0   0   0   0   0   0   0   0   0   0   0   0   1  45   0   0   0   0  54   0  2.32 0.61
  270 L   -4 -5 -6 -6 -4 -5 -5 -6 -5  3  5 -5  0 -2 -5 -5 -3 -4 -4  3    0   0   0   0   0   0   0   0   0  14  65   0   1   1   0   0   0   0   0  21  1.14 0.38
  271 C    5 -4 -3 -4 -2 -3 -4  3 -4 -4 -3 -3 -4 -5 -4  0  1 -5 -5 -2   61   0   0   0   1   0   0  23   0   0   2   0   0   0   0   5   8   0   0   1  1.00 0.39
  272 L   -4  3 -5 -6 -4 -4 -5 -6 -5 -1  6 -4  1  0 -5 -4 -1 -4 -2 -2    0  16   0   0   0   0   0   0   0   0  74   0   3   2   0   0   3   0   1   0  1.14 0.41
  273 M   -4 -5 -6 -6 -4 -4 -5 -6 -5 -1  5 -5  7  0 -6 -5 -4 -4 -4  1    0   0   0   0   0   0   0   0   0   0  60   0  30   3   0   0   0   0   0   6  1.39 0.45
  274 G   -2 -6 -4 -5 -6 -5 -5  7 -5 -7 -7 -5 -6 -1 -5 -3 -5 -6 -6 -6    1   0   0   0   0   0   0  95   0   0   0   0   0   4   0   0   0   0   0   0  2.24 0.59
  275 F   -4 -7 -8 -8 -1 -6 -7 -5 -6 -2 -5 -7 -4  0 -8 -7 -6 13  2 -5    1   0   0   0   1   0   0   1   0   3   0   0   0   2   0   0   0  85   6   1  3.92 0.85
  276 S    0 -3  4 -3  1  0 -3 -2 -2 -4 -5 -3 -3 -5 -4  6  0 -5 -2 -4    5   0  21   0   4   3   0   1   1   1   0   0   0   0   0  59   3   0   1   0  1.03 0.42
  277 M   -3 -5 -5 -2 -5 -4 -2 -5  0 -1 -3 -3  6 -2  7 -3 -2 -5  2 -4    1   0   0   3   0   0   2   0   3   3   1   1  24   2  53   2   1   0   6   0  1.49 0.47
  278 P   -1 -2 -2  0 -5 -2  3  4 -3 -5 -5  0 -4 -5  4  0 -2 -5 -5 -4    4   1   1   4   0   1  19  33   0   0   1   5   0   0  25   5   2   0   0   1  0.76 0.29
  279 D   -3 -4  2  6 -5 -2  2  2 -3 -5 -5 -2 -5 -6 -4 -1  1 -6 -5 -4    1   0   7  50   0   0  13  14   0   0   0   0   0   0   0   2  11   0   0   0  1.02 0.36
  280 G   -3 -2  4  4 -5 -1  4  2 -3 -6 -6 -1 -5 -6 -4 -2 -2 -6 -5 -5    0   1  21  23   0   1  33  16   0   0   0   2   0   0   0   0   1   0   0   0  0.91 0.34
  281 R   -3  5 -1 -1 -5  5  3 -4 -2 -4 -4  2 -4 -5 -4 -1 -1 -5 -4 -4    0  36   2   2   0  26  19   0   0   0   1   8   0   0   0   3   2   0   0   0  0.96 0.36
  282 E   -4 -4 -4  0 -7 -1  8 -6 -4 -7 -6 -3 -6 -7 -5 -4 -3 -6 -6 -6    0   0   0   3   0   0  96   0   0   0   0   0   0   0   0   0   1   0   0   0  2.28 0.67
  283 I   -4 -3 -5 -5 -4 -3 -4 -6 -5  6  1  2  1  1 -5 -4 -3 -5 -3  1    0   0   0   0   0   1   0   0   0  58  12  15   2   5   0   0   0   0   0   7  0.96 0.36
  284 F   -5 -6 -6 -7 -5 -6 -6 -6 -2 -1  0 -5  3  8 -7 -5 -5 -1  3 -3    0   0   0   0   0   0   0   0   1   2   7   1   7  74   0   0   0   0   9   1  1.93 0.53
  285 T   -2 -3 -1  1 -4 -3 -3 -3 -4 -5 -5 -3 -4 -5 -2  5  5 -6 -3 -4    1   0   1   6   0   0   0   1   0   0   0   0   0   0   1  54  34   0   1   0  1.15 0.46
  286 L   -4  0 -5 -6 -4 -4 -5 -6 -5  0  5 -2  5 -1 -3 -4 -3 -4 -3  0    0   7   0   0   0   0   0   0   0   3  63   2  18   1   1   0   1   0   0   4  1.02 0.37
  287 E    0 -2 -1  4 -5  3  5 -3 -2 -5 -5  0 -4 -6 -2 -1 -2 -5 -4 -4    8   0   2  26   0  11  41   1   0   0   0   5   0   0   2   3   2   0   0   0  0.90 0.34
  288 E   -4 -2 -3  1 -7  2  7 -4 -2 -6 -6  0 -5 -6 -4 -3 -3 -6 -4 -6    0   1   0   7   0   7  79   1   0   0   0   3   0   0   0   0   1   0   1   0  1.68 0.53
  289 F   -2 -5 -5 -6 -3 -4 -5 -6 -5  0  5 -5  6  1 -5 -3 -2 -4 -3 -1    3   0   0   0   0   0   0   0   0   4  60   0  25   5   0   2   2   0   0   0  1.15 0.40
  290 I   -2 -4 -4 -4  0 -1  0 -4 -4  5 -1 -1  1 -2 -4 -3 -1 -5 -3  4    3   0   0   0   2   3   8   1   0  44   2   3   4   1   0   1   2   0   0  28  0.70 0.30
  291 Q    1  2 -1  1 -5  2  5 -3  0 -5 -4  3 -4 -5 -3 -1 -2 -5 -4 -4   11   9   1   7   0   9  38   1   2   0   0  20   0   0   0   2   1   0   0   0  0.70 0.29
  292 A    1  0  2 -1 -3  1  2 -3  3 -1  0  1 -2 -3 -3 -1 -1 -4 -1 -1   18   4  12   1   0   6  13   0   9   2  12  12   0   0   0   3   1   0   1   5  0.20 0.15
  293 F   -6 -7 -7 -7 -6 -7 -7 -7 -5 -4 -3 -7 -4  9 -7 -6 -6 -3  0 -4    0   0   0   0   0   0   0   0   0   0   0   0   0 100   0   0   0   0   0   0  3.01 0.73
  294 T   -3 -1  1  6 -1 -2  0 -4 -4 -5 -6 -2 -5 -6 -4  3  1 -6 -5 -5    0   3   4  56   1   0   3   0   0   0   0   1   0   0   0  23   8   0   0   0  1.19 0.42
  295 W   -3 -4 -5 -5 -4 -4 -5 -5 -3  4  4 -4  1  2  0 -4 -3  2  4  0    1   0   0   0   0   0   0   0   0  24  38   0   2   8   5   0   0   3  15   3  0.71 0.28
  296 E   -2  0  0  3 -5  2  4 -2  4 -5 -4  2 -3 -5 -3  1 -1 -5 -3 -4    2   4   4  16   0   7  31   1  10   0   1  11   0   0   0   9   3   0   0   0  0.59 0.25
  297 R   -3  7  1 -1 -6 -1 -2 -1  4 -6 -5  3 -4 -5 -4 -3 -3 -5 -4 -5    1  57   6   3   0   1   1   6   9   0   0  15   0   0   0   0   0   0   0   0  1.19 0.41
  298 V   -3 -5 -6 -6  2 -5 -5 -6 -6  4  1 -5  3 -3 -5 -4 -3 -5 -4  6    0   0   0   0   5   0   0   0   0  26   7   0   7   0   0   0   0   0   0  55  1.15 0.39
  299 S   -1 -3  3 -3 -3 -2 -3  1  2 -5 -5 -2 -4 -5 -4  6  0 -6 -4 -4    3   1  15   0   0   0   0   9   5   0   0   1   0   0   0  62   4   0   0   0  1.03 0.42
  300 L   -3 -1 -3 -4 -5 -2 -3 -5 -3 -3  2  6 -3 -4 -1 -2 -3 -5 -4 -3    0   1   0   0   0   0   0   0   0   0  26  66   0   0   3   2   0   0   0   1  1.19 0.45
  301 G    2 -3  1 -3 -3 -3 -3  3 -1 -5 -5 -2 -4 -5 -3  4  0 -5 -4 -3   20   0   7   0   0   0   0  26   2   0   0   2   0   0   0  38   5   0   0   0  0.73 0.32
  302 G    1 -5 -4 -4 -5 -4 -4  6 -5 -6 -6 -4 -5 -6  5 -3 -4 -6 -6 -5   10   0   0   0   0   0   0  58   0   0   0   0   0   0  31   0   0   0   0   0  1.56 0.46
  303 P    5 -4 -4 -4 -4 -4 -4  1 -4 -4 -5 -3 -4 -5  5  0 -2 -6 -5 -3   60   0   0   0   0   0   0   8   0   0   0   0   0   0  26   6   0   0   0   1  1.21 0.43
  304 V   -3  0 -5 -5 -4 -3 -5 -6 -4  5 -1  0 -1 -3 -5 -4 -3 -5 -4  5    0   5   0   0   0   1   0   0   0  34   0   7   1   0   0   0   0   0   0  51  1.07 0.39
  305 F   -6 -6 -7 -7 -6 -7 -7 -7 -4 -4 -3 -7 -3  9 -7 -6 -6 -2  4 -4    0   0   0   0   0   0   0   0   0   0   0   0   0  90   0   0   0   0   9   0  2.68 0.67
  306 D   -5 -5  1  8 -7 -4 -2 -5 -4 -7 -7 -4 -6 -7 -5 -2 -3 -8 -7 -7    0   0   5  93   0   0   0   0   0   0   0   0   0   0   0   1   1   0   0   0  2.40 0.64
  307 L   -2 -2 -3 -3 -3 -2 -2 -4 -2  3  2 -2  2  0  1 -3  1 -3  3  2    1   1   1   1   0   1   1   0   0  17  18   2   6   2   8   0   9   0  13  18  0.33 0.18
  308 E   -1 -1  0  3 -4  2  4 -3 -2 -3 -4  2 -2 -5 -3 -2  0 -5 -4  0    5   2   5  15   0  10  30   1   0   0   0  15   0   0   0   0   7   0   0  10  0.50 0.24
  309 K   -4  0 -4 -4 -7 -2 -3 -5 -4 -6 -6  8 -5 -7 -5 -4 -4 -7 -5 -6    0   1   0   0   0   0   0   0   0   0   0  99   0   0   0   0   0   0   0   0  2.34 0.67
  310 L   -3 -5 -1 -6 -3 -5 -5 -1 -5 -1  6 -5  0 -2 -6 -5 -3 -5 -4 -2    1   0   3   0   0   0   0   5   0   1  87   0   1   0   0   0   1   0   0   0  1.35 0.46
  311 R   -1  2  3  2 -4 -1  0 -1 -2 -2 -3  3 -2 -4 -3  1  1 -5 -3 -3    2  12  15  13   0   1   5   3   0   3   1  23   1   0   0   9  12   0   0   0  0.40 0.20
  312 W   -4 -7 -8 -9 -7 -6 -7 -7 -7 -7 -6 -7 -6 -2 -8 -7 -7 13 -1 -7    2   0   0   0   0   0   0   0   0   0   0   0   0   0   0   0   0  97   1   0  4.74 0.98
  313 M   -4 -4 -5 -6 -4 -4 -5 -6 -4  2  3 -5  7  4 -5 -4 -3 -3  1  1    0   0   0   0   0   0   0   0   0  10  30   0  31  16   0   0   0   0   5   9  0.98 0.35
  314 N   -5 -4  9 -2 -6 -3 -2 -4 -3 -7 -7 -4 -6 -7 -6 -3 -4 -8 -6 -7    0   0  98   0   0   0   1   0   0   0   0   0   0   0   0   0   0   0   0   0  2.71 0.72
  315 G    0 -3  0 -3 -5  1 -2  6  4 -6 -6 -1 -5 -5 -4 -1 -3 -5 -4 -5    8   0   4   0   0   6   2  62  11   0   0   4   0   0   0   4   1   0   0   0  1.13 0.37
  316 K   -2  0 -2 -2 -5  5  4 -4  5 -3 -1  1  0 -4 -4 -2 -3 -4  0 -2    1   4   1   0   0  27  26   0  17   1   6   8   3   0   0   1   0   0   3   3  0.72 0.32
  317 Y   -6 -5 -6 -7 -6 -4 -6 -7  2 -5 -5 -6 -5  0 -7 -5 -5  8  9 -5    0   0   0   0   0   1   0   0   5   0   0   0   0   1   0   0   0  17  77   0  2.73 0.70
  318 I   -4 -5 -6 -6 -4 -5 -6 -6 -6  6  4 -5  4 -1 -5 -5 -3 -5 -4  0    0   0   0   0   0   0   0   0   0  55  34   0  10   1   0   0   0   0   0   1  1.29 0.42
  319 R   -3  6  0 -3 -5  0 -2 -4 -3 -2 -2  4 -2 -4 -4 -2 -3 -5 -4 -3    0  52   3   0   0   3   0   0   0   3   4  28   1   0   0   1   1   0   0   1  1.11 0.37
  320 E   -1  1  1  0 -3  2  4 -2  2 -3 -2  2 -2 -3 -2  0 -1 -3 -2 -2    2   7   7   4   0  10  32   2   5   1   3  14   1   1   1   7   1   0   1   2  0.40 0.15
  321 V    1  0  0  0  0  1  0 -1 -1 -1 -1  1  0 -2 -1  0  0 -2 -1  0   19   3   5   7   2   6   5   4   1   2   7  14   3   1   1   5   5   0   1   8  0.07 0.05
  322 L   -2 -2 -2 -3 -2 -1 -2 -2 -1  0  4  1  5 -1 -3 -2 -2 -2  0 -1    1   2   1   1   1   2   2   3   1   4  40   9  21   1   1   2   1   0   4   2  0.44 0.19
  323 S   -2 -4  0  4 -4 -2 -1 -3 -3 -5 -5 -3 -4 -5  3  4  2 -6 -5 -4    1   0   4  29   0   0   2   1   0   0   0   0   0   0  16  36  11   0   0   0  0.88 0.36
  324 L   -1 -3  0  3 -3 -2  0 -3 -2  0  1 -2 -1  1  3 -2 -1 -4 -3  1    4   0   5  20   0   1   7   0   1   5  20   0   0   6  15   1   2   0   0  11  0.28 0.17
  325 E    0 -2 -1  4 -6  0  6 -2 -3 -5 -5 -1 -5 -6 -3 -1 -2 -6 -5 -3    7   1   1  28   0   2  52   2   0   0   0   1   0   0   1   2   2   0   0   1  1.09 0.39
  326 E    0  2 -1  2 -4  2  4 -3 -2 -4 -3  2 -3 -4 -3 -1 -1 -4 -2 -3    7  10   1  11   0  10  37   0   0   0   1  14   0   0   0   3   3   0   2   1  0.58 0.25
  327 V   -4 -5 -6 -6 -4 -5 -5 -6 -4  2  4 -5 -1  5 -5 -5 -4 -3  0  1    0   0   0   0   0   0   0   0   0  12  47   0   0  31   0   0   0   0   2   7  1.03 0.35
  328 A    3 -2 -3 -3 -2 -2 -3 -3  0  0  1 -2  0  0 -3 -1  2  0  3  1   34   1   0   0   0   1   0   0   3   4  13   2   2   4   0   1  13   1  12   8  0.29 0.20
  329 E    0  0  0  2 -3  2  4 -2 -1 -4 -3  2 -3 -5 -1  0 -1 -5 -4 -3    8   5   3  12   1   9  34   3   1   1   1  12   0   0   2   6   2   0   0   1  0.47 0.22
  330 R   -1  4 -2 -2 -4  0  0 -3  0 -1  2  1  3 -3 -4 -2 -2 -4 -1 -1    5  28   1   1   0   3   7   1   3   2  29   6  10   0   0   2   2   0   2   1  0.38 0.22
  331 V    3 -4 -4 -4  0 -3 -3 -3 -4  0  2 -3  1  3 -3 -1 -1 -3 -1  2   35   0   0   0   2   0   0   1   0   4  20   0   2  12   0   3   3   0   1  14  0.41 0.22
  332 K   -1  0 -2 -2 -3  1  1 -3  0  2  1  2  2 -2 -3 -1 -1  1 -2  0    5   5   1   0   0   7   9   1   3  15  19  16   6   0   0   3   2   2   1   5  0.16 0.13
  333 P   -1 -3 -2  1 -4  0  0 -3 -2 -5 -5  0 -5 -6  7 -2 -2 -6 -3 -4    6   0   1   6   0   4   7   1   1   0   0   5   0   0  61   2   2   0   1   1  1.46 0.42
  334 F   -4 -3 -5 -5 -5 -2 -3 -5  0  1 -2 -4 -2  5 -6 -5 -3  8  6 -1    0   1   0   0   0   2   2   0   2   9   2   0   1  22   0   0   1  25  29   3  1.39 0.41
  335 L    0 -3 -3 -4 -2 -3 -3 -3 -3  2  4 -3  2  2 -3 -2 -2 -1  1  1   10   1   1   1   0   1   1   1   0  10  45   1   4  10   1   1   2   0   6   6  0.43 0.18
  336 R    0  1 -1 -1 -3  2  2 -2 -1  0  0  3  0 -2 -1  0 -1 -1 -2  0    7   6   2   2   0  10  14   1   1   6   7  22   3   2   2   4   2   1   0  10  0.16 0.11
  337 E    0  0  1  1 -3  2  4 -1 -1 -3 -3  2 -2 -3 -2  0 -1 -3 -3 -3    9   5   8   6   0   8  31   4   0   1   2  17   0   1   1   4   2   0   1   1  0.39 0.16
  338 A    2  0  0 -1 -1  0  0 -1  1 -1 -1  1 -1 -2 -1  0  0 -2 -1  1   26   4   6   3   1   4   4   3   3   2   3  13   1   2   2   6   3   1   2  11  0.11 0.08
  339 G    0 -1  0 -1 -2 -1 -1  5 -1 -2 -2  0 -2 -1 -1 -1 -1 -2 -2 -2    6   4   5   3   1   2   4  44   1   3   5   5   1   3   2   3   3   1   1   3  0.39 0.10
  340 L   -1 -1 -1 -2  0 -1 -1 -1  0  1  2 -1  0  1 -1 -1 -1  1  2  1    4   2   2   2   2   2   3   3   3  11  23   4   1   6   3   4   3   1   9  11  0.06 0.04
  341 S    0 -1  0  1 -1  0  0 -1 -1  1  0  0  0  0 -1  1  1 -2 -1  1    4   3   5  10   1   3   7   5   1  12   5   4   2   4   2  10  10   0   1  10  0.04 0.03
  342 W    1 -1 -1  0 -2 -1  0  0 -1  1  0  0 -1 -1  0  0  1  2 -1  0   12   3   2   5   0   2   5   8   2  12   6   7   0   2   5   4  12   4   2   8  0.04 0.04
  343 E    0 -1  0  1 -1  0  3 -1  0 -3 -2  0 -1  1  1  0  1 -3 -1 -2    7   3   3   7   1   2  25   3   2   1   3   6   1   9   8   7  10   0   1   1  0.21 0.12
  344 S   -1  0  4  3 -4  0  2 -2 -2 -3 -3  2  0 -3 -2  1 -1 -4 -3 -3    3   3  22  18   0   4  13   1   0   1   2  16   2   1   1  10   3   0   0   0  0.43 0.20
  345 E   -2  1  1  4 -4  1  3 -2 -1 -4 -3  1  0 -1  1 -1 -2 -2  0 -4    1   9   5  30   0   4  19   2   1   0   2   7   3   3   7   2   1   1   3   0  0.46 0.21
  346 A    1 -1  0  3 -3  0  3 -2 -2 -2 -1  0  0 -2 -2  0 -1 -2  0 -2   14   3   2  23   0   3  20   2   0   2   8   4   2   2   1   4   3   0   4   2  0.24 0.14
  347 Y   -2  1 -1  3 -4 -2 -2 -4 -1 -3 -2  1 -1  2 -2 -2 -1  5  6 -2    2   9   3  16   0   1   1   0   0   1   2   8   2   7   2   1   3   8  32   2  0.63 0.27
  348 L   -2 -4 -4 -5 -2 -4 -4 -5 -4  2  4 -4  2  2 -5 -4 -1 -1  0  2    3   0   0   0   1   0   0   0   0   8  54   0   3  11   0   0   4   1   3  11  0.69 0.26
  349 R    0  2 -1 -1 -3  0  1 -3 -1 -1  0  3  2 -3 -2 -1  1 -4 -2 -1    7  14   1   2   0   3  11   0   1   2  10  24   6   0   1   2  10   0   1   4  0.24 0.16
  350 R    0  2 -2 -1 -4  2  0 -3 -1 -3 -2  5 -2 -4 -2 -1  0 -5 -3 -2    9  11   1   3   0  10   5   1   1   0   5  42   0   0   1   3   5   0   0   2  0.52 0.25
  351 A    0 -5 -5 -5 -3 -4 -5 -2 -5  5  1 -4  1 -2 -5 -4 -3 -5 -3  4    8   0   0   0   0   0   0   3   0  41  13   0   2   1   0   0   0   0   0  32  0.84 0.31
  352 V    2 -4 -4 -5  0 -3 -4 -4 -4  2  2 -4  2 -2 -4 -1 -1 -4 -3  4   21   0   0   0   2   0   0   0   0  13  19   0   6   0   0   4   2   0   0  32  0.52 0.24
  353 E    2  0 -1  1 -4  0  2  0 -1 -4 -4  1 -3 -5  4  1 -1 -5 -4 -3   17   4   1   7   0   2  15   8   2   0   0   7   0   0  24  12   1   0   0   0  0.50 0.21
  354 L    0 -3 -3 -4 -3 -1 -3 -4  2  1  4 -3  4 -1 -4 -2 -1 -4 -2  1   10   0   1   0   0   3   1   0   7   6  45   0  13   1   0   1   3   0   0   7  0.52 0.24
  355 M    0 -4 -4 -4  1 -3 -2 -4 -4  3  2 -4  4 -2 -4 -2 -1 -4 -2  4    7   0   0   0   3   1   2   0   0  16  15   0  12   1   0   3   2   0   1  38  0.56 0.25
  356 R   -4  4 -3 -3 -6  5 -2 -5  1 -4 -4  5 -3 -5 -3 -3 -2 -5 -2 -5    0  23   0   0   0  33   0   0   4   1   1  35   0   0   0   0   1   0   1   0  1.17 0.43
  357 P   -1 -3 -1  2 -4  1  4 -1 -3 -3 -4 -1 -3 -5  3  1  2 -5 -4 -2    2   0   2   9   0   5  33   5   0   1   0   2   0   0  13   9  18   0   0   2  0.55 0.26
  358 R   -4  8 -3 -5 -7 -2 -3 -2 -3 -6 -6  0 -5 -6 -5 -2 -4 -6 -1 -6    1  88   1   0   0   1   0   3   0   0   0   2   0   0   0   3   0   0   2   0  2.07 0.60
  359 F    1 -4 -4 -4 -1 -4 -3 -4 -4  4  1 -4  3  0 -4 -2  0 -4 -2  3   14   0   0   0   1   0   2   0   0  32  12   0   7   3   0   2   4   0   0  24  0.53 0.24
  360 D   -2  0  2  1 -4  0  4 -3  1 -4 -4  2 -3 -5 -3  1  1 -5 -3 -3    1   4   9   7   0   3  34   1   4   1   0  14   0   0   0  11  10   0   0   2  0.52 0.24
  361 T   -3 -1 -2 -4 -3 -3 -3 -4 -2  1 -1  1 -2  3 -4 -2  4 -3  2  2    0   2   2   0   0   0   0   0   0   6   5  10   0  17   0   0  35   0   7  15  0.51 0.28
  362 L   -3 -4 -5 -6 -4 -4 -3 -5 -5  0  4 -5  1  5 -4 -4 -3 -1 -1  2    1   0   0   0   0   0   1   1   0   3  52   0   2  24   0   0   0   1   0  15  0.91 0.33
  363 K    1 -1  0 -1 -2  0  0  0  0 -3 -3  1 -3 -4  3  3  1 -4 -3 -1   12   1   4   3   0   3   3   7   2   0   1  12   0   0  13  26   8   0   0   3  0.33 0.18
  364 E   -4 -3 -2  5 -6  2  6 -4 -3 -6 -6 -2 -5 -6 -4 -3 -3 -6 -5 -6    0   0   0  38   0   9  51   0   0   0   0   0   0   0   0   0   0   0   0   0  1.47 0.48
  365 F   -1 -5 -5 -5 -3 -4 -5 -5 -5  5  2 -5  0  4 -5 -4 -3 -3 -2  2    6   0   0   0   0   0   0   0   0  34  23   0   1  21   0   0   0   0   0  14  0.77 0.29
  366 P    2 -2 -4 -4 -3 -3 -2 -2 -4  0 -2 -1  1 -3  4 -2  0  6 -2  2   21   1   0   0   0   0   2   2   0   4   3   5   3   0  23   0   5  11   1  18  0.55 0.25
  367 E   -2 -2  0  4 -5  0  5 -1 -3 -5 -5 -1 -4 -6  3 -1 -1 -6 -5 -4    3   1   4  27   0   2  37   4   0   0   0   1   0   0  14   3   3   0   0   0  0.85 0.32
  368 K    0 -1 -2 -3 -3  1 -1 -3  3 -1  3  1  3  0 -4 -2 -1  2 -1 -1    8   1   2   1   0   8   3   2   9   2  34  12  11   3   0   0   2   3   1   1  0.29 0.20
  369 A    2 -3 -2 -3  3 -3 -3 -1 -4  2  0 -3  1 -2 -3  2  1 -4 -3  2   23   0   1   0   7   0   0   3   0  14   6   0   3   1   0  16  11   0   0  16  0.32 0.19
  370 R    1  1  0  4 -4 -1  0  2 -1 -4 -4  0 -3 -4 -1  2 -1  0 -4 -3   10   9   2  28   0   1   5  16   1   0   1   5   0   0   2  16   3   1   0   1  0.41 0.20
  371 Y   -4 -5 -6 -6 -5 -5 -6 -6  1  0 -2 -6 -2  8 -3 -5 -4 -1  5 -2    1   0   0   0   0   0   0   0   4   5   1   0   0  63   1   0   0   0  21   2  1.76 0.50
  372 L   -4 -5 -6 -6 -2 -6 -6 -6 -4  0  2 -6  0  8 -6 -5 -5 -2  3 -3    0   0   0   0   1   0   0   0   0   5  19   0   2  65   0   0   0   0   7   0  1.62 0.47
  373 F   -2 -4 -4 -4 -4 -4 -1 -5 -3 -3  0 -4 -3  8 -6 -5 -4  2  5 -2    4   0   1   1   0   0   4   0   0   0   7   0   0  60   0   0   0   3  16   3  1.42 0.44
  374 T    0  0  1  1 -3  0  2 -1 -2 -1 -2  1 -2 -2 -2  2  1 -4 -3  0    6   5   6   9   0   3  15   4   0   4   1   8   0   2   1  19   8   0   0   9  0.17 0.12
  375 E    1 -2  1  3 -3 -1  2  2 -1 -3 -4 -1 -3 -4  3  0 -1 -5 -4 -2   14   1   5  20   0   1  16  14   1   1   0   3   0   0  13   5   4   0   0   2  0.39 0.18
  376 D   -1 -2  0  3 -3  0  2 -3 -1 -1 -1 -1  1 -2  4 -1 -2 -4 -3  0    5   0   4  20   0   2  17   1   2   3   5   2   6   1  21   2   1   0   0   6  0.41 0.19
  377 Y   -2 -2 -2 -2 -3 -2  0 -4 -2  0  2 -2  2  2  2 -2  1 -2  4  0    2   1   1   2   0   1   8   0   0   4  22   2   6   8   9   1  10   0  17   7  0.27 0.17
  378 P    0 -2  0  2 -4  0  3 -1 -1 -3 -3 -1 -2 -1  3  1  0 -3  2 -2    6   1   2  14   0   4  21   4   1   1   1   2   1   2  13  10   5   0   9   2  0.30 0.17
  379 V   -2 -4 -4 -4 -1 -3 -3 -5 -2  2  1 -3 -1  1 -2 -3  0 -1  6  2    2   0   0   0   1   0   1   0   0  15  14   1   1   4   2   1   8   0  35  14  0.64 0.28
  380 S    0 -2  2  4 -4  0  3 -3  3 -3 -4 -1 -4 -4 -2  1  1 -3 -3 -4    8   0   8  30   0   2  18   0   8   1   0   1   0   0   1   9  12   0   0   0  0.57 0.25
  381 E   -1 -2 -2  1 -5  0  5 -4 -1 -3 -3  2  2 -5  2 -2 -2 -5 -4 -3    6   0   0   6   0   2  44   0   1   1   2  15   8   0  11   1   2   0   0   2  0.69 0.31
  382 K    0 -1 -2  0 -5  0  3 -3  0 -3 -2  5 -3 -2 -2 -1 -3 -4  2 -3    8   0   1   6   0   2  18   1   2   1   4  42   0   2   1   4   0   0   8   0  0.55 0.28
  383 A    3 -2 -2 -1 -1 -1  0  1 -3 -1 -2  1  3 -3 -3  1  1 -4 -3 -1   27   1   0   3   1   1   6  12   0   4   2  10  10   0   0  11  10   0   0   3  0.24 0.17
  384 Q    0  0 -1 -3 -2  0 -2 -3  4 -1 -1  4 -1  1 -1 -1 -1 -2 -2  2    7   3   2   0   0   4   0   1  11   2   6  32   1   6   3   3   2   0   0  17  0.29 0.20
  385 R    0  2 -1 -2 -4  0  0 -2 -2 -2  0  4 -1 -4 -3 -1  2 -4 -3 -2    7   8   1   1   0   3   6   1   1   2  12  37   2   0   0   3  14   0   0   2  0.37 0.22
  386 K   -1  0  3  0 -4  0  0 -3 -3 -3 -3  5 -3 -3 -3  1  1  1 -4 -3    3   2  13   5   0   2   6   0   0   1   1  45   0   1   1  10   8   2   0   1  0.60 0.28
  387 L   -1 -1 -1 -2 -3 -1  0 -3  2  0  2  2  2 -1  1 -1 -1  3  1 -1    5   1   2   1   0   2   7   1   5   4  21  16   9   1   8   2   3   5   5   4  0.16 0.13
  388 E   -1 -1 -2  2 -6  0  6 -4 -3 -6 -5  0 -5 -5  1 -2 -3 -6 -5 -5    4   3   0  11   0   2  65   0   0   0   0   5   0   0   7   2   1   0   0   0  1.19 0.42
  389 E   -1 -1  2  3 -4  2  3 -1  1 -2 -3  1 -3 -4 -2  0  1 -4 -2 -2    4   1  13  14   0  11  23   3   4   2   1   7   0   0   1   3  10   0   1   2  0.39 0.19
  390 G    2 -3 -1 -2  0 -1 -2  0 -3  0 -1 -2  0 -3 -3  3  2 -4 -3  1   17   0   2   1   2   2   1   7   0   6   6   0   2   0   0  25  15   0   0  14  0.27 0.19
  391 L    1  2 -2 -3 -1  0 -2 -3 -3  0  2  1 -1 -2  3 -2 -2 -4 -3  0   15  11   1   1   1   3   1   0   0   4  27  11   0   0  16   1   0   0   0   7  0.30 0.18
  392 P    0  0 -1  1 -3  2  3 -2 -2 -2 -3  2 -2 -3  1 -1  0 -4 -3 -1    9   4   2   7   0  10  28   1   0   2   2  13   0   1   5   3   7   0   0   4  0.32 0.17
  393 L    0 -2 -2 -4 -2 -1 -3 -3 -3  3  3 -2  1  0 -4  0 -1 -1 -1  3    8   2   1   0   0   3   0   1   0  19  27   1   3   2   0   6   2   1   2  22  0.31 0.17
  394 L   -3 -5 -6 -6 -4 -5 -5 -6 -5  1  6 -5  4 -1 -5 -5 -4 -4 -3  0    2   0   0   0   0   0   0   0   0   4  76   0  11   1   0   0   0   0   0   4  1.28 0.42
  395 K   -1  1  1  0 -4  4  2 -1 -2 -4 -3  3 -3 -4 -1 -1  0 -4 -1 -3    4   7   7   3   0  26  12   3   0   0   1  20   0   0   3   3   7   0   2   1  0.45 0.22
  396 E    1 -1 -2  0 -2  1  3 -3 -2 -2 -1  1 -1  2 -3  0  0 -3 -1 -2   16   2   1   4   1   4  28   0   0   1   7  11   2  11   0   5   4   0   1   2  0.25 0.17
  397 L    2 -3 -4 -4  0 -3 -3 -2 -3  1  2 -3  1  2 -4 -1 -1 -1  0  2   18   0   0   0   1   1   0   3   0   6  27   0   2  11   0   3   3   1   3  20  0.31 0.17
  398 Y    1  0 -3 -3 -2  0 -1 -4 -2  2  3  0  0 -1 -3 -1 -1 -3  0  1   14   6   1   0   0   5   3   0   1  17  31   7   1   1   0   2   2   0   4   7  0.23 0.15
  399 P    0 -2 -1  2 -5 -1  4 -3 -3 -5 -4 -1 -4 -4  4 -1 -1  7 -3 -4    7   1   2  10   0   1  26   1   0   0   1   4   0   0  22   3   3  17   0   1  0.85 0.32
  400 R    0  3 -2 -1 -2  0  1 -3 -2  1  0  2 -1 -2 -3 -1 -1 -4 -1  2    7  18   0   3   0   3   8   0   0   8  10  14   0   1   0   2   3   0   2  19  0.18 0.13
  401 L   -4 -5 -6 -6 -3 -5 -5 -6 -5  2  6 -5  1  2 -5 -5 -4 -2 -1  1    0   0   0   0   0   0   0   0   0   8  75   0   2   7   0   0   0   0   1   7  1.19 0.39
  402 R    0  0 -1  1 -5  0  6 -3 -3 -5 -5  2 -4 -5 -1  0 -1 -5 -4 -4    7   4   3   5   0   2  57   1   0   0   0  11   0   0   2   6   3   0   0   1  0.89 0.35
  403 A    3 -1  2 -1 -3  1  1  1 -2 -3 -4  1 -3 -4 -2  2  0 -4 -3 -2   32   2  10   2   0   5   8  11   0   1   0  11   0   0   1  13   4   0   0   1  0.35 0.19
  404 Q   -1 -2 -3 -3 -3  2 -2 -4  0  3  3 -2  1 -1 -4 -2 -1 -1 -2  1    5   1   1   0   0  13   2   1   2  21  35   1   3   1   0   1   4   1   0   8  0.37 0.20
  405 E   -1  1  0  3 -4  0  4 -2 -2 -4 -3 -1 -3 -3  2  0  0 -3 -4 -3    5   9   3  21   0   3  28   2   0   0   3   2   0   1  12   8   5   0   0   1  0.49 0.22
  406 E   -1 -2  1  5 -4  1  3 -2  0 -2 -3 -1 -3 -3  1  0  0 -5 -3 -2    4   1   6  33   0   6  20   2   2   2   2   1   0   1   6   4   7   0   0   4  0.50 0.22
  407 W   -4 -5 -6 -7 -5 -4 -4 -6 -4 -1  0 -6 -1  6 -5 -4 -5 10  3 -2    1   0   0   0   0   0   1   0   0   4   8   0   1  34   1   1   0  39   9   2  1.90 0.50
  408 T   -2 -3  3  3 -4 -1  1 -2 -2 -4 -4 -2 -4 -4 -3  3  3 -5 -4 -3    0   0  15  20   0   1  10   2   1   0   1   1   0   0   0  23  24   0   0   1  0.62 0.29
  409 E    1  1  2  0 -3  0  2 -2  0 -1 -1  2 -1 -1  0  0 -1 -2 -2  0   15   7  12   2   0   2  14   1   2   2   5  14   1   2   4   7   1   0   0   8  0.14 0.11
  410 A    1 -3 -1  5 -5  0  5 -3  0 -4 -4 -1 -2 -3 -1 -1 -1 -5 -4 -3   12   0   1  31   0   2  37   1   2   0   1   2   1   1   3   3   3   0   0   2  0.76 0.31
  411 A    2 -1  3 -1 -2  0  1  0  1 -2 -3 -1 -2 -1 -1  2  2 -4 -2 -1   20   3  15   2   0   3   8   5   3   1   1   2   0   4   2  13  15   0   1   2  0.22 0.15
  412 L    0 -4 -3 -4 -2 -1 -3 -4 -4  5  3 -4  0  0 -4 -2  1 -4 -2  1   11   0   0   0   0   3   0   1   0  36  26   0   2   4   0   1   8   0   0   6  0.50 0.23
  413 E   -3 -2 -1 -1 -5  0  5 -3  3 -4 -3  2 -3  3 -4 -1 -1 -1  2 -3    0   0   2   2   0   2  40   1   8   0   2  14   0  12   0   3   3   1   9   1  0.63 0.29
  414 A    2 -1  0  2 -3  2  2  0 -1 -4 -3  1 -3 -4 -1  0  1 -4 -3 -3   25   1   3  10   0  10  18   5   1   0   2   7   0   0   3   6   8   0   0   1  0.32 0.18
  415 L    2 -1 -2 -1  1 -1  1 -1 -1  1  1 -1  1 -1 -3  0  1 -3 -2  1   21   2   0   2   4   1  10   2   2  11  12   3   5   1   0   3  10   0   0  10  0.11 0.11
  416 L   -2 -4 -5 -5 -1 -4 -4 -5 -4  2  4 -4  3  2 -4 -2 -2 -3  1  2    3   0   0   0   1   0   0   0   0  11  43   0   7   7   0   4   0   0   5  17  0.59 0.24
  417 R   -2  4 -1 -3 -2  0 -2 -3  1 -1 -2  5  3 -1 -4 -1 -2 -4 -2 -2    1  21   2   0   1   4   0   1   4   3   3  39   9   3   0   5   1   0   0   1  0.57 0.27
  418 G    2  0  0  1 -3  1  2  1 -1 -4 -3  1 -3 -4 -1  1 -1  1 -3 -3   24   3   5   9   0   5  14  11   1   0   1  11   0   0   2   8   3   2   0   0  0.28 0.16
  419 F   -3 -2 -5 -5 -3 -4 -3 -5 -2  2  3 -3  0  3 -5 -4 -1  6  3  1    1   1   0   0   0   0   2   0   0  11  34   2   1  10   0   0   3  11  12  10  0.61 0.24
  420 A    4 -3 -3 -4 -2  1 -3 -1 -4  2 -1 -2  0 -3 -2  0 -1 -4 -3  2   43   0   0   0   0   9   0   3   0  17   2   1   2   0   1   6   1   0   0  15  0.48 0.26
  421 A    1 -2 -1  2 -4  1  4 -1 -3 -4 -4  3 -4 -5 -3  0  1 -5 -4 -3   12   0   2  12   0   5  34   4   0   0   0  20   0   0   0   3   8   0   0   1  0.58 0.27
  422 E    1  0 -2  1 -4  2  5 -2  1 -4 -4  1 -3 -3 -2  0 -1 -5 -3 -3   13   5   0   7   0   6  40   2   4   1   0   9   0   1   1   6   2   0   0   0  0.52 0.25
  423 K   -2  0  1 -3 -4  0 -2 -4  2 -1  2  3  4  1 -4 -1  0 -3 -2 -2    1   4   7   0   0   4   1   0   6   2  25  24  12   5   0   2   5   0   1   1  0.31 0.20
  424 G   -3 -4  0  0 -5  1  3  6 -4 -6 -6 -1 -5 -6 -4 -2 -4 -5 -5 -5    0   0   4   5   0   6  20  61   0   0   0   3   0   0   0   1   0   0   0   0  1.18 0.39
  425 V   -3 -3 -4 -5  1 -2 -2 -5 -3  4  2 -1  1  0 -4 -4 -2  0  3  3    0   0   0   0   3   1   3   0   0  26  24   4   3   1   0   0   0   1  12  21  0.53 0.24
  426 K   -3 -1 -1 -4 -6 -2 -2  1  2 -6 -6  7 -4 -6 -3  0 -3 -6 -5 -5    0   0   2   0   0   0   0  13   4   0   0  75   0   0   1   5   0   0   0   0  1.43 0.49
  427 L    0 -2  3 -2 -3 -2 -3  1  1  0  1 -2  3  0  1 -1  0 -4 -2 -1    6   0  17   0   0   0   0  12   3   6  20   0   9   4   8   3   6   0   0   4  0.20 0.16
  428 G    0  2 -2 -4 -5 -3 -3  5 -4 -6 -5  4 -4 -6 -3 -2 -3 -5 -5 -5    8  10   1   0   0   0   0  54   0   0   0  25   0   0   1   1   0   0   0   0  1.10 0.38
  429 Q   -1  0  1  3 -4  2  1 -2 -1 -2 -3  2 -2  0 -2 -1  0 -1  1 -1    6   2   9  21   0  12   6   1   1   2   1  18   0   4   1   0   4   1   6   6  0.28 0.17
  430 V   -1 -4 -4 -5 -3 -4 -5 -4 -5  2  2 -4  1  3 -5 -4 -2 -4 -1  4    5   0   1   0   0   0   0   1   0  11  24   0   3  14   0   0   0   0   1  41  0.71 0.28
  431 A   -3 -4 -3 -6 -4 -4 -5 -5 -4  2  3 -4  7  4 -5 -4 -2  1  1  0    1   0   1   0   0   0   0   0   0  12  22   0  35  17   0   0   1   2   4   4  0.95 0.35
  432 Q    0 -3  1 -4 -5  1 -2 -3  4 -3 -3 -2  5  0  2 -2 -3  8 -2 -4    7   0   6   0   0   8   1   2  13   1   0   1  19   3  12   1   1  23   0   0  0.94 0.36
  433 P    0 -5 -5 -5 -3 -4 -4 -3 -5 -4 -1 -4 -1 -6  8 -3 -2 -7 -6 -4    7   0   0   0   0   0   0   2   0   0   6   0   2   0  78   1   3   0   0   1  2.14 0.57
  434 L   -3 -4 -5 -5 -3 -4 -4 -5 -4  3  3 -4  1  2 -4 -3  1 -4 -2  3    0   0   0   0   0   0   0   0   0  20  37   0   3   9   0   1  11   0   0  18  0.64 0.26
  435 R   -5  8 -4 -5 -6 -3 -4 -6 -4 -5 -5 -1 -4  5 -6 -4 -5 -5 -1 -5    0  77   0   0   0   0   0   0   0   0   0   0   0  21   0   0   0   0   2   0  1.96 0.58
  436 A    1 -4 -4 -4 -2 -3 -4 -4 -4  3  2 -4  0 -2 -3 -2  2 -4 -2  3   16   0   0   0   1   0   0   0   0  16  23   0   2   0   1   0  17   0   1  25  0.49 0.24
  437 A    6 -4 -4 -5 -1 -4 -4 -2 -5 -2 -3 -4 -2 -5 -3  0 -1 -5 -5  0   80   0   0   0   1   0   0   1   0   2   1   0   1   0   0   6   2   0   0   6  1.26 0.46
  438 L   -2 -5 -5 -5 -3 -4 -5 -6 -5  5  3 -5  1 -2 -5 -3 -2 -4 -3  4    2   0   0   0   0   0   0   0   0  32  31   0   3   0   0   1   1   0   0  30  0.89 0.31
  439 T    1 -4 -3 -3 -3 -3 -3 -3 -4 -2 -4 -3 -1 -4 -4  4  5 -5 -4  1   12   0   0   0   0   0   0   0   0   1   0   0   1   0   0  36  38   0   0  12  0.87 0.38
  440 G   -3 -6 -3 -5 -6 -5 -5  7 -5 -7 -6 -5 -6 -5 -5 -3 -5 -6 -6 -6    1   0   0   0   0   0   0  97   0   0   0   0   0   0   0   1   0   0   0   0  2.34 0.60
  441 S   -1  2 -1 -2 -4  2  1 -3 -2 -2 -3  4 -1 -4 -3  2  1 -4 -3 -2    3  11   2   1   0  12  10   0   0   2   2  27   1   0   0  16  10   0   0   3  0.42 0.22
  442 L    0 -1 -1 -3  0  3 -1  0 -2 -2  0  0  2 -3  0  1  3 -4 -3 -1    9   3   1   0   2  15   1   6   0   1   8   6   6   0   3  10  25   0   0   4  0.23 0.18
  443 E    0  0  0 -2 -3  1  0 -3  4 -1 -2  1  3  1 -3  1 -1 -3 -1  1    8   5   4   0   0   6   5   0  11   1   0  11  10   9   0  11   3   0   1  14  0.19 0.16
  444 T   -1 -4 -2 -3 -4 -3 -4  5 -4 -5 -5 -3 -4 -5 -4  4  3 -5 -5 -4    2   0   0   0   0   0   0  40   0   0   0   0   0   0   0  35  23   0   0   0  1.08 0.41
  445 P   -2 -5 -5 -5 -5 -4 -4 -5 -5 -2 -1 -4 -4 -1  8 -4  0  0 -4 -1    3   0   0   0   0   0   0   0   0   2   6   0   0   3  75   0   6   1   0   5  1.98 0.54
  446 G   -2 -4 -2  2 -5 -3  0  5  3 -5 -5 -3 -5 -5  3  2 -3 -5 -4 -5    0   0   0  12   0   0   7  40   8   0   0   0   0   0  16  17   0   0   0   0  0.85 0.33
  447 L    2 -4 -5 -5 -3 -4 -4 -3 -5  1  4 -4  4 -2 -2 -3 -2 -4 -3  2   20   0   0   0   0   0   0   2   0   3  45   0  11   0   2   0   0   0   0  17  0.66 0.29
  448 F   -3 -4 -4 -4 -4 -3 -4 -4 -1  0  0 -3  3  7  0 -2  1 -2  2  0    1   0   0   1   0   1   0   0   1   3   4   1   9  46   4   2  12   0   7   7  0.84 0.33
  449 E   -3 -3  1  5 -6  1  4 -2  0 -5 -4 -1 -3 -4 -3 -2 -2 -6 -4 -4    0   0   5  41   0   5  34   3   2   0   1   2   0   1   0   2   2   0   0   0  0.99 0.36
  450 I    0 -4 -4 -4 -3 -3 -4 -4 -4  5  1 -4  2 -3 -4  2  0 -4 -3  2    9   0   0   0   0   0   0   0   0  40  12   0   5   0   0  20   4   0   0  10  0.59 0.28
  451 L    0 -4 -5 -6  0 -4 -5 -5 -5  3  2 -4  8 -3 -5 -2 -1 -4 -4  0    8   0   0   0   2   0   0   0   0  16  17   0  47   0   0   2   2   0   0   4  1.14 0.41
  452 A    2 -1 -2  0 -2  0  5 -2 -1 -3 -3 -1 -2 -3 -2 -1 -1 -3  0  0   22   2   1   5   1   3  43   2   1   1   1   1   0   1   1   4   2   0   4   6  0.51 0.27
  453 L   -2 -5 -5 -5 -3 -4 -5 -5 -4  5  3 -4  1  0 -5 -4 -1 -1 -3  3    3   0   0   0   0   0   0   0   0  36  28   0   2   3   0   0   2   1   0  25  0.79 0.29
  454 L   -4 -5 -6 -6 -4 -5 -6 -6 -6  4  6 -5  0 -1 -6 -5 -4 -4 -4  0    0   0   0   0   0   0   0   0   0  20  76   0   1   1   0   0   0   0   0   3  1.36 0.43
  455 G   -3 -6 -4 -4 -6 -5 -5  8 -5 -7 -7 -5 -6 -7 -6 -4 -5 -6 -7 -7    0   0   0   1   0   0   0  99   0   0   0   0   0   0   0   0   0   0   0   0  2.45 0.62
  456 K   -1  3 -3 -4 -5  0 -2 -4 -3 -3 -5  6 -4 -6  2 -1 -3 -6 -5 -5    4  17   0   0   0   2   0   0   0   2   0  60   0   0  10   4   0   0   0   0  1.16 0.42
  457 E   -1 -3 -1  5 -6  0  6 -3 -3 -6 -6 -1 -5 -6 -2 -1 -3 -6 -5 -5    4   0   1  29   0   2  54   1   0   0   0   2   0   0   1   4   1   0   0   0  1.23 0.42
  458 R   -2  3 -1 -1 -3  0  5 -4 -2 -2 -1  1  3 -4 -4 -2 -1 -5 -4 -1    2  21   2   1   1   1  39   0   0   2   7   9   8   0   0   0   2   0   0   5  0.59 0.29
  459 A    0 -4 -3 -4  3 -3 -3 -4 -4 -1 -2 -3 -2 -4 -4  3  5 -5 -4  2    8   0   0   0   7   0   0   0   0   3   2   0   0   0   0  26  38   0   0  16  0.72 0.34
  460 L   -3  3 -4 -5 -4 -3 -3 -5 -4  3  4 -2  0  0 -5 -4 -3 -4 -2  1    0  21   0   0   0   0   1   0   0  17  46   1   1   2   0   0   0   0   1   9  0.69 0.29
  461 R    3  3  0 -1 -3  1  0 -1 -1 -3 -3  2 -2 -2 -3  1 -1 -4 -2 -2   30  15   4   3   0   6   6   4   1   0   1  17   1   2   0   8   1   0   1   1  0.33 0.19
  462 R   -5  8 -4 -5 -7 -2 -4 -6 -4 -7 -5 -1 -5 -5 -6 -4 -5 -6 -5 -6    0  99   0   0   0   0   0   0   0   0   0   0   0   0   0   0   0   0   0   0  2.61 0.70
  463 L   -3 -5 -6 -6 -4 -5 -5 -6 -5  5  4 -5  2 -2 -5 -5 -3 -4 -3  1    1   0   0   0   0   0   0   0   0  41  45   0   5   1   0   0   0   0   0   7  1.10 0.36
  464 E   -1  5  0  0 -5  2  3 -3  0 -5 -3  3 -3 -4 -4 -2 -3 -5 -4 -3    4  35   3   5   0   7  23   2   2   0   2  15   0   1   0   0   0   0   0   1  0.69 0.28
  465 R    0  3  0 -1 -4  1 -1 -3  4 -1 -2  3 -1 -2 -3 -1  0 -4 -1 -1    6  20   4   2   0   7   2   0  12   4   3  27   1   1   0   1   4   0   1   4  0.40 0.20
  466 A    6 -4 -4 -4 -3 -4 -4  3 -4 -2 -3 -3 -1 -3 -4 -1 -1 -5 -3 -2   70   0   0   0   0   0   0  19   0   1   1   0   1   1   0   1   2   0   1   2  1.10 0.41
  467 L   -3 -5 -6 -6 -4 -5 -5 -6 -5  6  3 -4  1 -2 -5 -4 -3 -5 -4  2    0   0   0   0   0   0   0   0   0  56  32   0   2   0   0   1   0   0   0   9  1.15 0.36
  468 A    5 -3 -2 -3 -2 -2 -2  2 -3 -3 -3 -2 -3 -4 -2  2  1 -4 -3 -2   57   0   0   0   0   0   0  15   0   0   0   0   0   0   0  20   8   0   0   0  0.67 0.21

                      K         Lambda
Standard Ungapped    0.1387     0.3195
Standard Gapped      0.0647     0.2670
PSI Ungapped         0.2109     0.3143
PSI Gapped           0.0647     0.2670
