
Last position-specific scoring matrix computed, weighted observed percentages rounded down, information per position, and relative weight of gapless real matches to pseudocounts
           A  R  N  D  C  Q  E  G  H  I  L  K  M  F  P  S  T  W  Y  V   A   R   N   D   C   Q   E   G   H   I   L   K   M   F   P   S   T   W   Y   V
    1 A    6 -2 -2 -3 -1 -2 -2 -1 -3 -3 -3 -2 -2 -3 -2  1 -1 -4 -3 -1   91   0   0   0   0   0   0   0   0   0   0   0   0   0   0   9   0   0   0   0  0.84 0.15
    2 H   -2  4  3 -1 -4  2  1 -2  1 -3 -3  3 -2 -3  0 -1 -1 -4 -1 -3    1  31  20   1   0   8   7   1   3   0   1  18   0   0   5   0   1   0   3   1  0.45 0.11
    3 I   -1 -1  0 -1 -2  0  0 -3 -1  3  1 -1  0  1 -2 -1  0 -3 -1  2    5   4   5   4   0   4   6   0   1  35   6   1   1   6   1   2   5   0   1  14  0.12 0.06
    4 E   -2 -1  0  5 -5  2  4 -2 -2 -4 -4  0 -3 -5 -3 -1 -2 -5 -4 -4    1   2   2  38   0   9  41   1   0   1   0   3   0   0   0   1   0   0   0   0  0.83 0.16
    5 K    1  0  0  1 -3  2  2  0 -1 -3 -3  2 -2 -3  3  0 -1 -3 -2 -2   13   4   3   8   0  11  15   5   1   1   1  14   0   0  16   2   2   0   2   2  0.30 0.07
    6 Q   -1  2  3  0 -3  3  1 -1  0 -3 -3  1 -2 -4  0  1  0 -4 -3 -2    3  14  19   2   0  19   9   1   1   1   0   7   0   0   5  11   4   0   0   2  0.33 0.09
    7 A    1 -1  1  3 -3  1  1  1 -1 -2 -3  1 -2 -3 -1  1  1 -4 -3 -2   11   1   8  19   0   6   7   9   1   1   1  14   0   0   2   5  13   0   0   2  0.23 0.06
    8 G   -2 -2  0  5 -3 -1  1  1 -2 -2  1 -1 -1 -3  1  0 -1 -4 -3 -2    0   0   3  42   0   1   5  10   0   0  21   1   1   0   6  10   0   0   0   1  0.39 0.11
    9 E   -1 -2  0  3 -4  0  4  4 -2 -5 -5 -1 -4 -5 -3 -1 -2 -4 -4 -4    2   0   1  19   0   1  38  39   0   0   0   0   0   0   0   0   0   0   0   0  0.76 0.16
   10 L   -3 -3 -4 -5 -3 -3 -4 -5 -3  1  5 -4  3  3 -4 -4 -2 -2  0  0    0   0   0   0   0   0   0   0   0   3  70   0  10  14   0   0   0   0   3   0  0.76 0.16
   11 Q   -1  2 -1 -1 -2  3  2 -3 -1  1 -1  1 -1 -3 -2 -1  0 -3 -2  0    5  15   1   0   0  24  15   0   0  12   6   8   0   0   0   1   6   0   0   5  0.24 0.08
   12 E   -3 -2 -2  2 -5  0  7 -4 -2 -5 -5 -1 -4 -5 -3 -2 -3 -5 -4 -4    0   0   0   8   0   0  92   0   0   0   0   0   0   0   0   0   0   0   0   0  1.45 0.26
   13 K   -2  4  0 -2 -5  0 -1 -3 -2 -4 -4  6 -3 -5 -3 -2 -2 -5 -3 -4    0  23   3   0   0   0   0   0   0   0   0  74   0   0   0   0   0   0   0   0  1.09 0.22
   14 L   -2 -3 -4 -5 -2 -3 -4 -5 -4  1  4 -3  5 -1 -4 -3 -2 -3 -2  3    0   0   0   0   0   0   0   0   0   0  51   0  19   0   0   0   0   0   0  30  0.69 0.16
   15 I   -2 -4 -5 -5 -2 -4 -4 -5 -5  4  0 -4  0 -2 -4 -3 -2 -4 -3  6    0   0   0   0   0   0   0   0   0  30   0   0   0   0   0   0   0   0   0  70  0.95 0.20
   16 A    3 -2  0 -1 -2  1 -1  0  2 -2 -3 -1 -2  0 -2  2  2 -3 -1 -2   39   0   4   1   0   8   0   4   6   0   0   1   0   4   0  13  19   0   1   0  0.30 0.11
   17 V   -2 -4 -5 -5 -2 -4 -4 -5 -5  5  0 -4  0 -2 -4 -3 -2 -4 -3  5    0   0   0   0   0   0   0   0   0  41   1   0   0   0   0   0   0   0   0  58  0.91 0.19
   18 N   -3  1  8  0 -4 -1 -2 -2 -1 -5 -5 -1 -4 -5 -4 -1 -1 -5 -4 -5    1   7  86   1   0   0   0   1   0   0   0   2   0   0   0   1   0   0   0   0  1.44 0.26
   19 R   -3  8 -2 -4 -5 -1 -2 -4 -2 -5 -4  1 -3 -5 -4 -3 -3 -5 -4 -4    0 100   0   0   0   0   0   0   0   0   0   0   0   0   0   0   0   0   0   0  1.82 0.30
   20 V   -2 -4 -3 -5 -2 -4 -4 -5 -3  1 -1 -4 -1 -2 -4 -3  0 -5 -3  6    0   0   1   0   0   0   0   0   0   1   0   0   0   0   0   0   3   0   0  95  1.12 0.24
   21 S    4 -2 -2 -2 -2 -2 -2 -1 -3 -2 -3 -2 -2 -3 -2  3  3 -4 -3 -1   48   0   0   0   0   0   0   0   0   0   0   0   0   0   0  28  23   0   0   2  0.61 0.17
   22 K   -3  1 -2 -2 -5  0 -1 -3 -2 -5 -4  7 -3 -5 -3 -2 -2 -5 -4 -4    0   0   0   0   0   0   0   0   0   0   0 100   0   0   0   0   0   0   0   0  1.51 0.29
   23 T   -2 -4 -3 -4 -2 -3 -4 -4 -4  1 -1 -3 -1 -3 -4 -2  3 -4 -3  6    0   0   0   0   0   0   0   0   0   0   0   0   0   0   0   0  23   0   0  77  0.88 0.22
   24 V   -2 -4 -5 -5 -2 -4 -4 -5 -5  1 -1 -4 -1 -3 -4 -3 -1 -5 -3  7    0   0   0   0   0   0   0   0   0   0   0   0   0   0   0   0   1   0   0  99  1.25 0.26
   25 K   -2  1 -2 -2 -5  0 -1 -3 -2 -5 -4  7 -3 -5 -3 -2 -2 -5 -4 -4    0   0   0   0   0   1   0   0   0   0   0  99   0   0   0   0   0   0   0   0  1.49 0.28
   26 G   -1 -4 -2 -3 -4 -4 -4  7 -4 -6 -6 -3 -5 -5 -4 -2 -3 -4 -5 -5    0   0   0   0   0   0   0 100   0   0   0   0   0   0   0   0   0   0   0   0  1.83 0.26
   27 G   -1 -4 -2 -3 -4 -4 -4  7 -4 -6 -6 -3 -5 -5 -4 -2 -3 -4 -5 -5    0   0   0   0   0   0   0 100   0   0   0   0   0   0   0   0   0   0   0   0  1.83 0.26
   28 R   -3  8 -2 -3 -5 -1 -2 -4 -2 -5 -4  1 -3 -5 -4 -2 -3 -5 -4 -4    0  96   0   0   0   0   0   0   0   0   0   3   0   0   0   0   0   0   0   0  1.71 0.28
   29 I   -2  4 -2 -3 -3  1 -2 -4 -3  4 -1 -1 -1 -2 -4 -2 -1 -4 -3  1    0  31   1   1   0  10   0   0   0  47   0   0   0   0   0   0   2   0   0   7  0.50 0.16
   30 F   -3 -4 -5 -5 -4 -4 -5 -5 -3 -1  1 -4  4  8 -5 -4 -3 -1  1 -2    1   0   0   0   0   0   0   0   0   0  13   0  13  73   0   0   0   0   0   0  1.33 0.25
   31 S    1  2 -1 -2 -3 -1 -2  4 -2 -4 -4  0 -3 -4 -2  3  0 -4 -3 -3    9  15   0   0   0   0   0  31   0   0   0   4   0   0   0  38   2   0   0   0  0.54 0.15
   32 F   -4 -5 -5 -6 -5 -5 -5 -5 -3 -2 -1 -5 -2  9 -6 -4 -4 -1  1 -3    0   0   0   0   0   0   0   0   0   0   0   0   0 100   0   0   0   0   0   0  2.11 0.33
   33 T    4 -2 -2 -2 -2 -2 -2 -1 -3 -3 -3 -2 -2 -4 -2  3  4 -4 -3 -2   43   0   0   0   0   0   0   0   0   0   0   0   0   0   0  25  32   0   0   0  0.65 0.18
   34 A    6 -3 -3 -4 -2 -3 -3 -2 -3 -3 -3 -2 -3 -4 -3  0 -1 -4 -4 -2   98   0   0   0   0   0   0   0   0   0   0   0   0   0   0   1   0   0   0   1  1.24 0.28
   35 L   -3 -4 -5 -5 -3 -4 -5 -5 -5  1  6 -4  1 -1 -5 -4 -3 -3 -3  0    0   0   0   0   0   0   0   0   0   1  97   0   0   0   0   0   0   0   0   2  1.16 0.24
   36 T   -1 -3 -2 -3 -2 -3 -3 -4 -4  0 -1 -3  0 -3 -3 -1  5 -4 -3  4    3   0   0   0   0   0   0   0   0   0   0   0   2   0   0   1  52   0   0  42  0.76 0.21
   37 V   -2 -4 -5 -5 -3 -4 -4 -5 -5  1 -1 -4 -1 -3 -4 -3 -2 -5 -3  7    1   0   0   0   0   0   0   0   0   1   0   0   0   0   0   0   0   0   0  98  1.31 0.28
   38 V   -1 -4 -5 -5 -3 -4 -4 -5 -5  1 -1 -4 -1 -3 -4 -3 -2 -5 -3  7    1   0   0   0   0   0   0   0   0   2   0   0   0   0   0   0   0   0   0  97  1.27 0.27
   39 G   -2 -4 -2 -3 -4 -4 -4  7 -4 -6 -6 -3 -5 -5 -4 -2 -3 -4 -5 -5    0   0   0   0   0   0   0 100   0   0   0   0   0   0   0   0   0   0   0   0  1.88 0.28
   40 D   -4 -4  1  8 -6 -2  0 -3 -3 -5 -6 -3 -5 -6 -3 -2 -3 -6 -5 -5    0   0   3  97   0   0   0   0   0   0   0   0   0   0   0   0   0   0   0   0  1.90 0.31
   41 G   -1 -1 -1 -2 -2  0 -1  6 -3 -5 -5  1 -4 -5 -3 -1 -3 -4 -4 -4    1   2   1   0   1   4   3  75   0   0   0  11   0   0   0   1   0   0   0   0  1.09 0.20
   42 N   -2  0  5  3 -4  0  1 -2  0 -4 -4  3 -3 -4 -3 -1 -2 -5 -3 -4    1   1  42  22   0   3   7   0   2   0   1  20   0   0   0   1   0   0   0   0  0.71 0.16
   43 G   -2 -4 -2 -3 -4 -4 -4  7 -4 -6 -6 -3 -5 -5 -4 -2 -3 -4 -5 -5    0   0   0   0   0   0   0 100   0   0   0   0   0   0   0   0   0   0   0   0  1.88 0.28
   44 R   -2  5 -1 -2 -4  0 -1 -1  5 -4 -3  3 -2 -3 -3 -1 -1  0 -1 -3    1  50   2   0   0   1   0   5  16   1   0  15   1   0   0   4   2   1   1   0  0.71 0.17
   45 V   -2 -4 -5 -5 -2 -4 -4 -5 -5  3  0 -4 -1 -2 -4 -3 -2 -4 -3  6    1   0   0   0   0   0   0   0   0  18   0   0   0   0   0   0   0   0   0  82  1.06 0.23
   46 G   -1 -4 -2 -3 -4 -4 -4  7 -4 -6 -6 -3 -5 -5 -4 -2 -3 -4 -5 -5    2   0   0   0   0   0   0  98   0   0   0   0   0   0   0   0   0   0   0   0  1.82 0.28
   47 F    0 -4 -4 -5 -3 -3 -4 -4 -2  0  0 -4  5  7 -4 -3 -2 -1  3 -1    9   0   0   0   0   0   0   0   0   2   1   0  21  55   0   1   1   0   8   3  0.92 0.21
   48 G   -1 -4 -2 -3 -4 -4 -4  7 -4 -6 -6 -3 -5 -5 -4 -2 -3 -4 -5 -5    1   0   0   0   0   0   0  99   0   0   0   0   0   0   0   0   0   0   0   0  1.85 0.28
   49 Y   -2  2 -2 -3 -3  0 -2 -3 -1  0  0  3  1  0 -3 -1  1 -1  4 -1    0  12   0   0   0   2   0   0   0   6  10  23   5   0   0   3  15   0  22   1  0.27 0.11
   50 G   -1 -4 -2 -3 -4 -4 -4  7 -4 -6 -6 -3 -5 -5 -4 -1 -3 -4 -5 -5    1   0   0   0   0   0   0  97   0   0   0   0   0   0   0   2   0   0   0   0  1.78 0.27
   51 K   -3  1 -2 -3 -5  0 -1 -3 -3 -5 -4  7 -3 -5 -3 -2 -3 -5 -4 -4    0   1   0   0   0   0   0   0   0   0   0  99   0   0   0   0   0   0   0   0  1.55 0.30
   52 A    6 -3 -3 -3 -2 -2 -2 -1 -3 -3 -3 -2 -3 -4 -2  2 -1 -4 -3 -2   81   0   0   0   0   0   0   0   0   0   0   0   0   0   0  19   0   0   0   0  0.97 0.24
   53 R    0  5  0 -2 -4  2 -1  0 -1 -4 -3  3 -2 -4 -3 -1 -2 -4 -3 -3    7  48   2   0   0  11   0   7   1   0   1  19   0   0   0   3   0   0   0   0  0.66 0.16
   54 E   -3 -2 -2  0 -6  0  7 -4 -2 -5 -5 -1 -4 -5 -3 -2 -3 -5 -4 -5    0   0   0   0   0   0 100   0   0   0   0   0   0   0   0   0   0   0   0   0  1.71 0.32
   55 V   -2 -4 -5 -5 -3 -4 -4 -5 -5  1 -1 -4 -1 -3 -4 -3 -2 -5 -3  7    0   0   0   0   0   0   0   0   0   1   0   0   0   0   0   0   0   0   0  99  1.32 0.28
   56 P   -3 -4 -4 -4 -5 -3 -3 -4 -4 -5 -5 -3 -5 -6  9 -3 -3 -6 -5 -5    0   0   0   0   0   0   0   0   0   0   0   0   0   0 100   0   0   0   0   0  2.81 0.35
   57 A    2 -2 -1  2 -2  0  2 -2 -2  0 -1 -1 -1 -3 -2  0 -1 -4 -3  2   21   0   0  15   0   2  21   0   0   5   4   0   0   0   0   5   1   0   0  25  0.23 0.10
   58 A    6 -3 -3 -3 -2 -2 -3 -1 -3 -3 -3 -2 -3 -4 -3  0 -2 -4 -4 -2   96   0   0   0   0   0   0   1   0   0   0   0   0   0   0   3   0   0   0   0  1.18 0.27
   59 I   -2 -5 -5 -5 -3 -4 -5 -5 -5  7  0 -4  0 -2 -4 -4 -2 -4 -3  3    0   0   0   0   0   0   0   0   0  79   0   0   0   0   0   0   0   0   0  20  1.13 0.24
   60 Q   -2  5 -2 -2 -5  6  0 -3 -1 -5 -4  1 -2 -5 -3 -1 -2 -4 -3 -4    2  32   0   0   0  57   0   0   1   0   0   5   0   0   0   2   0   0   0   0  1.08 0.24
   61 K   -3  0 -2 -3 -5  0 -1 -3 -3 -5 -4  7 -3 -5 -3 -2 -3 -5 -4 -4    0   0   0   0   0   0   0   0   0   0   0 100   0   0   0   0   0   0   0   0  1.58 0.31
   62 A    5 -3 -3 -3 -2 -2 -2  2 -3 -3 -3 -2 -3 -4 -2  1 -2 -4 -3 -2   78   0   0   0   0   0   0  17   0   0   0   0   0   0   0   5   0   0   0   0  0.90 0.22
   63 M   -2 -3 -3 -4 -3 -3 -4 -4 -4  3  1 -3  8 -2 -4 -3  1 -3 -3  2    1   0   0   0   0   0   0   0   0  19   5   0  54   0   0   0   8   0   0  13  0.88 0.22
   64 E   -3 -2 -1  4 -5  1  6 -4 -2 -5 -5 -1 -4 -5 -3 -2 -3 -5 -4 -4    0   0   1  19   0   3  78   0   0   0   0   0   0   0   0   0   0   0   0   0  1.29 0.25
   65 K    1  0  0  4 -3  3  2 -2  0 -4 -3  2 -2 -4 -2  0 -1 -4 -1 -3   13   3   3  26   0  21  12   0   1   0   0  15   0   0   0   5   0   0   2   0  0.43 0.11
   66 A    6 -3 -3 -4 -1 -3 -3 -1 -3 -3 -3 -2 -3 -4 -3  0 -2 -4 -4 -2   97   0   0   0   1   0   0   2   0   0   0   0   0   0   0   1   0   0   0   0  1.20 0.27
   67 R   -3  6 -2 -3 -5  0 -1 -4 -1 -5 -4  5 -3 -5 -3 -2 -2 -5 -3 -4    0  58   0   0   0   0   0   0   1   0   0  41   0   0   0   0   0   0   0   0  1.22 0.24
   68 R   -2  6 -2 -3 -5  0 -1 -3  0 -4 -4  5 -2 -4 -3 -2 -2 -4 -3 -4    1  47   0   0   0   1   0   0   2   1   0  48   0   0   0   0   0   0   0   0  1.06 0.22
   69 N   -2 -1  7  0 -4 -1 -1 -1  0 -5 -5  0 -4 -4 -3  0 -1 -3 -4 -4    1   1  74   3   0   2   2   4   1   0   0   6   0   0   0   5   1   0   0   0  1.11 0.23
   70 M   -3 -3 -4 -5 -3 -3 -4 -5 -4  0  3 -3  8 -1 -4 -4 -3 -3 -3 -1    0   0   0   0   0   0   0   0   0   2  33   0  63   1   0   0   0   0   0   1  1.24 0.27
   71 I   -1  0 -3 -4 -2 -1 -3 -4 -2  4  0 -1  1  1 -3 -2  0 -3 -2  3    1   5   1   0   1   2   1   0   1  45   2   5   2   5   0   1   3   0   0  25  0.38 0.12
   72 N   -1  2  1  0 -3  1  1 -2  1 -2 -3  3 -2 -3 -2  0  2 -3 -1 -2    0  13   6   4   0   6  11   0   3   2   1  29   0   0   1   7  15   0   1   1  0.32 0.09
   73 V   -2 -4 -5 -5 -2 -4 -4 -5 -5  3  0 -4 -1 -1 -4 -3 -2 -4 -3  6    1   0   0   0   0   0   0   0   0  18   0   0   0   2   0   0   0   0   0  80  1.02 0.23
   74 A    0 -2  0  0 -3 -1  0 -2  0 -3 -4 -1 -3 -4  6  2 -1 -5 -3 -2    8   0   3   6   0   2   6   0   3   1   0   3   0   0  48  16   2   0   0   2  0.92 0.16
   75 L   -3 -2 -5 -5 -3 -3 -4 -5 -4  2  5 -3  3 -1 -4 -4 -2 -3 -2  0    0   3   0   0   0   0   0   0   0   9  80   0   7   0   0   0   1   0   0   1  0.85 0.19
   76 N   -1  2  3  0 -3  0 -1 -3 -1 -1 -2  3 -2 -2 -3 -1 -1 -4 -1  2    1  13  21   4   0   1   0   0   1   2   0  29   0   1   0   3   2   0   2  20  0.30 0.12
   77 N   -1 -2  4  2 -3 -1  1  4 -1 -5 -5 -1 -4 -4 -3 -1 -2 -4 -4 -4    1   1  31   9   0   0  10  42   1   0   0   3   0   0   0   2   1   0   0   0  0.70 0.15
   78 G   -1 -3  0  0 -3 -2 -2  5 -1 -4 -4 -1 -3 -4 -2  0  3 -4 -4 -3    1   0   4   5   0   1   0  52   2   0   0   2   0   0   1   3  28   0   0   0  0.71 0.16
   79 T   -2 -3 -2 -3 -3 -3 -3 -3 -4 -3 -3 -3 -3 -4 -3  0  7 -4 -4 -2    0   0   0   0   0   0   0   0   0   0   0   0   0   0   0   3  97   0   0   0  1.48 0.31
   80 L   -3 -4 -5 -5 -2 -4 -4 -5 -4  4  4 -4  1 -1 -4 -3 -1 -3 -2  1    0   0   0   0   0   0   0   0   0  37  54   0   0   1   0   0   2   0   0   5  0.74 0.17
   81 Q   -3 -1 -2 -2 -4  4 -1 -4  6 -4 -4 -1 -3 -1  5 -2 -2  2  1 -4    0   0   0   0   0  31   0   0  24   0   0   0   0   2  32   0   2   3   5   0  0.98 0.21
   82 H   -4 -2 -2 -3 -5 -2 -2 -4 10 -5 -5 -3 -3 -2 -4 -2 -4 -3  5 -5    0   0   0   0   0   0   0   0  80   0   0   0   0   0   0   1   0   0  19   0  2.09 0.34
   83 P    1 -1 -1  1 -3  1  3 -2 -2 -3 -3 -1 -2 -4  5  0  1 -4 -3 -2   13   1   2   7   0   6  24   0   0   0   2   1   0   0  28   6   9   0   0   0  0.56 0.12
   84 V   -1 -4 -4 -4 -2 -4 -4 -5 -4  4  0 -4  1 -2 -4 -3  0 -4 -3  5    1   0   0   0   0   0   0   0   0  36   2   0   3   0   0   1   4   0   0  54  0.75 0.18
   85 K   -1  0  0 -1 -2  0  0 -3  0  2  0  2  1 -2 -2 -1  2 -2 -2  1    0   3   6   1   0   2   6   0   2  20   5  20   3   0   1   2  16   0   0  13  0.12 0.07
   86 G    1 -4 -2 -3 -2 -3 -3  6 -2 -5 -5 -3 -4 -2 -3  0 -3 -1 -3 -4   13   0   1   0   1   0   0  79   1   0   0   0   0   2   0   4   0   1   0   0  1.22 0.21
   87 V   -1  4  0 -1 -3  1  1 -2  4 -1 -2  2 -2 -3 -3  0  0 -2 -1 -1    3  31   4   0   0   4  10   1  13   4   0  13   0   0   0   4   4   0   1   7  0.31 0.09
   88 H   -3 -3 -2 -3 -4 -1 -2 -4  9 -3 -3 -3 -3  5 -4 -3 -2 -1  3 -3    2   0   0   0   0   2   0   0  59   0   0   0   0  26   0   0   1   0   8   1  1.36 0.26
   89 T    0 -4 -2 -3 -4 -3 -3  7 -4 -5 -5 -3 -4 -5 -4  0  0 -4 -4 -4    4   0   0   0   0   0   0  84   0   0   0   0   0   0   0   5   7   0   0   0  1.37 0.23
   90 G    5 -3 -3 -3 -2 -2 -2  2 -3 -3 -3 -2 -3 -4 -2  1 -1 -4 -3 -2   78   0   0   0   0   0   0  15   0   0   0   0   0   0   0   7   0   0   0   0  0.89 0.22
   91 S    2 -3 -1 -2 -2 -2 -2  4 -3 -4 -4 -2 -3 -4 -2  3  1 -4 -3 -2   23   0   0   0   0   0   0  37   0   0   0   0   0   0   0  33   6   0   0   1  0.65 0.16
   92 R   -2  4  1 -2 -4  1  0 -3  0 -3 -3  4 -2 -3 -3  0  0 -4 -2 -3    0  30   7   0   0   3   2   0   1   0   2  38   0   0   0   7   7   0   0   1  0.54 0.14
   93 V   -2 -4 -5 -5 -2 -4 -4 -5 -5  3 -1 -4 -1 -2 -4 -3 -2 -5 -3  6    0   0   0   0   0   0   0   0   0  12   0   0   0   0   0   0   0   0   0  88  1.14 0.25
   94 F   -3 -3 -4 -5 -3 -3 -3 -4 -1  1  3 -3  2  4 -4 -3 -2  0  4  0    0   0   0   0   0   0   0   0   1   5  35   0   7  26   0   0   1   0  20   6  0.60 0.14
   95 M   -3 -3 -4 -5 -3 -3 -4 -5 -4  2  3 -3  8 -2 -4 -4 -2 -3 -3  0    0   0   0   0   0   0   0   0   0   9  26   0  64   0   0   0   0   0   0   1  1.24 0.27
   96 Q   -1  2 -1 -2 -4  5  0 -3 -1 -3 -2  4  0 -4 -3 -1 -2 -4 -3 -3    4  11   1   0   0  36   0   0   1   0   5  37   2   0   0   3   0   0   0   0  0.65 0.17
   97 P   -2 -4 -4 -3 -5 -3 -3 -4 -4 -5 -5 -3 -4 -6  9 -2 -1 -6 -5 -4    2   0   0   0   0   0   0   0   0   0   0   0   0   0  94   1   3   0   0   0  2.53 0.33
   98 A    6 -3 -3 -4 -2 -3 -3 -1 -3 -3 -3 -2 -3 -4 -3  0 -2 -4 -4 -2   99   0   0   0   0   0   0   1   0   0   0   0   0   0   0   0   0   0   0   0  1.27 0.28
   99 S    2 -2 -1 -2 -2 -1 -2 -2 -2 -3 -3  0 -2 -4  3  4  0 -4 -3 -2   16   0   0   0   0   1   0   1   0   0   0   6   0   0  18  53   1   0   0   3  0.63 0.17
  100 E    0 -1 -1  1 -4  1  5 -3 -1 -4 -4  0 -3 -5  3 -1 -2 -4 -3 -3    8   0   0   7   0   5  59   0   0   0   0   4   0   0  13   2   1   0   0   1  0.79 0.18
  101 G   -2 -4 -2 -3 -4 -4 -4  7 -4 -6 -6 -3 -5 -5 -4 -2 -3 -4 -5 -5    0   0   0   0   0   0   0 100   0   0   0   0   0   0   0   0   0   0   0   0  1.88 0.28
  102 T   -1 -3 -2 -2 -1 -2 -3 -3 -4 -3 -3 -2 -3 -4 -3  1  7 -4 -4 -2    1   0   0   1   1   0   0   0   0   0   0   0   0   0   0   5  92   0   0   0  1.35 0.29
  103 G   -2 -4 -2 -3 -4 -4 -4  7 -4 -6 -6 -3 -5 -5 -4 -2 -3 -4 -5 -5    0   0   0   0   0   0   0 100   0   0   0   0   0   0   0   0   0   0   0   0  1.88 0.28
  104 I   -2 -4 -5 -5 -2 -4 -4 -5 -5  5  0 -4  0 -2 -4 -3 -2 -4 -3  5    0   0   0   0   0   0   0   0   0  47   1   0   0   0   0   0   0   0   0  52  0.95 0.21
  105 I   -3 -4 -5 -5 -3 -4 -5 -5 -5  7  0 -1  0 -2 -5 -4 -2 -4 -3  1    0   0   0   0   0   0   0   0   0  94   0   4   0   0   0   0   0   0   0   1  1.29 0.27
  106 A    6 -3 -3 -4 -2 -3 -3 -1 -3 -3 -3 -2 -3 -4 -3  0 -2 -4 -4 -2   98   0   0   0   0   0   0   0   0   0   0   0   0   0   0   2   0   0   0   0  1.24 0.27
  107 G   -2 -4 -2 -3 -4 -4 -4  7 -4 -6 -6 -3 -5 -5 -4 -2 -3 -4 -5 -5    0   0   0   0   0   0   0 100   0   0   0   0   0   0   0   0   0   0   0   0  1.88 0.28
  108 G   -1 -4 -2 -3 -4 -4 -4  7 -4 -6 -6 -3 -5 -5 -4 -2 -3 -4 -5 -5    0   0   1   0   0   0   0  99   0   0   0   0   0   0   0   0   1   0   0   0  1.83 0.28
  109 A    4 -3 -3 -3 -3 -3 -3 -2 -4 -4 -4 -2 -3 -5  7 -1 -2 -5 -4 -3   47   0   0   0   0   0   0   0   0   0   0   0   0   0  51   1   1   0   0   0  1.34 0.24
  110 M   -1 -4 -4 -5 -3 -3 -4 -5 -4  0  0 -3  9 -2 -4 -3 -2 -4 -3  3    3   0   0   0   0   0   0   0   0   1   0   0  67   0   0   0   1   0   0  28  1.28 0.29
  111 R   -3  8 -2 -4 -6 -1 -2 -4 -2 -5 -4  0 -3 -5 -4 -3 -3 -5 -4 -5    0 100   0   0   0   0   0   0   0   0   0   0   0   0   0   0   0   0   0   0  1.88 0.32
  112 A    6 -3 -3 -3 -2 -2 -2 -1 -3 -3 -2 -2 -2 -3 -2  1 -1 -4 -3 -2   89   0   0   0   0   0   0   0   0   0   3   0   0   0   1   6   0   0   0   0  1.00 0.24
  113 V   -2 -4 -5 -5 -2 -4 -4 -5 -5  3  0 -4  0 -2 -4 -3 -2 -5 -3  6    0   0   0   0   0   0   0   0   0  12   2   0   1   0   0   0   0   0   0  86  1.09 0.24
  114 L   -3 -4 -5 -5  1 -4 -4 -5 -4  0  4 -4  1  5 -5 -4 -3 -2  0  0    0   0   0   0   3   0   0   0   0   1  57   0   1  35   0   0   0   0   0   2  0.83 0.18
  115 E   -2 -2 -2  2 -6  0  7 -4 -1 -5 -5 -1 -4 -5 -3 -2 -2 -5 -4 -4    1   0   0   6   0   0  91   0   1   0   0   0   0   0   0   0   1   0   0   0  1.47 0.28
  116 V    1 -3 -4 -4  0 -3 -3 -3 -4  1  2 -3  1 -2 -3 -2 -1 -3 -2  4   16   0   0   0   2   0   0   0   0   2  27   0   4   0   0   1   2   0   0  46  0.45 0.14
  117 A    4 -3 -3 -4 -1 -2 -3 -2 -3  0  1 -2  4 -2 -3 -1 -1 -3 -3  2   50   0   0   0   0   0   0   1   0   2  13   0  15   0   0   1   0   0   0  17  0.45 0.15
  118 G   -2 -4 -2 -3 -4 -4 -4  7 -4 -6 -6 -3 -5 -5 -4 -2 -3 -4 -5 -5    0   0   0   0   0   0   0 100   0   0   0   0   0   0   0   0   0   0   0   0  1.88 0.28
  119 V   -2 -4 -5 -5 -2 -4 -4 -5 -5  4  0 -4  0 -2 -4 -3 -2 -4 -3  6    0   0   0   0   0   0   0   0   0  28   2   0   1   0   0   0   0   0   0  69  0.94 0.21
  120 H   -1  3  0 -2 -4  3  0  0  5 -4 -3  2 -2 -3 -3  0  1 -4 -1 -3    3  20   1   0   0  19   1   7  21   0   0  13   0   0   0   3  13   0   0   0  0.47 0.13
  121 N   -3 -3  6  6 -5 -2 -1 -2 -2 -5 -5 -2 -4 -5 -3 -1 -2 -6 -4 -5    0   0  49  51   0   0   0   0   0   0   0   0   0   0   0   0   0   0   0   0  1.36 0.25
  122 V   -2 -4 -5 -5 -2 -4 -4 -5 -5  5  0 -4  0 -2 -4 -3 -2 -4 -3  5    0   0   0   0   0   0   0   0   0  40   0   0   0   0   0   0   0   0   0  60  0.97 0.21
  123 L   -2 -1 -4 -4 -2 -3 -4 -4 -4  1  4 -3  1 -1 -4 -1 -1 -3 -2  2    1   4   0   0   0   0   0   0   0   2  65   0   0   0   0   5   2   0   1  19  0.56 0.15
  124 A    5 -3 -2 -3  1 -2 -2 -1 -3 -3 -3 -2 -2 -4 -2  3  3 -4 -3 -2   59   0   0   0   2   0   0   1   0   0   0   0   0   0   0  20  18   0   0   0  0.66 0.18
  125 K   -3  0 -2 -3 -5  0 -1 -3 -3 -5 -4  7 -3 -5 -3 -2 -3 -5 -4 -4    0   0   0   0   0   0   0   0   0   0   0 100   0   0   0   0   0   0   0   0  1.58 0.31
  126 A    2 -3 -1 -3  7 -2 -2 -2 -3 -1 -3 -2 -2 -4 -3  4  0 -4 -3 -1   14   0   1   0  28   0   0   0   0   4   0   0   0   0   0  47   4   0   0   3  0.76 0.19
  127 Y   -2 -3 -2 -4 -3 -1 -3 -4  3  2  3 -3  0  0 -4 -3 -1 -1  4  0    0   0   2   0   0   2   0   0  11  17  36   0   0   1   0   0   3   0  23   4  0.44 0.13
  128 G   -1 -1 -2 -3 -4 -3 -4  7 -4 -6 -5 -3 -4 -5 -4 -2 -3 -4 -5 -5    0   4   0   0   0   0   0  95   0   0   0   0   0   0   0   0   0   0   0   0  1.70 0.27
  129 S    0 -3 -1 -2 -3 -2 -2 -2 -3 -4 -4 -2 -3 -4 -3  6  2 -5 -3 -3    1   0   0   0   0   0   0   0   0   0   0   0   0   0   0  88  11   0   0   0  1.14 0.27
  130 T   -1  2  4 -1 -3  0 -1 -2 -1 -3 -3 -1 -2 -4 -3  2  4 -4 -3 -2    3  12  24   1   0   3   0   0   0   0   0   0   0   0   0  18  38   0   0   0  0.55 0.16
  131 N   -3 -1  8 -1 -4 -2 -2 -2 -1 -5 -5 -2 -4 -5 -4 -1  1 -6 -4 -4    0   2  87   0   0   0   0   0   0   0   0   0   0   0   0   1  10   0   0   0  1.55 0.29
  132 P    0 -4 -4 -3 -5 -3 -3 -4 -3 -5 -5 -3 -4 -6  8 -2 -3 -6 -5 -4    7   0   0   0   0   0   0   0   0   0   0   0   0   0  90   2   0   0   0   0  2.36 0.31
  133 I   -2 -3  0 -4  1 -2 -3 -3  0  4  0 -3  0  0 -4 -2 -2 -2  5  2    2   0   5   0   3   2   0   2   2  43   1   0   2   0   0   1   1   0  25  12  0.46 0.15
  134 N   -4 -2  8 -1 -5 -2 -2 -2 -1 -5 -6 -2 -4 -5 -4 -1 -2 -6 -4 -5    0   0  99   0   0   0   0   0   0   0   0   0   0   0   0   1   0   0   0   0  1.92 0.33
  135 V   -2 -4 -4 -5 -3 -3 -4 -5 -4  2  1 -3  6 -2 -4 -3 -2 -4 -3  5    0   0   0   0   0   0   0   0   0   8   6   0  36   0   0   0   0   0   0  50  0.86 0.21
  136 V   -2 -4 -5 -5 -2 -4 -4 -5 -5  2  0 -4 -1 -2 -4 -3 -2 -5 -3  6    0   0   0   0   0   0   0   0   0   8   1   0   0   0   0   0   0   0   0  90  1.16 0.25
  137 R   -3  7  0 -3 -5  0 -2 -4  1 -5 -4  1 -3 -4 -4 -2 -3 -4 -2 -4    0  84   5   0   0   3   0   0   4   0   0   3   0   0   0   1   0   0   1   0  1.39 0.26
  138 A    6 -3 -3 -4 -2 -3 -3 -1 -3 -3 -3 -2 -3 -4 -3  0 -2 -4 -4 -2   97   0   0   0   0   0   0   0   0   0   0   0   0   0   0   2   0   0   0   0  1.22 0.27
  139 T   -1 -3 -2 -3 -3 -3 -3 -3 -4 -3 -3 -3 -1 -4 -3  0  7 -4 -4 -2    2   0   0   0   0   0   0   0   0   0   0   0   1   0   0   0  97   0   0   0  1.46 0.31
  140 I   -2 -4 -4 -5 -2 -3 -4 -5 -4  4  3 -4  3  3 -4 -3 -2 -2 -1  2    0   0   0   0   0   0   0   0   0  33  31   0   7  14   0   0   0   0   1  13  0.55 0.13
  141 D   -1 -1  4  4 -4  1  2 -2 -1 -4 -4  2 -3 -4 -3 -1 -1 -5 -3 -3    4   1  30  27   0   4  15   1   0   0   1  13   0   0   0   1   2   0   0   1  0.60 0.15
  142 G    3 -4 -2 -3 -3 -3 -3  6 -4 -4 -5 -3 -4 -5 -3 -1 -3 -4 -4 -3   30   0   0   0   0   0   0  69   0   0   0   0   0   0   0   0   0   0   0   1  1.25 0.25
  143 L   -3 -4 -5 -6 -3 -4 -5 -6 -5  0  6 -4  1  0 -5 -4 -3 -3 -3 -1    0   0   0   0   0   0   0   0   0   2  96   0   1   2   0   0   0   0   0   0  1.25 0.27
  144 E    1  1  0 -1 -1  1  1 -1 -2 -2 -2  3 -1 -3 -2  2  2 -4 -2 -1   10   8   3   2   1   7   6   3   0   0   2  22   1   0   0  16  15   0   0   5  0.22 0.08
  145 N    0  1  2  1 -2  2  1 -1  0 -3 -3  2 -2 -4 -2  2 -1 -4 -3 -3    9   8  14   7   0  10   8   3   1   0   0  16   1   0   0  20   1   0   0   0  0.31 0.10
  146 M   -2 -3 -4 -4  0 -1 -2 -4 -3  1  3 -3  7 -1 -4 -1 -2 -3 -2  1    1   0   0   0   2   1   3   0   0   7  34   0  40   0   0   4   1   0   1   6  0.68 0.20
  147 N   -1  2  2 -1 -3  2  0 -2  1 -3 -2  4 -1 -3 -2  1  1 -4 -1 -3    4  11  10   1   0  10   4   1   4   0   2  33   1   0   0  10   8   0   2   0  0.35 0.11
  148 S    0  2  1  0 -3 -1 -1 -2 -2 -3 -3 -1 -3 -3 -2  4  4 -4 -3 -2    3  13   6   6   0   1   0   0   0   0   0   1   0   1   0  40  28   0   0   1  0.51 0.17
  149 P    3 -4 -4 -4 -4 -3 -3 -3 -4 -3 -4 -3 -4 -5  8 -2 -3 -5 -5 -2   26   0   0   0   0   0   0   0   0   1   0   0   0   0  70   0   0   0   0   3  1.78 0.30
  150 E    1  1 -1  1 -4  1  5 -3 -2 -4 -3  0 -2 -4 -2  1 -1 -4 -3 -3   14   7   2   6   0   4  53   0   0   0   1   3   0   0   0   9   1   0   0   0  0.64 0.18
  151 M   -1  0  0  2 -4  2  4 -2  1 -3 -2  0  2 -3 -2  0 -1 -3  0 -3    3   3   2  15   0  10  33   1   3   1   2   3  10   0   0   7   3   0   3   0  0.36 0.12
  152 V   -2 -4 -5 -5 -3 -4 -4 -5 -5  5  0 -4  0 -2 -4 -4 -2 -4 -2  5    1   0   0   0   0   0   0   0   0  38   0   0   1   0   0   0   0   0   0  59  1.01 0.24
  153 A    6 -3 -4 -4 -2 -3 -3 -2 -4 -3 -4 -3 -3 -4 -3  0 -2 -5 -4 -2   99   0   0   0   0   0   0   0   0   0   0   0   0   0   0   1   0   0   0   0  1.38 0.32
  154 A    5  1 -2 -2 -2  0  0 -2 -3 -3 -2  2 -1 -4 -2  0 -1 -4 -3 -2   64   6   0   1   0   3   4   0   0   0   2  16   2   0   0   2   2   0   0   0  0.59 0.19
  155 K   -3  2 -2 -3 -4 -1 -1 -4 -3 -1  2  6 -1 -3 -3 -2 -2 -4 -3 -2    0   7   0   0   0   0   0   0   0   2  26  64   0   0   0   0   0   0   0   0  0.79 0.23
  156 R   -4  8 -3 -4 -3 -1 -2 -5 -2 -5 -4  0 -4 -5 -4 -3 -3 -5 -4 -5    0  99   0   0   1   0   0   0   0   0   0   0   0   0   0   0   0   0   0   0  2.00 0.37
  157 G   -2 -4  0 -3 -5 -4 -4  7 -4 -6 -6 -3 -5 -5 -4 -2 -3 -5 -5 -5    0   0   4   0   0   0   0  95   0   0   0   0   0   0   0   0   1   0   0   0  1.79 0.30
  158 K   -3  0 -2 -3 -5 -1 -1 -4 -3 -3  1  7 -1 -4 -3 -2 -3 -5 -4 -3    0   1   0   0   0   0   0   0   0   1  14  83   1   0   0   0   0   0   0   0  1.17 0.29
  159 S   -1 -1  0 -2 -2 -1 -2 -2 -3 -3 -3  1 -3 -4 -1  4  4 -4 -3 -2    1   3   2   1   0   0   0   0   0   1   1   9   0   0   2  48  33   0   0   0  0.66 0.21
  160 V   -2 -4 -5 -5 -3 -4 -4 -5 -5  2  0 -4 -1 -2 -4 -4 -2 -5 -3  6    1   0   0   0   0   0   0   0   0   8   6   0   0   0   0   0   0   0   0  84  1.12 0.26
  161 E    0 -1 -1  2 -5  1  6 -2 -2 -5 -4  1 -3 -5 -3 -1 -2 -5 -4 -4    8   0   1  10   0   3  65   2   0   0   0   8   0   0   0   2   1   0   0   0  0.89 0.22
  162 E   -2 -2 -1  3 -5  2  6 -3 -2 -4 -5 -1 -4 -5 -3 -2 -2 -5 -3 -4    2   0   0  18   0   6  71   0   0   1   0   1   0   0   0   0   0   0   1   0  1.17 0.26
  163 I   -3 -4 -5 -5 -3 -4 -5 -5 -5  6  3 -4  0 -1 -4 -4 -2 -4 -3  2    0   0   0   0   0   0   0   0   0  67  27   0   1   0   0   0   0   0   0   5  1.00 0.23
  164 L   -2 -1 -4 -4 -2 -2 -3 -4 -3  1  4 -2  2  1 -4 -3  0 -2 -1  1    1   3   0   0   0   2   0   0   0   6  64   1   4   6   0   0   5   0   1   7  0.53 0.15
  165 G   -1 -3 -2 -3 -4 -3 -3  7 -4 -6 -5 -2 -4 -5 -1 -2 -3 -4 -5 -5    1   1   0   0   0   0   1  93   0   0   0   1   0   0   3   1   0   0   0   0  1.60 0.25
  166 K   -1  3 -1  0 -4  2  3 -2 -1 -4 -3  4 -2 -4 -2 -1 -1 -3 -2 -3    0  13   0   0   0   6  26   0   0   0   0  55   0   0   0   0   0   0   0   0  0.58 0.06

                      K         Lambda
Standard Ungapped    0.1319     0.3149
Standard Gapped      0.0631     0.2670
PSI Ungapped         0.2055     0.3133
PSI Gapped           0.0631     0.2670
