
Last position-specific scoring matrix computed, weighted observed percentages rounded down, information per position, and relative weight of gapless real matches to pseudocounts
           A  R  N  D  C  Q  E  G  H  I  L  K  M  F  P  S  T  W  Y  V   A   R   N   D   C   Q   E   G   H   I   L   K   M   F   P   S   T   W   Y   V
    1 T    2 -3 -2 -3 -2 -2 -2 -3 -3  0 -2 -2 -1 -3 -3  1  4 -4 -3  3   15   0   0   0   0   0   0   0   0   0   0   0   0   0   0  12  42   0   0  31  0.52 0.18
    2 R   -3  5 -2 -3 -5  1 -1 -4 -1 -5 -4  6 -3 -5 -3 -2 -1 -5 -4 -4    0  27   0   0   0   6   0   0   1   0   0  61   0   0   0   1   3   0   0   0  1.19 0.34
    3 V   -2  1 -3 -3  1 -2 -2 -4 -1  1  2  1  0  2  1 -2  1 -3  0  0    0   7   0   0   3   0   0   0   1   8  27  15   1   9   8   0  12   0   2   6  0.20 0.13
    4 S   -2 -1 -1 -1 -3  4  0 -2  1 -1 -3 -1 -1 -2 -3  2  4 -4 -1 -1    0   1   2   3   0  27   2   1   4   4   0   1   1   1   0  19  27   0   2   4  0.46 0.24
    5 D   -2  3 -2  3 -5  1  5 -4  0 -2 -2  1 -1 -4 -3 -1 -2 -5 -4 -3    1  17   0  19   0   3  40   0   2   3   3   7   2   0   0   2   0   0   0   1  0.65 0.24
    6 K   -3  5 -3 -3 -6 -1 -2 -4 -3 -3 -5  6 -4 -5 -4 -1 -3 -5 -4 -4    0  34   0   0   0   0   0   0   0   1   0  61   0   0   0   3   0   0   0   1  1.41 0.43
    7 V   -3 -4 -5 -5 -3 -4 -5 -5 -4  3  3 -4  1 -1 -5 -4 -2 -4  1  4    0   0   0   0   0   0   0   0   0  18  35   0   2   1   0   0   0   0   5  39  0.79 0.27
    8 M   -4 -1 -3  2 -5 -3  0 -5  0 -1 -1 -3  2  3 -2 -3 -3  1  7 -3    0   3   0  14   0   0   7   0   2   3   5   0   6   9   2   1   0   1  48   0  0.93 0.33
    9 I   -2 -5 -6 -6 -3 -5 -5 -6 -6  6  0 -5 -1  0 -5 -4 -3 -5 -3  4    1   0   0   0   0   0   0   0   0  63   4   0   0   3   0   0   0   0   0  29  1.27 0.38
   10 P   -3 -5 -5 -5 -6 -4 -4 -5 -5 -6 -3 -3 -5 -3  9 -4 -4 -7 -6 -5    1   0   0   0   0   0   0   0   0   0   3   1   0   2  94   0   0   0   0   0  2.83 0.62
   11 Q    0 -2 -2 -4 -3  2 -2 -4 -1  1  0 -1  0 -3 -4 -2  1 -4 -2  5    6   1   1   0   0  13   2   0   1   6   6   4   1   0   0   1   7   0   1  51  0.49 0.24
   12 D   -2  0  2  5 -5 -1  3 -3 -1 -5 -5  4 -4 -5 -3 -2 -3 -6 -4 -5    2   3   9  33   0   1  16   0   1   0   0  35   0   0   0   1   0   0   0   0  0.88 0.31
   13 E   -1  0  0  3 -5  2  4 -3 -2 -5 -4  3 -3 -5 -3  0 -1 -5 -4 -4    3   3   3  20   0  11  33   0   0   0   0  18   0   0   0   4   4   0   0   0  0.67 0.25
   14 Y   -4 -4 -2 -5 -5 -4 -3 -5  5 -4 -4 -4 -3  5 -6 -4 -4 -1  8 -3    0   0   1   0   0   0   1   0  15   0   0   0   0  19   0   0   0   0  62   1  1.87 0.48
   15 P   -4 -5 -5 -5 -6 -3 -4 -4 -5 -6 -6 -4 -6 -7  9 -2 -4 -7 -6 -6    0   0   0   0   0   1   0   1   0   0   0   0   0   0  95   3   0   0   0   0  2.92 0.63
   16 E   -2 -2  3  4 -5 -1  4  1 -1 -5 -4  1 -4 -5 -3  0  0 -5 -4 -4    1   0  18  23   0   0  29  11   1   0   1   6   0   0   0   6   4   0   0   0  0.64 0.25
   17 I   -4 -5 -5 -6 -4 -5 -5 -6 -2  5 -1 -5 -2  4 -5 -4 -2 -2  6  1    0   0   0   0   0   0   0   0   0  33   2   0   0  20   0   0   2   0  34   8  1.14 0.36
   18 N   -5 -3  9 -2 -1 -3 -3 -4 -3 -7 -7 -1 -5 -6 -4 -2 -3 -7 -5 -6    0   0  95   0   1   0   0   0   0   0   0   4   0   0   1   0   0   0   0   0  2.37 0.62
   19 F   -6 -6 -6 -7 -6 -7 -7 -7 -5 -2 -2 -7 -3  9 -7 -6 -5 -2  0 -3    0   0   0   0   0   0   0   0   0   1   1   0   0  97   0   0   0   0   0   1  2.72 0.64
   20 V   -3 -2 -5 -5 -3 -4 -5 -6 -5  4  0 -4  3  1 -5 -4 -2 -4 -3  5    0   3   0   0   0   0   0   0   0  28   2   0   9   7   0   0   1   0   0  50  0.96 0.34
   21 G   -3 -5 -3 -4 -5 -5 -5  7 -5 -6 -6 -4 -5 -6 -5 -3 -4 -5 -6 -6    0   0   0   0   0   0   0  97   0   0   0   0   0   0   0   0   0   0   0   0  2.24 0.54
   22 L   -3  5 -4 -4 -4  1 -3 -5 -3 -1  4  0 -1  0 -4 -3 -3 -4 -3 -2    1  32   0   0   0   6   0   0   0   2  50   4   0   3   0   0   0   0   0   0  0.76 0.31
   23 L   -4 -5 -5 -5 -3 -5 -5 -6 -5  6  4 -5  0 -2 -5 -5 -3 -4 -3  0    0   0   0   0   0   0   0   0   0  46  49   0   0   0   0   0   0   0   0   2  1.17 0.36
   24 I   -3 -5 -5 -5 -3 -4 -5 -6 -5  5  4 -5  0 -2 -5 -4 -3 -4 -3  1    0   0   0   0   0   0   0   0   0  42  50   0   1   0   0   0   0   0   0   5  1.08 0.34
   25 G   -3 -5 -3 -4 -5 -5 -5  7 -5 -6 -6 -4 -5 -6 -5 -3 -4 -5 -6 -6    0   0   0   0   0   0   0  97   0   0   0   0   0   0   0   0   0   0   0   0  2.24 0.54
   26 P   -3 -6 -6 -5 -6 -5 -5 -6 -6 -6 -3 -4 -6 -7  9 -4 -4 -7 -6 -6    1   0   0   0   0   0   0   0   0   0   3   0   0   0  96   0   0   0   0   0  3.01 0.68
   27 R   -5  8 -4 -5 -7 -2 -3 -4 -1 -6 -6 -1 -5 -6 -5 -2 -4 -6 -5 -6    0  96   0   0   0   0   0   1   1   0   0   0   0   0   0   2   0   0   0   0  2.37 0.62
   28 G   -2 -5 -3 -4 -6 -5 -5  7 -5 -7 -7 -5 -6 -6 -5 -3 -5 -6 -6 -6    1   0   0   0   0   0   0  99   0   0   0   0   0   0   0   0   0   0   0   0  2.34 0.57
   29 N   -2  0  7  0  1 -2 -3 -3  1 -4 -2  0  3 -4 -4 -1 -2 -5 -2 -4    2   4  59   3   3   0   0   0   3   0   4   5  11   0   0   4   1   0   1   0  1.04 0.38
   30 T   -2 -4  1 -3 -4 -3 -3 -4 -2 -4 -4 -3 -4 -5 -4  4  6 -5 -4 -3    0   0   7   0   0   0   0   0   1   0   0   0   0   0   0  28  65   0   0   0  1.35 0.48
   31 L    1 -3 -4 -5 -4  3 -3 -5  3  0  5 -3  1 -2 -4 -3 -3 -4 -3 -1   12   0   0   0   0  16   0   0   8   3  58   0   2   1   0   0   0   0   0   1  0.74 0.32
   32 K   -4  2 -2 -4 -6  0 -2 -5 -4 -6 -5  7 -4 -6 -4 -3 -1 -6 -5 -5    0   9   1   0   0   2   0   0   0   0   0  85   0   0   0   0   3   0   0   0  1.75 0.52
   33 N   -2  5  0  0 -5  4  0 -3 -2 -5 -4  3 -2 -5 -4 -2 -1 -5 -4 -4    2  41   3   4   0  21   4   1   0   0   1  19   1   0   0   1   3   0   0   0  0.89 0.32
   34 I   -4 -5 -6 -6 -4 -4 -5 -6 -5  2  4 -5  7 -2 -5 -5 -2 -4 -4  3    0   0   0   0   0   0   0   0   0   7  46   0  27   0   0   0   2   0   0  17  1.13 0.42
   35 E   -4 -3 -1 -2 -7  4  7 -5 -3 -7 -6 -2 -5 -7 -5 -3 -4 -6 -5 -6    0   0   2   0   0  19  79   0   0   0   0   0   0   0   0   0   0   0   0   0  1.94 0.65
   36 K    3  2 -1  0 -4  2  2 -2 -2 -4 -3  3 -2 -4 -3 -1 -1 -4 -1 -3   27  12   2   3   0  10  13   1   0   0   1  22   1   0   0   3   3   0   2   0  0.45 0.25
   37 E   -2 -1 -1  3 -5  1  5 -4 -3 -4 -4  0  0 -4 -4  0  0 -5 -3 -4    2   3   2  17   0   4  50   0   0   1   1   3   3   0   0   7   6   0   1   0  0.83 0.36
   38 C   -2 -4 -1 -4  0 -3 -4 -4 -2 -3 -4 -4 -3 -4 -4  4  6 -5 -2 -3    1   0   2   0   2   0   0   0   1   1   1   0   0   1   0  34  57   0   1   0  1.29 0.52
   39 N   -3 -4  3 -2 -4 -1  0  6  0 -6 -4 -3 -5 -6 -5 -2 -4 -6 -5 -6    0   0  13   2   0   2   6  70   2   0   2   1   0   0   0   1   0   0   0   0  1.37 0.46
   40 A    4 -5 -5 -5  9 -5 -5 -4 -5 -2 -4 -5 -4 -5 -5 -2  2 -6 -5 -3   39   0   0   0  46   0   0   0   0   2   0   0   0   0   0   2  11   0   0   1  1.72 0.55
   41 K   -4  5 -2 -4 -6  0 -2 -5 -2 -6 -4  6 -4 -6 -4 -3 -1 -6 -2 -5    0  33   1   0   0   3   0   0   1   0   1  57   0   0   0   0   4   0   1   0  1.45 0.51
   42 I   -4 -6 -6 -6 -4 -5 -6 -7 -6  7  1 -5  2 -3 -6 -5 -3 -5 -4  3    0   0   0   0   0   0   0   0   0  68   7   0   4   0   0   0   0   0   0  21  1.51 0.49
   43 M    2 -2 -3 -4 -2  0 -3 -3 -2  0  0 -2  5  1 -4  2 -1 -3  2  0   18   2   0   0   0   4   0   1   1   5   7   1  21   7   0  19   1   0   9   5  0.37 0.25
   44 I   -4 -6 -7 -6 -4 -6 -6 -7 -7  8  0 -6 -2 -3 -6 -6 -4 -6 -4  2    0   0   0   0   0   0   0   0   0  83   5   0   0   0   0   0   0   0   0  12  1.88 0.57
   45 R   -5  8 -4 -5 -7 -3 -4 -6 -4 -6 -2  0 -5 -6 -6 -4 -5  0 -5 -6    0  93   0   0   0   0   0   0   0   0   4   2   0   0   0   0   0   1   0   0  2.38 0.71
   46 G   -3 -6 -4 -5 -6 -5 -6  8 -6 -7 -7 -5 -6 -7 -6 -4 -5 -6 -7 -7    0   0   0   0   0   0   0 100   0   0   0   0   0   0   0   0   0   0   0   0  2.52 0.69
   47 K   -4  5 -3 -4  0 -1 -2 -5 -1 -6 -6  7 -4 -6 -4 -2 -4 -6 -5 -5    0  26   0   0   2   1   0   0   1   0   0  67   0   0   0   2   0   0   0   0  1.62 0.55
   48 G   -2 -6 -2 -3 -3 -5 -3  7 -5 -7 -7 -5 -6 -6 -5 -3 -5 -6  0 -6    1   0   1   1   0   0   2  90   0   0   0   0   0   0   0   0   0   0   3   0  2.05 0.60
   49 S   -1 -4 -3 -4 -2 -3 -4 -4 -4 -6 -6 -4 -1 -6 -2  7  1 -6 -5 -5    4   0   0   0   1   0   0   0   0   0   0   0   1   0   1  87   6   0   0   0  1.70 0.63
   50 V   -1 -4 -1 -4 -3 -2 -3 -3  0  3  0 -2  4 -3 -4 -2  0 -4 -1  4    3   0   3   0   0   2   1   2   2  19   5   2  14   0   0   1   4   0   2  40  0.58 0.29
   51 K   -4  4 -3 -4 -7 -1 -3 -5 -4 -6 -6  7 -5 -6 -4 -3 -3 -6 -5 -6    0  19   0   0   0   1   0   0   0   0   0  79   0   0   0   0   1   0   0   0  1.87 0.61
   52 E   -2 -3 -2  5 -6 -1  5 -4 -1 -5 -4 -2 -5 -5 -1 -2 -1 -6 -2 -5    2   0   0  38   0   1  45   1   1   0   2   1   0   0   2   1   4   0   2   0  1.18 0.44
   53 G   -1 -2 -3 -2 -5 -2 -2  6 -4 -5 -4  2 -4 -5  1  0 -2 -5 -5 -5    3   1   0   2   0   1   2  60   0   0   1  13   0   0   7   7   1   0   0   0  1.02 0.37
   54 K   -1  2  1 -1 -4 -1  1 -2 -2 -2 -3  5 -3 -4 -3  0 -1 -4 -3 -2    5  10   7   3   0   1   7   2   0   3   1  49   0   0   0   4   4   0   0   3  0.63 0.28
   55 V    0  2  0 -1 -2  0  0 -1 -1 -1  0  3 -1 -2 -1  1  0 -3 -2  0    8  10   4   1   0   3   5   4   1   3   9  23   0   2   3  14   3   0   1   8  0.13 0.10
   56 G    1  1  0 -1 -3  0  3  3  0 -4 -3  0 -3 -4 -2  1  0 -3 -3 -3   10   9   3   1   0   2  20  25   2   1   1   4   0   0   1  14   4   0   0   1  0.35 0.17
   57 R   -1  3  1  0 -4  1  2 -2 -1 -3 -3  3 -1 -2  0  0 -1 -4 -2 -3    3  20   6   4   0   3  17   3   1   1   2  23   2   2   3   5   2   0   1   1  0.37 0.18
   58 K   -1  2 -1  1 -1  0  1 -2  0 -2 -2  3 -2 -3  3  0 -1 -3 -1 -3    4  14   1   8   1   4   9   2   3   2   3  19   1   0  18   6   3   0   2   1  0.34 0.15
   59 D   -2 -1  3  4 -4  0  0  2 -2 -3 -1 -1 -2 -3 -1 -1 -1 -4 -3 -3    2   3  17  29   0   4   4  16   0   1   9   2   1   1   3   4   2   0   0   1  0.42 0.20
   60 G   -1  1  0  0 -3 -1 -1  2  3 -2 -1  1 -2 -1  1 -1 -2  5  0 -2    3   9   5   4   0   1   3  17   9   3   6  13   1   2   6   4   1   9   3   2  0.22 0.12
   61 Q    0  0 -1 -1 -3  3  2 -1 -2 -3 -3  2 -3 -2  4 -1 -1 -3 -2 -2   10   4   1   2   0  16  13   5   0   1   2  13   0   2  22   3   2   0   1   3  0.43 0.19
   62 M   -1 -2  1  1 -3 -1 -1  3  4 -3 -2 -1  0 -1  2  0  1 -3  0 -2    3   0   7   7   0   2   2  26  13   0   3   3   3   3  11   4   9   0   2   2  0.32 0.16
   63 L    0 -1  0  2 -3  1 -1 -1  0 -1  1 -1 -1  0 -3 -1  0  0  4 -1   11   2   3  13   0   6   3   4   2   1  17   2   1   2   0   3   6   1  20   2  0.18 0.14
   64 P    0 -2  0  2 -3 -1  3 -1 -1 -2 -3 -1  0 -2  4  1 -1 -3  0 -2    8   1   4  13   0   1  23   3   1   2   2   1   4   1  18  11   1   0   4   2  0.38 0.18
   65 G   -1 -2  2  2 -3  0  1  2  6 -4 -4 -1 -3 -2 -2  0 -2 -3 -2 -3    3   1  10  11   0   3   9  18  24   1   1   3   0   1   1   8   2   0   0   2  0.49 0.21
   66 E    0 -1 -1  2 -3  1  3 -3 -2 -1  2 -2  1  0 -3 -1 -1 -3 -1 -1    7   2   3  11   0   5  22   1   0   2  26   1   4   5   0   4   2   0   2   2  0.21 0.15
   67 D   -2 -3  5  5 -5 -1  3 -1 -2 -5 -5  0 -4 -5 -4  1 -2 -5 -4 -5    3   0  31  29   0   1  17   3   0   0   0   5   0   0   0   9   1   0   0   0  0.87 0.34
   68 E   -4 -3 -2  5 -6 -1  6 -3 -3 -6 -4 -3  1 -6 -4 -2 -4 -6 -5 -5    0   0   1  30   0   1  59   2   0   0   2   0   4   0   0   2   0   0   0   0  1.40 0.50
   69 P   -3 -4 -1  5 -6 -1  2 -5 -4 -6 -6 -3 -5 -6  7 -3 -4 -7 -6 -5    2   0   2  30   0   2  15   0   0   0   0   0   0   0  48   0   0   0   0   0  1.56 0.50
   70 L   -4 -5 -6 -6 -4 -5 -6 -6 -6 -1  6 -4  4 -1 -6 -3 -3 -5 -4 -2    0   0   0   0   0   0   0   0   0   0  86   1   8   1   0   2   1   0   0   0  1.52 0.51
   71 H   -6 -1 -3 -5 -7 -3 -4 -6 11 -7 -7 -5 -6 -2 -6 -5 -6 -6 -1 -7    0   3   0   0   0   0   0   0  94   0   0   0   0   2   0   0   0   0   1   0  3.44 0.87
   72 A    1 -5 -6 -6  6 -5 -5 -5 -6  2 -1 -5 -2 -4 -5 -4 -3 -5 -4  6   12   0   0   0  19   0   0   0   0  11   2   0   0   0   0   0   0   0   0  56  1.22 0.45
   73 L   -4 -3 -5 -6 -4 -4 -5 -6  2  1  5 -5  0  0 -5 -5 -4 -1  1  1    0   1   0   0   0   0   0   0   5   8  66   0   1   3   0   0   0   1   6   9  0.96 0.38
   74 V   -4 -6 -6 -6 -1 -5 -4 -7 -6  7 -1 -5 -2 -3 -6 -5 -3 -6 -4  4    0   0   0   0   1   0   1   0   0  65   3   0   0   0   0   0   0   0   0  30  1.54 0.50
   75 T   -2 -3 -2 -2 -2  1  4 -4 -2 -1 -3 -2  0 -2 -4  1  5 -5 -4 -3    0   0   0   0   1   5  32   0   0   4   1   1   3   1   0  10  40   0   0   1  0.79 0.39
   76 A    5 -4 -4 -4  2 -4 -4  2 -4 -4 -4 -3 -4 -5 -2  0 -1 -5 -5  0   59   0   0   0   5   0   0  18   0   0   0   0   0   0   1   6   3   0   0   8  0.91 0.40
   77 N   -4 -3  1  6 -6 -1  5 -4 -1 -5 -5 -3 -5 -6 -1 -2 -2 -6 -5 -3    0   0   5  40   0   2  43   0   1   0   1   0   0   0   3   1   3   0   0   2  1.22 0.45
   78 T    0 -2  1  3 -1 -2 -2 -2 -3 -3  0 -1 -1  0 -3  2  3 -4 -3 -2    8   1   8  19   1   0   0   1   0   0  12   3   1   5   0  13  26   0   0   1  0.34 0.23
   79 M   -1 -2 -2  0 -4  4  3 -4  0 -2 -3 -1  1 -3  4 -1  1 -1  0 -2    3   0   0   4   0  19  23   0   2   2   1   2   4   1  20   1  10   1   4   1  0.53 0.28
   80 E    2 -1 -1  3 -4  0  5 -3  0 -2 -4 -1 -3 -5 -3  0 -1 -5 -3 -2   19   2   1  17   0   3  40   0   2   2   1   2   0   0   0   4   2   0   1   3  0.63 0.30
   81 N    0  2  3  2  0  0 -1 -2 -1 -2 -4  4 -3 -4 -3  1 -2 -5 -3 -2    9   9  15  11   3   3   1   2   1   3   0  31   0   0   0   9   0   0   0   2  0.44 0.24
   82 V   -3 -5 -5 -6 -3 -4 -5 -6 -5  4  2 -3  3 -2 -5 -4 -2 -5 -3  5    1   0   0   0   0   0   0   0   0  27  21   1   7   1   0   0   1   0   0  41  0.94 0.35
   83 K    0  1  0  4 -4  2  2 -2 -2 -3 -4  2 -3 -4 -2  0  0 -5 -4 -3   10   9   3  31   0   9  10   2   1   1   0  13   0   0   1   4   4   0   0   1  0.49 0.24
   84 K    1  3 -1 -2 -4  1  0 -3  4 -1 -2  4 -1 -4 -3 -2 -1 -4 -2 -3   13  16   2   1   0   5   6   0  11   4   3  32   1   0   0   1   2   0   1   1  0.49 0.26
   85 A    6  1 -4 -5  3 -3 -4  1 -5 -3 -5 -3 -4 -5 -4 -2 -3 -6 -5 -3   75   8   0   0   5   1   0   8   0   1   0   0   0   0   0   0   1   0   0   1  1.26 0.51
   86 V    1 -2 -4 -4  1  0 -2 -4 -4  2  2  0  1 -3 -4 -2 -2 -4 -3  4   12   1   0   0   3   6   2   0   0  11  18   8   2   0   0   1   1   0   0  34  0.40 0.24
   87 E    0  2  1  1 -4  1  4 -3 -1 -3 -4  3  1 -5 -3 -1 -2 -5 -4 -2   10  11   8   5   0   4  32   1   1   1   0  17   4   0   0   3   1   0   0   2  0.49 0.26
   88 Q   -1  0 -3 -3  1  2  2 -4 -1  1  2  0  4 -2 -4 -2 -1 -4 -3  0    4   6   0   0   3  10  15   0   2  10  22   5  13   1   0   1   2   0   0   6  0.26 0.19
   89 I    1 -5 -5 -5  3 -5 -5 -5 -5  6  0 -3 -1 -3 -5 -4 -1 -5 -4  4   13   0   0   0   5   0   0   0   0  46   6   1   0   0   0   0   2   0   0  26  0.92 0.37
   90 R   -2  2  3 -1 -5  3  3 -3  2 -3 -4  2 -3 -4 -4 -2 -1 -5 -2 -3    2  12  17   1   0  16  23   1   4   1   1  14   0   0   0   1   4   0   1   1  0.57 0.29
   91 N   -2  1  2  0 -5  1  4 -2  0 -3 -4  3 -3 -4  1  1 -2 -5 -4 -4    2   5   9   4   0   6  27   3   2   1   1  24   0   1   7   8   1   0   0   0  0.49 0.26
   92 I   -3 -5 -5 -5 -3 -4 -5 -6 -5  5  4 -3  1  0 -5 -4 -3 -4 -1  3    1   0   0   0   0   0   0   0   0  33  38   1   2   4   0   0   0   0   2  18  0.86 0.33
   93 L   -4 -5 -6 -6 -4 -3 -5 -6 -5  5  5 -5  2 -2 -5 -5 -3 -4 -4  1    0   0   0   0   0   1   0   0   0  32  55   0   3   0   0   0   0   0   0   7  1.12 0.41
   94 K   -1  1 -1  2 -3  1  3 -2 -1 -1 -2  2 -2 -2 -2  0  0 -3 -2 -1    3   5   2  14   0   7  22   2   1   5   2  18   1   2   1   5   5   0   1   4  0.27 0.13
   95 Q    0  0  0  1 -1  1  1 -1 -1 -1 -1  1 -1 -2  2  0  1 -2 -2 -1    6   4   2  11   1   7   7   3   1   3   6  12   2   1  11   5  11   0   1   3  0.14 0.06
   96 G    3 -1 -1 -2 -1 -1 -1  1 -2 -1  1 -1  0  0 -1  0 -1  0 -1  0   31   2   2   2   1   2   2   9   1   2  21   2   2   4   2   5   3   1   1   5  0.15 0.09
   97 I    1 -2 -2 -2 -1 -1 -2 -3  1  3  1 -2  0 -1 -2 -2 -1 -1 -2  3   11   1   1   2   1   2   1   2   5  23  13   1   1   2   1   2   3   1   1  26  0.26 0.14
   98 E   -2 -2 -2 -2 -4 -2  1 -4 -2 -4 -3 -1 -3 -3  7  2  1 -4 -3 -2    1   1   1   2   0   1  10   1   1   0   2   3   1   1  48  15   8   0   1   3  1.05 0.37
   99 T    0 -2  0 -3 -2 -2 -2 -3 -3  2 -1 -1  1 -3  1  1  2 -4 -3  3    5   1   5   0   1   1   1   0   0  12   4   3   3   0   8  11  14   0   0  29  0.28 0.19
  100 P   -1 -3 -2  4 -5 -3  0 -4  2 -5 -5 -2 -3 -6  7 -2 -3 -6 -5 -4    5   1   1  28   0   0   4   0   4   0   0   1   1   0  50   2   1   0   0   1  1.42 0.47
  101 E   -4 -2 -3  4 -6  0  7 -4 -3 -5 -5 -2 -3 -4 -4 -3 -4 -6 -5 -2    0   1   0  20   0   2  68   1   0   0   0   1   1   1   0   0   0   0   0   3  1.48 0.52
  102 D   -1 -1  0  1 -3 -1  0  5 -3 -4 -4 -2 -1 -4 -3  2  0 -1  0 -3    2   2   4   9   0   2   7  41   0   0   1   1   2   0   0  18   4   1   3   1  0.56 0.26
  103 Q   -1  0  1  0 -4  5  2 -3  1 -1 -1  1  1 -2 -3 -1 -1 -4 -2 -2    5   4   5   5   0  34  14   0   3   3   5   7   4   2   0   2   4   0   1   2  0.43 0.25
  104 N   -4 -4  7  6 -6 -3 -2 -4 -2 -6 -6 -3  0 -6 -5 -3 -2 -6 -5 -6    0   0  52  41   0   0   0   0   1   0   0   0   2   0   0   0   1   0   0   0  1.72 0.56
  105 D   -1 -3 -1  4 -5 -1  5 -4  1 -2 -3 -1 -3  0 -2 -1 -2 -4  0 -1    3   0   2  24   0   1  40   0   4   3   1   1   0   5   1   3   1   0   4   5  0.65 0.32
  106 L   -4 -2 -4 -5 -4 -2 -4 -6  6  1  4 -4  0  1 -5 -4 -4 -2  4 -1    0   2   0   0   0   1   0   0  21   8  46   0   1   5   0   0   0   0  15   2  0.94 0.39
  107 R   -4  2 -4 -4 -7 -1 -3 -5 -2 -6 -6  8 -5 -7 -5 -4 -4  0 -5 -6    0  10   0   0   0   1   0   0   1   0   0  87   0   0   0   0   0   1   0   0  2.03 0.67
  108 K   -4  6 -2 -4 -6  3 -1 -4 -1 -6 -5  4 -3 -6 -5 -3 -3 -6 -5 -5    0  50   1   0   0  16   2   1   1   0   0  27   1   0   0   1   1   0   0   0  1.33 0.49
  109 M    0  1  2  0 -4  4  1  0  0 -3 -2  2  2 -4 -3 -1 -2 -4 -3 -3    9   8  10   4   0  22   9   6   2   1   3  14   8   0   0   2   1   0   0   0  0.36 0.23
  110 Q   -5 -3 -4 -4 -7  9 -2 -1  0 -7 -6 -3 -4 -7 -5 -4 -5 -6 -5 -6    0   0   0   0   0  94   0   4   2   0   0   0   0   0   0   0   0   0   0   0  2.62 0.85
  111 L   -5 -5 -7 -7 -5 -3 -6 -7 -6 -2  7 -6  2 -3 -6 -6 -4 -5 -4 -2    0   0   0   0   0   2   0   0   0   0  95   0   3   0   0   0   0   0   0   0  1.82 0.60
  112 R   -4  7 -4 -4 -6  0  0 -5 -3 -3 -3  1  4 -5 -5 -4 -2 -6 -5 -1    1  65   0   0   0   3   4   0   0   1   1   8  12   0   0   0   2   0   0   4  1.38 0.51
  113 E   -4 -3 -3  1 -7  2  7 -5 -3 -7 -6 -1 -5 -7 -5 -3 -4 -6 -5 -6    0   0   0   6   0   9  81   0   0   0   0   2   0   0   0   1   0   0   0   0  1.84 0.64
  114 L   -5 -5 -7 -7 -4 -5 -6 -7 -6 -1  7 -6  1 -3 -6 -6 -4 -5 -4 -1    0   0   0   0   0   0   0   0   0   1  94   0   2   0   0   0   0   0   0   2  1.77 0.58
  115 A    7 -3 -5 -5 -4 -4 -4 -2 -5 -5 -5 -4 -4 -6 -4  0 -2 -6 -5 -4   92   1   0   0   0   0   0   1   0   0   0   0   0   0   0   4   2   0   0   0  1.75 0.62
  116 R    0 -1 -3 -3  0 -1  1 -4 -3  3  2 -1  4 -2 -4 -2 -1 -4  0  1   10   2   0   0   2   3  13   0   0  21  20   2  13   0   0   2   2   0   3   7  0.29 0.20
  117 L   -3 -5 -4 -6 -4 -5 -5 -6 -5  4  5 -5  2 -2 -5 -5 -4  0 -2  0    1   0   1   0   0   0   0   0   0  20  67   0   5   0   0   0   0   1   1   4  1.15 0.41
  118 N   -5 -4  9 -2 -7 -2 -4 -4 -3 -7 -7 -2 -6 -7 -6 -3 -4 -8 -6 -7    0   0  97   0   0   1   0   0   0   0   0   2   0   0   0   0   0   0   0   0  2.70 0.77
  119 G   -3 -5 -3 -4 -6 -5 -5  7 -5 -7 -5 -5 -6 -6 -5  0 -4 -6 -6 -6    0   0   1   0   0   0   0  90   0   0   1   0   0   0   0   8   0   0   0   0  2.09 0.60
  120 T   -3 -4  0 -4 -4 -3 -4 -3 -5 -2 -4 -4 -4 -5 -3  0  7 -6 -5 -3    1   0   4   0   0   1   0   1   0   2   0   0   0   0   1   5  84   0   0   1  1.70 0.59
  121 L   -2 -5 -5 -6 -1 -4 -5 -6 -3 -1  5 -5 -1  3 -5 -4 -2 -2  5 -2    3   0   0   0   1   0   0   0   0   1  62   0   0  12   0   0   2   0  19   0  1.06 0.38
  122 R   -5  8 -4 -5 -7 -2 -3 -6 -3 -6 -5  0 -5 -6 -5 -4 -4 -6 -5 -6    0  98   0   0   0   0   0   0   0   0   0   2   0   0   0   0   0   0   0   0  2.45 0.64

                      K         Lambda
Standard Ungapped    0.1351     0.3136
Standard Gapped      0.0636     0.2670
PSI Ungapped         0.2091     0.3153
PSI Gapped           0.0636     0.2670
