
Last position-specific scoring matrix computed, weighted observed percentages rounded down, information per position, and relative weight of gapless real matches to pseudocounts
           A  R  N  D  C  Q  E  G  H  I  L  K  M  F  P  S  T  W  Y  V   A   R   N   D   C   Q   E   G   H   I   L   K   M   F   P   S   T   W   Y   V
    1 T    0 -1  0 -1 -1 -1 -1 -2 -2 -1 -2 -1 -1 -3 -1  2  5 -3 -2 -1    0   0   0   0   0   0   0   0   0   0   0   0   0   0   0  18  82   0   0   0  0.55 0.05
    2 E   -1  1 -1  1 -4  1  6 -3 -1 -4 -3  1 -3 -4 -2 -1 -1 -4 -3 -3    0  10   0   3   0   0  87   0   0   0   0   0   0   0   0   0   0   0   0   0  0.86 0.09
    3 L   -1 -3 -3 -4 -2 -2 -3 -3 -3  1  4 -3  2  3 -3 -1 -1 -2  0  1    6   0   0   0   0   0   0   0   0   0  64   0   2  15   0   6   0   0   0   7  0.37 0.07
    4 Q   -2  4  1  0 -4  4  2 -2 -1 -3 -3  2 -2 -4 -2 -1 -1 -3 -2 -1    0  29   5   5   0  35  12   0   0   0   0  10   0   0   0   0   0   0   0   5  0.50 0.08
    5 A    1 -2 -2 -2 -3 -2 -2 -2 -3 -3 -3  0 -3 -4  7  1 -1 -4 -3 -1   15   0   0   0   0   0   0   0   0   0   0   7   0   0  57  17   0   0   0   4  1.14 0.15
    6 R   -2  6 -1 -1 -4  2  2 -3 -1 -4 -3  1 -2 -4 -1  1 -2 -4 -3 -3    0  63   0   3   0   9  13   0   0   0   0   0   0   0   3  10   0   0   0   0  0.78 0.17
    7 G    0 -2 -1 -1 -3 -1 -2  5 -3 -3 -2  1 -3 -4  3  0 -1 -4 -3 -3    3   0   0   4   0   2   0  52   0   1   4  12   0   0  16   3   3   0   0   0  0.62 0.12
    8 L   -2  2 -2 -3  0 -1 -1 -2  2  0  2 -1  3 -2 -3 -2  1 -3 -2  2    0  15   0   0   3   0   3   3   9   2  20   0  16   0   0   0  10   0   0  21  0.20 0.12
    9 T    2 -1 -1 -2  1 -1  0  0 -2 -1 -1 -1 -1 -3 -2  1  2 -3 -2  1   20   4   2   0   4   0   8   7   0   0   4   0   0   0   0  15  18   0   0  18  0.17 0.10
   10 E   -1  2  0  2 -4  2  2 -2  1 -3 -3  3 -2 -4 -1  0 -1 -4 -2 -2    1  11   3  14   0  10  19   0   5   0   1  21   0   0   2   8   2   0   0   3  0.35 0.11
   11 K    0  1 -1 -2 -3  1  0 -2 -2 -1 -1  3 -1 -2  2  1  0 -3 -2  0    5   7   1   0   0   9   4   2   0   2   7  30   0   1   9  11   3   0   0  10  0.21 0.10
   12 T   -1  1 -1 -2 -3  0  0 -1 -2 -2  0  4 -2 -3 -2  0  3 -4 -3 -1    0   6   1   0   0   1   4   3   0   0  10  37   0   0   0   7  29   0   0   2  0.40 0.19
   13 P   -2 -2 -4 -3 -4 -3 -1 -4 -4  0  0 -3 -1 -4  7 -3 -1 -5 -4 -2    2   2   0   0   0   0   3   0   0   5  13   0   2   0  70   0   2   0   0   1  1.56 0.32
   14 D   -1 -1  1  3 -3  1  3 -1 -2 -1 -2  1 -2 -3 -2  0  1 -4 -3  0    4   0   5  17   0   6  22   3   0   2   4  12   0   0   0   6   9   0   0   9  0.24 0.12
   15 L   -2 -1 -4 -5 -3 -2 -4 -3 -4  1  4 -3  6  1 -4 -3 -3  2 -1 -1    2   3   0   0   0   1   0   2   0   6  48   0  27   5   0   2   0   3   1   0  0.73 0.28
   16 S    0 -2 -1  4 -3 -1 -1 -2  0 -3 -2 -2 -2 -2  1  2  1  1  0 -1    9   0   1  27   0   1   1   0   3   0   4   1   0   2   7  23  12   2   4   5  0.33 0.19
   17 D    0  1  0  3 -3  0  2 -2 -2 -2 -3  2 -3 -4  1  1  0 -4 -3 -1    9   5   4  20   0   3  17   0   0   2   0  14   0   0   7  10   4   0   0   4  0.32 0.15
   18 E    0 -1  1  2 -4  0  5 -3 -1 -4 -4  0 -1 -3  1  0  0 -5 -3 -4    8   2   6  11   0   2  46   1   1   0   0   5   2   1   7   4   4   0   0   0  0.61 0.25
   19 D   -1  1  0 -1 -2  1  1 -2 -1  0 -1  3 -1 -1 -2  0  2 -3 -2  0    3   6   4   1   0   6  11   2   1   5   7  26   1   3   0   3  17   0   0   6  0.20 0.15
   20 A    0  2 -2 -1 -1  1  1 -2 -2  1 -1  3 -2 -3  2 -1 -2 -4 -3  0    8  15   0   2   2   5   8   2   0  12   3  27   0   0   9   2   1   0   0   5  0.28 0.17
   21 R   -1  6 -3 -2 -5  0 -1 -4 -1 -4 -2  3 -1 -4 -1 -2 -3 -4  0 -3    4  58   0   1   0   2   2   0   1   0   5  16   2   0   3   1   0   0   3   2  0.93 0.36
   22 L    0 -2 -4 -3 -3 -3 -4 -4 -4  2  4 -1  1 -1  1 -3 -2 -4 -3  1    9   2   0   1   0   0   0   0   0  11  54   4   3   1   8   1   0   0   0   6  0.54 0.25
   23 L   -3 -2 -5 -5 -3 -2 -3 -5 -4  3  4 -2  2  1 -3 -3 -1 -4 -3  2    0   1   0   0   0   1   1   0   0  15  56   2   3   5   1   1   2   0   0  11  0.68 0.28
   24 T    0  3  0 -1 -4  0  0 -2 -1 -1 -2  4  0 -4 -1 -1  0 -2 -3 -1    9  16   4   2   0   1   4   1   1   3   3  37   2   0   2   3   7   0   0   4  0.37 0.21
   25 Q    0  1 -3 -3 -3  1 -1 -3 -2  1  1  4  0 -2 -2 -2 -2 -4 -2  2    7   6   0   0   0   6   3   0   1   7  14  33   2   0   1   1   0   0   1  17  0.30 0.20
   26 R   -3  6 -3 -3 -5  0 -1 -4 -3 -1 -4  4 -3 -5  1 -2 -3 -5 -4 -2    1  53   0   0   0   2   2   0   0   5   0  24   0   0   8   2   0   0   0   2  1.06 0.40
   27 H    0  1  1 -1 -3  2  0 -2  2  0 -1  2  0 -2 -3  0  1 -3 -1  0    5   6   9   1   0  11   4   1   7   6   4  19   3   1   0   4  11   0   2   6  0.17 0.13
   28 R   -2  2 -2 -2 -4 -1  0 -4  0 -1 -4  6 -3 -4 -4 -1 -3 -5 -3 -2    3  11   1   2   0   1   5   0   2   4   1  62   1   0   0   3   0   0   1   3  1.03 0.48
   29 V   -1  1 -2 -2 -4  0  0 -1 -2 -1 -2  6  2 -4 -2 -1 -2 -4 -2 -1    5   5   1   1   0   3   4   3   1   4   2  53   5   0   1   4   2   0   1   5  0.64 0.36
   30 G   -2  5  0 -2 -5 -1 -2 -1  2 -4 -3  4 -3 -4 -3  0  0 -4 -2 -3    2  37   3   1   0   2   1   5   5   0   1  28   0   0   0   5   5   0   1   1  0.72 0.36
   31 K   -2  3 -1 -3 -4  0 -2 -3 -3 -3 -2  4 -1 -4 -3 -1  5 -5 -4 -2    1  17   3   1   0   2   0   1   0   1   3  27   1   0   1   2  37   0   0   2  0.69 0.39
   32 P   -2 -1 -2 -3 -2 -2 -1 -3 -2 -3 -4  5 -2 -5  5 -2 -2 -5 -4 -2    2   2   1   0   1   0   3   2   1   1   1  45   1   0  33   1   1   0   0   3  1.12 0.48
   33 Q   -1  3 -2  0 -4  2  1 -3  1 -4 -4  5 -3 -5 -3 -1 -1 -3 -3 -3    4  15   1   4   0   8  10   1   4   0   1  44   0   0   0   3   3   0   1   1  0.72 0.36
   34 F   -6 -7 -7 -7 -6 -7 -7 -7 -5 -3 -3 -7 -4  9 -7 -6 -6  0  0 -4    0   0   0   0   0   0   0   0   0   1   1   0   0  96   0   0   0   1   0   1  2.92 0.90
   35 N   -2  2  2 -3 -4 -2 -2 -4  0  4  0  3 -1 -2 -3 -2  0 -4 -3  0    2   9  10   0   0   1   0   0   2  31   6  23   1   1   1   0   5   0   0   5  0.42 0.30
   36 R   -5  8 -4 -5 -3  0 -4 -5 -1 -6 -5 -2 -5 -5 -3 -4 -5  4 -5 -6    0  85   0   0   1   4   0   1   1   0   1   0   0   0   1   0   0   5   0   0  2.17 0.79
   37 Q   -3 -2 -3 -2 -4  4 -2 -5  8 -2 -4 -3 -1  2  0 -3 -2 -2  2 -4    2   1   0   2   0  21   1   0  46   2   0   0   2   9   4   0   2   0   7   0  1.36 0.59
   38 D   -3 -1  0  3 -1  6  3 -2  4 -5 -3 -2 -4 -4 -4 -2 -4 -3 -3 -5    1   1   3  14   2  45  16   2  11   0   2   1   0   0   0   1   0   0   1   0  1.03 0.51
   39 H   -1 -4 -2 -4 -1 -1 -3 -4  0 -4 -3 -3 -4 -2 -4  6 -1  7  2 -4    3   0   1   0   1   2   1   0   2   1   2   0   0   1   0  61   2  16   7   0  1.23 0.59
   40 H   -3 -3 -1  6 -6 -3  0 -3  5 -5 -5 -4 -5  2 -5 -3 -4  6 -1 -6    1   1   2  55   0   0   4   1  14   0   0   0   0   8   0   0   0  10   1   0  1.39 0.56
   41 K   -3  7 -2 -3 -4  0 -3 -4 -2 -5 -2  3 -1 -5 -2 -3 -2 -1 -4 -4    1  65   1   1   0   3   0   1   1   0   4  16   1   0   2   0   2   1   0   0  1.40 0.57
   42 K   -4 -2 -3 -5  1 -3 -4 -5  0 -4 -3  2 -4  5 -5 -4 -4  0  8 -3    0   1   1   0   3   1   0   0   1   0   1  15   0  19   0   0   1   1  52   1  1.50 0.59
   43 K   -1 -1 -2 -2 -3 -2 -2 -3  2  0 -1  4  1 -2  0 -2 -2 -2 -1  3    4   2   0   2   0   1   1   2   7   5   4  35   3   1   4   1   0   0   1  25  0.41 0.30
   44 R   -3  6 -3 -4  2  0 -2 -3 -3 -5 -5  5 -3 -5 -4 -1 -2 -5 -4 -5    1  45   0   0   4   3   1   1   0   0   0  39   0   0   0   3   2   0   0   0  1.29 0.53
   45 V   -3 -4 -3 -5 -3 -4 -5 -5 -5  4  3 -4  1  1 -5 -3 -1 -4 -3  3    0   0   1   0   0   0   0   0   0  28  32   0   2   4   0   1   3   0   0  26  0.77 0.35
   46 S    0  1 -1  1 -4  0  1  2 -2 -5 -5  5 -4 -5  1  1 -2 -5 -4 -4    5   4   2   7   0   2   7  15   0   0   0  40   0   0   7   9   1   0   0   0  0.56 0.32
   47 T   -1  2 -1  1  1  1  3 -2  2 -3 -3  0 -3 -4  3  0  1  0 -3 -3    3  14   1   9   3   5  20   1   7   0   1   2   0   0  13   6  12   2   0   1  0.37 0.24
   48 S    0 -2  5 -2 -4 -2 -2 -1 -1 -5 -5  2 -3 -5 -3  4 -1 -5 -4 -4    5   0  35   0   0   1   1   4   1   0   0  11   0   0   1  37   2   0   0   1  0.87 0.45
   49 W   -6 -5 -7 -8 -6 -4 -7 -6 -3 -6 -6 -7 -5 -3 -7 -7 -6 13  1 -7    0   1   0   0   0   1   0   0   1   0   0   0   0   0   0   0   0  93   3   0  4.48 1.16
   50 R   -4  8 -4 -5 -2  1 -3 -5 -3 -6 -5 -1 -4 -5 -3 -3 -4  4 -4 -4    0  83   0   0   1   5   0   0   0   0   0   1   0   0   1   1   0   6   0   1  2.03 0.72
   51 K   -3  5 -2 -4 -6 -2 -1 -5 -1 -4 -4  6 -4 -5 -4 -3 -4 -2 -3 -5    1  28   1   0   0   0   2   0   2   1   1  62   0   0   0   1   0   1   1   0  1.43 0.59
   52 P   -3 -4 -5 -5 -6  1 -4 -4 -4 -5 -6 -4 -6 -7  8 -3 -3 -7 -6 -6    1   0   0   0   0   6   0   1   0   0   0   0   0   0  87   1   2   0   0   0  2.65 0.83
   53 R   -4  6 -2 -3 -6 -1 -2 -3  1 -5 -5  5 -4 -3 -4 -2 -2 -2 -3 -5    0  50   0   0   0   1   0   1   3   0   0  35   0   1   0   3   1   1   1   0  1.32 0.54
   54 G   -3 -4 -4 -3 -4 -5 -5  7 -3 -7 -7 -5 -6 -6 -5 -2 -3 -6 -6 -4    0   1   0   1   0   0   0  93   0   0   0   0   0   0   0   2   1   0   0   1  2.16 0.72
   55 Q   -3 -1 -2 -4 -4 -1 -2 -3 -1  6  1  0  1 -3 -4 -3  0 -5 -3  0    0   3   1   1   0   3   2   2   2  56  10   8   3   0   0   1   5   0   0   3  0.71 0.38
   56 L   -5 -4  0  7 -6 -1 -2 -4  5 -5 -2 -4 -5 -5 -5 -3 -1 -6 -4 -5    0   0   2  70   0   3   1   1  12   0   6   0   0   0   0   0   4   0   0   0  1.58 0.62
   57 S   -3 -4  6 -1  1 -3 -3 -1  1 -6 -4 -3 -5 -6 -3  5 -2 -6 -4 -5    0   0  44   1   3   0   0   4   3   0   1   0   0   0   1  42   0   0   0   0  1.28 0.59
   58 K   -2  6 -2 -4  1 -1 -2 -3  0 -5 -4  5 -4 -6 -1 -2 -4 -6 -4 -3    2  49   1   0   4   1   1   1   2   0   1  32   0   0   3   2   0   0   0   2  1.19 0.52
   59 Q   -2 -3 -5 -5 -3  3 -4 -5 -4  1  0 -3  4 -1 -5 -3 -2 -1 -4  5    1   1   0   0   0  13   0   0   0   4   6   0  14   2   0   0   2   1   0  54  0.93 0.47
   60 R   -5  8 -4 -5 -2 -2 -3 -4  2 -7 -6 -1 -5 -6 -6 -3 -5  2 -5 -6    0  88   0   0   1   1   1   1   4   0   0   1   0   0   0   1   0   3   0   0  2.27 0.80
   61 R   -4  7 -4 -4 -6 -1  0 -5 -1 -3  0  2 -2 -5 -5 -4 -3 -6 -5 -3    1  69   0   0   0   2   5   0   1   1  10   9   1   0   0   0   0   0   0   1  1.45 0.59
   62 G   -3  6 -1 -2 -6  2 -2  0  2 -5 -5  4 -4 -5 -4 -2 -3 -5 -1 -5    0  48   3   1   0   8   1   8   5   0   0  22   0   0   0   1   1   0   2   0  1.04 0.47
   63 I   -4 -1 -5 -5 -1 -3 -3 -5 -1  0  1 -1  0  7 -5 -3 -4  1  3 -1    0   4   0   0   1   1   1   1   1   6  11   5   2  50   0   2   0   2   8   4  0.97 0.42
   64 K   -1  3 -1 -3 -6 -1 -2 -2 -2 -6 -5  7 -3 -6 -4 -2 -2 -6 -5 -4    4  17   3   1   0   1   0   3   1   0   0  65   0   0   0   3   1   0   0   1  1.30 0.56
   65 G   -1 -2 -3 -3 -6 -5 -4  7 -1 -6 -6 -4 -5 -5 -5 -1 -4 -2  1 -5    5   2   0   1   0   0   1  79   1   0   0   0   0   0   0   3   0   1   5   1  1.67 0.61
   66 K   -1  2  0 -3  1  5 -1 -4 -3 -4 -3  3 -2 -2 -4 -2  1  2  0 -3    4  10   4   0   3  36   1   0   0   0   2  19   1   2   0   1   8   2   3   1  0.65 0.40
   67 G   -1  0 -2 -4 -3 -2 -3  1 -2  3 -1 -2 -1 -2  4 -2  0  0  1  0    4   5   1   0   0   1   0  12   1  26   3   2   2   1  22   2   7   1   6   5  0.39 0.25
   68 D    1  0 -2 -2 -3 -1 -1 -2 -3 -2  3  0 -1 -3  3  0 -2 -4 -2 -1   15   6   1   2   0   2   2   1   0   1  34   6   0   0  18   7   1   0   1   2  0.35 0.25
   69 T   -3 -3 -4 -5 -4 -1 -2 -5  1  0  0  0  9 -3 -2 -2 -1 -2 -4  0    1   1   0   0   0   2   2   0   3   4   7   5  59   1   2   2   4   1   0   5  1.33 0.55
   70 V   -2 -5 -5 -5 -5 -5 -5 -5 -1 -4 -5 -4 -5 -6  8 -3 -4 -7 -5  3    3   0   0   0   0   0   0   0   1   0   0   0   0   0  69   1   0   0   0  24  2.04 0.67
   71 E   -2  0  5  0 -4  1  1 -1 -2 -4 -5  3 -2 -5 -3  2  0 -5 -3 -4    1   4  34   3   0   5   7   3   0   0   0  19   1   0   0  18   4   0   0   0  0.68 0.35
   72 A    1 -4 -5 -5 -2 -4 -5 -5 -5  6 -2 -1 -2 -2 -1 -2 -1 -5 -4  2   11   0   0   0   1   0   0   0   0  62   0   4   0   1   3   2   2   0   0  14  1.05 0.45
   73 G   -3 -2 -2 -3 -6 -5 -5  7 -5 -7 -7 -3 -6 -7 -6 -2 -5 -6 -6 -7    1   2   1   1   0   0   0  92   0   0   0   1   0   0   0   2   0   0   0   0  2.18 0.69
   74 F   -6 -6 -6 -4 -6 -5 -6 -7  0 -5 -4 -6 -5  4 -7 -6 -5  3  9 -5    0   0   0   1   0   0   0   0   1   0   1   0   0  12   0   0   0   3  82   0  2.70 0.83
   75 R   -2  4 -2 -4 -3 -4 -4  6 -4 -6 -4 -1 -2 -6 -5 -2 -4 -6 -6 -6    1  24   1   0   1   0   0  67   0   0   1   2   1   0   0   2   0   0   0   0  1.49 0.55
   76 S   -1 -1  0 -3 -2 -3 -3  0 -4 -5 -4  0 -3 -5 -4  6  2 -6 -5 -4    2   2   4   0   0   0   0   5   0   0   1   6   0   0   0  66  12   0   0   0  1.08 0.52
   77 P   -2 -3  6  3 -3 -2 -2 -4 -2 -4 -6 -1 -5 -6  5 -1 -3 -3 -3 -3    3   0  38  14   0   1   0   0   0   1   0   2   0   0  31   4   0   1   1   1  1.16 0.48
   78 T    1  2 -1 -3 -2 -1 -1 -4 -3 -4 -4  6 -4 -6 -3 -2 -2 -6 -5 -3   11   9   2   0   1   1   3   0   0   1   1  66   0   0   1   2   1   0   0   1  1.17 0.51
   79 A    2  1 -1 -2 -3 -1  1 -3 -3 -1 -2  5 -2 -5 -3 -1 -2 -5 -4 -1   19   5   1   2   0   1   8   0   0   3   4  49   1   0   1   2   1   0   0   3  0.66 0.37
   80 V   -1 -4 -3 -3 -2 -3 -3 -5 -4  0 -3 -3 -1 -4 -4 -2  6 -5 -3  3    4   0   0   1   1   0   1   0   0   5   1   0   2   0   0   1  58   0   0  23  1.06 0.50
   81 R   -4  7 -3 -4 -7 -1 -2 -5 -4 -6 -4  5 -4 -6 -5 -4 -4 -6 -3 -6    0  60   1   0   0   1   1   0   0   0   1  35   0   0   0   0   0   0   1   0  1.75 0.63
   82 G   -3 -2  1 -2 -6 -3 -4  4  8 -6 -6 -3 -5  1 -3 -4 -4 -4  2 -6    0   1   5   2   0   0   0  29  45   0   0   0   0   6   1   0   0   0   7   0  1.45 0.55
   83 K   -4 -2 -5 -5 -1 -2 -4 -6 -3  1  4 -1  6  0 -5 -4 -1 -4  1  0    0   2   0   0   1   2   0   0   0   5  43   3  27   3   0   0   3   0   5   6  0.85 0.39
   84 H   -3 -2 -2 -4  0 -3 -4 -4  7 -2  4 -4  3 -3 -4 -3 -2 -5 -2 -2    1   2   2   1   2   0   0   1  35   1  42   0   7   0   1   1   3   0   0   2  1.08 0.47
   85 P   -4 -3 -6 -5 -6 -3 -5 -6 -6 -6 -5 -2 -6 -7  9 -3 -5 -7 -6 -4    1   1   0   0   0   1   0   0   0   0   1   3   0   0  90   2   0   0   0   1  2.76 0.82
   86 S   -2 -1  4  1  1 -3 -3 -1 -1 -4 -5 -2 -4 -5 -4  5  0 -6 -5 -3    1   3  20   6   3   0   0   3   2   0   0   1   0   0   0  56   3   0   0   2  0.98 0.49
   87 G   -2 -4 -2 -5 -3 -5 -5  7 -3 -7 -7 -3 -6 -6 -5 -2 -5 -6 -6 -4    2   1   1   0   0   0   0  91   1   0   0   2   0   0   0   1   0   0   0   1  2.09 0.67
   88 F   -5 -3 -4 -6 -5 -3 -5 -6  2 -3  1 -3 -1  7 -4 -3 -5 -2  4 -3    0   1   0   0   0   1   0   0   6   0  14   2   1  58   1   2   0   0  13   1  1.42 0.52
   89 E   -2  4 -2 -2 -2  1  2 -4 -1 -2 -3  4 -3 -1 -4 -2 -2  2  1 -3    1  29   0   1   1   6  14   0   1   2   1  27   0   3   0   2   1   3   6   2  0.63 0.33
   90 E   -1  0 -1  1 -5 -1  3 -4 -2 -4 -4  5 -3 -5 -1 -1 -1 -5 -4 -2    4   3   3   8   0   1  25   0   0   0   0  43   0   0   3   3   3   0   0   4  0.73 0.37
   91 V   -2 -4 -3 -6 -4 -4 -5 -6 -3  1 -1 -5 -1  7 -6 -4 -3 -3  0  5    2   0   1   0   0   0   0   0   0   7   3   0   1  44   0   0   0   0   2  39  1.23 0.49
   92 R   -3  0 -3 -5 -4 -2 -4 -5 -2  1  4 -2  1 -2 -2 -3  0  1  0  2    0   7   1   0   0   1   0   0   1   4  55   2   3   0   2   0   5   2   3  14  0.64 0.33
   93 V   -1 -5 -3 -6 -4 -5 -5 -6 -6  3 -2 -5 -2 -4 -5 -3 -3 -6 -4  7    3   0   1   0   0   0   0   0   0  16   0   0   0   0   0   2   0   0   0  77  1.54 0.58
   94 H   -2  1  2 -3 -2 -1  0 -4  8 -3 -5 -1 -4  0 -4  1 -2 -2  2 -3    3   7   9   0   1   2   4   0  44   2   0   2   0   3   1  11   1   0   7   1  1.03 0.44
   95 N   -4  0  8 -1 -3 -3 -3 -4 -2 -6 -6 -1 -1 -6 -5  0  0 -6 -5 -4    1   4  77   1   1   0   0   0   0   0   0   2   2   0   0   6   4   0   0   1  1.78 0.65
   96 V   -1 -3 -4 -2 -3 -3 -3 -4 -4  2  0 -3  1 -3  3 -1  1 -3 -3  5    4   1   0   2   0   0   2   0   0   8   8   1   3   0  13   3   7   0   0  48  0.61 0.32
   97 D    0  1  1  1 -4  0  1 -2 -1 -3 -4  5 -2 -5 -3  0 -1 -5 -3 -3    7   6   6   8   0   3   8   1   1   1   1  45   0   0   0   7   3   0   0   2  0.57 0.30
   98 D   -4 -4 -2  6  0 -1  6 -3 -3 -6 -5 -3 -5 -6 -4 -3 -4 -6 -5 -6    0   0   0  44   2   1  49   2   0   0   1   0   0   0   0   0   0   0   0   0  1.56 0.59
   99 L   -4 -5 -6 -6 -4 -4 -5 -6 -5  1  6 -5  0 -1 -4 -5 -4 -4 -4  1    0   0   0   0   0   1   0   0   0   5  83   0   1   1   1   0   0   0   0   8  1.39 0.52
  100 E   -1 -3  0  2 -5  0  6 -4 -1 -5 -2  0 -4 -5 -4 -2 -1 -5 -2 -3    4   0   3  12   0   2  61   1   1   0   6   4   0   0   0   2   2   0   1   1  1.02 0.46
  101 G    0 -1 -1 -2 -3 -2 -2  1 -3  0  1  0  4 -2 -2 -1 -1 -4 -3  3    6   2   4   1   0   1   1  12   0   2  17   6  17   0   2   2   3   0   0  24  0.25 0.22
  102 V   -2 -4 -5 -6 -4 -4 -5 -6 -5  2  5 -5  6 -2 -5 -4 -2 -4 -3  1    2   0   0   0   0   0   0   0   0   9  57   0  22   0   0   0   1   0   0   9  1.11 0.45
  103 D   -3 -3  2  4  6  2 -1 -4  6 -3 -1 -1 -1 -4 -4 -1 -2 -3 -3 -4    1   0   9  23  18   9   1   0  20   1   6   2   1   0   0   5   1   0   0   0  0.76 0.37
  104 G   -2 -3  7 -2 -5 -3 -3  0 -3 -5 -5 -2  0 -5  4  0  0 -6 -5 -3    3   1  51   1   0   0   1   6   0   0   0   2   3   0  21   4   5   0   0   1  1.12 0.47
  105 D   -1  4 -1  1 -1  1  1 -3 -1 -4 -4  4 -2 -5 -3  0 -1 -5 -4 -4    4  25   2   7   2   4  10   0   1   1   1  35   1   0   0   6   2   0   0   0  0.68 0.34
  106 T   -2  2 -1 -3 -3 -1 -1 -3 -2 -2 -2  2 -2  0 -2  3  4 -4 -2 -1    1  12   1   0   0   1   2   1   1   2   2  14   1   4   1  23  31   0   1   4  0.47 0.31
  107 E   -4 -3 -3 -1 -3  3  1 -5  4 -2 -4 -3 -3  3 -3 -3 -3 -2  7 -2    0   1   1   4   1  14  10   0   9   2   0   0   0  10   1   1   1   0  43   2  1.05 0.47
  108 A    5 -2 -4 -5  8 -4 -4 -1 -3  0 -3 -4 -4 -4 -4 -1 -2 -1 -4 -2   47   2   0   0  32   0   0   3   1   6   1   0   0   0   0   2   2   1   0   2  1.24 0.52
  109 V    5 -4 -4 -5 -3 -4 -4  1 -5  1 -2 -4 -3 -4 -4 -2 -2 -5 -4  3   61   0   0   0   0   0   0   8   0   9   2   0   0   0   0   0   2   0   0  19  0.96 0.48
  110 R   -4  5 -3 -2 -6  0  6 -4 -3 -4 -5 -1 -3 -5 -4 -3 -1 -5  0 -2    0  32   0   1   0   1  53   1   0   1   0   2   0   0   0   0   3   0   3   4  1.19 0.54
  111 I   -4 -6 -6 -6 -4 -6 -4 -7 -6  8 -1 -6 -1 -2 -6 -5 -2 -6 -4  1    0   0   0   0   0   0   1   0   0  88   3   0   1   1   0   0   2   0   0   4  1.96 0.67
  112 A    6 -2 -3 -4 -3 -3 -4  1 -2 -4 -4 -3 -2 -4 -4  1 -2 -5 -5 -2   71   2   0   1   0   0   0  11   1   0   0   0   1   1   0  11   1   0   0   1  1.13 0.52
  113 S    0  0 -2 -3 -3 -2 -3  0  9 -6 -6 -2 -5 -5 -3  3 -3 -5 -1 -5    8   4   0   1   0   0   0   6  54   0   0   2   0   0   1  21   0   0   1   0  1.51 0.59
  114 K    0 -1  5 -2 -1 -2 -2  0  0 -3 -3  0 -2 -4 -3  2  3 -5 -4 -3    7   2  32   1   1   1   0   7   2   1   1   7   1   0   0  18  19   0   0   0  0.58 0.33
  115 V   -2 -6 -6 -6 -3 -5 -6 -5 -6  2 -1 -5 -2 -3 -4 -4 -3 -6 -4  7    1   0   0   0   0   0   0   1   0   8   3   0   0   0   1   1   0   0   0  84  1.63 0.62
  116 G   -2 -4 -3 -4 -3 -4 -4  5 -4 -6 -5 -4 -5 -6 -3  5 -2 -6 -4 -5    1   0   0   0   0   0   0  41   0   0   0   0   0   0   1  55   1   0   0   0  1.37 0.59
  117 A    2  0 -1 -2  0 -2 -2 -1 -3 -3 -1  0  0 -2 -1  4  1 -4 -2 -2   22   4   2   1   1   1   0   4   0   0   7   4   2   1   2  38   7   0   1   1  0.40 0.29
  118 R   -3  6 -3 -4 -4 -1 -2 -4 -3 -6 -4  6 -4 -5 -2 -3 -4 -6 -5 -5    1  38   0   0   0   1   1   1   0   0   2  54   0   0   1   0   0   0   0   0  1.51 0.59
  119 K   -3 -1  5 -3 -6 -2 -2 -4 -2 -5 -4  6 -4 -6 -4 -2 -1 -6 -5 -4    1   1  25   0   0   0   0   0   1   0   1  64   0   0   0   2   4   0   0   1  1.38 0.58
  120 R   -4  8 -3 -5  1  0 -3 -5  1 -6 -5  1 -4 -6 -2 -2 -4 -6 -5 -5    1  77   0   0   3   2   0   0   3   0   0   8   0   0   2   3   0   0   0   0  1.76 0.64
  121 E   -1  0 -2 -2 -4  0  1 -2 -3  2 -1  5 -1 -3 -3 -2 -1 -5 -3  1    5   4   0   1   0   3  11   2   0  13   6  41   1   0   0   2   2   0   0  10  0.45 0.29
  122 R    3  0 -2  1 -3  1  4 -2 -2 -2 -2 -1  1 -4 -3 -1  0 -4 -4 -1   32   4   1   6   0   4  28   1   1   2   4   2   4   0   0   1   5   0   0   5  0.40 0.28
  123 I   -4 -6 -6 -6 -4 -5 -6 -7 -6  8  0 -5  2 -2 -6 -4 -2 -5 -4  0    0   0   0   0   0   0   0   0   0  84   6   0   5   1   0   1   2   0   0   2  1.78 0.63
  124 E   -2 -3 -4 -4 -3  0  1 -5 -1  2  2 -3  1 -2 -4 -3 -2 -2 -1  5    2   0   0   0   0   4  12   0   1  12  16   0   3   1   0   0   1   1   2  44  0.57 0.32
  125 E    1  0  0  0 -5  0  6 -3 -3 -4 -5  2 -4 -5 -4 -1 -2 -5 -3 -4   12   5   5   4   0   2  54   1   0   0   0  11   0   0   0   3   2   0   1   1  0.86 0.42
  126 E   -2  6 -3 -4 -2  0  0 -5 -3 -2 -3  4 -2 -4 -4 -3 -3 -5 -4 -3    3  56   0   0   1   2   4   0   0   3   2  25   1   0   0   0   0   0   0   2  1.21 0.50
  127 A    7 -5 -5 -5 -1 -4 -4 -3 -5 -5 -4 -4 -4 -6 -4 -2 -3 -6 -5 -3   96   0   0   0   1   0   1   0   0   0   0   0   0   0   0   1   0   0   0   1  1.89 0.72
  128 E    3  1 -1  0 -3  1  1 -2  0 -2 -2  3 -1 -4 -2  0 -1 -4 -3 -1   28   8   2   6   0   5   9   1   2   2   2  23   1   0   0   3   3   0   0   3  0.32 0.23
  129 D    0 -2 -2  0 -5  6  4 -3 -2 -3 -4  0 -3 -5 -2 -1 -3 -2 -4 -3    9   1   1   4   0  38  32   1   1   2   1   4   0   0   2   2   1   1   0   2  0.92 0.45
  130 A   -2 -1 -4 -4 -4 -1 -3 -6 -5  0  5 -1  2 -2 -4 -4 -3 -4 -3 -2    2   4   1   1   0   3   1   0   0   3  74   4   5   0   0   1   0   0   0   0  1.01 0.46
  131 G    2 -3  2  2 -4 -2 -2  5 -3 -5 -5 -1 -4 -5 -3  0 -2 -5 -4 -3   22   1  11  11   0   0   1  42   0   0   0   3   0   0   0   7   1   0   0   1  0.75 0.35
  132 I   -3 -5 -5 -6 -4 -5 -5 -6 -5  6  1 -5 -1  2 -3 -5 -2 -4 -3  4    0   0   0   0   0   0   0   0   0  55   9   0   0   9   1   0   1   0   0  24  1.15 0.46
  133 R   -3  6 -2 -4 -2 -1 -2 -2  1 -5 -4  5 -4 -5 -4 -3 -3 -3 -2 -1    1  42   0   0   1   1   1   3   3   0   1  39   0   0   0   1   1   0   1   4  1.12 0.48
  134 V   -3 -6 -6 -6 -4 -5 -6 -6 -6  3  0 -5 -2 -4 -5 -3 -3 -6 -4  7    0   0   0   0   0   0   0   0   0  15   8   0   0   0   0   1   0   0   0  75  1.52 0.58
  135 L    0 -4 -2 -4 -2 -4 -4 -4 -4  0  3 -4 -2  0 -1 -2  5 -4 -3 -2    6   0   2   0   1   0   0   0   0   4  32   0   0   4   2   1  47   0   0   1  0.79 0.43
  136 N   -5 -4  9 -2 -4 -4 -4 -4 -1 -7 -7 -3 -6 -7 -6 -2 -2 -7 -6 -6    0   0  94   0   0   0   0   0   1   0   0   1   0   0   0   1   2   0   0   0  2.54 0.82
  137 P    0  0 -4 -4 -5 -3 -2  0 -4 -3 -4 -1 -5 -6  8 -2 -3 -6 -5 -3    9   5   0   0   0   0   2   6   0   2   1   3   0   0  70   2   0   0   0   1  1.73 0.52
  138 T   -3  0  6 -2 -4 -2 -2 -2 -2 -4 -4  0 -2 -5 -1  1  3 -5 -4 -4    0   5  50   0   0   0   0   1   0   0   1   3   1   0   3  11  24   0   0   0  0.93 0.39
  139 Y    1  3  0 -2 -3  0  1 -3 -1 -1 -2  0 -2  0 -3 -1 -1 -1  4  0   15  29   3   0   0   1   9   0   0   5   0   1   0   3   0   0   4   0  24   6  0.29 0.11
  140 V   -1 -2 -2 -1 -2 -1  3 -1 -2  2  0 -1 -1 -1 -2  1 -1 -3 -2  2    2   0   0   0   0   0  30   3   0  21   6   0   0   2   0  13   0   0   0  22  0.21 0.10
  141 E   -2  0 -1  0 -4  1  5 -3 -1 -4 -4  4 -3 -4 -2 -1 -2 -4 -3 -3    0   0   0   0   0   0  69   0   0   0   0  31   0   0   0   0   0   0   0   0  0.88 0.15
  142 V    0 -3 -3 -4 -1 -3 -3 -4 -4  2  1 -3  0 -1 -3 -2  0 -3 -2  5    0   0   0   0   0   0   0   0   0   0   0   0   0   0   0   0   0   0   0 100  0.48 0.04

                      K         Lambda
Standard Ungapped    0.1317     0.3125
Standard Gapped      0.0577     0.2670
PSI Ungapped         0.1888     0.3109
PSI Gapped           0.0577     0.2670
