
Last position-specific scoring matrix computed, weighted observed percentages rounded down, information per position, and relative weight of gapless real matches to pseudocounts
           A  R  N  D  C  Q  E  G  H  I  L  K  M  F  P  S  T  W  Y  V   A   R   N   D   C   Q   E   G   H   I   L   K   M   F   P   S   T   W   Y   V
    1 M   -1 -3 -4 -4 -2 -2 -3 -4 -3  2  3 -3  3  1 -3 -3 -1 -2 -1  2    0   0   0   0   0   0   0   0   0  12  45   0  10   7   0   0   0   0   0  26  0.37 0.04
    2 D   -3 -3  3  6 -5 -2  1 -3 -3 -5 -5 -2 -5 -5  5 -2 -3 -6 -5 -5    0   0  17  46   0   0   5   0   0   0   0   0   0   0  31   0   0   0   0   0  1.27 0.27
    3 I   -3 -5 -5 -5 -3 -5 -5 -6 -5  5  1 -5 -1 -2 -5 -4 -2 -5 -3  5    0   0   0   0   0   0   0   0   0  41  12   0   0   0   0   0   0   0   0  46  1.10 0.29
    4 N   -3 -3  5  5 -5 -2 -2 -3  6 -5 -5 -3 -4 -5 -4  1  0 -6 -3 -5    1   0  27  32   0   0   0   0  24   0   0   0   0   0   0  12   4   0   0   0  1.08 0.30
    5 G   -2 -5 -3 -4 -5 -5 -5  7 -5 -7 -7 -4 -6 -6 -5 -3 -4 -5 -6 -6    0   0   0   0   0   0   0 100   0   0   0   0   0   0   0   0   0   0   0   0  2.27 0.45
    6 V   -3 -5 -5 -6 -3 -5 -5 -6 -6  5 -1 -5  1 -3 -5 -4 -3 -5 -4  5    0   0   0   0   0   0   0   0   0  42   1   0   2   0   0   0   0   0   0  55  1.28 0.33
    7 L   -3 -4 -5 -6 -3 -4 -5 -6 -5  2  5 -5  0  2 -5 -4 -3 -3 -2  1    0   0   0   0   0   0   0   0   0  11  70   0   0  10   0   0   0   0   0   9  1.02 0.28
    8 L   -4 -5 -6 -6 -4 -5 -5 -6 -5  0  6 -5  1 -2 -5 -5 -4 -4 -4  1    0   0   0   0   0   0   0   0   0   1  92   0   1   0   0   0   0   0   0   6  1.47 0.37
    9 L   -4 -5 -6 -6 -4 -5 -5 -6 -5  1  6 -5  0 -1 -5 -5 -4 -4 -3  0    0   0   0   0   0   0   0   0   0   4  91   0   1   1   0   0   0   0   0   3  1.45 0.37
   10 D   -5 -4  3  8 -6 -3 -1 -4 -1 -6 -7 -3 -6 -6 -4 -3 -4 -7 -6 -6    0   0  12  87   0   0   0   0   1   0   0   0   0   0   0   0   0   0   0   0  2.11 0.46
   11 K   -4 -1 -3 -4 -6 -2 -2 -5 -4 -6 -6  8 -4 -6 -4 -3 -4 -6 -5 -5    0   0   0   0   0   0   0   0   0   0   0 100   0   0   0   0   0   0   0   0  2.17 0.51
   12 P   -2 -4 -5 -2 -6 -1 -4 -3 -1 -6 -6 -4 -5 -6  8 -2 -4 -6 -4 -5    2   1   0   1   0   3   0   2   2   0   0   0   0   0  86   2   0   0   0   0  2.42 0.48
   13 Q    0  0 -2 -2 -1  3 -1 -2 -1  1  2  0  0 -2 -2  0  1 -3  0  0    9   5   0   1   1  21   2   2   1   8  21   3   0   0   1   4  11   0   3   7  0.16 0.12
   14 G   -2 -5 -2  0 -5 -3 -2  7 -2 -6 -6 -4 -5 -6 -5 -3 -4 -5 -6 -6    0   0   1   5   0   0   2  90   1   0   0   0   0   0   0   0   0   0   0   0  1.87 0.41
   15 M   -2 -3 -4 -4 -3 -3 -3 -4 -3  4  3 -3  4  1 -3 -3 -2  1 -1  1    3   1   0   1   0   0   1   1   1  26  29   0  17   7   1   0   0   2   1  10  0.53 0.19
   16 S   -2 -4 -2 -3 -4 -3 -3 -3 -4 -5 -5 -3 -4 -5 -4  6  4 -6 -4 -4    0   0   0   0   0   0   0   0   0   0   0   0   0   0   0  76  24   0   0   0  1.46 0.43
   17 S   -1 -4 -2 -3 -4 -3 -3 -3 -4 -5 -6 -3 -5 -6 -4  7 -1 -6 -5 -5    1   0   0   0   0   0   0   0   0   0   0   0   0   0   0  99   0   0   0   0  1.92 0.51
   18 N   -5 -4  9 -2 -6 -3 -3 -4 -2 -7 -7 -3 -5 -6 -5 -2 -3 -7 -5 -6    0   0 100   0   0   0   0   0   0   0   0   0   0   0   0   0   0   0   0   0  2.58 0.56
   19 D    0 -1  0  5 -4  2  0  1  2 -4 -4  1 -3 -2 -3  0 -1 -2 -2 -4   10   2   2  39   0  13   2  10   7   0   0   7   0   2   0   4   2   0   1   0  0.54 0.20
   20 A    6 -4 -4 -4 -3 -3 -4 -3 -4  1 -1 -3 -3 -4 -3 -1 -2 -5 -4  2   74   0   0   0   0   0   0   0   0   9   3   0   0   0   0   0   1   0   0  12  1.04 0.34
   21 L   -4 -5 -6 -6 -4 -5 -5 -6 -5 -1  6 -5  2 -2 -6 -5 -4 -4 -4 -1    0   0   0   0   0   0   0   0   0   0  93   0   4   0   0   0   0   0   0   2  1.55 0.39
   22 Q   -4 -1 -3 -4 -6  8 -1 -4  0  1 -4 -2  0 -6 -4 -3 -4 -5 -4 -3    0   1   0   0   0  83   0   1   2   9   0   0   2   0   0   0   0   0   0   1  1.85 0.50
   23 K   -2  5 -2 -2 -5  2 -1 -4 -3 -3 -4  5 -1 -5 -4 -2 -1 -5 -4 -4    1  35   0   2   0  11   2   0   0   1   1  44   1   0   0   0   2   0   0   0  1.04 0.31
   24 V    3 -5 -5 -5 -1 -4 -4 -4 -5  0 -2 -4 -2 -4 -3 -3 -2 -5 -4  6   27   0   0   0   1   0   0   0   0   2   1   0   0   0   1   0   1   0   0  69  1.12 0.35
   25 K   -4  4 -3 -4 -6 -1 -2 -4 -3 -6 -5  7 -4 -6 -4 -2 -3 -6 -5 -5    0  23   0   0   0   0   0   0   0   0   0  76   0   0   0   1   0   0   0   0  1.66 0.42
   26 R   -4  7 -3 -4 -6 -1 -3 -2  1 -5 -4  0 -4 -1 -5 -3 -4  6 -1 -5    0  68   1   0   0   2   0   3   4   0   1   3   0   2   0   1   0  13   2   0  1.46 0.38
   27 I   -2 -4 -5 -6 -2 -4 -5 -6 -5  3  5 -5  2  1 -5 -4 -3 -4 -1  0    2   0   0   0   1   0   0   0   0  20  67   0   3   4   0   0   0   0   2   3  0.98 0.28
   28 Y   -4 -5 -5 -6 -5 -5 -5 -6 -2 -3  2 -5 -1  7 -6 -5 -4 -1  7 -3    0   0   0   0   0   0   0   0   0   0  17   0   1  46   0   0   0   0  37   0  1.59 0.38
   29 N   -1  1  4  0 -4  3 -1  0  0 -3 -1 -1 -2  2 -3  0 -2 -1  0 -3    4   7  28   4   0  18   1   8   2   0   7   2   0  12   0   4   1   1   2   0  0.36 0.17
   30 A    7 -4 -4 -5 -3 -4 -4 -3 -4 -4 -4 -3 -2 -5 -4 -2 -3 -5 -5 -1   96   0   0   0   0   0   0   0   0   0   0   0   1   0   0   0   0   0   0   3  1.66 0.45
   31 N    2  2  4 -1 -4  3  1 -2 -2 -4 -3  2 -3 -4 -2 -1 -2 -4 -3 -3   24  10  23   1   0  16  11   0   0   0   1  11   0   0   0   2   0   0   0   0  0.50 0.20
   32 R   -4  2 -3 -4 -6 -1 -2 -4 -3 -6 -5  8 -4 -6 -4 -3 -3 -6 -5 -5    0   9   0   0   0   0   0   0   0   0   0  90   0   0   0   0   0   0   0   0  1.89 0.46
   33 A    7 -4 -4 -4 -3 -4 -4 -1 -4 -3 -4 -3 -4 -5 -4 -1 -2 -5 -5 -2   95   0   0   0   0   0   0   3   0   1   0   0   0   0   0   0   0   0   0   1  1.62 0.44
   34 G   -3 -5 -3 -4 -6 -5 -5  7 -5 -7 -7 -5 -6 -6 -5 -3 -5 -6 -6 -6    0   0   0   0   0   0   0 100   0   0   0   0   0   0   0   0   0   0   0   0  2.36 0.49
   35 H   -5 -4 -3 -5 -7 -3 -4 -6 11 -7 -7 -4 -5 -5 -6 -4 -5 -6 -1 -7    0   0   0   0   0   0   0   0 100   0   0   0   0   0   0   0   0   0   0   0  3.51 0.67
   36 T   -3 -4 -3 -4 -4 -4 -4 -5 -5 -4 -4 -4 -4 -5 -4 -2  8 -6 -5 -3    1   0   0   0   0   0   0   0   0   0   0   0   0   0   0   0  99   0   0   0  2.19 0.55
   37 G   -3 -5 -3 -4 -6 -5 -5  7 -5 -7 -7 -5 -6 -6 -5 -3 -5 -6 -6 -6    0   0   0   0   0   0   0 100   0   0   0   0   0   0   0   0   0   0   0   0  2.36 0.49
   38 A    4 -3 -1 -3 -3 -3 -3 -2 -4 -4 -4 -3 -3 -5 -3  4  3 -5 -4 -2   45   0   2   0   0   0   0   0   0   0   0   0   0   0   0  31  21   0   0   2  0.88 0.31
   39 L   -4 -5 -6 -7 -4 -5 -6 -7 -6 -1  6 -5 -1 -2 -6 -5 -4 -4 -4 -2    0   0   0   0   0   0   0   0   0   0 100   0   0   0   0   0   0   0   0   0  1.77 0.44
   40 D   -5 -5 -2  8 -7 -3 -1 -5 -4 -6 -7 -4 -6 -7 -5 -3 -4 -8 -6 -7    0   0   0 100   0   0   0   0   0   0   0   0   0   0   0   0   0   0   0   0  2.58 0.54
   41 P   -4 -5 -5 -5 -6 -5 -4 -6 -6 -6 -6 -3 -6 -7  9 -4 -4 -7 -6 -6    0   0   0   0   0   0   0   0   0   0   0   1   0   0  99   0   0   0   0   0  3.14 0.59
   42 L   -4 -5 -6 -6 -4 -4 -4 -6 -5  1  6 -5  3  1 -5 -5 -4 -4 -3 -1    0   0   0   0   0   0   1   0   0   5  84   0   5   4   0   0   0   0   0   0  1.32 0.35
   43 A    7 -4 -5 -5 -3 -4 -4 -3 -5 -4 -4 -4 -4 -5 -4 -2 -3 -6 -5 -3  100   0   0   0   0   0   0   0   0   0   0   0   0   0   0   0   0   0   0   0  1.87 0.49
   44 T   -3 -4 -2 -4 -4 -4 -4 -4 -5 -4 -4 -4 -4 -5 -4  2  7 -6 -5 -3    0   0   1   0   0   0   0   0   0   0   0   0   0   0   0  12  87   0   0   0  1.80 0.48
   45 G   -3 -5 -3 -4 -6 -5 -5  7 -5 -7 -7 -5 -6 -6 -5 -3 -5 -6 -6 -6    0   0   0   0   0   0   0 100   0   0   0   0   0   0   0   0   0   0   0   0  2.36 0.49
   46 M   -4 -5 -5 -6 -4 -4 -5 -6 -5  0  4 -5  8 -2 -5 -5 -3 -4 -4  2    0   0   0   0   0   0   0   0   0   1  40   0  43   0   0   0   0   0   0  16  1.38 0.39
   47 L   -4 -5 -6 -7 -4 -5 -6 -7 -6 -1  7 -5 -1 -2 -6 -5 -4 -5 -4 -2    0   0   0   0   0   0   0   0   0   0 100   0   0   0   0   0   0   0   0   0  1.83 0.47
   48 P   -4 -6 -6 -5 -6 -5 -5 -6 -6 -6 -6 -5 -6 -7  9 -4 -5 -7 -7 -4    0   0   0   0   0   0   0   0   0   0   0   0   0   0  99   0   0   0   0   1  3.18 0.64
   49 I   -3 -5 -6 -6  0 -5 -5 -6 -5  6  4 -5 -1 -2 -5 -5 -3 -5 -4  2    0   0   0   0   2   0   0   0   0  50  37   0   0   0   0   0   0   0   0  11  1.13 0.32
   50 C   -4 -7 -6 -7 12 -7 -7 -6 -7 -5 -5 -7 -5 -6 -7 -5 -2 -6 -6 -5    1   0   0   0  97   0   0   0   0   0   0   0   0   0   0   0   2   0   0   0  3.80 0.71
   51 L   -5 -5 -6 -6 -5 -5 -6 -6 -5 -2  4 -6 -1  7 -6 -5 -4 -3 -1 -3    0   0   0   0   0   0   0   0   0   0  45   0   0  55   0   0   0   0   0   0  1.62 0.42
   52 G   -3 -6 -3 -4 -6 -5 -5  7 -5 -7 -7 -5 -6 -6 -5 -3 -5 -6 -6 -6    0   0   1   0   0   0   0  99   0   0   0   0   0   0   0   0   0   0   0   0  2.38 0.52
   53 E   -3 -3 -3  0 -7 -1  8 -5  0 -5 -6 -2 -5 -6 -4 -3 -4 -6 -5 -6    1   0   0   3   0   1  92   0   2   1   0   0   0   0   0   0   0   0   0   0  2.02 0.52
   54 A    7 -4 -5 -5 -3 -4 -4 -2 -5 -4 -5 -4 -4 -5 -4 -1 -3 -6 -5 -3   97   0   0   0   0   0   0   1   0   0   0   0   0   0   0   2   0   0   0   0  1.81 0.50
   55 T   -3 -5 -3 -4 -4 -4 -4 -5 -5 -4 -5 -4 -4 -6 -4 -2  8 -6 -5 -3    0   0   0   0   0   0   0   0   0   0   0   0   0   0   0   0 100   0   0   0  2.30 0.60
   56 K   -4  0 -3 -4 -6 -2 -2 -5 -4 -6 -6  8 -5 -6 -4 -3 -4 -6 -5 -6    0   2   0   0   0   0   0   0   0   0   0  98   0   0   0   0   0   0   0   0  2.22 0.56
   57 F   -5 -6 -6 -7 -5 -6 -6 -6 -4 -3 -1 -6 -3  9 -7 -5 -5 -2  0  1    0   0   0   0   0   0   0   0   0   0   4   0   0  86   0   0   0   0   1   9  2.24 0.51
   58 S    1 -4 -2 -3 -1 -3 -3 -3 -4 -5 -5 -3 -4 -5 -4  7 -1 -6 -5 -5    7   0   0   0   1   0   0   0   0   0   0   0   0   0   0  89   2   0   0   0  1.66 0.50
   59 Q    0 -1 -2 -3 -6  8 -1  0  2 -6 -5 -1 -4 -6 -4 -1 -3 -5 -4 -5    7   2   1   1   0  73   0   8   5   0   0   1   0   0   0   3   0   0   0   0  1.54 0.46
   60 Y   -4 -3 -4  1 -5 -4 -4 -5  3 -3 -2 -5  0  7 -6 -4 -3  2  6 -3    0   1   0  11   0   0   0   0   6   0   2   0   3  44   0   0   1   2  30   0  1.32 0.36
   61 L   -4 -5 -6 -7 -4 -5 -6 -6 -6 -1  6 -5  2 -1 -6 -5 -4 -2 -4 -2    0   0   0   0   0   0   0   0   0   1  93   0   4   1   0   0   0   1   0   0  1.60 0.42
   62 L   -4 -5 -6 -7 -4 -5 -6 -7 -6 -1  6 -5 -1 -2 -6 -5 -2 -5 -4 -2    0   0   0   0   0   0   0   0   0   0  97   0   0   0   0   0   3   0   0   0  1.70 0.45
   63 D   -4 -4  1  8 -6 -3  2 -3 -4 -6 -7 -3 -6 -6 -4 -3 -4 -7 -6 -6    0   0   5  78   0   0  14   2   0   0   0   1   0   0   0   1   0   0   0   0  1.86 0.46
   64 S    5 -4 -3 -3 -3 -3 -2 -3 -4 -4 -4 -3 -4 -5 -3  4  0 -5 -4 -3   62   0   0   1   0   0   1   0   0   0   0   0   0   0   0  32   5   0   0   0  1.13 0.38
   65 D   -5 -5  0  8 -7 -3 -1 -3 -4 -6 -7 -3 -6 -7 -5 -3 -2 -7 -6 -6    0   0   3  90   0   0   1   1   0   0   0   1   0   0   0   0   2   0   0   0  2.18 0.51
   66 K   -4 -1 -3 -4 -7 -2 -2 -5 -4 -6 -6  8 -5 -7 -4 -3 -4 -6 -5 -6    0   0   0   0   0   0   0   0   0   0   0 100   0   0   0   0   0   0   0   0  2.29 0.57
   67 R    0  5 -1 -3 -3 -2 -2  0  2 -2 -4 -1 -2 -4 -4  0  3 -5 -2 -2    7  41   1   0   0   0   1   7   5   2   0   1   1   0   0   6  26   0   1   1  0.68 0.27
   68 Y   -5 -5 -6 -7 -6 -5 -6 -7 -2 -5 -5 -6 -5  0 -7 -5 -5 -1 10 -5    0   0   0   0   0   0   0   0   0   0   0   0   0   0   0   0   0   0 100   0  3.20 0.68
   69 R   -3  5 -2 -2 -2  3  3 -4  0  0 -1 -1 -1 -2 -4 -2 -2  0 -3  0    0  34   0   1   1  12  20   0   2   7   6   1   1   1   0   2   2   2   0   9  0.50 0.22
   70 V    2 -4 -4 -4 -1 -4 -4 -4 -5  0 -2 -4 -2 -4 -4  0  3 -5 -4  5   21   0   0   0   1   0   0   0   0   1   0   0   0   0   0   5  19   0   0  54  0.85 0.32
   71 I   -2  2 -2 -3  0 -2 -2 -4 -4  2 -1 -2 -2 -3 -4 -1  5 -5 -3  2    0  11   1   0   2   0   2   0   0  14   5   2   0   0   0   1  44   0   0  16  0.58 0.25
   72 A    5 -4 -4 -4  1 -3 -4 -1 -4  1 -1 -3  3  1 -4 -2 -2 -4 -2  3   52   0   0   0   3   0   0   3   0   6   2   0   8   6   0   0   0   0   0  20  0.66 0.27
   73 R   -3  5 -2 -3  1  2 -1 -4  2 -5 -3  5 -3 -4 -4 -2 -1 -5 -3 -3    1  37   0   0   3   7   2   0   6   0   2  36   0   1   0   1   4   0   0   1  0.93 0.30
   74 L   -4 -5 -6 -6 -4 -5 -6 -6 -5 -1  6 -5  0  2 -6 -5 -4 -4 -3 -2    0   0   0   0   0   0   0   0   0   0  89   0   1   9   0   0   0   0   0   0  1.54 0.41
   75 G   -3 -6 -4 -4 -6 -5 -5  8 -5 -7 -7 -5 -6 -6 -5 -3 -5 -6 -6 -6    0   0   0   0   0   0   0 100   0   0   0   0   0   0   0   0   0   0   0   0  2.41 0.52
   76 Q   -1 -2 -3 -2 -3  3  3 -4 -2  2 -1 -1  0 -3 -4 -2 -2 -4 -2  3    3   1   0   0   0  19  24   0   0  14   3   3   2   0   0   1   1   0   1  28  0.49 0.23
   77 R   -2  6 -1 -3 -4 -1 -1 -4 -3 -2 -4  1 -2 -5 -4 -1  4 -5 -4 -1    2  50   1   0   0   1   2   1   0   3   0   5   1   0   0   3  27   0   0   5  0.91 0.31
   78 T   -3 -4 -3 -4 -4 -4 -4 -5 -5 -4 -5 -4 -4 -6 -4 -1  8 -6 -5 -3    0   0   0   0   0   0   0   0   0   0   0   0   0   0   0   1  99   0   0   0  2.26 0.59
   79 D    0 -3  2  5 -4 -2  1 -3 -3 -4 -5 -3 -4 -5 -4  0  4 -6 -5 -4    6   0  10  39   0   0   7   0   0   0   0   0   0   0   0   5  34   0   0   0  0.93 0.31
   80 T   -3 -4 -3 -4 -4 -4 -4 -5 -5 -4 -5 -4 -4 -5 -4  1  8 -6 -5 -3    0   0   0   0   0   0   0   0   0   0   0   0   0   0   0   7  93   0   0   0  2.03 0.55
   81 S    1 -4 -2 -3 -1 -3 -3  5 -4 -5 -5 -3 -4 -5 -4  4 -2 -5 -2 -4   10   0   0   0   1   0   0  49   0   0   1   0   0   0   0  37   0   0   1   0  1.10 0.34
   82 D   -5 -5 -2  8 -7 -4 -2 -5 -2 -7 -7 -4 -7 -7 -5 -4 -4 -8 -6 -7    0   0   0  99   0   0   0   0   1   0   0   0   0   0   0   0   0   0   0   0  2.61 0.58
   83 A    5 -3 -3 -4  1 -3 -3 -2 -4 -3 -3 -2  0 -4 -3  3  0 -5 -4 -1   61   1   0   0   2   0   0   0   0   1   1   1   2   0   0  22   4   0   0   4  0.89 0.33
   84 D   -3 -3 -2  5 -6 -1  6 -4  1 -6 -6 -2 -5 -6 -4 -3 -2 -6 -2 -5    1   0   0  32   0   1  61   0   3   0   0   0   0   0   0   0   2   0   1   0  1.47 0.41
   85 G   -3 -5 -3 -4 -6 -5 -5  7 -5 -7 -7 -5 -6 -6 -5 -2 -5 -6 -6 -6    0   0   0   0   0   0   0  99   0   0   0   0   0   0   0   1   0   0   0   0  2.36 0.52
   86 Q   -1 -1  0  2 -5  3  6 -3 -1 -3 -5  0 -4 -5 -3 -1 -1 -5 -4 -4    6   2   3  10   0  13  53   0   1   1   0   3   0   0   1   2   4   0   0   1  0.87 0.29
   87 I   -1 -3 -5 -5 -3 -4 -3 -5 -5  4  0 -3 -1 -3 -3 -4  0 -5 -4  6    3   1   0   0   0   0   1   0   0  26   3   1   0   0   1   0   4   0   0  59  1.02 0.32
   88 V   -3 -3 -5 -5 -3 -4 -5 -5 -5  4  3 -4  0 -2 -5 -4 -1 -5 -3  5    0   1   0   0   0   0   0   0   0  23  27   0   0   0   0   0   3   0   0  44  0.87 0.27
   89 E    0 -1  0  1 -1  3  5 -2 -2 -4 -4  0 -3 -5 -3  2  0 -5 -4 -3    9   2   4   6   1  15  39   1   0   0   0   3   0   0   0  15   4   0   0   1  0.61 0.24
   90 E   -2  2 -2 -2 -2  1  4 -4 -3 -2 -4  0 -2 -5 -3  0  4 -5 -4 -1    0  14   0   1   1   7  28   0   0   2   0   3   1   0   1   5  36   0   0   3  0.65 0.27
   91 R   -1  7 -2 -3 -2 -1 -2 -4  2 -4 -3  2 -3 -5 -4 -1 -2 -5 -3 -3    5  64   1   1   1   2   1   0   4   1   2  11   0   0   0   3   2   0   1   1  1.14 0.34
   92 P    0 -3 -2  3 -5 -2  2 -4 -3 -5 -5 -3 -3 -6  7 -1 -2 -6 -5 -4    8   1   1  15   0   1  13   0   0   0   0   0   1   0  55   3   1   0   0   0  1.38 0.36
   93 V    0 -5 -5 -4 -1 -4 -5 -5 -6  2 -1 -5 -1 -3 -5 -3 -2 -5 -4  6    8   0   0   1   1   0   0   0   0   8   3   0   1   0   0   1   1   0   0  76  1.25 0.37
   94 T    1 -1  3  2 -3  0  1 -1  0 -2 -3 -1 -2 -3  1  1  2 -4 -3 -3   10   1  18  12   0   3   8   2   2   2   2   3   0   1   6  13  16   0   0   0  0.30 0.14
   95 F   -2 -4 -5 -5  3 -4 -5 -5 -4  2  2 -4 -1  4 -3 -4 -2 -3 -1  4    1   0   0   0   7   0   0   0   0  10  24   0   0  18   1   0   0   0   0  38  0.71 0.24
   96 S   -1 -3  1  4 -3 -2  0 -1 -2 -4 -4 -2 -3 -4 -3  2  5 -5 -4 -3    3   0   5  22   0   1   3   4   1   0   0   2   0   0   0  19  40   0   0   0  0.71 0.27
   97 A    0  3 -2  0 -3  3  3 -2 -2 -2 -1  0 -2 -4  0 -1 -1 -4 -2 -2   10  19   0   5   0  14  24   1   0   3   7   3   0   0   4   2   4   0   1   2  0.33 0.16
   98 E    3 -2 -1  2 -4  1  4 -1 -1 -4 -4 -1 -3 -5  0  0  0 -5 -4 -2   34   1   2  11   0   7  28   3   1   0   0   2   0   0   3   4   4   0   0   1  0.49 0.21
   99 Q    2  1 -2  2 -4  5  2 -3  0 -3 -2  0 -1 -4 -3 -1 -1 -4 -4 -3   16   5   0  12   0  37  11   1   2   0   3   3   2   0   0   3   4   0   0   0  0.58 0.24
  100 L   -3 -5 -5 -4 -3 -4 -5 -6 -5  4  4 -5  0 -1 -5 -4 -3 -4 -3  3    1   0   0   1   0   0   0   0   0  30  46   0   0   2   0   0   0   0   0  21  0.93 0.28
  101 A    0  1 -1  3 -4  1  5 -3 -2 -2  0 -1 -1 -4 -3 -1 -2 -5 -3 -2    8   7   2  15   0   4  43   1   1   2  10   1   2   0   0   2   1   0   0   2  0.54 0.22
  102 A    3  0 -1  1 -3  2  1 -1 -1 -3 -3  0 -2 -4 -1  0  1 -4 -3 -1   35   4   1   7   0  12  10   2   1   0   1   5   1   0   1   6   9   0   0   3  0.33 0.17
  103 A    5 -4 -4 -4  2 -3 -2 -2 -3  0 -1 -3  0 -2 -3 -1 -1 -4 -2  3   52   0   0   0   4   0   2   1   0   4   3   0   2   1   0   1   2   0   1  25  0.64 0.26
  104 L   -4 -5 -6 -6  2 -5 -4 -6 -5  2  5 -5  2 -1 -5 -5 -3 -4 -3  0    0   0   0   0   5   0   1   0   0  11  75   0   4   1   0   0   0   0   0   3  1.16 0.33
  105 D    2 -1  0  3 -4  1  3 -2 -2 -4 -3  0 -2 -4  2  0 -1 -5 -4 -2   21   1   2  16   0   6  23   1   0   0   2   5   1   0  11   6   3   0   0   1  0.41 0.17
  106 T    0  3 -1 -1 -3  3 -1  0  3 -4 -4  1 -2 -3 -1  1  0 -3 -2 -3    8  21   2   2   0  17   1   8   8   0   0  10   0   0   3  13   5   0   1   0  0.37 0.17
  107 F   -6 -6 -6 -7 -6 -6 -7 -7 -2 -3 -1 -6 -1  9 -7 -6 -5 -2  1 -4    0   0   0   0   0   0   0   0   1   0   3   0   1  94   0   0   0   0   2   0  2.59 0.56
  108 R   -3  7 -3 -4 -5 -2 -2 -4 -2  0  0  0 -1 -4 -4 -2  1 -2 -2  0    0  61   0   0   0   0   1   0   1   6   8   3   1   0   0   2   9   1   1   6  0.96 0.32
  109 G   -3 -6 -4 -4 -6 -5 -5  8 -5 -7 -7 -5 -6 -6 -5 -3 -5 -6 -6 -6    0   0   0   0   0   0   0 100   0   0   0   0   0   0   0   0   0   0   0   0  2.41 0.52
  110 D   -2 -1 -1  4 -5  1  4 -3 -3 -4 -3  0 -4 -5  3 -1  0 -5 -4 -2    2   2   2  31   0   4  30   0   0   0   2   5   0   0  13   2   5   0   0   3  0.70 0.24
  111 I   -3 -4 -4 -5 -4  0 -4 -4 -5  6  0 -4 -1 -1 -5  0  2 -5 -4  1    0   0   0   0   0   6   0   1   0  65   3   0   0   2   0   6  14   0   0   3  1.01 0.34
  112 E   -1  0 -1  2 -4  3  2 -3 -2 -2  1  1  2 -2 -3  0 -1 -2 -2 -1    2   2   0  16   0  15  17   0   0   1  14   8   7   1   0   9   1   0   1   4  0.27 0.15
  113 Q   -4 -2 -4 -4 -7  9 -2 -5 -3 -7 -6 -2 -4 -7 -5 -4 -4 -6 -5 -6    0   0   0   0   0 100   0   0   0   0   0   0   0   0   0   0   0   0   0   0  2.74 0.67
  114 I   -3 -5 -5 -6 -3 -4 -5 -6 -5  4  0 -5  0 -3 -5 -3 -1 -5 -1  6    0   0   0   0   0   0   0   0   0  21   6   0   1   0   0   1   3   0   2  65  1.13 0.34
  115 P   -4 -6 -6 -5 -7 -5 -5 -6 -6 -6 -7 -5 -6 -7  9 -4 -5 -7 -7 -6    0   0   0   0   0   0   0   0   0   0   0   0   0   0 100   0   0   0   0   0  3.24 0.65
  116 S   -3 -4 -3 -4 -5 -4 -3 -4 -4 -5 -6 -3 -5 -6  7  4  1 -6 -5 -5    0   0   0   0   0   0   0   0   0   0   0   0   0   0  54  39   7   0   0   0  1.71 0.45
  117 M   -5 -5 -6 -7 -5 -4 -6 -7 -5 -1 -1 -5 11 -4 -6 -5 -4 -5 -5 -3    0   0   0   0   0   0   0   0   0   2   0   0  98   0   0   0   0   0   0   0  3.15 0.70
  118 Y   -5 -5 -5 -6 -6 -5 -5 -6  3 -4 -4 -5 -4  6 -6 -5 -5 -1  9 -4    0   0   0   0   0   0   0   0   6   0   0   0   0  27   0   0   0   0  68   0  2.27 0.52
  119 S   -2 -4 -3 -4 -4 -3 -3 -4 -4 -6 -6 -3 -5 -6 -4  7 -2 -6 -5 -5    0   0   0   0   0   0   0   0   0   0   0   0   0   0   0 100   0   0   0   0  2.05 0.57
  120 A    7 -5 -5 -5 -3 -4 -4 -3 -5 -4 -5 -4 -4 -5 -4 -1 -3 -6 -5 -3   99   0   0   0   0   0   0   0   0   0   0   0   0   0   0   1   0   0   0   0  1.90 0.52
  121 L   -4 -5 -6 -6 -4 -5 -6 -6 -6  1  6 -5  0 -2 -6 -5 -4 -4 -4  0    0   0   0   0   0   0   0   0   0   7  88   0   0   0   0   0   0   0   0   5  1.48 0.40
  122 K   -4 -1 -3 -4 -7 -2 -2 -5 -4 -6 -6  8 -5 -7 -4 -3 -4 -6 -5 -6    0   0   0   0   0   0   0   0   0   0   0 100   0   0   0   0   0   0   0   0  2.29 0.57
  123 Y   -4  3 -3 -4 -6 -2 -3 -5  8 -5 -3  0 -4 -1 -5 -4 -4 -3  5 -2    0  19   0   0   0   1   0   0  44   0   2   6   0   1   0   0   0   0  24   3  1.48 0.40
  124 Q   -3 -1  3  4 -6  6  2 -3  1 -5 -5  1 -4 -6 -4 -2 -3 -5 -4 -5    0   1  13  21   0  42  12   1   3   0   0   7   0   0   0   0   0   0   0   0  1.03 0.33
  125 G   -3 -6 -4 -4 -6 -5 -5  8 -5 -7 -7 -5 -6 -6 -5 -3 -5 -6 -6 -6    0   0   0   0   0   0   0 100   0   0   0   0   0   0   0   0   0   0   0   0  2.41 0.52
  126 K   -3  4 -3 -3 -6  5 -1 -4 -2 -5 -5  6 -4 -6 -4 -3 -3 -5 -4 -4    0  19   0   0   0  29   1   0   1   0   0  49   0   0   0   0   0   0   0   1  1.29 0.39
  127 K    0  2 -4 -4 -6 -2 -4 -5 -2 -6 -6  1 -5 -6  8 -3 -4 -6 -5 -5    8  11   0   0   0   1   0   0   1   0   0   8   0   0  70   0   0   0   0   0  1.93 0.45
  128 L   -4 -5 -6 -7 -4 -5 -6 -7 -6 -1  6 -5  0 -2 -6 -5 -4 -4 -2 -2    0   0   0   0   0   0   0   0   0   0  98   0   0   0   0   0   0   0   1   0  1.77 0.46
  129 Y   -5 -5 -6 -7 -6 -5 -6 -7  0 -5 -5 -6 -5  0 -7 -5 -5 -1 10 -5    0   0   0   0   0   0   0   0   1   0   0   0   0   0   0   0   0   0  99   0  3.15 0.67
  130 E   -2 -1 -2  0 -6 -1  6 -4 -1 -5 -5  4 -4 -2 -4 -2 -2 -2 -2 -5    2   2   0   2   0   0  56   0   1   0   0  31   0   2   0   0   2   0   1   0  1.14 0.36
  131 Y   -5 -5 -6 -6 -5 -5 -5 -6 -2 -2  4 -5 -1  0 -6 -5 -4  0  8 -3    0   0   0   0   0   0   0   0   0   0  38   0   0   0   0   0   0   1  61   0  1.79 0.47
  132 A    7 -5 -5 -5 -3 -4 -4 -3 -5 -4 -5 -4 -4 -5 -4 -2 -3 -6 -5 -3  100   0   0   0   0   0   0   0   0   0   0   0   0   0   0   0   0   0   0   0  1.93 0.52
  133 R   -5  8 -4 -5 -7 -2 -3 -6 -4 -6 -6  0 -5 -6 -6 -4 -4 -6 -5 -6    0  99   0   0   0   0   0   0   0   0   0   1   0   0   0   0   0   0   0   0  2.54 0.58
  134 Q    3 -2 -3 -1 -5  6  3 -4 -3 -5 -5  2 -3 -5 -3 -2 -3 -5 -4 -4   26   0   0   1   0  37  22   0   0   0   0  13   0   0   0   0   0   0   0   0  0.95 0.34
  135 G   -3 -6 -3 -4 -6 -5 -5  7 -5 -7 -7 -5 -6 -6 -5 -3 -5 -6 -6 -6    0   0   0   0   0   0   0 100   0   0   0   0   0   0   0   0   0   0   0   0  2.39 0.52
  136 I   -3 -2 -5 -5 -4  1  0 -6 -5  7  0 -1 -1 -3 -5 -4 -3 -5 -4  2    0   2   0   0   0   7   6   0   0  67   3   5   1   0   0   0   0   0   0  10  1.05 0.33
  137 E   -2 -3  0  0 -5  0  6 -4 -2 -3 -4 -2 -3 -4 -4 -2  3 -5 -4  0    1   0   4   2   0   1  56   0   1   1   0   1   0   0   0   1  23   0   0   9  0.96 0.34
  138 V   -3 -5 -6 -6 -3 -5 -5 -6 -6  4  0 -5 -1 -3 -5 -4 -3 -5 -4  6    1   0   0   0   0   0   0   0   0  25   6   0   0   0   0   0   0   0   0  69  1.37 0.38
  139 P   -3 -3 -3  0 -6  0  7 -5 -3 -6 -6 -2 -5 -6  4 -3 -3 -6 -5 -4    1   0   0   2   0   2  69   0   0   0   0   0   0   0  23   0   0   0   0   1  1.57 0.44
  140 R   -5  8 -4 -5 -7 -2 -3 -6 -4 -5 -5 -1 -5 -6 -5 -4 -4 -6 -5 -4    0  97   0   0   0   0   0   0   0   1   0   1   0   0   0   0   0   0   0   1  2.41 0.57
  141 E    0 -2 -3 -1 -5  2  6 -4 -3 -5 -5  3 -4 -6  2 -2 -1 -5 -4 -4    8   0   0   1   0   6  54   0   0   0   0  18   0   0   8   1   3   0   0   0  0.96 0.32
  142 A    5 -3 -4 -4  1 -3 -2  0 -4 -3 -4 -2 -3 -5  4  1 -1 -5 -4 -2   53   1   0   0   2   0   1   5   0   1   0   1   0   0  23   8   2   0   0   2  0.88 0.30
  143 R   -5  8 -4 -5 -7 -2 -3 -6 -4 -7 -6 -1 -5 -6 -6 -4 -5 -6 -5 -6    0 100   0   0   0   0   0   0   0   0   0   0   0   0   0   0   0   0   0   0  2.59 0.59
  144 P   -1  2 -1  1 -2  1  0 -3 -3 -4 -2  1 -3 -5  5  1  1 -5 -4 -3    4  12   2   7   1   8   6   0   0   0   3   7   0   0  33   9   8   0   0   0  0.62 0.20
  145 I   -3 -6 -6 -6 -4 -5 -6 -6 -6  6 -1 -5 -2 -3 -5 -5 -3 -5 -4  6    0   0   0   0   0   0   0   0   0  48   0   0   0   0   0   0   0   0   0  52  1.49 0.40
  146 T   -2 -1  1 -3 -1 -1 -1 -4  0 -3 -3 -2 -2 -4 -4  0  6 -5 -2 -1    0   2   5   1   1   3   4   0   3   0   1   2   0   0   0   5  66   0   1   4  0.98 0.35
  147 V   -4 -6 -6 -6 -4 -5 -6 -6 -6  7 -1 -5 -2 -2 -5 -5 -3 -5 -4  4    0   0   0   0   0   0   0   0   0  67   0   0   0   1   0   0   0   0   0  32  1.55 0.41
  148 Y   -2 -1 -3 -4 -5 -3 -4 -5  7 -3 -3 -3 -3  4 -5 -3 -4 -2  7 -4    3   3   1   1   0   0   0   0  29   1   1   1   0  19   0   2   1   0  40   0  1.45 0.39
  149 E    1  1  0  2 -2  0  4 -2  0 -4 -4  0 -2 -4 -3  2 -1 -5 -4 -3   13   9   4  14   0   2  28   1   1   0   1   4   1   0   0  19   2   0   0   0  0.46 0.19
  150 L   -3 -5 -4 -6 -2 -5 -5 -6 -5  3  5 -5  1  0 -5 -5 -3 -4 -1 -1    2   0   1   0   1   0   0   0   0  19  70   0   1   3   0   0   1   0   2   1  1.07 0.32
  151 L   -1  1  1  1 -3  3  4 -3  1 -3 -2  1 -3 -4 -3 -1  1 -4 -3 -2    3   9   6   8   0  13  30   0   3   1   5   9   0   0   0   3  10   0   0   1  0.41 0.18
  152 F   -2 -4 -5 -6  1 -4 -5 -5 -5  1  5 -5  0  4 -5 -4 -3 -2 -2  1    2   0   0   0   3   1   0   0   0   6  61   0   1  19   0   0   0   0   0   7  0.91 0.28
  153 I   -2 -2 -2 -1 -3 -2 -2 -4  0  4  4 -3  0 -2 -4 -3  0 -4 -3  1    1   1   2   4   0   1   3   1   2  25  47   0   0   0   0   1   5   0   0   7  0.53 0.21
  154 R    2  3  0  2 -3 -1  2 -1 -1 -4 -4  0 -3 -3 -3  2 -1 -2 -2 -3   17  23   3  14   0   1  12   4   1   0   0   2   0   0   0  19   1   1   1   0  0.41 0.19
  155 H   -4 -1 -4 -5  4 -4 -4 -5  1  0  0 -4 -2  6 -5 -3 -3  6  3  0    0   4   0   0   9   0   1   0   4   5   9   0   0  37   0   1   1  13  11   5  0.93 0.27
  156 E    1  2  0  3 -3  2  4 -2 -1 -3 -4  0 -2 -5 -3  0  0 -5 -4 -3   11  10   4  17   0   8  33   1   1   2   0   2   1   0   0   4   5   0   0   1  0.49 0.20
  157 G    1 -3  1  1 -4 -2  0  4  0 -3  0 -2 -3 -4  0 -1 -2 -4 -4 -3   16   0   9   7   0   1   8  37   2   0  12   1   0   0   5   1   1   0   0   1  0.42 0.18
  158 N   -1 -3  3  5 -5  0  1 -2  0 -5 -5 -2 -4 -5  4 -2  0 -6 -4 -3    4   0  13  34   0   4   7   1   2   0   0   0   0   0  25   0   7   0   0   1  0.84 0.27
  159 E   -1  0 -1  1 -1  1  5 -3  0 -3 -2  0 -1  0 -3  0  0 -4  1 -2    2   5   2   8   1   4  42   1   2   1   3   3   1   5   0   6   5   0   4   2  0.43 0.19
  160 L    1 -4 -5 -5 -2 -4 -4 -4 -4  2  4 -4  0  2 -4 -3 -2 -3 -2  3   14   0   0   0   0   0   0   0   0  10  42   0   1  10   0   0   0   0   0  24  0.62 0.22
  161 E   -2  1 -1  3 -3  0  4 -3 -2 -4 -3  0 -3 -5 -3  0  3 -5 -4 -2    2   7   0  15   0   2  37   0   0   0   1   4   0   0   0   5  23   0   0   3  0.62 0.24
  162 L   -3 -4 -5 -6 -3 -4 -5 -6 -5  2  5 -5  4  3 -5 -4 -3 -4 -2  1    0   0   0   0   0   0   0   0   0  11  58   0  13  10   0   0   0   0   0   8  0.97 0.29
  163 E   -1  2 -1  3 -5  0  5 -4 -2 -3 -3 -1 -2 -4 -3  0  0 -5 -1 -3    4  14   1  19   0   3  39   0   0   1   3   1   0   0   0   5   7   0   3   1  0.61 0.23
  164 I   -2 -5 -6 -6 -3 -5 -5 -6 -6  4 -1 -5 -1 -3 -5 -4 -3 -5 -4  6    2   0   0   0   0   0   0   0   0  23   3   0   1   0   0   0   0   0   0  71  1.38 0.39
  165 H   -1  1 -2 -2  0 -1 -2 -3  8 -4 -3 -1 -3 -2 -4  1  2 -2 -1 -4    6   7   0   2   2   1   1   1  49   0   3   3   0   2   0   9  13   0   0   0  1.06 0.33
  166 C   -4 -7 -6 -7 11 -7 -7 -6 -7 -4 -5 -7 -5 -6 -6 -2 -4 -6 -6  0    0   0   0   0  92   0   0   0   0   0   0   0   0   0   0   2   0   0   0   6  3.48 0.67
  167 S   -2 -4 -2 -3 -4 -3 -3 -3 -4 -6 -6 -3 -5 -6 -4  7  0 -6 -5 -5    1   0   0   0   0   0   0   0   0   0   0   0   0   0   0  95   4   0   0   0  1.88 0.54
  168 K   -4 -1 -3 -4 -6 -2 -2 -5 -1 -6 -6  8 -5 -6 -4 -3 -4 -6 -5 -6    0   0   0   0   0   0   0   0   1   0   0  99   0   0   0   0   0   0   0   0  2.24 0.56
  169 G   -3 -6 -4 -4 -6 -5 -5  8 -5 -7 -7 -5 -6 -6 -5 -3 -5 -6 -6 -6    0   0   0   0   0   0   0 100   0   0   0   0   0   0   0   0   0   0   0   0  2.41 0.52
  170 T   -2 -4 -3 -4 -4 -4 -4 -5 -5 -4 -5 -4 -4 -3 -4 -2  8 -6 -5 -3    1   0   0   0   0   0   0   0   0   0   0   0   0   1   0   0  98   0   0   0  2.17 0.58
  171 Y   -5 -5 -6 -7 -6 -5 -6 -7 -2 -5 -5 -6 -5  0 -7 -5 -5 -1 10 -5    0   0   0   0   0   0   0   0   0   0   0   0   0   0   0   0   0   0 100   0  3.20 0.68
  172 I   -4 -6 -6 -6 -4 -6 -6 -7 -6  7 -1 -6 -2 -3 -6 -5 -3 -6 -4  3    0   0   0   0   0   0   0   0   0  79   0   0   0   0   0   0   0   0   0  21  1.74 0.44
  173 R   -5  8 -4 -5 -7 -2 -3 -6 -4 -7 -6 -1 -5 -6 -6 -4 -5 -6 -5 -6    0 100   0   0   0   0   0   0   0   0   0   0   0   0   0   0   0   0   0   0  2.59 0.59
  174 T   -2 -4 -2 -4 -4 -3 -4 -3 -4 -3 -4 -3 -3 -5 -4  3  7 -5 -4  1    1   0   1   0   0   0   0   1   0   0   0   0   0   0   0  19  70   0   0   8  1.34 0.42
  175 I   -4 -5 -6 -6 -4 -5 -6 -6 -6  4  5 -5  0 -2 -5 -5 -3 -4 -4 -1    0   0   0   0   0   0   0   0   0  30  68   0   1   0   0   0   0   0   0   1  1.30 0.36
  176 I    3 -4 -4 -4 -3 -4 -4  1 -5  3 -2 -4 -2 -3 -4 -2 -1 -5 -4  4   31   0   0   0   0   0   0  10   0  21   1   0   0   0   0   0   2   0   0  34  0.66 0.26
  177 D   -2 -3 -1  6 -4  0  6 -4 -3 -4 -5 -2 -1 -6 -4 -2 -3 -6 -5 -4    2   0   1  40   0   3  49   0   0   1   0   0   2   0   0   0   0   0   0   0  1.33 0.38
  178 D   -5 -5 -2  8 -7 -4 -1 -5 -4 -7 -7 -4 -6 -7 -5 -3 -4 -8 -6 -7    0   0   0  98   0   0   1   0   0   0   0   0   0   0   0   1   0   0   0   0  2.52 0.57
  179 L   -4 -5 -6 -6 -4 -5 -6 -6 -6  6  5 -5  0 -2 -5 -5 -3 -5 -4  0    0   0   0   0   0   0   0   0   0  46  51   0   1   0   0   0   1   0   0   2  1.25 0.35
  180 G   -2 -6 -3 -4 -6 -5 -5  7 -5 -7 -7 -5 -6 -6 -5 -3 -5 -6 -6 -6    1   0   0   0   0   0   0  99   0   0   0   0   0   0   0   0   0   0   0   0  2.37 0.52
  181 E    0  1 -1 -1 -6  2  6 -4  1 -5 -3  0 -4 -5 -4 -2 -3 -5 -4 -5    7   8   2   1   0   9  63   0   2   0   2   4   0   0   0   1   0   0   0   0  1.08 0.34
  182 K    3  0 -2 -2 -2  0 -1 -2 -1  0  1  1  2 -3 -3 -1 -1 -1 -1  0   38   4   1   1   0   3   4   0   1   3  12   9   8   0   0   2   1   1   2   8  0.25 0.16
  183 L   -4 -5 -6 -7 -4 -5 -6 -7 -6 -1  6 -5  0 -2 -6 -5 -4 -5 -4 -1    0   0   0   0   0   0   0   0   0   0  97   0   1   0   0   0   0   0   0   2  1.72 0.45
  184 G   -3 -5 -1 -3 -6 -3 -4  7 -5 -7 -7 -3 -6 -6 -5 -3 -4 -6 -6 -6    0   0   2   1   0   1   0  94   0   0   0   1   0   0   0   0   0   0   0   0  2.11 0.48
  185 C   -3 -7 -6 -7 11 -6 -7 -6 -7 -5 -4 -7 -5 -5 -4 -3 -3 -6 -4 -2    0   0   0   0  91   0   0   0   0   0   1   0   0   0   1   2   1   0   0   3  3.38 0.65
  186 G   -3 -5 -3 -4 -3 -5 -4  7 -5 -7 -7 -5 -6 -6 -4 -3 -5 -6 -5 -5    0   0   0   0   1   0   1  97   0   0   0   0   0   0   1   0   0   0   0   1  2.24 0.50
  187 A    7 -4 -4 -5 -3 -4 -4  2 -5 -4 -5 -4 -4 -5 -4 -2 -3 -6 -5 -3   88   0   0   0   0   0   0  12   0   0   0   0   0   0   0   0   0   0   0   0  1.59 0.46
  188 H   -4 -4 -3 -5 -6 -3 -4 -6 11 -6 -6 -4 -5 -2 -6 -4 -4 -5  3 -4    1   0   0   0   0   0   0   0  87   0   0   0   0   1   0   0   1   0   9   1  2.92 0.62
  189 V   -3 -5 -6 -6 -4 -5 -5 -6 -6  1  3 -5 -1 -3 -5 -4 -3 -5 -4  6    0   0   0   0   0   0   0   0   0   2  24   0   0   0   0   0   0   0   0  74  1.36 0.39
  190 I    1 -3 -1 -3 -1 -1 -1 -2 -2  3 -2  0 -1 -3 -3  2  3 -4 -3  1   12   0   3   0   1   2   2   1   1  22   1   5   0   0   0  17  27   0   0   6  0.33 0.19
  191 Y    3 -1 -2 -2 -3  1  1  0  0 -2 -2  0  5 -1 -3 -1 -1 -3  2 -1   30   3   1   1   0   7   8   7   2   0   0   6  19   2   0   1   2   0   8   4  0.31 0.19
  192 L   -4 -5 -6 -7 -4 -5 -6 -7 -6 -1  7 -5 -1 -2 -6 -5 -4 -5 -4 -2    0   0   0   0   0   0   0   0   0   0 100   0   0   0   0   0   0   0   0   0  1.83 0.47
  193 R   -5  8 -2 -3 -7 -2 -3 -5  6 -6 -5 -1 -5 -6 -5 -4 -4 -6 -4 -6    0  81   1   1   0   0   0   0  17   0   0   0   0   0   0   0   0   0   0   0  2.09 0.51
  194 R   -5  8 -4 -5 -7 -2 -3 -6 -4 -7 -6 -1 -5 -6 -6 -4 -5 -6 -5 -6    0 100   0   0   0   0   0   0   0   0   0   0   0   0   0   0   0   0   0   0  2.59 0.59
  195 L   -3 -2 -3 -4 -3 -3 -3 -4 -4  1  3 -3 -2 -3 -4  0  5 -4 -3  0    0   1   1   0   0   0   1   0   0   8  29   0   0   0   0   6  49   0   0   5  0.78 0.30
  196 A    3  0 -2 -2 -4  4  0  3  0 -4 -3  0 -1 -4 -3  0 -1 -4 -3 -3   25   5   0   1   0  25   3  23   2   0   2   4   1   0   0   4   3   0   0   1  0.48 0.21
  197 V    2 -4 -4 -5 -3 -4 -4 -4 -2  1 -1 -4 -2 -3 -4 -2  2 -5 -4  6   15   0   0   0   0   0   0   0   1   3   4   0   0   0   0   1  12   0   0  63  0.93 0.32
  198 S    4 -4 -3 -3 -4 -4 -3  6 -4 -5 -5 -3 -4 -5 -4  1 -2 -5 -5 -4   32   0   0   0   0   0   1  57   0   0   0   0   0   0   0   9   1   0   0   0  1.21 0.34
  199 K    0 -1  1  2 -1 -1 -1  1  3 -4 -4  0 -4 -4  5  0  0 -5 -3 -4    6   3   7  14   1   2   1  11  10   1   0   4   0   0  29   6   5   0   0   0  0.57 0.19
  200 Y   -5 -5 -5 -6 -5 -5 -5 -6 -2 -2  1 -5 -3  6 -6 -5 -5  1  8 -3    0   0   0   0   0   0   0   0   0   1  13   0   0  32   0   0   0   1  52   0  1.77 0.44
  201 P   -1 -2 -1  1 -3  0  0  0  1 -3 -2 -1 -3 -4  5  0  2 -2 -4 -2    3   2   2   9   0   4   5   7   4   0   4   3   0   0  35   4  16   0   0   2  0.61 0.20
  202 V    1 -2 -2 -1 -2 -1  0 -1 -2  1  2 -2  0 -1 -2  0  0 -2  1  1   14   1   1   3   0   3   8   4   1  12  22   1   1   1   1   4   6   0   7   9  0.09 0.08
  203 E    2 -2  0  3 -4  0  4 -1  0 -3 -3 -1 -3 -4 -1  1 -1 -5 -4 -3   18   1   4  21   0   3  30   2   2   1   1   2   0   0   3   8   2   0   0   1  0.49 0.20
  204 R    0  3  1  1 -2  3  0  0  2 -4 -4  2 -2 -4  1  0 -2  0 -3 -4    7  20   5   7   1  20   4   6   5   0   0  11   0   0   6   5   1   1   0   0  0.39 0.17
  205 M    2 -4 -4 -4  0 -3 -3 -4 -4 -2 -1 -4  9 -1 -5  0  0 -5 -4 -2   22   0   0   1   2   0   1   0   0   1   1   0  58   2   0   6   7   0   0   1  1.35 0.43
  206 V   -3 -4 -5 -5 -3 -4 -5 -5  1  3  1 -3  3 -1 -5 -4 -2  3  1  5    0   1   0   0   0   0   0   0   4  13   8   1   7   1   0   0   1   4   5  56  0.86 0.29
  207 T   -2 -3 -1 -1 -4 -3 -3 -3 -4 -4 -4 -3 -4 -5 -2  2  7 -5 -5 -3    1   0   1   3   0   0   0   1   0   0   0   1   0   0   1  16  74   0   0   0  1.39 0.43
  208 L   -4 -4 -5 -6 -4 -4 -4 -5 -5  2  5 -5  2  1 -3 -4 -3  2 -1  0    0   0   0   0   0   0   1   0   0   9  70   0   5   5   1   0   0   3   1   4  0.98 0.30
  209 E    0 -3 -1  3 -2 -1  6 -3 -3 -5 -5 -1 -4 -6 -1 -2 -2 -5 -5 -4    9   0   1  16   1   0  62   2   0   0   0   2   0   0   3   1   2   0   0   0  1.11 0.35
  210 H    2 -1 -2  1 -3  5  3 -2  2 -4 -4  0 -1 -4 -3 -1  0 -4  0 -3   17   2   0   7   0  33  17   1   4   0   0   4   2   0   0   3   6   0   3   0  0.55 0.23
  211 L   -4 -5 -6 -6 -4 -5 -5 -6 -5  1  6 -5  0 -1 -5 -5 -4 -4 -3 -1    0   0   0   0   0   0   0   0   0   5  89   0   1   2   0   0   0   0   0   2  1.45 0.39
  212 R   -1  0  0  1 -4  3  5 -2  0 -2 -3 -1 -3 -3 -3 -1 -1 -4 -2 -3    6   3   4   4   0  17  46   2   2   3   2   1   0   1   0   3   3   0   2   1  0.63 0.23
  213 E    4 -1 -1  0  0  2  2 -1 -1 -3 -2  0 -1 -3 -2  1  0 -4 -3 -2   40   3   3   4   2   9  12   3   2   0   2   3   1   1   1   8   6   0   0   1  0.32 0.16
  214 L    0 -2 -3 -3 -1 -2 -3 -4 -1  2  4 -2  4 -1 -3 -3 -2 -3 -2  0    9   2   0   1   1   1   1   1   2  11  48   2  13   1   0   1   1   0   0   4  0.49 0.18
  215 V    2  0  0 -1 -2 -1 -1 -1  1  0  0  0 -1 -1 -1  1  1 -2 -1  0   22   6   4   3   0   2   3   3   4   4  12   3   0   2   3  11   7   1   1  10  0.06 0.05
  216 E    1 -2 -1  2 -3  2  5 -1 -2 -3 -3 -1 -1 -3 -1  0 -1 -3 -3 -3   15   1   2   9   0   7  41   4   0   1   2   2   1   1   2   5   3   0   0   1  0.49 0.18
  217 Q    0  0  0  0 -3  4  2 -1  0 -3 -2  1 -2 -3  0  0 -1 -3 -2 -2    8   4   3   5   0  29  17   3   2   1   3   6   0   1   4   8   3   0   1   2  0.36 0.14
  218 A    3 -1 -1  0 -1  1  1  2 -2 -2 -2 -1 -2 -2 -1  0  0 -3 -2 -1   36   2   1   4   1   6   9  17   0   2   3   1   1   1   1   4   5   0   1   4  0.26 0.12
  219 E    0  3  1  2 -1  1  1 -2  2 -1 -1  1 -1 -2  0  0 -1 -2 -1 -2    6  19   5  12   2   6  12   2   5   3   5   7   1   1   4   4   3   0   1   2  0.18 0.06
  220 Q    1  1 -1  1 -1  1  2  0 -1 -1 -1  0 -1 -1  0  0  0 -1 -1 -1   15   9   2   6   1   5  16   6   1   2   7   5   2   3   4   5   5   1   2   3  0.08 0.03
  221 Q    0  1  0  1 -1  2  2  0  0 -1 -1  0  0 -2 -1  0  0 -1 -1 -1   10   8   3   6   1  14  14   6   2   3   5   5   2   2   3   6   4   1   2   3  0.11 0.04
  222 D    0 -1  0  1 -1  1  2  2 -1 -1 -1  0 -1 -2  0  0  0 -1 -1 -1   10   3   4  11   1   6  14  17   1   3   5   4   1   2   3   6   4   1   2   3  0.12 0.03
  223 I    0  0  0  0 -1  0  1 -1  0  1  0  0  0 -1  0  0  0 -1 -1  0    7   6   3   6   1   3  10   5   2  14   8   4   1   3   5   5   6   1   2   9  0.02 0.01
  224 P    1  0  0  1 -1  1  1  0  0 -1 -1  0 -1 -1  1  1  0 -1 -1 -1   12   3   4   9   1   6  10   6   2   3   5   5   1   3   8  10   7   1   1   3  0.10 0.02
  225 A    1 -1  0  0 -2 -1 -1  1  0 -1 -1 -1 -1 -1  4  0  0 -2 -1 -1   13   3   4   5   1   2   3  13   2   3   8   3   1   3  20   5   6   1   1   3  0.19 0.05
  226 A    1  0  0 -1 -1  0  0 -1  0 -1  1  0  0  1  1  0  0 -1  1 -1   16   5   4   3   1   2   4   4   3   2  15   5   1   9   6   7   3   1   6   3  0.04 0.03
  227 E    0 -1 -1  1 -2  1  4 -1 -1 -2 -1  0 -2 -2  0  0  0 -2 -2 -1   10   1   2   8   0   7  34   3   1   2   7   3   1   1   4   5   7   0   1   3  0.28 0.11
  228 L    2  0 -1 -1 -2  1  0 -1 -1 -1  1 -1  0 -1 -1  0  0 -2  0  0   25   4   1   2   0   9   7   3   1   3  18   2   1   1   2   5   3   0   3   7  0.09 0.07
  229 L   -2  1 -3 -3 -2 -2 -3 -3 -3  1  5 -2  2 -1 -2 -3 -2 -2 -2  0    2   9   1   2   0   1   1   2   0   5  62   1   4   1   2   2   1   0   1   3  0.58 0.19
  230 D   -3 -3 -1  7 -4 -2  0 -2 -3 -4 -3 -2 -3 -4 -3 -2 -3 -4 -4 -3    2   1   2  75   0   1   3   3   0   1   3   1   1   1   1   1   1   0   0   2  1.45 0.34
  231 P    3  0 -1 -1 -3  1  0  0  1 -3 -2  0 -2 -3  3  1 -1 -3 -3 -2   35   5   3   2   0   6   5   5   3   0   3   4   1   0  16   7   2   0   0   1  0.35 0.15
  232 L   -2 -1 -4 -4  1 -2 -3 -4  2 -1  5 -3  1  1 -4 -3 -2  3  0 -1    2   3   0   0   4   1   1   1   5   1  62   1   2   5   0   2   2   4   2   2  0.65 0.23
  233 L   -4 -5 -6 -6 -4 -5 -5 -6 -5  0  6 -5  0 -2 -4 -5 -4 -4 -4 -2    0   0   0   0   0   0   0   0   0   2  94   0   1   0   1   0   0   0   0   0  1.61 0.43
  234 M    0 -2 -4 -5 -3  1 -3 -5 -2  0  5 -2  4 -2 -4 -3 -2 -4 -3 -1    8   2   0   0   0   6   1   0   1   4  62   2  10   0   0   0   1   0   0   2  0.75 0.27
  235 P   -1 -5 -3 -4 -6 -4 -4 -4 -5 -6 -6 -4 -6 -7  8 -1 -4 -7 -6 -5    4   0   1   1   0   1   0   1   0   0   0   0   0   0  88   4   0   0   0   0  2.59 0.56
  236 M    0 -4 -4 -5 -1 -3 -3 -3 -4  1  1 -4  7 -3  0 -2  0 -4 -3  3    8   0   0   0   1   0   1   1   0   6   9   0  33   0   5   1   6   0   0  27  0.71 0.28
  237 D   -4 -4 -1  8 -6 -3  1 -3 -2 -6 -6 -4 -6 -5 -4 -3 -3 -1 -1 -6    1   0   1  84   0   0   6   1   1   0   0   0   0   0   0   1   1   1   3   0  1.94 0.49
  238 S    3 -3 -2 -3 -1 -1 -2 -2 -2 -3 -3 -2 -3 -4 -3  4  4 -5 -3 -1   23   0   1   0   1   2   1   1   1   1   1   1   0   0   0  38  25   0   1   3  0.68 0.30
  239 P    5 -4 -4 -4 -3 -3 -3  0 -4 -2  2 -3  0 -4  3 -1 -1 -5 -4 -2   51   0   0   0   0   0   0   5   0   1  20   0   2   0  15   3   2   0   0   0  0.72 0.30
  240 A    0 -5 -5 -6 -2 -4 -5 -5 -5  1  4 -5  0 -2 -5 -4 -3 -5 -3  5    6   0   0   0   0   0   0   0   0   6  43   0   1   0   0   0   0   0   0  44  0.96 0.32
  241 S    2 -1 -1  0 -3  2  2  0 -2 -2 -2  0 -1 -4 -2  2  0 -4 -3  0   21   2   0   4   0   9  13   6   0   1   2   4   1   0   1  23   5   0   0   6  0.25 0.15
  242 D   -1  0  1  4 -4  0  0 -1  7 -4 -4 -1 -1 -4 -4  1  1 -5 -1 -3    3   5   6  23   0   3   3   4  28   0   0   3   2   0   0  10   8   0   1   1  0.63 0.24
  243 Y   -4 -3 -6 -6  1 -5 -5 -6 -4  0  4 -5  2  5 -6 -5 -4  7  3 -2    0   1   0   0   3   0   0   0   0   5  38   0   4  26   0   0   0  15   8   0  1.08 0.32
  244 P   -2 -4 -4 -3 -6 -3 -4 -5 -3 -6 -6 -4 -4 -7  9 -3 -3 -7 -6 -5    3   0   0   1   0   1   0   0   1   0   0   1   0   0  90   1   1   0   0   0  2.68 0.60
  245 V    2  0 -2 -1 -2  0  3 -2 -2 -1  0  1  0 -3 -1  0  0 -4 -3  0   25   5   0   1   1   4  23   1   0   3   8   8   2   0   2   6   3   0   0   9  0.22 0.14
  246 V   -2 -4 -5 -6 -2 -3 -5 -6 -3  3  2 -5 -1 -2 -5 -4 -2 -5 -2  6    2   0   0   0   0   1   0   0   1  15  18   0   1   1   0   0   0   0   1  60  1.01 0.33
  247 N   -2  1  4  0 -2  2  2 -3  2 -2 -3  1 -1 -3 -3 -1  1  0 -1 -2    2   9  24   4   1  12  14   0   4   1   2   6   2   0   0   2   9   1   1   3  0.35 0.17
  248 L   -3 -5 -6 -6 -4 -5 -5 -6 -5  2  6 -5  1  0 -5 -5 -4 -4 -3  1    1   0   0   0   0   0   0   0   0   8  78   0   2   2   0   0   0   0   0   8  1.26 0.37
  249 P   -1 -3  2  3 -3 -1 -1 -1 -2 -2 -1 -2 -3 -4  2  3  2 -5 -4 -2    4   0   9  20   0   2   3   3   0   3   6   0   0   0  11  25  12   0   0   1  0.40 0.19
  250 L    3 -2 -1  2 -4  0  3 -1 -3 -3 -2  0 -3 -5  2  1 -1 -5 -4 -2   25   1   1  13   0   4  26   3   0   1   3   3   0   0  10   8   2   0   0   2  0.44 0.22
  251 T    1 -2  0  3 -4  0  3 -1  1 -1 -3 -2 -1 -3 -1  0  0 -4 -3  0   14   1   3  20   0   2  23   5   4   3   1   0   2   0   2   7   6   0   0   6  0.31 0.17
  252 S    2 -1 -2 -1 -2  2  0 -2 -2 -1  0 -2  1 -3 -2  2  1 -4 -3  1   17   3   0   3   0  14   5   1   1   3  12   0   4   0   1  19   7   0   0  10  0.20 0.16
  253 S    5 -3 -3 -4 -3 -1 -1  0 -2 -2 -2 -2 -2 -4 -3  0  2 -5 -3 -1   57   1   0   0   0   2   3   7   1   2   4   1   1   0   0   6  12   0   1   3  0.66 0.30
  254 V    0  1 -1  0 -3  0  0  0  1 -2 -2  1 -2  3 -2 -1 -1 -2  3  0    9   9   2   5   0   4   5   7   4   0   1  12   0  15   1   4   1   0  13   7  0.17 0.12
  255 Y   -1  4 -3 -3 -3 -2 -3 -2  1 -4 -2 -2 -2  2 -5 -1 -4 -1  7 -4    7  25   0   1   1   1   0   3   2   0   3   1   1   5   0   4   0   0  46   0  1.08 0.38
  256 F   -3 -5 -6 -6 -4 -5 -5 -6 -5  2  3 -5  1  6 -5 -5 -3  3 -1  2    1   0   0   0   0   0   0   0   0  13  28   0   2  37   0   0   0   4   0  15  0.97 0.31
  257 K   -2  3 -2 -3  2  1 -2  0 -2 -2  2  2  2 -2 -4 -1 -2 -4 -2 -2    2  20   0   1   5   8   0   7   1   1  27  16   6   1   0   5   0   0   1   1  0.33 0.20
  258 N   -4  0  3 -3 -3  5 -2 -5  7 -5 -1 -1  0  1 -5 -3 -3 -5 -2 -4    0   4  13   0   1  35   0   0  28   0   7   3   2   6   0   0   0   0   0   0  1.06 0.39
  259 G   -3 -6 -4 -5 -6 -5 -6  8 -6 -7 -7 -5 -6 -7 -6 -4 -5 -6 -7 -7    0   0   0   0   0   0   0 100   0   0   0   0   0   0   0   0   0   0   0   0  2.53 0.61
  260 N   -4  0  2 -4 -6  8 -2 -5  0 -6 -5 -2  1 -6 -5 -4 -4 -6 -5 -6    0   4   9   0   0  81   0   0   2   0   1   1   3   0   0   0   0   0   0   0  2.07 0.61
  261 P    2  3 -2 -3 -4 -2  0 -3 -4 -4 -4 -1 -2 -5  6  0 -1 -5 -3 -3   21  19   1   0   0   1   6   1   0   0   0   1   1   0  38   7   4   0   1   1  0.92 0.32
  262 V   -2 -4 -5 -6 -1 -5 -5 -6 -6  2  2 -5 -1 -3 -5 -2 -2 -5 -4  6    1   1   0   0   1   0   0   0   0   8  15   0   0   0   0   3   1   0   0  69  1.20 0.39
  263 R    0  3  0 -2 -4  3 -1 -3 -1 -2  0  1  2  0 -2  0 -1  3 -2 -1    9  22   4   0   0  15   1   0   1   0   8  10   6   5   2   5   2   5   0   4  0.29 0.17
  264 T    1 -3 -3 -2 -2 -2 -2 -3 -1  2  2 -2  0  1 -4 -1  0 -2 -2  3   15   0   0   2   0   1   2   1   2  12  18   2   2   5   0   3   4   0   0  31  0.30 0.16
  265 S    2 -2 -1  1 -2 -2  1  0 -2 -4 -3 -1 -3 -2  5  1  0 -3 -2 -3   16   1   3   8   1   1   8   7   0   0   2   2   0   2  28  13   6   0   1   1  0.50 0.20
  266 G   -1  1  3  2 -3  1  1  3  3 -4 -4  2 -3 -4 -2 -1 -2 -4 -2 -3    3   6  15  10   1   7   9  21   7   1   1  12   0   0   1   3   1   0   1   1  0.36 0.16
  267 A    3 -1 -1 -1  0  1  0 -2 -2  0  0 -1 -1 -1 -1  0 -1 -4 -2  0   37   2   3   2   2   8   6   1   0   4  13   1   0   2   3   4   3   0   0   7  0.22 0.16
  268 P    0 -2 -4 -1 -3 -1 -1 -2 -4 -2 -1 -2 -3 -3  7 -1 -2 -1 -1 -2   10   2   0   4   0   3   4   3   0   3   6   2   0   1  51   4   1   1   2   3  0.99 0.31
  269 L    1  0 -1  0 -1  1  1 -1  0  0  0  1 -1 -2  2  0  1 -3 -1  0   15   4   2   5   1   6   8   2   2   4  10   8   0   0   9   5  12   0   1   7  0.10 0.07
  270 E    0 -1  0  3 -4  2  3 -1  0 -3 -3  0 -2 -1 -2  1  0 -4  0 -2    7   2   3  16   0   8  27   5   2   0   2   3   1   4   1   9   5   0   3   2  0.32 0.16
  271 G    0 -4 -3 -1 -4 -2 -1  6 -4 -6 -6 -4 -2 -6 -3 -1 -2 -5 -5 -4    8   0   1   3   0   1   4  73   0   0   0   0   1   0   1   3   2   0   0   1  1.38 0.41
  272 L   -2  1 -4 -3 -4  1  0 -4 -3  0  3 -1  4  0 -2 -2 -2  6 -1 -1    3   9   0   1   0   7   6   0   0   6  28   3  13   3   2   3   1  13   1   3  0.42 0.21
  273 V   -1 -5 -5 -6 -2 -4 -5 -6 -5  2  0 -5  0  1 -5 -4 -3 -5 -1  6    4   0   0   0   0   1   0   0   0   7   8   0   2   5   0   0   0   0   2  71  1.19 0.40
  274 R   -5  8 -4 -5 -1 -1 -3 -5 -4 -6 -2  1 -3 -6 -5 -3 -3 -6 -5 -4    0  83   0   0   1   1   1   0   0   0   4   6   1   0   0   1   1   0   0   1  1.96 0.56
  275 V   -3 -4 -5 -6 -3 -4 -5 -6 -5  3  3 -4  3 -3 -5 -4 -2 -5 -4  5    1   1   0   0   0   0   0   0   0  15  33   0   7   0   0   0   2   0   0  41  0.93 0.32
  276 T   -3 -3 -4 -5 -1  0 -4 -5 -2 -1 -1 -3 -1  4 -5 -3  3 -2  7 -1    1   1   0   0   1   4   0   0   0   2   4   1   1  14   0   1  22   0  43   3  1.08 0.38
  277 E    0  0  0  3  1  0  2 -1  0 -1 -1 -1 -1 -2 -2  1 -1 -3  0 -1    6   5   2  18   4   3  17   5   2   4   5   1   1   1   1  14   2   0   3   6  0.16 0.10
  278 G    1 -1  0  0 -1  0 -1  4 -1 -3 -2 -1 -2 -2 -1  0 -1 -3 -3 -2   14   3   4   4   1   5   3  41   2   1   3   3   1   1   2   4   4   0   1   2  0.41 0.14
  279 E    0 -2 -1  3 -4  0  4  0  2 -4 -4 -1 -4 -4  2  0 -2 -4 -3 -3    7   1   1  16   0   3  37   7   5   0   1   3   0   0   8   8   1   0   0   2  0.58 0.24
  280 N    1 -1  2  3 -3  1  2  0 -1 -3 -4 -1 -3 -4 -1  1  1 -4 -3 -3   12   1  11  20   0   7  15   7   1   1   1   3   0   0   2  10  10   0   0   0  0.35 0.16
  281 G   -1  2  1  1 -3  1  0  4  2 -4 -4  0 -3 -4 -2 -1 -1 -4 -3 -3    4  12   8   7   0   7   6  35   5   0   1   5   1   0   1   3   2   0   0   1  0.44 0.17
  282 K   -1  4 -1 -1 -1  2  1 -3  0 -1  0  2 -2 -3 -3 -1 -1 -4 -2  0    5  30   2   2   1  10   8   1   2   3   9  12   0   1   0   2   3   0   1   6  0.33 0.16
  283 F   -6 -6 -7 -7  1 -7 -7 -7 -5 -3  1 -7 -2  9 -7 -6 -6 -3  0 -4    0   0   0   0   3   0   0   0   0   0  11   0   0  84   0   0   0   0   0   0  2.40 0.61
  284 I   -3 -5 -6 -6 -4 -4 -5 -5 -5  5  4 -5  1  1 -5 -5 -3 -4 -2  1    1   0   0   0   0   0   0   1   0  32  50   0   3   5   0   0   0   0   1   7  1.01 0.34
  285 G   -3 -5 -4 -5 -6 -5 -6  8 -6 -5 -7 -5 -6 -7 -6 -4 -5 -6 -7 -7    0   0   0   0   0   0   0  99   0   1   0   0   0   0   0   0   0   0   0   0  2.48 0.62
  286 M   -3 -5 -5 -5 -3 -4 -5 -4 -5  4  2 -5  4 -3 -5 -3  0 -5 -4  4    0   0   0   0   0   0   0   1   0  26  19   0   9   0   0   1   6   0   0  38  0.88 0.32
  287 G    4 -5 -4 -5 -2 -4 -5  6 -5 -6 -6 -4 -5 -6 -5 -2 -3 -6 -6 -4   33   0   0   0   1   0   0  65   0   0   0   0   0   0   0   1   0   0   0   0  1.57 0.47
  288 E   -1  1 -2 -1 -3  2  6 -4 -2 -2 -2 -1 -2 -2 -4 -1  0 -5 -4 -1    4   7   1   1   1   9  53   0   0   2   5   2   1   2   0   4   5   0   0   5  0.73 0.31
  289 I   -1 -2 -4 -5 -2 -1 -4 -4 -4  5  1 -3  3 -2 -3 -4 -3  2 -3  3    4   3   0   0   1   3   0   1   0  42  12   1   8   0   1   0   0   3   0  20  0.69 0.26
  290 D    0  1  1  2 -2  1 -1 -1 -2 -2  1  0  0 -1 -2  0  1 -4 -2 -1    6   8   9  17   1   8   2   3   0   1  14   4   2   3   0   6  13   0   0   3  0.14 0.12
  291 D    0 -2  0  5 -4  0  3  0 -2 -4 -4 -1 -4 -5  1  0 -1 -5 -2 -4    8   1   3  35   0   3  22   7   0   1   1   2   0   0   6   7   2   0   1   0  0.60 0.24
  292 E   -1 -2  2  6 -5 -1  1 -2 -1 -5 -4  0 -4 -3 -1 -1 -2 -5 -1 -4    4   1   7  56   0   2   8   2   1   0   1   5   0   1   2   2   1   0   3   1  0.95 0.32
  293 G   -1 -3  1 -2 -5 -2 -4  7 -4 -6 -6 -1 -4 -3 -4 -1 -4 -5 -5 -5    3   1   5   1   0   2   0  78   0   0   0   3   0   1   1   3   0   0   0   0  1.55 0.44
  294 R   -1  5 -1 -3 -3  0  0 -4  1 -1 -1  2  0 -2 -4 -2 -2 -4 -2  2    3  37   2   1   0   4   5   0   3   4   7  13   3   1   0   1   1   0   1  15  0.49 0.24
  295 V   -3 -5 -6 -6 -4 -5 -5 -6 -6  4  4 -5 -1 -3 -5 -5 -3 -5 -3  4    1   0   0   0   0   0   0   0   0  27  41   0   0   0   0   0   0   0   0  31  1.07 0.36
  296 A    5  1 -2 -4 -3  0 -3 -2  0 -3 -3  0 -2 -5 -4 -1 -2  1 -3  0   64   7   1   0   0   4   0   1   3   1   1   6   1   0   0   2   1   2   1   5  0.83 0.36
  297 P   -2 -6 -6 -5 -7 -5 -5 -6 -6 -7 -7 -5 -6 -8  9 -2 -5 -8 -7 -4    3   0   0   0   0   0   0   0   0   0   0   0   0   0  94   3   0   0   0   1  3.00 0.73
  298 R   -3  5 -2 -3 -5  0  2 -5 -1 -4 -5  5 -3 -6 -4 -2 -3 -6 -3 -4    1  35   1   0   0   3  10   0   1   1   0  44   1   0   0   2   0   0   1   0  1.17 0.40
  299 R   -5  9 -4 -5 -7 -3 -4 -6 -4 -7 -6 -1 -5 -7 -6 -5 -5 -7 -6 -6    0  99   0   0   0   0   0   0   0   0   0   1   0   0   0   0   0   0   0   0  2.74 0.71
  300 L   -4 -4 -6 -7 -4 -5 -6 -7 -6  0  6 -5  2 -2 -6 -4 -4 -5 -4  1    0   1   0   0   0   0   0   0   0   3  82   0   5   0   0   1   0   0   0   8  1.44 0.44
  301 V   -3 -5 -6 -6 -4 -5 -5 -6 -6  4  2 -5  2 -1 -5 -5 -3 -5 -4  5    0   0   0   0   0   0   0   0   0  25  17   0   5   2   0   0   0   0   0  51  1.11 0.36
  302 V    3 -4 -4 -4 -3 -2 -3 -4 -4  0 -2 -3 -1 -2 -4  0  1 -5 -3  5   28   0   0   0   0   2   0   0   0   2   0   1   0   1   0   5   7   0   0  54  0.73 0.29
  303 E   -2 -1 -1  0 -5  5  6 -3  1 -5 -4  0 -3 -5 -3 -1 -2 -4 -3 -4    0   0   0   2   0  30  62   0   3   0   0   3   0   0   0   0   0   0   0   0  1.06 0.22

                      K         Lambda
Standard Ungapped    0.1372     0.3176
Standard Gapped      0.0621     0.2670
PSI Ungapped         0.2025     0.3153
PSI Gapped           0.0621     0.2670
