
Last position-specific scoring matrix computed, weighted observed percentages rounded down, information per position, and relative weight of gapless real matches to pseudocounts
           A  R  N  D  C  Q  E  G  H  I  L  K  M  F  P  S  T  W  Y  V   A   R   N   D   C   Q   E   G   H   I   L   K   M   F   P   S   T   W   Y   V
    1 H   -2  0  1 -1 -3  0  0 -2  7 -3 -3 -1 -2 -1 -2 -1 -2 -2  2 -3    0   0   0   0   0   0   0   0   0   0   0   0   0   0   0   0   0   0   0   0  0.00     0.00
    2 T    0 -1  0 -1 -1 -1 -1 -2 -2 -1 -1 -1 -1 -2 -1  1  5 -3 -2  0    0   0   0   0   0   0   0   0   0   0   0   0   0   0   0   0 100   0   0   0  0.47 0.00
    3 S    1 -1  0 -1 -1  0 -1 -1 -1 -2 -2 -1 -1 -2 -1  3  3 -3 -2 -1   14   0   0   0   0   0   0   0   0   0   0   0   0   0   0  44  42   0   0   0  0.36 0.01
    4 P   -1 -2 -2 -2 -3 -1 -1 -2 -2 -3 -3 -1 -3 -4  8 -1 -1 -4 -3 -3    0   0   0   0   0   0   0   0   0   0   0   0   0   0 100   0   0   0   0   0  2.08 0.02
    5 F   -2 -3 -3 -4 -3 -3 -3 -3 -1  0  0 -3  0  7 -4 -3 -2  1  3 -1    0   0   0   0   0   0   0   0   0   0   0   0   0 100   0   0   0   0   0   0  0.80 0.01
    6 K   -1  2  0 -1 -3  3  1 -2  0 -3 -3  4 -1 -3 -1  0 -1 -3 -2 -2    0   0   0   0   0  29   0   0   0   0   0  71   0   0   0   0   0   0   0   0  0.50 0.01
    7 L   -2 -2 -4 -4 -1 -2 -3 -4 -3  2  4 -3  2  0 -3 -3 -1 -2 -1  1    0   0   0   0   0   0   0   0   0   0 100   0   0   0   0   0   0   0   0   0  0.48 0.01
    8 P   -1 -2 -2 -1 -3 -1 -1 -2 -2 -3 -3 -1 -3 -4  8  0 -1 -4 -3 -2    0   0   0   0   0   0   0   0   0   0   0   0   0   0  88  12   0   0   0   0  1.75 0.01
    9 D   -2 -2  1  6 -4  0  2 -1 -1 -3 -4 -1 -3 -4 -2  0 -1 -5 -3 -3    0   0   0 100   0   0   0   0   0   0   0   0   0   0   0   0   0   0   0   0  0.98 0.01
   10 E   -1  0  0  2 -4  2  5 -2  0 -3 -3  1 -2 -3 -1  0 -1 -3 -2 -3    0   0   0   0   0   0 100   0   0   0   0   0   0   0   0   0   0   0   0   0  0.78 0.01
   11 S    1 -1  1  0 -1  0  0  0 -1 -3 -3  0 -2 -3 -1  4  1 -3 -2 -2    0   0   0   0   0   0   0   0   0   0   0   0   0   0   0 100   0   0   0   0  0.49 0.01
   12 P   -1 -2 -2 -2 -3 -1 -1 -2 -2 -3 -3 -1 -3 -4  8 -1 -1 -4 -3 -3    0   0   0   0   0   0   0   0   0   0   0   0   0   0 100   0   0   0   0   0  2.08 0.02
   13 S    1 -1  2  0 -1  0  0  1 -1 -2 -3  0 -2 -3 -1  4  2 -3 -2 -2    0   0   9   0   0   0   0   6   0   0   0   0   0   0   0  71  14   0   0   0  0.38 0.01
   14 W   -1  0 -2 -3 -2 -1 -2 -3 -2  0  2 -1  0  0 -3  0 -1  8  1 -1    0   9   0   0   0   0   0   0   0   0  37   0   0   0   0  14   0  40   0   0  0.69 0.01
   15 T   -1 -1  0  2 -2 -1  0 -2  4 -1 -1 -1 -1 -1 -2  0  3 -2  1 -1    0   0   0  23   0   0   0   0  19   6   6   0   0   0   0   0  40   0   6   0  0.21 0.01
   16 E   -1  0  0  2 -4  2  5 -2  0 -3 -3  1 -2 -3 -1  0 -1 -3 -2 -3    0   0   0   0   0   0 100   0   0   0   0   0   0   0   0   0   0   0   0   0  0.78 0.01
   17 W   -3 -3 -4 -5 -3 -2 -3 -3 -3 -3 -2 -3 -2  1 -4 -3 -3 11  2 -3    0   0   0   0   0   0   0   0   0   0   0   0   0   0   0   0   0 100   0   0  2.44 0.03
   18 R   -2  6 -1 -2 -4  1  0 -3  0 -3 -2  2 -2 -3 -2 -1 -1 -3 -2 -3    0 100   0   0   0   0   0   0   0   0   0   0   0   0   0   0   0   0   0   0  0.80 0.01
   19 L   -1 -2 -4 -4 -1 -2 -3 -4 -3  2  4 -3  2  0 -3 -3 -1 -2 -1  1    0   0   0   0   0   0   0   0   0   6  85   0   0   0   0   0   0   0   0   9  0.42 0.01
   20 H   -2  0  0 -1 -3  0  0 -2  8 -3 -3 -1 -2 -1 -2 -1 -2 -2  2 -3    0   0   0   0   0   0   0   0  94   0   0   0   0   0   0   0   0   0   6   0  0.90 0.02
   21 N   -2  0  5  1 -3  0  0 -1  5 -3 -3  0 -2 -2 -2  0 -1 -3  0 -3    0   0  64   0   0   0   0   0  36   0   0   0   0   0   0   0   0   0   0   0  0.62 0.01
   22 D    0 -2  1  5  3  0  1 -1 -1 -3 -3 -1 -2 -3 -1  2  0 -4 -3 -2    0   0   0  54   9   0   0   0   0   0   0   0   0   0   0  37   0   0   0   0  0.48 0.01
   23 E    1  0 -1  1 -3  2  5 -2  0 -3 -3  1 -2 -3 -1  0 -1 -3 -2 -2   14   0   0   0   0   0  86   0   0   0   0   0   0   0   0   0   0   0   0   0  0.61 0.01
   24 T   -1 -1  1  2 -2  0  3 -2 -1 -2 -2  0 -1 -3 -1  1  3 -3 -2 -1    0   0   7  14   0   0  30   0   0   0   0   0   0   0   0   0  49   0   0   0  0.35 0.01
   25 Q   -1  1  0 -1 -3  4  1 -2  0 -3 -2  3 -1 -3 -1  0  1 -3 -2 -2    0   0   0   0   0  40   0   0   0   0   0  46   0   0   0   0  14   0   0   0  0.42 0.01
   26 D   -2 -2  1  6 -4  0  2 -1 -1 -3 -4 -1 -3 -4 -2  0 -1 -5 -3 -3    0   0   0 100   0   0   0   0   0   0   0   0   0   0   0   0   0   0   0   0  0.98 0.01
   27 N   -2 -1  4  0  3  0 -1 -1  4 -3 -3 -1 -2 -1 -2  0 -1 -2  2 -3    0   0  53   0  14   0   0   0  24   0   0   0   0   0   0   0   0   0   9   0  0.43 0.01
   28 P   -1 -2 -2 -2 -3 -1 -1 -2 -2 -3 -3 -1 -3 -4  8 -1 -1 -4 -3 -3    0   0   0   0   0   0   0   0   0   0   0   0   0   0 100   0   0   0   0   0  2.08 0.02
   29 L   -2 -2 -4 -4 -1 -2 -3 -4 -3  2  4 -3  2  0 -3 -3 -1 -2 -1  1    0   0   0   0   0   0   0   0   0   0 100   0   0   0   0   0   0   0   0   0  0.48 0.01
   30 G    0 -3 -1 -1 -3 -2 -2  6 -2 -4 -4 -2 -3 -3 -2  0 -2 -3 -3 -3    0   0   0   0   0   0   0 100   0   0   0   0   0   0   0   0   0   0   0   0  1.08 0.01
   31 F   -2 -3 -3 -4 -3 -3 -3 -3 -1  0  0 -3  0  7 -4 -3 -2  1  3 -1    0   0   0   0   0   0   0   0   0   0   0   0   0 100   0   0   0   0   0   0  0.80 0.01
   32 K   -1  2  0 -1 -3  1  1 -2 -1 -3 -3  5 -2 -3 -1  0 -1 -3 -2 -2    0   0   0   0   0   0   0   0   0   0   0 100   0   0   0   0   0   0   0   0  0.56 0.01
   33 E   -1  0  0  2 -4  2  5 -2  0 -3 -3  1 -2 -3 -1  0 -1 -3 -2 -3    0   0   0   0   0   0 100   0   0   0   0   0   0   0   0   0   0   0   0   0  0.78 0.01
   34 S    1 -1  0 -1 -1  0 -1 -1 -1 -2 -2 -1 -1  1 -1  4  1 -2 -1 -2    0   0   0   0   0   0   0   0   0   0   0   0   0  14   0  86   0   0   0   0  0.35 0.01
   35 W   -3 -3 -4 -5 -3 -2 -3 -3 -3 -3 -2 -3 -2  1 -4 -3 -3 11  2 -3    0   0   0   0   0   0   0   0   0   0   0   0   0   0   0   0   0 100   0   0  2.44 0.03
   36 G    1 -2  0 -1  2 -1 -1  4 -2 -3 -3 -1 -2 -3 -2  2  0 -3 -3 -2    0   0   0   0   6   0   0  55   0   0   0   0   0   0   0  39   0   0   0   0  0.54 0.01
   37 F   -2 -3 -3 -4 -2 -3 -3 -3 -2  0  0 -3  0  6 -4 -2 -2  1  3  1    0   0   0   0   0   0   0   0   0   0   0   0   0  86   0   0   0   0   0  14  0.64 0.01
   38 G    0 -3 -1 -1 -3 -2 -2  6 -2 -4 -4 -2 -3 -3 -2  0 -2 -3 -3 -3    0   0   0   0   0   0   0 100   0   0   0   0   0   0   0   0   0   0   0   0  1.08 0.01
   39 K   -1  2  0 -1 -3  1  1 -2 -1 -3 -3  5 -2 -3 -1  0 -1 -3 -2 -2    0   0   0   0   0   0   0   0   0   0   0 100   0   0   0   0   0   0   0   0  0.56 0.01
   40 V    1 -3 -3 -3 -1 -2 -2 -3 -3  2  1 -2  0 -1 -2 -1  0 -3 -1  4   14   0   0   0   0   0   0   0   0   0   0   0   0   0   0   0   0   0   0  86  0.30 0.01
   41 V    0 -3 -3 -3 -1 -2 -3 -3 -3  3  1 -3  1 -1 -3 -2  0 -3 -1  4    0   0   0   0   0   0   0   0   0  14   0   0   0   0   0   0   0   0   0  86  0.37 0.01
   42 F   -2 -3 -2 -3 -2 -3 -3 -3 -1  0  0 -3  0  6 -3  0 -1  1  3 -1    0   0   0   0   0   0   0   0   0   0   0   0   0  86   0  14   0   0   0   0  0.59 0.01
   43 K   -1  2  0 -1 -3  1  1 -2 -1 -3 -3  5 -2 -3 -1  0 -1 -3 -2 -2    0   0   0   0   0   0   0   0   0   0   0 100   0   0   0   0   0   0   0   0  0.56 0.01
   44 R   -2  6 -1 -2 -4  1  0 -3  0 -3 -2  2 -2 -3 -2 -1 -1 -3 -2 -3    0 100   0   0   0   0   0   0   0   0   0   0   0   0   0   0   0   0   0   0  0.80 0.01
   45 Y   -2 -2 -2 -3 -3 -2 -2 -3  2 -2 -1 -2 -1  3 -3 -2 -2  2  7 -1    0   0   0   0   0   0   0   0   0   0   0   0   0   0   0   0   0   0 100   0  0.94 0.02
   46 L   -2 -2 -2 -3 -2 -2 -2 -4  3  1  3 -2  2  1 -3 -2 -1 -1  2  0    0   0   0   0   0   0   0   0  14   0  77   0   0   0   0   0   0   0   9   0  0.32 0.01
   47 R   -2  6 -1 -2 -4  1  0 -3  0 -3 -2  2 -2 -3 -2 -1 -1 -3 -2 -3    0 100   0   0   0   0   0   0   0   0   0   0   0   0   0   0   0   0   0   0  0.80 0.01
   48 Y   -2 -2 -2 -3 -3 -1 -2 -3  3 -2 -1 -2 -1  3 -3 -2 -2  2  7 -1    0   0   0   0   0   0   0   0   9   0   0   0   0   6   0   0   0   0  85   0  0.81 0.01
   49 D   -2 -2  1  6 -4  0  2  0 -1 -3 -4 -1 -3 -4 -2  0 -1 -4 -3 -3    0   0   0  88   0   0   6   6   0   0   0   0   0   0   0   0   0   0   0   0  0.84 0.01
   50 R   -1  3 -1 -2 -3 -1 -2  4 -2 -3 -3  0 -2 -2 -3 -1 -2  7 -1 -3    0  29   0   0   0   0   0  48   0   0   0   0   0   0   0   0   0  23   0   0  0.67 0.01
   51 T    0  0  0 -1 -1  0  0 -2 -2 -1 -2  2 -1 -3 -1  1  4 -3 -2 -1    7   0   0   0   0   0   0   0   0   0   0  23   0   0   0   0  70   0   0   0  0.34 0.01
   52 E   -1  0  0  2 -4  2  5 -2  0 -3 -3  1 -2 -3 -1  0 -1 -3 -2 -3    0   0   0   0   0   0 100   0   0   0   0   0   0   0   0   0   0   0   0   0  0.78 0.01
   53 A    3 -1 -1 -2 -1 -1 -1 -1 -2 -1 -1 -1 -1 -2 -1  1  3 -3 -2  0   55   0   0   0   0   0   0   0   0   0   0   0   0   0   0   0  45   0   0   0  0.33 0.01
   54 S    1 -1  1  0 -1  0  0  0 -1 -3 -3  0 -2 -3 -1  4  1 -3 -2 -2    0   0   0   0   0   0   0   0   0   0   0   0   0   0   0 100   0   0   0   0  0.49 0.01
   55 L   -2 -2 -4 -4 -1 -2 -3 -4 -3  2  4 -3  2  0 -3 -3 -1 -2 -1  1    0   0   0   0   0   0   0   0   0   0 100   0   0   0   0   0   0   0   0   0  0.48 0.01
   56 H   -2 -1  1  2 -3  0  0 -2  8 -4 -3 -1 -2 -2 -2 -1 -2 -3  1 -3    0   0   0  14   0   0   0   0  86   0   0   0   0   0   0   0   0   0   0   0  0.80 0.02
   57 R   -2  6 -1 -2 -4  1  0 -3  0 -3 -2  2 -2 -3 -2 -1 -1 -3 -2 -3    0 100   0   0   0   0   0   0   0   0   0   0   0   0   0   0   0   0   0   0  0.80 0.01
   58 V    3 -2 -2 -2 -1 -2 -2 -1 -2  1  0 -2  0 -2 -2  0  1 -3 -2  3   45   0   0   0   0   0   0   0   0   0   0   0   0   0   0   0   6   0   0  49  0.21 0.01
   59 L   -2 -2 -4 -4 -1 -2 -3 -4 -3  2  4 -3  2  0 -3 -3 -1 -2 -1  1    0   0   0   0   0   0   0   0   0   9  91   0   0   0   0   0   0   0   0   0  0.45 0.01
   60 G    0  0 -1 -1 -3 -2 -2  6 -2 -4 -4 -1 -3 -3 -2  0 -2 -3 -3 -3    0   9   0   0   0   0   0  91   0   0   0   0   0   0   0   0   0   0   0   0  0.91 0.01
   61 S    1 -1  1  0 -1  0  0  0 -1 -3 -3  0 -2 -3 -1  4  1 -3 -2 -2    0   0   0   0   0   0   0   0   0   0   0   0   0   0   0 100   0   0   0   0  0.49 0.01
   62 W   -3 -3 -4 -5 -3 -2 -3 -3 -3 -3 -2 -3 -2  1 -4 -3 -3 11  2 -3    0   0   0   0   0   0   0   0   0   0   0   0   0   0   0   0   0 100   0   0  2.44 0.03
   63 T    0  0  0  0 -2  2  3 -2 -1 -2 -2  0 -1 -3 -1  1  3 -3 -2 -1    0   0   0   0   0  14  37   0   0   0   0   0   0   0   0   9  40   0   0   0  0.36 0.01
   64 G    0  3 -1 -2 -3 -1 -1  5 -1 -4 -3  0 -2 -3 -2 -1 -2 -3 -3 -3    0  37   0   0   0   0   0  63   0   0   0   0   0   0   0   0   0   0   0   0  0.63 0.01
   65 D   -1 -2  2  6 -3  0  1  0 -1 -3 -4 -1 -3 -4 -2  0 -1 -4 -3 -3    0   0  12  76   0   0   0   6   0   0   0   0   0   0   0   6   0   0   0   0  0.72 0.01
   66 S    1  0  0 -1 -1  0  0 -1 -1 -2 -2  1 -1 -3 -1  3  2 -3 -2 -1    0   0   0   0   0   0   0   0   0   0   0  14   0   0   0  64  22   0   0   0  0.36 0.01
   67 V    0 -3 -3 -3 -1 -2 -3 -3 -3  3  1 -2  1 -1 -3 -2  0 -3 -1  4    0   0   0   0   0   0   0   0   0   0   0   0   0   0   0   0   0   0   0 100  0.38 0.01
   68 N   -2 -1  6  1 -3  0 -1 -1  0  0 -2 -1 -2 -3 -2  0  0 -4 -2 -1    0   0  86   0   0   0   0   0   0  14   0   0   0   0   0   0   0   0   0   0  0.55 0.01
   69 Y   -2 -2  2  3 -3 -1  0 -2  1 -2 -2 -1 -2  1 -2  0  1  0  5 -2    0   0  12  25   0   0   0   0   0   0   0   0   0   0   0   0  14   0  49   0  0.38 0.01
   70 A    4 -1 -1 -1 -1  0  1  0 -2 -2 -2 -1 -1 -3 -1  1  0 -3 -2 -1   86   0   0   0   0   0  14   0   0   0   0   0   0   0   0   0   0   0   0   0  0.36 0.01
   71 A    4 -2 -2 -2 -1 -1 -1  0 -2 -2 -2 -1 -1 -2 -1  1  0 -3 -2  0   94   0   0   0   0   0   0   0   0   0   0   0   0   0   0   6   0   0   0   0  0.42 0.01
   72 S    1 -1  1  0 -1  0  0  0 -1 -3 -3  0 -2 -3 -1  4  1 -3 -2 -2    0   0   0   0   0   0   0   0   0   0   0   0   0   0   0 100   0   0   0   0  0.49 0.01
   73 R   -2  6 -1 -2 -4  1  0 -3  0 -3 -2  2 -2 -3 -2 -1 -1 -3 -2 -3    0 100   0   0   0   0   0   0   0   0   0   0   0   0   0   0   0   0   0   0  0.80 0.01
   74 F   -2 -3 -3 -4 -3 -3 -3 -3 -1  0  0 -3  0  7 -4 -3 -2  1  3 -1    0   0   0   0   0   0   0   0   0   0   0   0   0 100   0   0   0   0   0   0  0.80 0.01
   75 F   -2 -3 -3 -4 -2 -3 -3 -4 -2  1  3 -3  2  4 -3 -3 -2 -1  1  0    0   0   0   0   0   0   0   0   0   0  68   0   0  32   0   0   0   0   0   0  0.41 0.01
   76 G    0 -3 -1 -1 -3 -2 -2  6 -2 -4 -4 -2 -3 -3 -2  0 -2 -3 -3 -3    0   0   0   0   0   0   0 100   0   0   0   0   0   0   0   0   0   0   0   0  1.08 0.01
   77 F    0 -3 -3 -3 -1 -3 -3 -3 -2  2  2 -3  1  3 -3 -2 -1 -1  1  2    6   0   0   0   0   0   0   0   0   6  19   0   0  29   0   0   0   0   0  41  0.25 0.00
   78 D   -1 -1  4  3 -3 -1  0  3 -1 -3 -4 -1 -3 -3 -2  1  0 -4 -3 -3    0   0  32  31   0   0   0  24   0   0   0   0   0   0   0  13   0   0   0   0  0.47 0.01
   79 Q   -1  1  0  0 -3  6  2 -2  0 -3 -2  1 -1 -3 -1  0 -1 -2 -2 -2    0   0   0   0   0 100   0   0   0   0   0   0   0   0   0   0   0   0   0   0  0.71 0.02
   80 I   -1 -3 -3 -3 -1 -3 -3 -4 -3  4  1 -3  1  0 -3 -2 -1 -3 -1  3    0   0   0   0   0   0   0   0   0  65   0   0   0   0   0   0   0   0   0  35  0.38 0.01
   81 G    0 -2  0 -1 -2 -2 -2  6 -2 -4 -4 -1 -3 -3 -2  1 -1 -3 -3 -3    0   0   0   0   0   0   0  86   0   0   0   0   0   0   0  14   0   0   0   0  0.88 0.01
   82 C   -1 -4 -3 -4  9 -3 -4 -3 -3 -1 -1 -3 -2 -3 -3 -1 -1 -3 -3 -1    0   0   0   0 100   0   0   0   0   0   0   0   0   0   0   0   0   0   0   0  1.32 0.02
   83 T    0 -1  0 -1 -1 -1 -1 -2 -2 -1 -1 -1 -1 -2 -1  1  5 -3 -2  0    0   0   0   0   0   0   0   0   0   0   0   0   0   0   0   0 100   0   0   0  0.52 0.01
   84 Y   -2 -2 -2 -3 -3 -2 -2 -3  2 -2 -1 -2 -1  3 -3 -2 -2  2  7 -1    0   0   0   0   0   0   0   0   0   0   0   0   0   0   0   0   0   0 100   0  0.94 0.02
   85 S    1 -1  0  0  2  0  0  0 -1 -2 -3  0 -2 -3 -1  4  1 -3 -2 -2    0   0   0   0   6   0   0   0   0   0   0   0   0   0   0  94   0   0   0   0  0.45 0.01
   86 I   -1 -3 -3 -3 -1 -3 -3 -4 -4  5  2 -3  1  0 -3 -3 -1 -3 -1  3    0   0   0   0   0   0   0   0   0 100   0   0   0   0   0   0   0   0   0   0  0.43 0.01
   87 R   -2  6 -1 -2 -4  1  0 -3  0 -3 -2  2 -2 -3 -2 -1 -1 -3 -2 -3    0 100   0   0   0   0   0   0   0   0   0   0   0   0   0   0   0   0   0   0  0.80 0.01
   88 F   -2 -3 -3 -4 -2 -3 -3 -3 -2  1  1 -3  0  6 -4 -2 -2  0  2  1    0   0   0   0   0   0   0   0   0   9   0   0   0  77   0   0   0   0   0  14  0.55 0.01
   89 R   -2  6 -1 -2 -4  1  0 -3  0 -3 -2  2 -2 -3 -2 -1 -1 -3 -2 -3    0 100   0   0   0   0   0   0   0   0   0   0   0   0   0   0   0   0   0   0  0.80 0.01
   90 G    0 -3 -1 -1 -3 -2 -2  6 -2 -4 -4 -2 -3 -3 -2  0 -2 -3 -3 -3    0   0   0   0   0   0   0 100   0   0   0   0   0   0   0   0   0   0   0   0  1.08 0.01
   91 V    0 -2 -1 -2 -1 -1 -2 -2 -2  2  0 -2  0 -1 -2  2  1 -3 -2  3    0   0   0   0   0   0   0   0   0  15   0   0   0   0   0  30   7   0   0  48  0.18 0.01
   92 S    1  0  0 -1  6 -1 -1 -1 -1 -2 -2 -1 -2 -3 -2  3  1 -3 -2 -2    0   7   0   0  30   0   0   0   0   0   0   0   0   0   0  63   0   0   0   0  0.42 0.01
   93 I   -1 -3 -3 -4 -1 -2 -3 -4 -3  3  3 -3  1  0 -3 -2 -1 -2 -1  3    0   0   0   0   0   0   0   0   0  25  37   0   0   0   0   0   0   0   0  38  0.33 0.00
   94 T    0 -1  0 -1 -1 -1 -1 -2 -2 -1 -1 -1 -1 -2 -1  1  5 -3 -2  0    0   0   0   0   0   0   0   0   0   0   0   0   0   0   0   0 100   0   0   0  0.52 0.01
   95 V   -1 -3 -3 -4 -1 -3 -3 -4 -3  3  3 -3  2  0 -3 -2 -1 -2 -1  2    0   0   0   0   0   0   0   0   0  41  48   0   0   0   0   0   0   0   0  11  0.36 0.01
   96 S    1 -1  1  0 -1  0  0  0 -1 -3 -3  0 -2 -3 -1  4  1 -3 -2 -2    0   0   0   0   0   0   0   0   0   0   0   0   0   0   0 100   0   0   0   0  0.49 0.01
   97 G    0 -3 -1 -1 -3 -2 -2  6 -2 -4 -4 -2 -3 -3 -2  0 -2 -3 -3 -3    0   0   0   0   0   0   0 100   0   0   0   0   0   0   0   0   0   0   0   0  1.08 0.01
   98 G    0 -3 -1 -1 -3 -2 -2  6 -2 -4 -4 -2 -3 -3 -2  0 -2 -3 -3 -3    0   0   0   0   0   0   0 100   0   0   0   0   0   0   0   0   0   0   0   0  1.08 0.01
   99 S    1 -1  1  0 -1  0  0  0 -1 -3 -3  0 -2 -3 -1  4  1 -3 -2 -2    0   0   0   0   0   0   0   0   0   0   0   0   0   0   0 100   0   0   0   0  0.49 0.01
  100 R   -1  5 -1 -2 -3  1  0  1 -1 -3 -3  2 -2 -3 -2 -1 -1 -3 -2 -3    0  84   0   0   0   0   0  16   0   0   0   0   0   0   0   0   0   0   0   0  0.62 0.01
  101 T    1 -1  0 -1 -1 -1 -1 -1 -2 -1 -1 -1 -1 -2 -1  1  5 -3 -2  0   14   0   0   0   0   0   0   0   0   0   0   0   0   0   0   0  86   0   0   0  0.43 0.01
  102 L   -2 -2 -4 -4 -1 -2 -3 -4 -3  2  4 -3  2  0 -3 -3 -1 -2 -1  1    0   0   0   0   0   0   0   0   0   0 100   0   0   0   0   0   0   0   0   0  0.48 0.01
  103 Q   -1  1  0 -1 -3  5  2 -2  0 -2  0  1  0 -3 -2  0 -1 -2 -2 -2    0   0   0   0   0  86   0   0   0   0  14   0   0   0   0   0   0   0   0   0  0.52 0.01
  104 H   -2  5  0 -2 -3  1  0 -2  6 -3 -3  1 -2 -2 -2 -1 -1 -3  0 -3    0  60   0   0   0   0   0   0  40   0   0   0   0   0   0   0   0   0   0   0  0.61 0.01
  105 L   -2 -2 -4 -4 -1 -2 -3 -4 -3  2  4 -3  2  0 -3 -3 -1 -2 -1  1    0   0   0   0   0   0   0   0   0   6  94   0   0   0   0   0   0   0   0   0  0.46 0.01
  106 C   -1 -3 -3 -3  7 -3 -3 -3 -3  3  0 -3  0 -1 -3 -1 -1 -3 -2  1    0   0   0   0  40   0   0   0   0  53   0   0   0   0   0   7   0   0   0   0  0.43 0.01
  107 E   -1  0  0  1 -4  2  5 -2  0 -3 -3  1 -2 -3 -1  0 -1 -3 -2 -3    0   0   0   0   0   0  93   0   0   0   0   7   0   0   0   0   0   0   0   0  0.70 0.01
  108 A    4 -2 -2 -2  0 -1 -1  0 -2 -1 -2 -1 -1 -2 -1  1  0 -3 -2  0  100   0   0   0   0   0   0   0   0   0   0   0   0   0   0   0   0   0   0   0  0.42 0.01
  109 I   -1 -3 -3 -3 -1 -3 -3 -4 -3  4  2 -3  1  0 -3 -2 -1 -3 -1  3    0   0   0   0   0   0   0   0   0  93   0   0   0   0   0   0   0   0   0   7  0.40 0.01
  110 R   -2  6 -1 -2 -4  1  0 -3  0 -3 -2  2 -2 -3 -2 -1 -1 -3 -2 -3    0 100   0   0   0   0   0   0   0   0   0   0   0   0   0   0   0   0   0   0  0.78 0.01
  111 S    1 -1  0 -1 -1 -1 -1 -1 -2  0 -1 -1 -1 -2 -1  3  3 -3 -2  0    7   0   0   0   0   0   0   0   0  11   0   0   0   0   0  39  42   0   0   0  0.28 0.00
  112 K   -1  2  0 -1 -3  1  1 -2 -1 -3 -3  5 -1 -3 -1  0 -1 -3 -2 -2    0   0   0   0   0   0   0   0   0   0   0 100   0   0   0   0   0   0   0   0  0.54 0.01
  113 Q   -1  4  0 -1 -3  4  1 -2  0 -3 -2  2 -1 -3 -2  1 -1 -2 -2 -2    0  35   0   0   0  53   0   0   0   0   0   0   0   0   0  12   0   0   0   0  0.49 0.01
  114 E   -1  0  0  1 -3  1  4 -2 -1 -2 -2  0 -2 -3 -1  0  2 -3 -2 -1    0   0   0   0   0   0  65   0   0   0   0   0   0   0   0   0  35   0   0   0  0.47 0.01
  115 L   -1 -2 -3 -4 -1 -2 -3 -3 -2  1  4 -2  4  0 -3 -2 -1 -2 -1  1    0   0   0   0   0   0   0   0   0   0  65   0  35   0   0   0   0   0   0   0  0.38 0.00
  116 Q   -1  1  0  0 -3  6  2 -2  0 -3 -2  1  0 -3 -1  0 -1 -2 -2 -2    0   0   0   0   0 100   0   0   0   0   0   0   0   0   0   0   0   0   0   0  0.65 0.00
  117 A    4 -1 -1 -2  0 -1 -1  0 -2 -1 -1 -1 -1 -2 -1  1  0 -2 -2  0    0   0   0   0   0   0   0   0   0   0   0   0   0   0   0   0   0   0   0   0  0.00     0.00

                      K         Lambda
Standard Ungapped    0.1350     0.3200
Standard Gapped      0.0410     0.2670
PSI Ungapped         0.1350     0.3200
PSI Gapped           0.0410     0.2670
