
Last position-specific scoring matrix computed, weighted observed percentages rounded down, information per position, and relative weight of gapless real matches to pseudocounts
           A  R  N  D  C  Q  E  G  H  I  L  K  M  F  P  S  T  W  Y  V   A   R   N   D   C   Q   E   G   H   I   L   K   M   F   P   S   T   W   Y   V
    1 A    6 -3 -3 -3 -2 -2 -3 -2 -3 -3 -4 -2 -3 -4 -3  3 -1 -5 -4 -2   74   0   0   0   0   0   0   0   0   0   0   0   0   0   0  26   0   0   0   0  1.08 0.39
    2 L    2  3 -1 -2 -3  1 -2 -1 -2 -1  1  0 -1 -3 -2  2 -1 -4 -3 -1   20  23   2   0   0   6   0   2   0   3  16   1   0   0   0  20   1   0   0   4  0.24 0.18
    3 A    3  0  3 -2 -3  0 -1  0 -1 -3 -3  2 -3 -4 -3  2 -1 -4 -2 -2   32   3  19   0   0   3   0   5   1   0   1  17   0   0   0  15   2   0   1   2  0.41 0.23
    4 K   -4  1  0 -3 -6 -1 -2 -4 -3 -6 -5  7 -4 -6 -4 -3 -3 -6 -5 -5    0   4   4   0   0   0   0   0   0   0   0  91   0   0   0   0   1   0   0   0  1.84 0.61
    5 F   -3 -4 -5 -3  0 -5 -5 -6 -5  7  0 -4  0  1 -5 -1 -3 -5 -3  0    0   1   0   1   2   0   0   0   0  75   5   1   1   6   0   6   0   0   0   2  1.19 0.47
    6 H   -2  0 -2 -4 -3  0 -3 -4  2  2  0 -2  2 -2  3 -2 -2  2 -2  3    1   5   2   0   0   6   0   1   8  12   9   1   6   1  16   1   1   3   0  28  0.37 0.23
    7 K   -2  0 -1 -3 -5 -1 -1 -2 -3 -5 -4  7 -4 -5 -3  1 -3 -6 -4 -5    2   3   3   0   0   0   2   2   0   0   1  74   0   0   1  12   0   0   0   0  1.28 0.53
    8 K   -1  3  0  2 -4 -1  0  3 -2 -4 -4  2 -3 -4  1 -1 -2 -4 -4 -3    3  16   3  13   0   1   7  28   0   0   1  15   0   0   8   3   1   0   0   1  0.45 0.23
    9 Q    0  0  1  0 -4  3  3 -2 -1 -3 -4  3 -3 -5 -2  0  1 -5 -3 -3    7   2   7   2   0  15  23   1   1   1   0  26   0   0   0   6   7   0   0   1  0.50 0.29
   10 S   -1 -1  2  0 -2  0  3 -1 -2 -4 -4  3 -3 -5  2  0  0 -5 -4 -3    5   1  10   4   1   3  21   5   0   0   0  28   0   0  12   7   4   0   0   1  0.46 0.26
   11 L    0 -4 -5 -4 -5 -3 -3 -5 -2 -2  0 -4 -4 -5  7 -2 -3 -6 -5  0    7   0   0   0   0   1   1   0   1   2  12   0   0   0  66   2   0   0   0   8  1.61 0.56
   12 T   -1 -3  1  5 -4 -3 -1 -3 -1 -4 -5 -2 -4 -5 -3  3  4 -5 -4 -4    3   0   5  30   0   0   2   0   1   0   0   1   0   0   0  27  32   0   0   0  0.89 0.44
   13 K   -1 -2 -1  3 -5  0  5 -4 -3 -3 -5  1 -4 -5  1 -1 -2 -5 -4 -4    5   1   2  15   0   3  53   0   0   2   0   7   0   0   8   3   1   0   0   0  0.90 0.42
   14 I   -3 -4 -5 -4 -2 -4 -4 -5 -2  2  3 -4 -1  6 -3 -2 -1  1  1  0    1   0   0   1   1   0   1   0   1  10  34   0   0  37   1   2   3   2   2   4  0.78 0.35
   15 E   -4 -1 -3 -1 -7 -1  7 -3 -3 -7 -6 -1 -5 -7 -4 -3 -4 -6 -5 -6    0   2   0   2   0   0  92   2   0   0   0   3   0   0   0   0   0   0   0   0  2.04 0.74
   16 E   -1  0 -1  1 -3  1  2 -3 -1 -1  0  1 -1 -3 -1  2  1 -4 -3 -1    1   4   2   6   0   8  19   1   1   2  13  10   0   0   1  17  10   0   0   3  0.22 0.18
   17 Q    0 -1  0  0 -3  4  1  2 -1 -4 -2 -1 -2 -3 -3  3  1 -4 -3 -3    6   1   3   3   0  20  10  14   1   0   4   3   0   1   0  25   7   0   0   1  0.37 0.26
   18 V   -2 -5 -5 -6 -3 -5 -5 -6 -5  5  0 -5 -1 -1 -5 -4 -2 -5 -3  5    1   0   0   0   0   0   0   0   0  39   3   0   0   2   0   0   1   0   0  54  1.25 0.49
   19 G    5 -3 -2 -3 -1 -2 -2  0 -4 -3 -3 -2 -1 -2 -2  3 -1 -5 -4 -1   56   0   1   0   1   0   1   7   0   0   1   1   1   1   1  23   1   0   0   4  0.75 0.41
   20 S   -1  0  1 -3 -5  7 -1 -1  1 -5 -4  1 -3 -5 -3 -1 -2 -5 -4 -2    3   5   6   0   0  63   1   4   3   0   1   7   0   0   1   2   2   0   0   3  1.18 0.54
   21 A    6 -2 -3 -3  3 -2 -1 -2 -4 -3 -3 -2 -3 -4 -3 -1  0 -4 -3 -2   69   1   1   0   8   1   5   1   0   1   1   2   0   0   1   1   6   0   1   2  0.90 0.43
   22 L   -3 -4 -5 -5 -3 -4 -5 -5 -4  3  5 -4  1  3 -3 -4 -3 -3 -2 -1    0   0   0   0   0   0   0   0   0  14  68   0   1  11   1   0   0   0   0   1  1.03 0.41
   23 V   -1 -3 -2 -4  1 -1 -3 -4 -2  1  2 -3  0  4 -4 -2  0 -2  2  1    5   0   2   0   3   3   0   0   1   8  25   0   1  22   0   2   7   0   8  12  0.34 0.20
   24 E   -3 -3  0  6 -5  1  4 -1  0 -5 -5 -1 -4 -5 -3 -2 -3 -5 -1 -5    1   0   3  48   0   5  30   4   2   0   0   2   0   0   0   0   0   0   2   0  1.11 0.44
   25 L   -3 -4 -5 -5 -3 -4 -5 -5 -5  3  5 -4  2 -1 -3 -4 -3 -4 -1  0    0   0   0   0   0   0   0   0   0  16  70   0   5   1   1   0   0   0   2   2  1.07 0.43
   26 Q   -1 -1 -3 -1 -5  2  7 -3 -2 -5 -5  0 -4 -5 -3 -2 -3 -4 -1 -4    4   2   0   2   0   9  71   1   0   0   1   5   0   0   0   2   0   0   2   0  1.28 0.53
   27 N    0 -1  3  0 -2  0 -1  0  1 -2 -1  0  0 -2 -2  1  1 -3 -2 -1   10   1  22   5   0   5   2   8   4   1   5   5   3   1   1  12   9   0   1   6  0.18 0.12
   28 T   -1 -2  3 -2 -3 -2 -2  0 -1  0 -2 -1  4 -3 -1  3  2 -4 -2 -1    2   1  15   1   0   0   1   7   1   5   1   2  14   0   3  27  17   0   1   2  0.39 0.28
   29 H   -2 -2  6  0 -4 -1 -2 -2  3 -1 -3 -1 -3 -4 -3  2  0 -5 -3  0    2   1  45   3   0   2   0   1   9   4   2   2   0   0   0  15   6   0   0   7  0.72 0.37
   30 P    1 -2 -1  0 -1  2 -1 -2 -1 -4 -3  0 -3 -4  3  4  1  0 -3 -3   14   1   2   5   1   9   3   1   1   0   1   6   0   0  14  33   6   1   0   0  0.45 0.28
   31 D   -3 -3  1  6 -5 -1  4 -3 -1 -5 -5 -2 -4 -5 -3 -2  0 -5 -3 -5    1   0   5  49   0   1  28   1   1   0   0   2   0   0   0   2   7   0   1   0  1.10 0.45
   32 L   -2 -4 -5 -5 -3 -1 -4 -5 -2  2  5 -4  3  0 -5 -4 -3  3 -3  0    3   0   0   0   0   2   0   0   1  11  62   0   8   4   0   0   0   4   0   3  0.90 0.39
   33 K   -2  2  0 -3 -5  0 -1 -4 -3 -5 -5  7 -4 -5 -4  0 -2 -5 -4 -5    2  10   4   0   0   3   2   0   0   0   0  70   0   0   0   5   1   0   0   0  1.32 0.53
   34 T    3 -2  1  0 -3  1  0  0 -1 -3 -3 -1 -1 -3 -1  2  1 -4 -2 -1   31   1   7   5   0   5   4   5   1   0   1   3   2   0   2  19   7   0   1   5  0.29 0.22
   35 S    0  0 -1  4 -4  4  2 -3  1 -2 -3  0 -3 -3 -1  0 -1 -3  0 -3    7   4   1  23   0  21  15   1   4   2   2   3   0   0   2   6   3   0   3   1  0.43 0.25
   36 L   -1 -4 -4 -5 -3 -4 -4 -4 -4  1  5 -4  1 -1 -4 -4 -1 -3 -3  1    6   0   0   0   0   0   1   1   0   5  70   1   3   2   0   1   3   0   0   7  0.93 0.40
   37 E   -1  5 -1 -3 -4  1 -1 -3  1 -4 -4  4 -3 -4 -1  0 -3  1 -2 -4    4  35   2   0   0   5   2   2   3   0   1  32   0   0   4   5   1   2   1   1  0.78 0.36
   38 S   -1 -1  0  3 -4  0  4 -2 -1 -3 -1 -1 -2 -4  3  0 -1 -4 -2 -3    3   3   5  20   0   2  29   2   1   0   6   2   1   0  14   6   3   0   1   1  0.48 0.26
   39 I   -4 -4 -5 -5 -4 -4 -5 -6 -5  2  5 -5  1  1 -1 -4 -3 -4 -3  1    0   0   0   0   0   0   0   0   0  10  70   0   2   6   3   0   0   0   0   7  1.07 0.45
   40 I   -2 -1  2 -2 -2  3 -2 -4  3 -1 -3  2 -3  1 -4 -2 -1  1  5 -1    2   3  13   1   1  15   0   0   9   5   0  13   0   5   0   1   4   1  21   6  0.46 0.30
   41 L   -3 -5 -5 -5  1 -4 -5 -5 -5  6  0 -3  1  4 -5 -4 -3 -4 -2  2    0   0   0   0   4   0   0   0   0  56   7   2   3  17   0   0   0   0   0   9  1.06 0.44
   42 T   -1 -2  3 -1  2 -2 -2 -2 -1 -2 -1  0  0 -3 -3  2  4 -4 -3  0    3   1  19   2   5   1   1   2   1   2   5   6   3   0   0  16  27   0   0   7  0.38 0.27
   43 Q    2 -2  0 -1 -1 -1 -1  2  0 -3 -3 -1 -2 -4 -3  4  2 -4 -3 -2   18   2   3   2   1   2   3  13   2   0   2   2   1   0   0  35  12   0   0   2  0.43 0.28
   44 V    4 -3 -3 -3  4 -2  0 -2 -3  0 -2 -2 -2 -3 -3  0  0 -3  1  1   46   0   0   0   9   0   6   0   0   7   1   0   0   0   0   6   6   0   7  10  0.47 0.29
   45 K   -1  2  0  1 -3  1  1 -2 -2 -1 -1  3  0 -1 -2  1  0 -3 -2 -1    4  11   4   6   0   4  10   1   0   4   5  24   4   4   0  10   4   0   0   5  0.18 0.13
   46 E   -1  0 -1  1 -3  2  5 -2  1 -3 -1  1 -2 -3 -2  0  0 -3 -2 -2    4   4   1   5   0   9  47   1   4   1   7   5   0   0   1   4   6   0   0   1  0.47 0.24
   47 F    0 -2 -1 -3  1  0 -2 -3  1  2  0 -2  2  2 -3 -2  0 -2  1  2    9   0   4   0   4   4   0   0   5  13   5   0   9  10   0   0   5   0   4  25  0.17 0.15
   48 Q    0  1 -1  3 -3  1  3 -2 -1 -3 -2  1  1 -3  1  0  1 -3 -2 -2    6   7   1  23   0   6  21   1   0   1   1   6   5   1   5   6  10   0   0   1  0.32 0.17
   49 I   -1 -3 -2 -1  1 -2 -2  0 -2  3  0 -2  1  1 -1 -2  0 -2  1  3    3   1   0   4   3   0   1   9   0  21   6   1   3   6   3   1   4   0   7  27  0.18 0.15
   50 N    0 -2  1  0 -2 -1  0  3 -2 -2 -2 -1 -1 -2  0  1  1 -2 -2 -1    7   1   8   5   0   1   6  32   0   1   2   1   2   1   4  10  12   0   1   4  0.28 0.15
   51 K    1  0  1  0 -2  0  0  2  1 -2 -2  1 -1 -2  1  1  0 -2  0 -1   12   4   9   3   1   4   3  19   5   2   3   9   1   1   6   9   3   0   3   5  0.13 0.07
   52 T    0  0  1  0 -1  0  0  1 -1  0 -1  0  0 -2  0  1  0 -2 -1  0    7   5   7   5   1   5   4  15   1   6   4   8   3   1   4  11   4   1   1   7  0.06 0.03
   53 N   -1  2  1  1 -1  1  0  0 -1 -1 -2  1 -1 -2  1 -1  0  1  0 -1    3  17  10   8   2   6   4   6   1   5   3  11   1   1   6   2   4   2   3   5  0.12 0.07
   54 K    0  1  0 -1  1  0  0  0 -1 -1 -2  4  0 -2 -1  0  0 -2 -2 -2    6   6   5   2   3   1   6   7   1   3   4  35   3   1   2   7   4   0   1   2  0.22 0.14
   55 K    0  0  0  1 -2  1  1  0  1  0 -1  1  0 -1 -1  0  0 -2 -1 -1    8   3   5   7   1   4  14   7   3   7   6  11   2   3   2   6   8   0   1   2  0.06 0.03
   56 A    0  0  1  0 -2  0  0  4 -1 -3 -3  1 -2 -1  0  1 -1 -2 -2 -2    4   5   6   6   0   4   3  33   0   1   2  10   0   4   3  14   1   0   1   1  0.29 0.14
   57 K    0  3 -1  0 -3  1  0 -1 -1  0 -2  4 -2 -3 -2  1  0 -3 -2 -2    6  15   1   5   0   4   4   4   0   7   1  35   0   1   1   9   4   0   1   1  0.27 0.15
   58 S    0  1  1 -1 -3  1  0 -1 -1 -2 -1  4 -2  0 -2  0  0 -3 -2 -1    5   5   6   1   0   6   5   5   0   1   6  39   0   4   1   6   5   0   0   5  0.24 0.17
   59 A    3 -3  0 -3  2 -2 -2 -2 -3  1 -1 -2  1 -3  1  0  1 -3 -3  2   37   0   5   0   5   0   0   0   0   6   0   0   5   0   5   6   9   0   0  17  0.29 0.21
   60 V   -1 -3 -3 -3 -2 -2 -3 -3 -3  4  2 -3  2  0 -3 -2  0 -2  1  2    4   1   0   1   0   0   1   1   0  38  16   1   5   3   1   1   6   0   5  18  0.34 0.14
   61 L    0 -3 -3 -3  1 -2 -3 -3 -3  3  1 -2  1 -1 -3 -2  0 -3 -2  4    7   1   1   1   4   0   1   1   0  16  15   1   3   0   1   1   7   0   0  41  0.33 0.14
   62 I    0 -3 -3 -3 -2 -3 -3 -3 -3  4  1 -3  2 -1 -3 -2 -1 -3 -2  4    6   1   1   1   0   0   1   1   0  40   9   1   5   0   1   1   1   0   0  33  0.50 0.18
   63 Y    0  1  1 -2 -2  1 -1 -2  2 -1  0  1  2  1 -2  0  0 -2  2  0    8   8   7   0   0   7   0   1   7   0   8   8   7   7   0   8   8   0   7   8  0.09 0.13
   64 V   -2 -4 -4 -4 -2 -3 -4 -2 -3  3  0 -3 -1  1 -3 -3  0 -3  1  5    1   1   0   1   0   0   1   4   0  13   5   1   0   5   1   1   4   0   5  58  0.69 0.30
   65 H   -2  1 -3 -3 -4 -2 -3 -3  3 -3 -1 -2 -3 -4  6  1  1 -4 -3 -3    1   8   0   1   0   0   1   1   8   1   8   1   0   0  50  12   8   0   0   1  1.07 0.35
   66 F   -1 -2 -1 -2  1  0  0 -3  1  0  0 -2  1  2  0 -1 -1 -2  2  2    4   0   4   0   4   4   7   1   4   4   7   1   4  13   5   4   1   0   9  26  0.16 0.13
   67 Q   -1  2 -1 -3 -4  1 -2 -1  1 -1 -2  0 -1 -4  6  0 -1 -4 -1 -3    4  15   2   0   0   6   0   4   4   5   2   3   2   0  40   7   2   0   2   1  0.74 0.33
   68 S    0  0 -2 -2  2  1  0 -3  2  0  0  0  1  1 -2  0  0 -2  1  0    7   7   0   0   6   7   7   0   6   7   7   7   6   6   0   7   7   0   6   7  0.08 0.13
   69 Y   -3  1 -4 -4 -1  0 -3 -4 -1  1  4 -3  4  0 -4 -3 -3  2  3  0    1   8   0   0   1   5   0   1   1   5  45   0  11   2   0   1   0   3  10   4  0.51 0.30
   70 R    0  3  0 -1 -3  1 -1 -1 -1 -2 -2  4  1 -1 -1  0  0 -3 -3 -2    6  19   3   3   0   5   2   3   1   1   2  34   4   3   3   4   5   0   0   2  0.36 0.23
   71 V    2 -1  0  0 -2  0 -1  1  1  0 -1  0 -1 -3 -1  1  0 -3 -2  0   24   1   4   6   0   5   2   9   4   7   5   6   0   0   1  13   5   0   0   7  0.12 0.12
   72 L   -3 -4 -4 -4  2 -4 -4 -4 -2  0 -1 -4  1  6 -4 -1 -3  4  5  0    1   0   0   0   4   0   0   1   0   5   4   0   4  42   0   4   0   5  21   7  0.97 0.40
   73 L   -3  4  0 -3 -1  5 -1 -4  6 -4 -2  2 -3 -4 -3 -2 -3 -4 -1 -4    1  27   4   0   2  26   0   1  19   0   4  10   0   0   0   1   0   0   2   0  0.86 0.41
   74 S    0  2 -1 -3 -4  1 -1 -3 -2 -2 -3  6 -1 -4 -1  0 -2 -4 -3 -2    7  10   3   0   0   6   0   1   0   2   2  56   1   0   2   5   2   0   0   2  0.78 0.39
   75 A    0 -3 -2 -3 -1 -1 -3 -4 -3  5  0 -3  0  1 -1  0 -1 -3  0  3    6   0   2   0   1   4   1   1   0  40   4   1   2   5   3   7   2   0   3  19  0.41 0.25
   76 A   -1 -2 -2 -3 -4  6  0 -3  5 -4 -3  0  1  1 -2 -1 -3 -3 -2 -4    5   0   0   0   0  48   2   1  16   0   2   6   4   7   2   4   1   0   0   1  0.91 0.45
   77 R    0  1  0 -1 -2  0  0 -1 -2  1 -1  0  0 -2  0  1  0 -3  1  1    9  11   3   3   0   4   4   4   0   8   4   4   4   0   4  10   5   0   6  16  0.06 0.12
   78 K    0  4 -2 -3 -3  0 -1 -1  1 -1 -2  2 -2  1 -3  0  0  2 -2 -1    8  28   0   0   0   4   4   4   3   4   4  12   0   6   0   6   6   3   0   4  0.26 0.27
   79 L   -1 -1 -2 -2 -1 -1 -1 -2 -2  2  1  1  0  2 -2 -1  1 -1  0  1    1   1   1   1   0   1   1   1   0  15  16  15   0  15   1   1  15   0   0  15  0.09 0.04
   80 I   -1 -3 -3 -3  3 -1 -3 -2 -3  3  1 -2  1 -2 -3 -2  1 -3 -2  3    3   1   0   1   7   3   1   2   0  27   6   1   5   0   1   1   9   0   0  33  0.35 0.15
   81 I   -1  3  0 -1  2  3  1 -2  3 -2 -2  1 -2 -2  0 -1 -1  1  0 -2    2  22   3   2   6  17  10   2  11   2   2   5   0   0   5   2   1   2   3   2  0.26 0.11
   82 E   -1 -1  1  1 -3  1  5 -2  1 -1 -3  2 -2 -3 -2 -1 -1 -3 -2 -2    4   1   8   3   0   4  52   1   4   7   1  12   0   0   1   1   1   0   0   1  0.52 0.19
   83 L   -2 -3 -3 -3 -2 -2 -3 -3 -3  0  5 -3  2  1 -3 -1 -2 -2 -1  0    1   1   1   1   0   1   1   1   0   1  70   1   5   6   1   4   1   0   0   5  0.56 0.19
   84 E   -2 -1 -1  2 -4  2  6 -1 -1 -3 -3  0 -3 -3 -2 -1 -2 -3 -3 -3    1   1   1   8   0   7  65   6   0   1   1   4   0   1   1   1   1   0   0   1  0.77 0.23
   85 K    0  0 -1 -1 -3  0  2 -2 -1 -3 -3  5 -2 -3 -2  1 -1 -3 -2 -2    8   1   1   1   0   1  15   1   0   1   1  53   0   1   1  14   1   0   0   1  0.52 0.19
   86 K   -2  2  0 -2 -4  0  1 -3 -2 -1 -2  5 -2  0 -2 -2 -2 -3  0 -2    1   9   3   1   0   3   6   1   0   5   3  57   0   4   1   1   1   0   4   3  0.58 0.24
   87 L   -2  0 -3 -3 -3 -2 -3 -3  1  1  2 -1  0  5 -3 -1 -1 -1  1 -1    1   5   1   1   0   1   1   1   5   8  19   4   2  40   1   4   4   0   2   2  0.42 0.17
   88 K    1  1  1 -1 -2  2  1  1 -1 -3 -3  1 -2 -3  2  1 -1 -3 -2 -2   11  11  10   1   0  10  11  11   0   1   1  11   0   0  11  11   1   0   0   1  0.25 0.09
   89 Q    0  4  0 -1  0  1 -1  2  0 -4 -3  3 -1 -3 -3 -1 -2  1 -3 -3    6  24   5   3   3   4   3  15   2   0   1  25   2   0   0   3   0   2   0   1  0.39 0.22
   90 I   -2 -2  0  0 -3  1  0 -3  7 -1 -3 -1 -2 -1  1 -1  1 -3  1 -1    2   0   3   4   0   6   4   1  36   5   1   2   0   2   7   2  13   0   5   6  0.58 0.30
   91 V   -1  1 -2 -2 -2 -1  0  0 -1  1  0 -1  0  2 -2 -1  1 -1  2  1    1  11   0   1   0   0  11  11   0  11  11   1   0  10   1   1  11   0  10  11  0.06 0.08
   92 F   -1  0 -3 -3  1 -2 -2 -3  0  2  1 -2  1  3 -3 -2 -1 -2  0  3    1   8   0   1   4   0   1   1   3  15  13   1   3  16   1   1   3   0   0  29  0.19 0.11
   93 F   -2 -3 -3 -3 -2 -3 -3 -1 -2  2  1 -3  1  4 -3 -2 -1  4  1  1    1   1   0   1   0   0   1   7   0  17   7   1   5  33   1   1   4   7   0  13  0.35 0.15
   94 T    0 -3 -2 -1  3 -2 -2  0 -3  3  1 -2  1 -1 -2 -1  0 -3 -2  2    7   1   0   3   9   0   1   7   0  30  15   1   3   0   1   1   4   0   0  16  0.19 0.11
   95 A    4 -1 -2 -2 -2 -1 -2  2 -2 -2 -2 -2 -2 -2 -1  1 -1 -3  0 -1   53   2   0   1   0   3   1  14   0   1   3   1   0   0   2  10   2   0   3   4  0.40 0.20
   96 Q   -1  0  0  0 -3  4  1 -2  1 -1 -3  1 -2 -1  0  0  0  2 -2 -1    4   5   4   4   0  26   6   1   3   4   1  11   0   4   4   8   6   3   0   4  0.26 0.14
   97 R   -3  7 -2 -3 -4 -2 -2 -4  5 -3 -3 -1 -3 -4 -3 -3 -3 -4 -3  1    1  60   1   1   0   1   1   1  13   1   1   1   0   1   1   1   1   0   0  13  1.22 0.35
   98 K   -3  6  1 -3 -4 -2 -2 -4 -3 -1 -2  2 -3 -4 -4 -1  3 -4 -4 -1    1  50   6   0   0   0   1   1   0   4   3  10   0   0   0   2  17   0   0   3  0.88 0.41
   99 I    0 -4 -2 -4 -3 -4 -4 -4 -4  6 -1 -4  1 -3 -4  0 -1 -4 -3  3    7   0   2   0   0   0   0   1   0  58   1   0   4   0   0   7   2   0   0  15  0.94 0.41
  100 E   -2 -2 -2 -3 -3  0 -1 -2 -3  1  4 -2  2  1  0 -1  0 -3 -2  0    2   1   1   0   0   4   3   2   0   6  45   2   5   5   6   3   6   0   0   7  0.32 0.21
  101 S    1  0 -2 -1  0 -1 -1  0  0 -3 -3  1 -1 -4  6  1 -1 -4 -3 -3   12   5   1   3   2   1   3   6   2   1   2  10   2   1  36   9   3   0   0   1  0.64 0.27
  102 K    0  3  0 -3 -4  0 -1 -1 -3 -4 -2  5  1 -4  0 -1 -3 -5 -4 -1    8  13   4   0   0   3   3   4   0   0   4  45   3   0   4   4   0   0   0   4  0.63 0.42
  103 W   -1  1  0 -1 -4 -1 -1 -1 -3 -2 -3  0 -3 -4  6  0 -1  3 -1 -2    4   7   4   4   0   2   4   4   0   3   3   6   0   0  38   9   3   4   3   3  0.68 0.39
  104 V    0  0 -1 -1  1  2 -2  0  0 -2 -2  0  0  1  1  0  2 -2  2 -1    5   4   2   2   3  10   0   9   2   0   3   6   2   8   8   8  16   0   7   4  0.13 0.17
  105 K    0  5  1  0 -4  1  0 -3  1 -4 -4  3  1 -4 -1 -1 -1 -4 -3 -4    8  31   6   4   0   5   4   0   3   0   1  21   4   0   3   4   4   0   0   0  0.57 0.36
  106 E    0  1  1 -1 -2  1  0  0  2  0 -1  1 -1 -2  1  0  0 -3 -2  0    7   7   7   0   0   7   7   7   7   7   7   7   0   0   7   7   7   0   0   7  0.08 0.09
  107 H   -1  1  2 -1 -4 -1 -2  2  3 -2 -2  1 -2 -2  0  2  1 -4  0 -2    3   7  11   2   0   2   0  18   7   2   3  10   1   1   4  18   7   0   4   2  0.26 0.25
  108 K   -1  3  1 -2 -1  1 -1 -1  0 -4 -3  4 -1 -2 -1  1  0 -4 -1 -3    4  20   6   2   1   5   2   5   2   0   2  26   1   2   3  11   4   0   2   1  0.38 0.31
  109 S    2 -1 -1 -2 -3  0  0 -1 -1 -1 -1  2 -1  1  0  1  2 -3 -2 -1   18   2   2   0   0   2   5   4   2   2   5  14   2   6   4  13  15   0   0   4  0.16 0.20
  110 Q   -1  2  0  0 -4  5  0 -2 -3 -2 -2  1 -3 -4  0 -2 -1  1 -4  0    3  12   3   5   0  35   4   3   0   2   3  10   0   0   4   2   3   2   0   8  0.51 0.41
  111 Q   -1  1  0 -1 -3  1  0 -1  1  0 -1  2  0 -2  1  0  0 -3  1 -1    5   8   4   3   0   5   6   5   3   7   7  16   3   0   6   7   5   0   8   4  0.08 0.12
  112 R   -1  5  0  0  1 -2  0 -1  2 -1 -2  1 -3 -4  0 -1 -3  4 -3 -1    4  33   4   4   3   0   6   4   6   4   4   7   0   0   4   4   0   5   0   4  0.40 0.32
  113 P    0 -2  1 -2 -3  2 -1 -1  2 -3 -2 -1 -2 -3  5  1  0 -3 -3 -3    8   0   8   0   0  14   1   5   5   0   4   0   0   0  38   9   4   0   0   1  0.66 0.22
  114 R    0  3  0 -2 -3  1 -1  0  1 -1 -2  1  0  0 -2  1 -1 -2  2 -2    9  27   5   0   0   5   0   9   4   4   1   6   4   4   0  11   0   0   9   0  0.21 0.14
  115 S    1 -1  2 -1 -2 -1 -1  1  3 -2 -2 -1 -2 -2  2  1  1 -3 -1 -2   13   1  13   1   0   1   1  13  13   1   1   1   0   0  13  13  13   0   0   1  0.26 0.07
  116 R   -1  4 -2 -2  1  2  0 -3  1  0 -1  1 -2 -3  1 -1  0  2 -2 -2    5  35   0   0   4   9   6   1   4   8   5   4   0   0   6   1   5   4   0   1  0.33 0.18
  117 C    0 -2 -2 -2  0 -2 -2 -3 -3 -1 -1  0  0 -3  1  1  5 -3 -3 -1    5   0   0   0   2   0   1   1   0   2   6   5   3   0   7   7  58   0   0   1  0.59 0.30
  118 L   -1  0  0 -2 -2 -1 -1 -3  1  1  3 -2  2  0  0  0 -1 -2 -1  1    1   5   5   0   0   0   5   1   5   5  38   0   5   4   6  10   0   0   0   8  0.15 0.15
  119 T    1  0 -1 -2 -2  1 -1 -2 -2  0 -1  2  1 -2  0  1  2 -3 -2  0   15   5   0   0   0   5   1   1   0   5   5  20   4   0   5   7  21   0   0   6  0.17 0.15
  120 Y    3 -2  1 -1  0  0 -1  0  0 -2  1  0  0 -2 -2  1  0  1 -1 -1   32   0   9   3   2   3   3   5   2   0  15   5   2   0   0   8   3   2   3   3  0.13 0.14
  121 V   -1  0 -3 -3  4 -2 -3 -3 -2  2  0 -2  2 -1 -3 -2  1 -2  1  3    1   8   0   1  10   0   1   1   0  10   7   1   6   0   1   1  11   0   6  36  0.29 0.17
  122 Y    0  1  0 -2 -2  2 -1 -2  4 -1 -1 -1 -1  0 -2  0  1 -2  1  0    5  10   5   1   0  16   1   1  17   0   5   1   0   5   1   8  10   0   5  10  0.20 0.14
  123 D   -1 -2  1  4 -3  0  2 -1  2 -2 -2 -1  2 -3 -2  1  0 -3 -2 -1    4   0   4  31   0   3  16   4   8   0   1   1   9   0   0  10   3   0   0   4  0.36 0.19
  124 A    3 -1  0 -1  2 -1 -1  0 -2 -2 -2  0 -1 -3  3  0  0 -3 -3  0   37   3   6   3   5   2   2   4   0   0   1   5   2   0  14   6   2   0   0   6  0.29 0.18
  125 L   -1 -3 -3 -3 -2 -3 -3 -3 -3  5  1 -3  1  2 -3 -2 -1  2  0  1    3   1   1   1   0   1   1   1   0  51   9   1   4   9   1   1   4   3   3   6  0.49 0.24
  126 L   -2 -1 -3 -4 -2 -3 -3 -4 -3  1  5 -3  2 -1  0 -3 -2 -3 -2  1    1   3   1   1   0   1   1   1   0   6  69   1   3   1   4   1   1   0   0   6  0.64 0.26
  127 D   -1  0  2  2 -4  0  5  0 -1 -4 -3  0 -3 -4 -2 -1 -1 -4 -3 -4    2   3  12   9   0   0  52   7   1   0   3   4   0   0   1   2   3   0   0   0  0.63 0.26
  128 D   -4 -3  1  7 -5 -2  1  0 -3 -5 -6 -3 -5 -5 -4 -2 -3 -6 -2 -5    0   0   5  81   0   0   6   7   0   0   0   0   0   0   0   0   0   0   2   0  1.54 0.44
  129 L   -1 -2 -2 -3 -1 -2 -2 -3 -2  2  3 -2  3 -1  2 -1  0 -2 -1  1    1   1   1   1   0   1   1   1   0  12  37   1  12   1  10   1   8   0   0  12  0.23 0.07
  130 L    1 -2 -2 -2  2 -2 -2  1 -2  2  1 -2  0 -1 -2 -1  0 -2 -2  2   12   1   1   1   7   1   1  11   0  11  10   1   0   1   1   1   7   0   0  34  0.14 0.06
  131 L   -1 -3 -2 -3 -3 -2 -3 -2  0 -1  0 -3 -1  5  0 -1 -2  3  5 -1    6   1   1   1   0   1   1   3   1   1   6   1   1  37   6   3   1   3  23   4  0.54 0.18
  132 P   -2 -3 -3 -3 -4  0 -2 -3 -3 -3 -2 -2 -3 -4  8 -2 -2 -4 -4 -3    1   1   1   1   0   4   1   1   0   1   5   1   0   0  80   1   1   0   0   1  1.91 0.37
  133 S    2 -1  0 -1  1 -1  0 -1  0 -1 -2 -1 -1 -2 -2  3  2 -3 -2  0   18   2   3   1   4   1   6   2   3   2   2   1   0   0   1  33  12   0   0   9  0.22 0.12
  134 T   -1  1  0  1 -3  1  5 -3  0 -3 -3  0 -2 -2 -2 -1 -1 -3 -2 -1    2   8   2   6   0   2  58   1   2   1   1   2   0   2   1   1   4   0   0   6  0.60 0.21
  135 L   -2 -1 -2  0 -1 -2 -2 -3 -3  5  0 -2  0 -1 -3 -1  0 -3 -2  2    1   4   1   6   1   1   1   1   0  52   2   1   1   0   1   3   6   0   0  17  0.40 0.18
  136 I    0  0 -1 -3 -2 -2 -2 -3 -3  2  0 -2  0 -2 -2 -1  0 -3 -2  4    9   6   3   1   0   1   1   1   0   8   5   1   2   0   1   3   5   0   0  54  0.34 0.17
  137 G    1  0  0  1 -2  1 -1  4  2 -3 -3 -1 -2 -3 -1  1 -1 -2 -2 -2    9   7   1   8   0   7   1  40   7   1   1   1   0   1   1  12   1   0   1   1  0.33 0.06
  138 K   -1  3 -1 -1 -3  2  2 -2 -1 -3 -2  4 -1 -3 -1 -1 -1 -2 -2 -2    1  22   1   1   0  12  14   1   0   1   1  40   0   1   1   1   1   0   1   1  0.44 0.09
  139 R   -1  1 -1 -1  3  2  1 -2  3 -1 -1 -1  2 -1 -2  0 -1 -2  2  0    1  11   0   1  10  10  11   1  10   1   1   1  10   0   1  11   1   0  10  11  0.17 0.13
  140 I   -1 -2  1 -1 -2  0  1 -2 -2  1  0  0  1  1 -2  0  2  2 -1  1    1   0   9   0   0   4   9   1   0  14   8   4   5   7   0   4  17   4   0  10  0.11 0.12
  141 R   -2  4 -2 -2  2  0 -2 -3  1  0 -1  0 -2 -1  2  0 -2 -3 -2 -1    1  38   0   0   6   3   1   1   3   9   3   3   0   3   9   7   0   0   0   5  0.30 0.23
  142 A   -2  0 -2 -3  1 -1 -3 -4  2  1 -1 -2  2  2 -3 -2  0 -2  4  3    2   5   1   0   3   3   1   1   6   9   2   1   6   7   0   1   4   0  20  27  0.35 0.23
  143 R   -1  3  0  1 -2  0 -1 -2  0 -1 -1  3 -1  0 -1 -1 -1 -3 -2 -1    6  21   5   8   1   1   1   2   2   4   7  27   1   4   2   3   2   0   0   5  0.24 0.18
  144 L    0 -1 -2 -2  0 -1  0  0 -1  1  2 -2  1 -1 -1  0  1 -3 -2  2    6   2   0   0   2   2   6   6   2   2  25   1   5   0   2   7   8   0   0  23  0.11 0.11
  145 D    0  0  2  5 -3 -1  0  2 -2 -3 -4 -2 -3 -4 -2  0 -2 -4 -3 -2    7   6   8  47   0   0   4  16   0   0   1   1   0   0   0   4   1   0   0   3  0.63 0.26
  146 G    0  0  1 -1 -3  0  0  4  1  0 -2 -1 -2 -3 -2  0 -1 -3 -2 -2    6   6   6   1   0   6   8  42   5  10   1   1   0   0   0   7   1   0   0   1  0.35 0.15
  147 T    0  0  1  1 -2  0  1  0  1 -3 -3  1 -2 -3 -2  2  1 -3 -2 -2    5   5   6  10   0   0  10   6   5   0   1  11   0   0   0  24  13   0   0   1  0.23 0.12
  148 S   -2  4 -2 -2  0  1 -1 -3  0 -2 -3  4 -2 -3  0 -1 -1  1 -2 -1    1  23   0   0   3   6   1   1   2   3   1  39   0   0   5   3   3   3   0   6  0.49 0.26
  149 F   -1 -1 -1 -3  0 -1 -2 -3 -1  2  2 -2  1  2 -3 -2  1 -2 -1  2    3   5   2   0   2   2   2   1   2  12  27   0   3  10   0   1  11   0   0  15  0.16 0.12
  150 Y   -1 -1 -2 -3 -2  0 -1 -2  2  3  2 -2  2  0 -3 -1  0 -2  0  1    5   3   0   0   0   4   3   2   6  29  18   0   7   2   0   2   7   0   4   7  0.19 0.15
  151 R   -2  2  0 -2 -4  2 -1 -3  2 -2 -3  5 -1 -1 -3 -1 -2 -4 -2 -3    1   9   4   0   0  10   1   1   6   2   1  55   2   3   0   3   0   0   0   1  0.73 0.35
  152 I    0 -2 -2  1  3 -2 -2  1 -2  1  1 -2  2  1 -2 -1 -1 -2 -1  1   11   1   0  11  10   0   1  11   0  11  11   1  10  10   1   1   1   0   0  11  0.10 0.09
  153 Q   -1 -1 -2 -2 -3  0 -1 -1  5  1  0 -2  1  3 -3 -1 -1 -2  2 -1    4   3   0   0   0   3   3   5  25  11   8   1   6  16   0   3   3   0   5   3  0.28 0.18
  154 L   -2 -1 -3 -1 -2 -3 -3 -4 -3  1  4 -3  0  1 -3 -1 -2  3 -2  1    1   4   0   4   0   0   1   1   0   8  57   1   0   4   0   4   1   4   0   9  0.43 0.23
  155 D   -3 -3  0  7 -4 -2  1 -2  1 -2 -4 -2 -4 -4  0 -2  0 -5 -1 -2    1   0   2  61   0   0   9   2   3   3   1   0   0   0   5   1   5   0   2   4  1.04 0.42
  156 Q    1  0 -1  0 -3  0  2 -2 -2 -1 -3  4 -1 -3  2  0 -1 -4 -3 -1   11   3   2   4   0   3  13   2   0   4   1  30   1   0  12   8   2   0   0   3  0.34 0.21
  157 N    1  1  1  0 -3  0  0 -2 -1 -1 -2  4 -2 -4  0 -1 -1 -4 -3 -2   17   4   8   4   0   2   4   2   1   3   3  38   0   0   5   3   3   0   0   2  0.36 0.24
  158 D   -2 -1  0  3 -5  4  3 -2  2 -3 -2  0 -1 -4 -2  0 -2 -1 -1 -3    1   1   2  19   0  23  20   2   7   2   5   5   1   0   1   8   0   1   1   1  0.49 0.31
  159 R   -1  4 -2  0 -5  4  0 -4  1 -3 -3  3 -1 -4 -4 -1 -2 -5 -1 -2    6  29   0   5   0  26   2   0   4   1   1  17   1   0   0   3   1   0   2   3  0.69 0.38
  160 D    0 -2  5  1 -4  1 -1  0  0 -3 -4  0 -2 -5  0 -1  3 -5 -4 -3    7   0  35   7   0   6   2   7   2   1   1   6   1   0   4   2  18   0   0   2  0.56 0.35
  161 F   -1 -1  5  2 -4  1  1  0 -1 -3 -2 -1 -3  0 -3  1  0 -4  0 -3    5   3  31  10   0   5   8   6   1   1   4   2   0   5   0  10   5   0   3   1  0.38 0.26
  162 L   -1 -4 -1 -4 -3 -3 -4 -4 -4  3  1 -2  0 -1 -4 -1  2  2 -3  4    3   0   3   0   0   0   0   0   0  19  12   2   1   3   0   3  13   3   0  37  0.51 0.31
  163 E   -1 -2 -1  3 -5  0  6 -3 -3 -3 -3  1 -4 -5 -3  1 -3 -5 -4 -3    5   0   2  15   0   2  52   1   0   2   3   7   0   0   0   8   0   0   0   1  0.86 0.44
  164 E    0 -2  1  1 -4 -2  0 -3  7 -4 -4 -3 -4 -2 -1  0 -1  0  5 -4    7   2   7   7   0   1   7   2  29   0   0   0   0   0   3   7   2   1  24   0  0.80 0.41
  165 K   -1  2  2  0 -3  2  2 -2 -1 -2 -1  2  2 -2  2 -1 -1 -3 -2 -2    1  13  13   1   0  13  13   1   0   1   1  13  13   0  13   1   1   0   0   1  0.28 0.09
  166 L    1 -2 -2 -1  1 -2 -2 -1 -2  1  1 -1  1  1 -2  0  0 -2 -1  2   11   1   0   4   4   0   1   5   0   7  15   5   4   6   1   5   5   0   0  27  0.11 0.09
  167 D   -1 -1  1  3 -3  1  3  0  0 -2 -3  0 -3 -3  0 -1 -1 -3  0 -2    4   3   7  21   0   7  25   5   2   3   1   5   0   0   3   3   2   0   4   3  0.32 0.19
  168 A    1 -2  1 -2 -2 -2 -2  0 -3  0 -1 -2 -2 -3  0  2  4 -4 -3  0   13   0   7   0   0   0   0   5   0   5   4   0   0   0   4  15  36   0   0   5  0.34 0.26
  169 I   -4 -4 -5 -5  0 -4 -5 -5 -3  0  0 -5  3  7 -5 -4 -4 -2  4  0    0   0   0   0   2   0   0   0   0   6   7   0   8  48   0   0   0   0  16   5  1.16 0.48
  170 T    2 -1 -1 -3 -3  0 -1  0  2 -2 -4  0 -1 -3 -1  4  2 -4 -2 -1   16   2   1   0   0   3   2   5   5   2   0   6   1   1   2  35  16   0   1   3  0.40 0.30
  171 H    3 -2 -1 -1  0 -1  0  3  1 -2 -2 -1 -1 -1 -3  1 -1 -4  0 -1   32   2   2   3   2   2   5  22   3   1   4   2   1   2   0   7   2   0   3   4  0.29 0.22
  172 I    0 -5 -6 -6 -4 -5 -5 -6 -6  4  0 -5 -2 -3 -5 -2 -3 -6 -4  6    7   0   0   0   0   0   0   0   0  21   5   0   0   0   0   3   0   0   0  64  1.24 0.50
  173 Y   -5 -5 -5 -6  0 -5 -5 -6 -2 -1 -2 -5 -4  2 -2 -3 -5 -1  9 -4    0   0   0   0   3   0   0   0   0   4   4   0   0   6   3   1   0   0  79   0  2.16 0.67
  174 K   -2  3  1 -3 -5  1  0 -3  2 -4 -4  5  0 -5 -3 -1 -2 -5 -3 -2    1  18   7   0   0   6   6   1   6   0   0  48   2   0   0   2   1   0   0   3  0.80 0.36
  175 T   -2  3 -1 -3 -5  0  1 -4  0 -4 -2  6 -3 -5 -3  0 -1 -5 -4 -3    1  13   2   0   0   3   6   0   2   0   5  54   0   0   0   5   2   0   0   2  0.75 0.36
  176 V   -4 -2 -5 -5 -4 -4 -5 -6 -5  2  6 -2  0 -2 -4 -4 -3 -4 -3 -1    0   3   0   0   0   0   0   0   0   8  83   2   0   0   1   0   0   0   0   1  1.20 0.43
  177 T   -2 -3 -3 -4  1 -3 -4 -4 -4 -2 -2 -3 -1 -5 -4  0  7 -5 -4 -1    1   1   0   0   2   0   0   0   0   1   3   0   2   0   0   6  79   0   0   3  1.40 0.55
  178 T   -2 -3  2 -2 -5 -3 -2  6  1 -6 -6  0 -5 -5 -4 -1  0 -5 -5 -5    0   1   8   1   0   0   2  71   3   0   0   5   0   0   0   3   6   0   0   0  1.27 0.42
  179 R   -3  4 -1 -3 -6 -1  0 -4 -1 -4 -4  6 -4 -5 -4 -3 -3 -5 -4 -5    0  24   3   0   0   1   4   0   1   1   1  65   0   0   0   0   1   0   0   0  1.31 0.47
  180 E   -3 -2  1  6 -5  2  3 -2 -2 -5 -5  0 -4 -5 -2 -2 -1 -6 -4 -2    0   1   6  51   0   8  17   3   1   0   0   6   0   0   1   1   3   0   0   3  0.92 0.35
  181 V    0 -4 -5 -3 -2 -4 -4 -5 -5  2  0 -4 -1 -1 -4 -3  0 -4  0  6    8   0   0   1   0   0   0   0   0   9   3   0   0   2   0   1   5   0   3  67  0.89 0.37
  182 T    0 -2  3 -1 -3 -1  0 -2  0  0 -1  0 -2 -3 -3  1  2 -4 -3  3    7   0  17   2   0   2   5   1   3   2   2   6   0   0   0   8  15   0   0  30  0.27 0.21
  183 F   -5 -6 -6 -7 -5 -6 -6 -5 -4 -1 -2 -6 -3  9 -7 -4 -5 -1  1 -2    0   0   0   0   0   0   0   1   0   3   0   0   0  93   0   1   0   0   1   1  2.40 0.64
  184 E   -1 -2 -2  1 -5  1  6 -2  0 -3 -4  0 -1 -5 -3 -1 -2 -5 -3 -4    4   0   0   6   0   5  67   3   2   2   0   3   2   0   0   4   2   0   0   0  1.03 0.40
  185 F   -4 -5 -5 -6 -2 -5 -6 -6 -4  1 -1 -5 -2  8 -6 -5 -4 -2  3 -1    0   0   0   0   1   0   0   0   0   6   2   0   0  79   0   0   0   0   7   4  1.88 0.52
  186 K   -1  1 -3 -3 -4  0 -1 -3 -1 -4 -3  0 -3 -5  7  0 -2 -5 -4 -2    3   8   0   0   0   5   2   0   2   0   2   6   0   0  60   9   1   0   0   2  1.26 0.30
  187 E   -1  1 -1  1 -4  3  5 -3 -1 -4 -4  1 -1 -4 -1  0 -2 -4 -3 -3    2   6   0   6   0  16  50   1   0   0   0   8   1   0   2   7   0   0   0   1  0.69 0.23
  188 D   -2 -1  3  4 -3  1  2 -1 -1 -4 -4 -1 -3 -4  1  1  1 -4 -2 -3    0   0  24  30   0   7  14   2   0   0   0   0   0   0   5   8   8   0   1   0  0.50 0.10
  189 K    0  1  2  2 -3  2  2  1 -1 -3 -3  1 -2 -3 -2  1  0 -3 -2 -3    5   6  17  14   0  12  13  12   0   0   0  10   0   0   0   6   5   0   0   0  0.30 0.04
  190 T    0  0 -1 -1  4 -1  0 -2 -2 -1 -1 -1 -1 -3 -2  2  3 -3 -2  0    0   5   0   0  13   0   6   0   0   0   3   0   0   0   0  26  39   0   0   7  0.32 0.07
  191 F   -3 -3 -3 -4 -3 -3 -3 -4 -1 -1  0 -3 -1  7 -4 -3 -3  1  5 -1    0   0   0   0   0   0   0   0   0   0   0   0   0  72   0   0   0   0  28   0  0.98 0.09
  192 H   -2 -1 -1 -3 -3 -1 -2 -3  5 -2 -2 -2 -1  2 -3 -2 -2  1  6 -2    0   0   0   0   0   0   0   0  28   0   0   0   0   0   0   0   0   0  72   0  0.73 0.01
  193 T    1 -1  0 -1 -1  0 -1 -1 -1 -2 -2  0 -1 -2 -1  3  4 -3 -2 -1    0   0   0   0   0   0   0   0   0   0   0   0   0   0   0  48  52   0   0   0  0.39 0.00
  194 F   -2 -2 -3 -3 -3 -2 -3 -3  1 -1  0 -2 -1  5 -3 -2 -2  2  6 -1    0   0   0   0   0   0   0   0   0   0   0   0   0  36   0   0   0   0  64   0  0.71 0.00
  195 K   -1  2  0 -1 -3  1  1 -2 -1 -3 -3  5 -1 -3 -1  0 -1 -3 -2 -2    0   0   0   0   0   0   0   0   0   0   0 100   0   0   0   0   0   0   0   0  0.51 0.00
  196 K   -1  2  0 -1 -3  1  1 -2 -1 -3 -3  5 -1 -3 -1  0 -1 -3 -2 -2    0   0   0   0   0   0   0   0   0   0   0 100   0   0   0   0   0   0   0   0  0.51 0.00

                      K         Lambda
Standard Ungapped    0.1336     0.3202
Standard Gapped      0.0410     0.2670
PSI Ungapped         0.1336     0.3202
PSI Gapped           0.0410     0.2670
