
Last position-specific scoring matrix computed, weighted observed percentages rounded down, information per position, and relative weight of gapless real matches to pseudocounts
           A  R  N  D  C  Q  E  G  H  I  L  K  M  F  P  S  T  W  Y  V   A   R   N   D   C   Q   E   G   H   I   L   K   M   F   P   S   T   W   Y   V
    1 Q   -1  1  0  0 -4  5  3 -2  0 -3 -3  3 -1 -4 -2 -1 -1 -3 -2 -3    0   0   3   0   0  51  16   0   0   0   0  30   0   0   0   0   0   0   0   0  0.64 0.07
    2 I   -2 -4 -4 -4 -2 -4 -4 -5 -4  5  0 -4  0 -1 -4 -3 -1 -4 -2  4    0   0   0   0   0   0   0   0   0  63   0   0   0   1   0   0   0   0   0  36  0.80 0.15
    3 K   -2  1 -1 -2 -4  0  0 -3 -2 -4 -4  7 -3 -5 -2 -1 -2 -4 -3 -4    0   2   0   0   0   0   0   0   0   0   0  97   0   0   0   1   0   0   0   0  1.22 0.22
    4 L   -3 -3 -5 -5 -2 -3 -4 -5 -4  1  5 -4  1 -1 -4 -4 -2 -3 -2  0    0   0   0   0   0   0   0   0   0   1  99   0   0   0   0   0   0   0   0   0  1.01 0.18
    5 Q    1 -1 -2 -2 -4  7  0 -3 -1 -4 -3  0 -2 -4 -3 -1 -2 -3 -3 -3   15   0   0   0   0  84   0   0   0   0   0   0   0   0   0   0   0   0   0   1  1.20 0.23
    6 L   -2 -4 -4 -4  0 -4 -4 -5 -4  5  3 -4  1 -1 -4 -3 -2 -3 -2  2    0   0   0   0   2   0   0   0   0  66  24   0   0   0   0   0   0   0   0   9  0.71 0.14
    7 P   -1 -2  0 -2 -4  1  0 -3 -3 -4 -4 -1 -3 -5  7 -2 -1 -5 -4 -3    2   0   5   0   0   9   6   0   0   0   0   1   0   0  72   0   3   0   0   1  1.57 0.18
    8 A    6 -3 -3 -3 -2 -2 -2 -1 -3 -3 -3 -2 -2 -4 -2  0 -1 -4 -3 -1   99   0   0   0   0   0   0   1   0   0   0   0   0   0   0   0   0   0   0   0  1.03 0.20
    9 G    0 -4 -2 -3 -4 -3 -3  7 -3 -5 -5 -3 -4 -4 -3 -1 -3 -4 -4 -4    3   0   0   0   0   0   0  97   0   0   0   0   0   0   0   0   0   0   0   0  1.58 0.20
   10 K    1  1 -1 -2 -4  1  0 -2 -2 -4 -3  6 -2 -4 -2  0 -2 -4 -3 -3   12   0   1   0   0   5   1   1   0   0   0  76   0   0   0   3   0   0   0   0  0.77 0.16
   11 A    6 -3 -3 -3 -2 -2 -2 -1 -3 -3 -3 -2 -2 -4 -2  0 -1 -4 -3 -1  100   0   0   0   0   0   0   0   0   0   0   0   0   0   0   0   0   0   0   0  1.05 0.21
   12 T   -1 -2  5 -1 -3 -1 -2 -2 -1 -3 -3 -1 -2 -4 -3  1  5 -4 -3 -2    1   0  47   0   0   0   0   0   0   0   0   0   0   0   0   3  48   0   0   0  0.85 0.18
   13 P   -2 -4 -4 -3 -4 -3 -3 -4 -4 -4 -4 -3 -4 -5  8 -2 -2 -5 -5 -4    1   0   0   0   0   0   0   0   0   0   0   0   0   0  99   0   0   0   0   0  2.59 0.26
   14 A    5 -2 -2 -3 -2 -2 -2 -1 -3 -3 -3 -2 -2 -3 -2  2 -1 -4 -3 -1   86   0   0   0   0   0   0   0   0   0   0   0   0   0   0  13   1   0   0   0  0.83 0.18
   15 P   -2 -4 -4 -3 -4 -3 -3 -4 -3 -4 -5 -3 -4 -5  8 -2 -3 -5 -5 -4    0   0   0   0   0   0   0   0   0   0   0   0   0   0  99   0   0   0   0   0  2.60 0.26
   16 P   -2 -4 -4 -3 -4 -3 -3 -4 -4 -4 -5 -3 -4 -5  8 -2 -3 -5 -5 -4    0   0   0   0   0   0   0   0   0   0   0   0   0   0 100   0   0   0   0   0  2.64 0.26
   17 V   -1 -4 -4 -4 -2 -4 -4 -5 -4  3  0 -4  0 -2 -4 -3 -1 -4 -2  6    0   0   0   0   0   0   0   0   0  13   1   0   0   0   0   0   0   0   0  86  0.93 0.19
   18 G   -1 -4 -2 -3 -4 -3 -4  7 -3 -5 -5 -3 -4 -5 -4 -2 -3 -4 -5 -5    0   0   0   0   0   0   0 100   0   0   0   0   0   0   0   0   0   0   0   0  1.70 0.22
   19 P   -2 -4 -4 -3 -4 -3 -3 -4 -4 -4 -4 -3 -4 -5  8 -2 -1 -5 -5 -4    0   0   0   0   0   0   0   0   0   0   0   0   0   0  96   0   4   0   0   0  2.49 0.27
   20 A    6 -3 -3 -3 -2 -2 -2 -1 -3 -3 -3 -2 -2 -4 -2  0 -1 -4 -3 -1   98   0   0   0   0   0   0   0   0   0   0   0   0   0   0   2   0   0   0   0  1.06 0.22
   21 L   -3 -3 -5 -5 -3 -3 -4 -5 -4  0  6 -4  1  0 -4 -4 -2 -3 -2  0    0   0   0   0   0   0   0   0   0   0  99   0   0   1   0   0   0   0   0   0  1.05 0.20
   22 G   -1 -4 -2 -3 -4 -3 -4  7 -3 -5 -5 -3 -4 -5 -4 -2 -3 -4 -5 -5    0   0   0   0   0   0   0 100   0   0   0   0   0   0   0   0   0   0   0   0  1.71 0.22
   23 Q   -2 -1 -2 -2 -4  8  0 -3 -1 -4 -4  0 -2 -5  1 -1 -2 -4 -3 -4    2   0   0   0   0  92   0   0   0   0   0   0   0   0   5   1   0   0   0   0  1.44 0.27
   24 H    1  0 -1 -3 -4  0 -1 -3  9 -4 -4 -1 -3 -3 -3 -2 -2 -4  0 -4   19   4   1   0   0   1   0   0  71   0   0   3   0   0   0   0   1   0   1   0  1.29 0.22
   25 G   -1 -4 -2 -3 -4 -2 -3  7 -3 -5 -5 -3 -4 -5 -4 -1 -3 -4 -4 -5    0   0   0   0   0   2   0  98   0   0   0   0   0   0   0   1   0   0   0   0  1.62 0.22
   26 V   -1 -4 -4 -5 -2 -4 -4 -5 -4  2  0 -4  0 -2 -4 -3 -1 -4 -2  6    0   0   0   0   0   0   0   0   0   7   5   0   0   0   0   0   0   0   0  88  0.93 0.19
   27 N   -3 -2  8  0 -4 -1 -2 -2 -1 -5 -5 -2 -4 -5 -3 -1 -2 -5 -4 -5    1   0  99   0   0   0   0   0   0   0   0   0   0   0   1   0   0   0   0   0  1.67 0.26
   28 I   -3 -4 -5 -5 -3 -4 -5 -5 -5  7  0 -4  0 -1 -4 -4 -2 -4 -3  1    0   0   0   0   0   0   0   0   0  99   1   0   0   0   0   0   0   0   0   0  1.23 0.23
   29 M   -2 -3 -4 -5 -3 -1 -4 -4 -3  0  0 -3  9 -2 -4 -3 -2 -3 -3  1    1   0   0   0   0   2   0   0   0   0   0   0  88   0   0   0   0   0   0   9  1.49 0.28
   30 E    2 -1  0  1 -3  2  4  2 -1 -3 -3 -1  1 -3 -2  0 -1 -3 -3 -2   22   0   2   5   0   9  36  19   0   0   0   0   6   0   0   1   0   0   0   0  0.40 0.10
   31 F   -4 -4 -5 -5 -4 -5 -5 -5 -3 -2 -1 -5 -1  8 -5 -4 -4  0  2 -2    0   0   0   0   0   0   0   0   0   0   0   0   0 100   0   0   0   0   0   0  1.84 0.26
   32 C   -1 -4 -3 -4 10 -4 -4 -4 -4 -2 -2 -4 -2 -4 -4 -2  2 -4 -4  1    1   0   0   0  70   0   0   0   0   0   0   0   0   0   0   0  20   0   0  10  1.60 0.23
   33 K   -2  1 -2 -2 -5  0 -1 -3 -2 -4 -4  7 -3 -5 -2 -1 -2 -5 -3 -4    0   0   0   0   0   0   0   0   0   0   0  99   0   0   0   1   0   0   0   0  1.32 0.24
   34 R    2  0 -1  1 -3  3  5 -2 -1 -4 -3  0 -2 -4 -2 -1 -1 -4 -3 -3   24   2   0   4   0  14  54   0   0   0   0   1   0   0   0   0   1   0   0   0  0.67 0.15
   35 F   -3 -4 -4 -5 -4 -4 -4 -5 -1 -2 -1 -4 -2  7 -5 -4 -3  0  6 -2    0   0   0   0   0   0   0   0   0   0   0   0   0  71   0   0   0   0  29   0  1.47 0.22
   36 N   -3 -2  8  0 -4 -1 -2 -2 -1 -5 -5 -2 -4 -5 -4 -1 -2 -5 -4 -5    0   0 100   0   0   0   0   0   0   0   0   0   0   0   0   0   0   0   0   0  1.72 0.27
   37 A    5 -2 -2 -1 -2 -1  2 -1 -2 -3 -3 -1 -2 -4 -2  0 -1 -4 -3 -2   77   0   0   2   0   0  21   0   0   0   0   0   0   0   0   0   0   0   0   0  0.73 0.18
   38 E    0  5 -1 -2 -4  1  0 -3 -1 -3 -3  4 -2 -4 -2 -1 -2 -4 -3 -2   10  44   0   0   0   5   2   0   0   0   0  37   0   0   0   0   0   0   0   2  0.72 0.14
   39 T   -1 -3 -1 -3 -2 -2 -2 -3 -3 -2 -3 -2 -2 -4 -3  0  7 -4 -3 -2    0   0   0   0   0   0   0   0   0   0   0   0   0   0   0   1  99   0   0   0  1.32 0.25
   40 A    4 -1 -1 -2 -2  3  1 -1 -2 -3 -3  1  0 -3 -2  0 -1 -3 -3 -2   51   1   0   0   0  23  10   0   0   0   0   9   2   0   0   4   0   0   0   0  0.46 0.13
   41 D   -1 -1  2  5 -4  0  1 -1  0 -4 -4  1 -3 -4 -2  1 -1 -5 -3 -4    4   0  10  53   0   1   7   3   2   0   0  10   0   0   0  10   0   0   0   0  0.67 0.12
   42 K   -2  0 -1  2 -4  6  1 -3 -1 -4 -2  2  0 -4 -3 -1 -2 -4 -3 -3    0   0   0  11   0  65   5   0   0   0   2  14   3   0   0   0   0   0   0   0  0.89 0.19
   43 A    3  1 -1 -1 -2  0  0  1 -2 -1 -2  1  0 -3  0  0 -1 -3 -2  0   47  10   1   2   0   2   7   8   0   2   0   7   3   0   4   1   1   0   0   8  0.24 0.08
   44 G   -1 -4 -1  1 -4 -3 -3  7 -3 -5 -5 -3 -4 -5 -3 -2 -3 -4 -4 -5    0   0   0   7   0   0   0  93   0   0   0   0   0   0   0   0   0   0   0   0  1.50 0.21
   45 M   -2 -2  1 -3 -2 -1 -3 -3 -2  0  3 -2  6  0 -3 -1  0  0 -1  0    0   0   9   0   0   3   0   0   0   1  38   0  36   2   0   3   7   1   1   1  0.45 0.13
   46 I   -2 -4 -3 -4 -2 -4 -4 -5 -4  6  1 -4  0 -1 -2 -3 -1 -4 -2  3    0   0   1   0   0   0   0   0   0  70   3   0   0   0   2   0   1   0   0  23  0.79 0.16
   47 L   -2 -4 -4 -4 -2 -4 -4 -5 -4  6  1 -4  0 -1 -4 -3 -1 -4 -2  2    0   0   0   0   0   0   0   0   0  85   4   0   0   0   0   0   3   0   0   7  0.94 0.19
   48 P   -2 -4 -4 -3 -5 -3 -3 -4 -4 -5 -5 -3 -4 -5  8 -2 -3 -5 -5 -4    0   0   0   0   0   0   0   0   0   0   0   0   0   0 100   0   0   0   0   0  2.67 0.28
   49 V   -1 -4 -4 -5 -2 -4 -4 -4 -5  1  0 -4 -1 -2 -4 -3 -1 -4 -3  6    3   0   0   0   0   0   0   0   0   0   0   0   0   0   0   0   0   0   0  97  1.04 0.22
   50 V   -2 -2 -3 -1 -3 -1  4 -4 -3  1 -1 -2 -1 -3 -3 -2 -1 -4 -3  4    0   0   0   0   0   0  40   0   0   7   1   0   0   0   0   0   0   0   0  52  0.55 0.16
   51 I   -3 -4 -5 -5 -1 -4 -5 -5 -5  7  1 -4  0 -1 -4 -4 -2 -4 -3  2    0   0   0   0   1   0   0   0   0  92   5   0   1   0   0   0   0   0   0   3  1.08 0.21
   52 T   -1 -2 -1 -2 -2 -2 -2 -3 -3 -2 -3 -2 -2 -3 -2  3  6 -4 -2 -2    0   0   1   1   0   0   0   0   0   0   0   0   0   0   0  22  76   0   1   0  0.93 0.20
   53 V   -1 -4 -4 -4 -2 -4 -4 -4 -4  2  0 -4  0 -2 -4 -3 -1 -4 -2  6    2   0   0   0   0   0   0   0   0   8   0   0   0   0   0   0   0   0   0  90  0.95 0.20
   54 Y   -3 -3 -4 -5 -4 -3 -4 -5  0 -3 -2 -4 -2  5 -5 -3 -3  1  8 -3    0   0   0   0   0   0   0   0   0   0   0   0   0  20   0   0   0   0  79   0  1.67 0.25
   55 E    2 -1 -1  0 -3  2  5 -2 -1 -3 -3  0 -2 -4 -2  0 -1 -4 -3 -3   26   1   2   2   0  12  50   0   0   0   0   1   0   0   0   5   1   0   0   0  0.59 0.13
   56 D   -3 -3  0  8 -5 -2  0 -3 -3 -5 -5 -2 -5 -5 -3 -2 -3 -6 -5 -5    0   0   0 100   0   0   0   0   0   0   0   0   0   0   0   0   0   0   0   0  1.78 0.25
   57 K   -3  7 -2 -3 -5  0 -1 -4  0 -5 -4  2 -3 -4 -4 -2 -3 -4 -3 -4    0  93   0   0   0   0   0   0   1   0   0   5   0   0   0   0   0   0   0   0  1.49 0.24
   58 S    0 -2 -1 -2 -2 -1 -2 -2 -2 -4 -4 -2 -3 -4 -2  6  1 -4 -3 -3    0   0   0   0   0   0   0   0   0   0   0   0   0   0   0  98   2   0   0   0  1.14 0.24
   59 F   -4 -4 -5 -5 -4 -5 -5 -5 -3 -2 -1 -5 -1  8 -5 -4 -4  0  2 -2    0   0   0   0   0   0   0   0   0   0   0   0   0  98   0   0   0   0   2   0  1.79 0.26
   60 T   -1 -2 -1  0 -2 -2 -1 -2 -3 -2 -3 -2 -2 -4 -2  3  6 -4 -3 -2    0   0   1   4   0   0   1   0   0   0   0   0   0   0   0  23  71   0   0   0  0.85 0.19
   61 F   -4 -4 -5 -5 -4 -5 -5 -5 -3 -2 -1 -5 -1  8 -5 -4 -4  0  2 -2    0   0   0   0   0   0   0   0   0   0   0   0   0 100   0   0   0   0   0   0  1.84 0.26
   62 I   -2 -4 -4 -4 -2 -3 -2 -5 -4  6  0 -4  0 -1 -4 -3 -1 -4 -2  3    0   0   0   0   0   0   3   0   0  70   0   0   0   0   0   0   1   0   0  26  0.80 0.17
   63 I   -1 -3 -2 -3  0 -2 -3 -3 -3 -1  2 -2  0 -2 -3  0  6 -3 -3 -1    0   0   0   0   2   0   0   0   0   1  26   0   1   0   0   0  69   0   0   1  0.71 0.18
   64 K   -2  1 -2 -2 -5  0 -1 -3 -2 -4 -4  7 -3 -5 -2 -2 -2 -5 -3 -4    0   0   0   0   0   0   0   0   0   0   0 100   0   0   0   0   0   0   0   0  1.35 0.25
   65 T   -1 -3 -1 -3 -2 -2 -2 -3 -3 -2 -3 -2 -2 -4 -3  0  7 -4 -3 -1    0   0   0   0   0   1   0   0   0   0   0   0   0   0   0   2  97   0   0   1  1.26 0.25
   66 P   -2 -4 -4 -3 -5 -3 -3 -4 -4 -5 -5 -3 -4 -5  8 -2 -3 -5 -5 -4    0   0   0   0   0   0   0   0   0   0   0   0   0   0 100   0   0   0   0   0  2.67 0.28
   67 P   -2 -4 -4 -3 -5 -3 -3 -4 -4 -5 -5 -3 -4 -5  8 -2 -3 -5 -5 -4    0   0   0   0   0   0   0   0   0   0   0   0   0   0 100   0   0   0   0   0  2.67 0.28
   68 A    6 -3 -3 -3 -2 -2 -2 -1 -3 -3 -3 -2 -1 -4 -2  0 -1 -4 -3 -1   97   0   0   0   0   0   0   0   0   0   0   0   1   0   0   0   0   0   0   1  1.02 0.22
   69 S    4 -2 -2 -2 -2 -2 -2 -1 -2 -3 -3 -2 -2 -3  1  4  0 -4 -3 -2   55   0   0   0   0   0   0   0   0   0   0   0   0   0   5  37   2   0   0   0  0.64 0.16
   70 F   -1 -2 -3  0 -2 -1 -1 -4 -3  2  0 -2  0  0 -3 -2 -1 -4 -2  5    0   2   0   9   0   2   5   0   0   5   0   2   0   4   0   0   1   0   0  72  0.49 0.15
   71 L   -3 -3 -5 -5 -3 -3 -4 -5 -4  0  6 -4  2 -1 -4 -4 -2 -3 -2  0    0   0   0   0   0   0   0   0   0   0  98   0   2   0   0   0   0   0   0   0  1.03 0.19
   72 L   -2 -4 -4 -5 -2 -3 -4 -5 -4  4  4 -4  1 -1 -4 -3 -2 -3 -2  1    0   0   0   0   0   0   0   0   0  41  58   0   0   0   0   0   0   0   0   1  0.75 0.15
   73 K   -1  2 -1 -2 -3  0 -1 -3 -2 -2 -1  6  0 -4 -2 -1 -1 -4 -3 -2    1   7   0   0   0   2   0   0   0   1   8  75   3   0   0   1   2   0   0   1  0.73 0.17
   74 K   -2  2 -1 -2 -4  1  0 -3 -2 -3 -4  7 -3 -4 -2 -1 -2 -4 -3 -3    1   4   0   0   0   2   1   0   0   1   0  91   0   0   0   0   0   0   0   1  1.12 0.22
   75 A    6 -3 -3 -3 -2 -2 -1 -1 -3 -2 -3 -2 -2 -4 -2  0 -1 -4 -3 -1   94   0   0   0   0   0   3   0   0   0   0   0   0   0   0   0   1   0   0   1  0.94 0.20
   76 A    5 -3 -3 -3  4 -2 -2 -1 -3 -1 -1 -2 -2 -3 -2  0 -1 -4 -3  0   74   0   0   0  13   0   0   0   0   2   5   0   0   0   0   0   1   0   0   6  0.67 0.16
   77 G   -1 -1  2 -2 -4 -1 -2  6 -2 -5 -4  2 -3 -4 -3 -1 -2 -4 -4 -4    0   0   9   0   0   0   0  68   0   0   0  22   0   0   0   1   0   0   0   0  0.96 0.16
   78 I   -2 -4 -4 -4 -2 -4 -4 -5 -4  5  2 -3  1 -1 -4 -3 -1 -3 -2  3    0   0   0   0   0   0   0   0   0  63  19   0   0   0   0   0   1   0   0  17  0.71 0.14
   79 E    0 -1  0  2 -4  2  5 -2 -1 -3 -3  1 -3 -4 -1  0 -1 -4 -3 -3    8   0   4  11   0  11  51   0   0   2   0   9   0   0   2   2   0   0   0   0  0.60 0.12
   80 K   -1  1 -1 -2 -3  0 -1 -2 -1 -3 -3  5 -2 -4 -2  3  1 -4 -3 -3    1   5   0   0   0   0   0   0   1   0   0  58   0   0   0  29   7   0   0   0  0.63 0.16
   81 G    2 -3 -2 -3 -3 -3 -3  6 -3 -4 -4 -3 -4 -4 -3 -1 -2 -4 -4 -4   16   0   0   0   0   0   0  84   0   0   0   0   0   0   0   0   0   0   0   0  1.30 0.19
   82 S    1 -2 -1 -2 -2 -1 -2 -2 -2 -4 -4 -2 -3 -4 -2  6  0 -4 -3 -3    4   0   0   0   0   0   0   0   0   0   0   0   0   0   0  95   1   0   0   0  1.08 0.23
   83 S    1 -3  0 -1 -3 -2 -2  6 -1 -4 -4 -1 -3 -4 -1  1 -2 -4 -4 -4    8   0   3   1   0   0   1  70   1   0   0   2   0   0   3  10   0   0   0   0  0.91 0.14
   84 E   -1 -1  0  0 -3  1  5 -3 -2 -1 -2  0 -2 -3 -2 -1  0 -4 -3  2    1   1   4   3   0   4  54   0   0   0   0   2   0   0   0   0   7   0   0  24  0.51 0.14
   85 P   -2 -4 -4 -3 -4 -3 -3 -4 -4 -4 -4 -3 -4 -5  8 -1 -2 -5 -5 -3    0   0   0   0   0   0   0   0   0   0   0   0   0   0  96   3   0   0   0   1  2.48 0.27
   86 K   -2 -1  7  0 -4 -1 -1 -2  4 -4 -3  0 -3 -4 -3  0 -1 -5 -3 -4    1   1  76   0   0   1   0   0  11   1   2   6   0   0   0   1   0   0   0   0  1.09 0.20
   87 R   -2  4 -1 -2 -4  0 -1 -3 -1 -3 -3  5 -2 -4 -2 -1  1 -4 -3 -3    0  24   0   0   0   0   0   0   0   1   1  59   0   0   0   0  14   0   0   0  0.74 0.16
   88 K   -1  0  3  1 -3  1  1 -2 -1 -2 -3  2 -2 -3 -2  0  2 -4 -3 -1    0   1  22   8   0   7   7   1   1   0   0  23   0   0   0   0  22   0   0   7  0.32 0.09
   89 I   -2  1 -1 -2 -4  0 -1 -3 -2 -3 -4  7 -2 -4 -2 -1 -1 -2 -3 -3    0   0   1   0   0   0   0   0   0   1   0  92   0   0   0   1   2   1   0   1  1.10 0.22
   90 V   -1 -4 -4 -5 -2 -4 -4 -5 -5  2  0 -4 -1 -2 -4 -3 -1 -4 -3  6    1   0   0   0   0   0   0   0   0   1   0   0   0   0   0   0   0   0   0  98  1.08 0.22
   91 G    4 -3 -2 -3 -2 -2 -3  5 -3 -4 -4 -2 -3 -4 -3 -1 -2 -4 -4 -3   44   0   0   0   0   0   0  56   0   0   0   0   0   0   0   0   0   0   0   0  0.92 0.16
   92 K   -1  1  0 -2 -3  1 -1 -2 -2 -3 -3  4 -2 -4 -2  2  3 -4 -3 -2    2   2   2   0   0   3   0   0   0   0   0  46   0   0   0  19  25   0   0   1  0.50 0.13
   93 V   -2 -4 -4 -4 -2 -3 -4 -5 -4  4  2 -3  0 -1 -4 -3 -1 -3 -2  4    0   0   0   0   0   0   0   0   0  40  18   0   0   0   0   0   0   0   0  42  0.65 0.13
   94 T   -1 -2 -1 -2 -2 -1 -2 -1 -3 -2 -3  0 -2 -3  0  2  6 -4 -3 -2    0   0   1   1   0   0   0   2   0   0   0   6   0   0   3  17  70   0   0   0  0.74 0.18
   95 R   -1  5 -1 -1 -4  2  0 -3 -1 -3 -2  4  1 -3 -2 -1 -1 -2 -2 -3    2  37   0   1   0   7   3   0   0   1   1  35   6   0   0   3   2   0   0   0  0.57 0.12
   96 K    3 -1  0  4 -2  0  2 -1 -2 -3 -3  0 -2 -4 -2  1 -1 -4 -3 -2   43   0   1  27   0   2  14   0   0   0   0   7   0   0   0   5   1   0   0   0  0.45 0.11
   97 Q   -2  0 -1  0 -4  7  1 -3 -1 -4 -4  3 -2 -5 -3 -1 -2 -4 -3 -3    0   0   0   4   0  76   3   0   0   0   0  16   0   0   0   0   0   0   0   0  1.13 0.22
   98 I   -1 -3 -4 -4 -1 -3 -4 -4 -4  3  2 -3  0 -1 -4 -3 -1 -3 -2  5    2   0   0   0   0   0   0   0   0  13  26   0   0   0   0   0   0   0   0  58  0.61 0.13
   99 E   -2  5 -1 -1 -4  3  2 -3 -1 -3 -3  3 -1 -4 -3 -1 -2 -4 -3 -3    0  49   0   0   0  16  18   0   0   0   1  14   1   0   0   0   0   0   0   1  0.75 0.14
  100 E   -2 -1 -1  1 -5  2  6 -3 -1 -4 -4  2 -3 -5 -2 -1 -2 -4 -3 -4    1   0   0   2   0   6  80   0   0   0   0  10   0   0   0   0   0   0   0   0  1.08 0.20
  101 I   -3 -5 -5 -5 -3 -4 -5 -5 -5  7  0 -4  0 -1 -4 -4 -2 -4 -3  1    0   0   0   0   0   0   0   0   0  99   1   0   0   0   0   0   0   0   0   1  1.23 0.23
  102 A    6 -3 -3 -3 -2 -2 -2 -1 -3 -3 -3 -2 -2 -4 -2  0 -1 -4 -3 -1   98   0   0   0   0   0   0   0   0   0   0   0   0   0   0   1   0   0   0   1  1.06 0.22
  103 K   -2  0 -1  0 -4  3  5 -3 -1 -4 -4  2 -3 -4 -2 -1 -1 -4 -3 -3    1   2   1   1   0  13  61   0   0   0   0  17   0   0   0   1   4   0   0   0  0.80 0.16
  104 T   -1 -2 -2 -3 -2  1 -2 -3 -2  1  2 -1  1 -2 -3  0  4 -3 -2  0    1   0   0   0   0   8   0   0   0   7  29   4   3   0   0   2  44   0   0   1  0.33 0.11
  105 K   -2  1 -2 -2 -5  0 -1 -3 -2 -4 -4  7 -3 -5 -2 -2 -2 -5 -3 -4    0   0   0   0   0   0   0   0   0   0   0 100   0   0   0   0   0   0   0   0  1.35 0.25
  106 M   -2 -3 -4 -5 -3 -1 -3 -4 -3  0  2 -2  9 -1 -4 -3 -2 -3 -3 -1    0   0   0   0   0   1   1   0   0   0  11   2  83   0   0   0   0   0   0   0  1.35 0.26
  107 P   -1 -2 -2 -2 -4  1  0 -3 -3 -4 -4  0 -3 -5  7 -1 -2 -5 -4 -2    4   1   1   0   0   8   6   0   0   0   0   5   0   0  71   1   0   0   0   3  1.55 0.19
  108 D   -3 -3  0  8 -5 -2  0 -3 -3 -5 -5 -2 -5 -5 -3 -2 -3 -6 -5 -5    0   0   0 100   0   0   0   0   0   0   0   0   0   0   0   0   0   0   0   0  1.78 0.25
  109 L   -3 -3 -5 -5 -2 -3 -4 -5 -4  1  5 -4  2 -1 -4 -4 -2 -3 -2  0    0   0   0   0   0   0   0   0   0   1  97   0   2   0   0   0   0   0   0   0  1.02 0.19
  110 N   -3 -2  8  0 -4 -1 -2 -2 -1 -5 -5 -2 -4 -5 -3  0  0 -5 -4 -4    0   0  93   0   0   0   0   0   0   0   0   0   0   0   0   2   5   0   0   0  1.50 0.25
  111 A    6 -3 -3 -3  1 -2 -2 -1 -3 -3 -3 -2 -2 -4 -2  0 -1 -4 -3 -1   95   0   0   0   2   0   0   0   0   0   0   0   0   0   0   0   2   0   0   0  0.99 0.21
  112 N    3 -1  4 -1 -2 -1 -1  0  0 -3 -3  0 -2 -2 -2  1  0 -4 -2 -1   41   3  33   0   0   0   0   5   1   0   0   3   0   1   0   4   4   0   1   3  0.38 0.11
  113 S   -1 -2  2  5 -3 -1  0 -2 -2 -4 -4 -1 -3 -4 -2  3  1 -5 -4 -3    0   0   7  54   0   0   0   1   0   0   0   1   0   0   0  32   6   0   0   0  0.81 0.16
  114 L   -2 -3 -4 -4 -2 -3 -2 -4 -4  4  3 -3  1 -1 -3 -3 -1 -3 -2  3    0   0   0   0   0   0   2   0   0  34  30   0   1   0   0   0   1   0   0  32  0.52 0.11
  115 E   -2 -1 -1  3 -5  1  6 -3 -1 -5 -4 -1 -3 -5 -2 -1 -2 -4 -4 -4    1   0   0  19   0   1  78   0   0   0   0   0   0   0   0   1   0   0   0   0  1.15 0.20
  116 A    5 -2 -2 -2 -2 -1 -2  0 -2 -3 -3 -1 -2 -3 -2  2  0 -4 -3 -1   75   0   0   0   0   3   0   5   1   0   0   0   0   0   0  11   4   0   0   0  0.66 0.16
  117 A    6 -3 -3 -3 -2 -2 -2 -1 -3 -3 -3 -2 -2 -4 -2  0 -1 -4 -3 -1   99   0   0   0   0   0   0   1   0   0   0   0   0   0   0   0   0   0   0   0  1.08 0.22
  118 M   -1 -3 -3 -4  1 -2 -1 -4 -3  1  0 -1  8 -2 -4 -2 -1 -3 -2  1    3   0   0   0   3   0   3   0   0   5   0   3  70   0   0   2   3   0   1   7  0.88 0.21
  119 K   -1  5  0 -2 -2  0  0 -2 -1 -3 -2  3 -2 -4 -2  2 -1 -4 -3 -3    1  39   4   0   1   1   2   0   0   0   3  28   0   0   0  22   0   0   0   0  0.56 0.13
  120 I   -2 -3 -3 -4 -3 -1 -3 -4 -3  4  1 -3  7 -1 -4 -1  0 -3 -2  1    0   0   1   0   0   2   0   0   0  36   1   0  51   0   0   3   6   0   0   1  0.76 0.19
  121 I   -2 -4 -4 -4 -2 -4 -4 -5 -4  6  0 -4  0 -1 -4 -3 -2 -4 -2  4    0   0   0   0   0   0   0   0   0  70   0   0   0   0   0   0   0   0   0  30  0.90 0.18
  122 E    3 -1 -2 -1 -1  0  4 -2 -2 -3 -3  0 -1 -4 -2  0 -1 -4 -3 -2   39   1   0   0   1   1  49   0   0   0   1   4   2   0   0   1   0   0   0   0  0.57 0.14
  123 G   -1 -4 -2 -3 -4 -3 -4  7 -3 -5 -5 -3 -4 -5 -4 -2 -3 -4 -5 -5    0   0   0   0   0   0   0 100   0   0   0   0   0   0   0   0   0   0   0   0  1.71 0.22
  124 T   -1 -3 -1 -2 -2 -2 -2 -3 -3 -2 -3 -2 -2 -4 -3  1  7 -4 -3 -2    0   0   0   0   0   0   0   0   0   0   0   0   0   0   0   4  96   0   0   0  1.25 0.24
  125 A    6 -3 -3 -3  2 -2 -2 -1 -3 -3 -3 -2 -2 -4 -2  0 -1 -4 -3 -1   96   0   0   0   4   0   0   0   0   0   0   0   0   0   0   0   0   0   0   0  1.02 0.21
  126 K   -3  7 -2 -3 -5  0 -1 -4 -2 -4 -4  2 -3 -4 -3 -2 -2 -4 -3 -4    0  90   0   0   0   0   1   0   0   0   0   9   0   0   0   0   0   0   0   0  1.42 0.23
  127 S    0 -2  3 -1 -2 -1 -1 -2 -2 -4 -4 -1 -3 -4 -2  6  0 -4 -3 -3    0   0  15   0   0   1   0   0   0   0   0   0   0   0   0  82   0   0   0   0  0.92 0.21
  128 M   -2 -3 -4 -5 -3 -2 -4 -5 -3  0  0 -3 10 -2 -4 -3 -2 -3 -3 -1    1   0   0   0   0   0   0   0   0   1   0   0  99   0   0   0   0   0   0   0  1.84 0.32
  129 G   -1 -4 -2 -3 -4 -3 -4  7 -3 -5 -5 -3 -4 -5 -4 -2 -3 -4 -5 -5    0   0   0   0   0   0   0 100   0   0   0   0   0   0   0   0   0   0   0   0  1.71 0.22
  130 I   -2 -4 -4 -4 -2 -4 -4 -5 -4  5  1 -4  0  0 -4 -3 -2 -3 -2  3    0   0   0   0   0   0   0   0   0  64   5   0   0   4   0   0   0   0   0  27  0.76 0.15
  131 E   -1 -2 -1  1 -3  0  3 -3 -2 -1 -2  0 -2 -3 -2  0  4 -4 -3  1    2   0   1   5   0   0  31   0   0   1   1   2   0   0   0   2  38   0   0  16  0.39 0.12
  132 V   -2 -4 -4 -4 -2 -4 -4 -5 -4  4  0 -4  0 -2 -4 -3 -1 -4 -2  5    0   0   0   0   0   0   0   0   0  33   0   0   0   0   0   0   0   0   0  67  0.83 0.17
  133 V   -1 -3 -4 -4 -1 -3 -3 -4 -4  3  0 -3  0 -1 -3 -2 -1 -4 -2  5    0   0   0   0   0   0   0   0   0   6   0   0   0   0   0   0   0   0   0  94  0.68 0.10

                      K         Lambda
Standard Ungapped    0.1323     0.3149
Standard Gapped      0.0617     0.2670
PSI Ungapped         0.2015     0.3126
PSI Gapped           0.0617     0.2670
