
Last position-specific scoring matrix computed, weighted observed percentages rounded down, information per position, and relative weight of gapless real matches to pseudocounts
           A  R  N  D  C  Q  E  G  H  I  L  K  M  F  P  S  T  W  Y  V   A   R   N   D   C   Q   E   G   H   I   L   K   M   F   P   S   T   W   Y   V
    1 P   -2 -4 -4 -3 -5 -3 -3 -4 -4 -5 -5 -3 -4 -5  8 -2 -3 -6 -5 -4    0   0   0   0   0   0   0   0   0   0   0   0   0   0 100   0   0   0   0   0  2.68 0.34
    2 V   -2  0 -2 -3 -4 -1 -2 -3 -3 -3 -3  6 -3  1 -3  0  1 -4 -3  1    0   0   0   0   0   0   0   0   0   0   1  64   0   8   0   7   8   0   0  12  0.76 0.34
    3 K   -3  0 -2 -1 -6 -1 -1 -4 -3 -5 -5  7 -4 -6 -3 -3 -2 -6 -4 -5    0   1   1   3   0   0   2   0   0   0   0  91   0   0   0   0   2   0   0   0  1.66 0.56
    4 R   -4  8 -1 -1 -6 -1 -1 -5 -3 -4 -5  1 -2 -5 -5 -2 -4 -1 -4 -5    0  87   1   3   0   0   2   0   0   1   0   4   1   0   0   1   0   1   0   0  1.78 0.56
    5 R   -2  7 -2 -3  2  0  0 -4 -2 -5 -3  2 -3 -5 -4 -2 -2 -5 -4 -3    3  66   1   0   5   2   6   1   0   0   1  13   0   0   0   2   1   0   0   1  1.15 0.42
    6 N   -2 -3  8 -1 -1 -2 -1 -3  2 -6 -6 -1 -4 -5 -4  1 -2 -6 -4 -5    2   0  76   0   2   0   2   0   4   0   0   3   0   0   0  10   0   0   0   0  1.54 0.53
    7 A   -3  2  6 -1 -2 -1 -2  0  5 -5 -5 -1 -4 -5 -4 -1 -3 -5 -3 -5    1  14  54   0   1   2   0   8  16   0   0   1   0   0   0   3   0   0   0   0  1.11 0.43
    8 G   -2 -1 -3 -1 -5 -4 -3  7  1 -6 -6 -4 -5 -5 -4  0 -4 -5 -5 -6    0   3   0   3   0   0   1  84   4   0   0   0   0   0   0   6   0   0   0   0  1.63 0.50
    9 R   -4  7 -3 -4  4 -2 -3 -2  4 -5 -4  1 -4 -4 -4 -3 -3  1  0 -5    0  64   0   0  11   0   0   2  13   0   0   5   0   0   0   0   0   2   3   0  1.33 0.48
   10 S    4  0  4 -2 -2 -1 -2  0  1 -2 -4  0 -3 -4 -2  2 -1 -5 -3 -2   38   4  22   0   0   1   1   5   4   2   0   4   0   0   1  16   2   0   0   1  0.50 0.29
   11 Q   -3  1 -3 -3 -6  1 -2 -3 -3 -3 -3  7 -4 -6 -3 -2 -3 -5 -4 -5    0   5   0   0   0   4   0   2   0   1   2  82   0   0   1   2   1   0   0   0  1.47 0.56
   12 K   -3 -1  0 -2 -5 -1 -1  2  4 -5 -5  6  0 -5 -2 -2 -3 -5 -2 -4    0   0   3   1   0   1   3  15  12   0   0  58   2   0   2   2   0   0   1   1  0.93 0.43
   13 N   -1 -3  3  1 -3 -2 -2  6 -2 -5 -5 -1 -4 -5 -4 -1 -3 -5 -5 -3    4   1  13   9   0   1   1  63   1   0   0   2   0   0   0   3   0   0   0   2  1.07 0.40
   14 R   -3  6 -1 -4  3  0 -2 -4  4 -5 -3  3 -3 -5 -3 -2 -3  1 -3 -3    0  50   3   0   8   2   1   0  12   0   2  17   0   0   1   1   0   2   0   1  1.02 0.43
   15 G   -2 -3 -1 -1 -2 -4 -3  6 -2 -3 -6 -2 -5 -5 -4  1 -3 -5 -5 -5    0   1   2   2   1   0   1  77   1   2   0   2   0   0   0  10   0   0   0   0  1.40 0.49
   16 H   -3  1 -3 -3 -6 -2 -3 -5 10 -6 -3  1 -4 -4 -4 -1 -4 -5  1 -6    1   6   0   1   0   0   0   0  72   0   3   8   0   0   1   5   0   0   3   0  2.05 0.67
   17 T   -1 -4 -3 -2  0 -1  0 -4 -4  1 -1 -3  2 -3 -2 -2  1 -4 -3  5    3   0   1   2   1   2   6   0   0   3   1   0   5   0   1   2  10   0   0  61  0.68 0.36
   18 R   -2  2  0 -1  0  5  0  0  0 -4 -4  3 -3 -4  0 -1 -2 -1 -3 -3    1  11   4   3   2  37   2   7   2   0   0  18   0   1   4   2   1   1   0   1  0.58 0.30
   19 T   -2  1 -1 -3 -2 -2 -2 -3  0 -1 -1 -2  1  1  6  0  0 -3  0 -2    1   8   2   0   1   1   0   1   3   3   4   0   4   7  44   8   5   0   4   2  0.74 0.28
   20 V   -2 -4 -4 -4 -2 -3 -4 -4 -4  5  0 -3  0  1 -4 -3 -1 -3 -1  4    1   0   0   0   0   1   1   1   0  42   3   0   1   7   0   1   2   0   1  37  0.72 0.30
   21 P    0  5 -1 -2  3  2 -1 -2  4 -2 -2  0 -1 -2  0 -1 -1 -3 -1 -2    8  37   1   1   8  11   1   2  12   2   4   0   1   2   4   2   2   0   1   2  0.44 0.23
   22 C    0 -3 -4 -3 10 -4 -4 -2 -4 -3 -3 -4 -3 -2 -4 -2 -3 -4  0 -3    8   1   0   1  74   0   1   4   0   0   1   0   0   2   0   2   0   0   4   1  2.12 0.56
   23 T   -1 -1  0  3 -2 -1  0 -2 -2 -1 -2  0  2 -2  1  1  3 -3 -2 -1    3   1   2  20   0   1   5   1   0   4   1   4   8   2   7  11  25   0   0   4  0.25 0.17
   24 N   -1 -2  6 -1 -3  0 -1  0  1 -4 -3 -1 -3 -2 -3  1  1 -4 -3 -3    3   0  59   0   0   2   2   7   4   0   2   2   0   2   0   8   7   0   0   1  0.80 0.31
   25 C   -2 -4 -4 -4 10 -4 -4 -2 -4 -2 -2 -4 -3 -2 -4 -1 -1  0 -1  0    1   0   0   0  70   0   1   2   0   0   2   0   0   1   0   5   2   1   2   7  1.71 0.46
   26 G    2 -2 -1 -2  0 -2 -2  3 -1 -2 -3 -2 -2 -3  1  1  1 -3 -2 -1   27   1   2   0   2   0   1  28   2   0   1   0   0   0   7  11   9   0   1   5  0.34 0.17
   27 R    1  5 -2 -2  2  2 -1 -1 -1 -3 -2  1 -2 -3 -2 -1 -1  1 -2 -2   15  39   0   0   6  12   0   3   1   0   4   6   0   0   1   2   4   2   1   1  0.41 0.21
   28 Q    1  0 -1 -3  8 -2 -3 -2 -2 -1  0 -2  0 -1 -3 -1  0 -3  0  0   10   6   2   0  40   1   0   1   1   2   9   2   3   2   0   2   4   0   4   6  0.61 0.24
   29 V   -1 -2 -3 -3  3 -2 -2 -3 -3  2  1 -1  4 -1 -1 -2  0 -3 -2  3    3   0   0   0  10   0   2   1   0   7   7   3  17   0   3   1   5   0   0  39  0.30 0.16
   30 A    0  0 -3 -2 -3 -2 -2 -2  0 -3 -3 -2 -3 -1  7 -1 -2 -4 -3 -3    8   5   0   0   0   0   0   2   3   0   2   0   0   3  70   3   0   0   0   0  1.45 0.31
   31 K   -1  2  1 -1 -3  0  0 -1  1 -3 -3  5 -2 -4 -1 -1 -1 -3 -2 -3    2  11   9   0   0   0   4   3   3   0   1  58   0   0   2   2   3   0   0   0  0.55 0.21
   32 D   -1 -2  1  5 -3 -1  1  0  0 -3 -3 -1 -3 -3 -2  1  1 -3 -3 -3    4   1   3  54   0   0   4   5   3   1   1   1   0   0   1   9  13   0   0   1  0.56 0.16
   33 K   -1  3  0 -1 -3  1  1 -2 -1 -3 -3  5 -2 -3 -2 -1  0 -3 -2 -3    1  12   4   1   0   4   7   1   0   1   1  61   0   0   1   1   4   0   0   1  0.55 0.18
   34 A    3 -2 -2 -2  2 -1 -1  0 -2  0 -1 -1 -1 -2  2  1  1 -3 -2  0   40   1   0   1   6   0   1   6   0   6   1   1   0   0  12   7   9   0   0   9  0.25 0.11
   35 V   -1 -1 -2 -2 -2  1 -1 -3 -2  3  1  0  2 -1 -2 -1 -1 -2 -2  2    1   1   0   1   0   9   1   1   0  34  12   6   8   0   1   6   1   0   0  13  0.14 0.10
   36 K   -2  2  0 -2  3  0 -1 -2 -2 -3 -3  5 -3 -4 -3 -1 -1  2 -3 -1    1  12   3   0   7   2   0   3   0   0   1  57   0   0   0   3   2   3   0   4  0.70 0.31
   37 R   -2  5  0 -3 -3 -1 -2 -3 -2  1 -1  3  1 -3 -3 -2 -2 -3 -3  1    1  38   5   1   0   0   1   1   0   7   5  19   4   0   1   1   1   0   0  15  0.50 0.27
   38 Y   -3 -3 -1 -3 -3 -3 -1 -4 -2 -2 -1 -3  1  6 -4 -1  3  3  2 -1    1   0   4   0   0   0   4   1   0   0   4   0   5  43   0   4  21   3   5   4  0.66 0.33
   39 T    0  1  0 -2 -2  0 -1 -1  0  1 -1  0  0 -1 -2  0  1 -3 -1  2    7   9   5   0   0   3   2   3   2   7   3   6   2   3   0   6  12   0   2  27  0.10 0.12
   40 V   -2  0 -1 -2 -3 -1 -2 -4 -3  4 -1 -3  1 -1  1 -3  0  2  1  2    0   6   3   2   0   2   3   0   0  38   1   0   4   2   8   0   4   4   5  17  0.41 0.26
   41 R   -2  5 -2 -3 -2  3 -2 -1 -1 -2 -2  2 -1 -2 -2 -2 -2  1  3 -1    1  43   0   0   1  13   0   4   1   2   2   9   1   0   2   0   1   2  12   5  0.59 0.31
   42 D   -2 -1  7  0 -4 -2 -2 -1  0 -4 -5 -1 -2 -4  0  3 -1 -5 -4 -4    0   2  61   3   0   0   0   2   1   0   0   1   1   0   4  21   2   0   0   0  1.03 0.42
   43 M   -2 -2 -4 -4 -3 -3 -4 -4 -4  5  2 -2  3 -2  2 -3  0 -4 -3  1    0   2   0   0   0   0   0   0   0  47  15   2  11   0  12   0   5   0   0   5  0.61 0.29
   44 V   -1 -4 -5 -5 -3 -4 -4 -3 -5  3  0 -4 -1  0 -4 -3 -1 -4 -3  6    2   0   0   0   0   0   0   2   0  11   3   0   0   4   0   0   1   0   0  76  1.02 0.42
   45 D   -1 -1 -2  4 -5  0  6 -2 -2 -5 -5 -1 -4 -1  0 -2 -3 -5 -4 -4    4   3   0  22   0   1  56   3   0   0   0   2   0   3   4   1   0   0   0   1  0.92 0.41
   46 P    4 -3  0 -2 -3  1 -2  0  0 -3 -3 -2 -3 -4  3  0  0 -4 -3 -2   52   0   4   2   0   8   0   5   2   0   1   1   0   0  17   5   4   0   0   1  0.61 0.33
   47 S    4 -3  0  0 -2  1  0 -1 -3 -2 -3 -2 -3 -4 -2  2  1 -4 -3 -2   54   0   3   5   0   7   3   3   0   1   0   0   0   0   1  14   7   0   0   1  0.54 0.32
   48 S    4 -3 -1 -3  0 -2 -2 -1 -3  0  1 -2 -1 -3 -1  2  0 -3 -3  0   47   0   2   0   1   0   0   3   0   4  16   0   0   0   2  17   2   0   0   4  0.37 0.25
   49 K    1 -2 -3 -3 -2 -1 -2 -2  0  2  1 -1  1  0 -3 -2 -1 -3 -1  3   19   1   0   0   0   3   0   2   3  15  12   5   4   3   0   0   1   0   1  29  0.21 0.16
   50 R   -2  6 -1  2 -4  0  0 -2 -2 -4 -2  2 -3 -4 -3  0 -2 -4 -3 -3    2  55   2  12   0   2   2   2   0   0   5  11   0   0   0   5   0   0   0   0  0.78 0.34
   51 D   -2  1  0  6 -5 -2  2 -1 -3 -5 -5 -2 -4 -4 -3 -2 -3 -5  0 -4    3  10   3  63   0   0  12   4   0   0   0   0   0   0   0   0   0   0   3   0  1.10 0.42
   52 I   -2 -3 -4 -4 -3 -3 -4 -4 -4  4  2 -2  1  1 -4 -3  1 -3  1  2    0   0   0   0   0   0   0   0   0  34  25   2   2   6   0   0   9   0   4  11  0.47 0.29
   53 Q    1  1  0  0 -1  2  1 -2 -2 -2 -2  1 -2 -2  1  3  0 -4 -3 -3    9   9   2   4   2  11  10   1   0   2   2  11   0   1   6  26   4   0   0   0  0.27 0.21
   54 Q   -1  0  0  2 -4  1  4 -3 -2 -2 -2  2 -1 -4  0  0 -1 -4 -3 -2    5   5   5  10   0   5  38   0   0   2   4  13   1   0   4   4   2   0   0   2  0.44 0.26
   55 K    5 -1  0 -3 -2  0 -1  0 -3 -3 -3  0  0 -4 -2  0 -1 -4 -3 -1   57   3   4   0   0   5   2   5   0   0   1   6   2   0   0   3   2   0   0   4  0.51 0.35
   56 L   -1 -1  0 -2  4 -2 -2  1 -2 -1  0 -2 -2  1 -3  4  1 -3  0 -2    0   3   3   0   9   0   0  13   0   3   9   0   0   9   0  40   6   0   3   0  0.37 0.29
   57 A    2 -3  0 -3  2 -2 -2 -2 -3  1  0 -2 -1  0  1  0  0 -3 -2  2   19   0   6   0   5   0   0   0   0   9  10   0   0   5   6   9   5   0   0  24  0.17 0.15
   58 F   -2 -1 -2 -3  1 -2 -1 -3  2  2  0 -2  1  2 -3  0 -1  3  4  1    1   5   0   1   4   0   5   1   5  15   5   1   5   8   1   9   1   4  19  11  0.22 0.16
   59 E    0  0  2  3 -3  1  2 -3  1 -1 -2 -1 -2 -3  0  0  0 -3  0 -1    7   4  12  17   0   4  17   1   4   5   4   0   0   0   4   6   5   0   4   4  0.23 0.21
   60 N    1 -2  1  0  1  0  0  1 -1 -1 -1 -1  0  0  0  1  1  2  0 -1   10   1   7   4   3   6   4  12   0   1   7   1   3   6   5   9   8   3   4   4  0.07 0.08
   61 E    0  1  0  2 -2  1  1 -1 -1 -2 -2  1 -1  0  1  0  0 -2  0 -1   10   8   3  17   1   5   9   3   1   2   3  10   1   5   5   7   3   0   3   4  0.12 0.07
   62 K    2 -1  1  0 -2  1  1  1  1 -2 -2  0 -2 -2  0  0  0 -2 -1 -1   21   1   8   4   0   6  11  14   5   1   2   6   1   1   3   4   4   0   3   6  0.14 0.09
   63 Q   -3 -1 -1 -3  3  0 -3 -3  2  0 -2 -3 -2  3 -1 -3 -3  3  7 -2    1   4   4   1   7   5   1   1   4   5   1   1   0  11   4   1   1   4  43   1  0.78 0.32
   64 G    0 -1 -1 -1  0  0  0 -1  0  0  0  1  0 -2  2  0  0 -3 -2  2    9   1   3   3   2   3   5   4   2   3   6   9   3   0   9   4   5   0   0  27  0.09 0.10
   65 I   -1 -3 -4 -4 -3 -3 -4 -4 -4  2  4 -3  3  1  1 -3 -2 -3 -2  1    5   0   0   0   0   0   0   0   0  13  47   0   7   7   8   0   0   0   0  11  0.53 0.26
   66 P   -1 -3 -3 -3 -4 -1 -3 -4  0 -4 -2 -1  1 -4  7 -1 -1 -5 -4 -4    4   0   0   0   0   3   0   0   3   0   4   4   4   0  69   4   3   0   0   0  1.60 0.46
   67 K    0  2  1 -1 -3  1  1 -2 -1 -3 -2  4  1 -3 -2  1  0 -3 -2 -2    7  10   6   0   0   6   6   1   0   0   1  41   7   0   0   8   6   0   0   1  0.38 0.20
   68 L   -1  0 -2 -3 -2  0 -2 -3 -1  0  1 -2  1  2  3  0  0 -1  3  0    1   5   0   0   0   5   0   1   0   5  20   0   5  10  15  10   5   0  13   5  0.21 0.13
   69 Y   -3 -1 -2 -4  1 -3 -3 -2  1 -3 -1 -2 -3  2  1 -2  2 -1  7 -1    0   4   1   0   3   0   0   2   2   0   7   2   0   6   8   3  13   0  45   3  0.79 0.42
   70 V   -1 -1  0  0 -1 -2 -1 -3  0  3  0 -3  1 -1 -3 -1 -2 -3  1  3    4   3   5   6   1   1   3   1   2  20   5   0   4   2   0   3   0   0   5  33  0.26 0.22
   71 K   -2  0 -1 -3 -4 -1 -1 -3 -3 -1  0  5 -1 -3 -3 -1  2 -4 -1 -1    0   2   2   0   0   0   2   0   0   3   8  52   2   0   0   3  16   0   3   4  0.65 0.39
   72 L   -2  0  0 -2 -3  1  0 -3 -2  0  2  3  1 -1 -1 -1 -1 -3 -2  0    2   4   4   0   0   5   7   0   0   4  31  23   3   1   2   4   2   0   0   7  0.22 0.21
   73 Q   -2  0  1 -2  4  2 -2 -4  6 -2 -2 -2 -1  1 -4 -2 -1  4  3 -1    3   5   6   1  10  11   2   0  22   1   2   0   1   7   0   2   4   7  10   6  0.54 0.34
   74 Y   -4 -4 -3 -3 -1 -4 -5 -5  2 -2 -1 -4 -3  1 -5 -2 -4  1  9 -4    0   0   1   2   2   0   0   0   4   2   5   0   0   3   0   2   0   2  76   0  1.97 0.70
   75 C   -4 -3 -6 -7 11 -6 -6 -3 -1 -5 -3 -6 -5 -6 -6  0 -4 -6 -2 -4    0   2   0   0  84   0   0   2   2   0   2   0   0   0   0   7   0   0   2   0  2.96 0.90
   76 I   -3 -5 -5 -5 -3 -4 -3 -1 -5  5  0 -4  2 -3 -5 -4 -1 -5 -1  5    0   0   0   0   0   0   2   5   0  34   3   0   4   0   0   0   2   0   3  47  0.91 0.42
   77 S    0 -1  1 -3 -1 -1 -1 -1 -3 -5 -5 -3 -4 -5 -3  6  0 -5 -4 -4    3   3   5   0   1   1   4   4   0   0   0   0   0   0   0  75   3   0   0   0  1.14 0.54
   78 C    0 -6 -6 -6 11 -6 -6 -5 -6 -4 -3 -6 -4 -5 -6 -2 -4  1  0 -4    7   0   0   0  82   0   0   0   0   0   3   0   0   0   0   3   0   2   3   0  2.79 0.75
   79 A    6 -4 -4 -3 -3 -3 -3 -1 -4 -3 -4 -3 -3 -5 -3 -1  1 -5 -4 -1   85   0   0   1   0   0   0   1   0   0   0   0   0   0   0   2   8   0   0   3  1.25 0.49
   80 I   -3 -5 -5 -5  3 -5 -5 -6 -5  7 -1 -5 -1  0 -5 -3 -2 -5 -3  3    0   0   0   0   7   0   0   0   0  71   1   0   0   3   0   1   2   0   0  15  1.22 0.44
   81 H   -4 -3 -2 -4 -6 -1 -3 -5 10 -6 -4 -4 -4  0 -3 -1 -4 -5  1 -6    0   0   0   0   0   1   0   0  84   0   1   0   0   4   2   4   0   0   4   0  2.42 0.65
   82 S    1  1  0 -2  1  1 -2 -1 -1 -2 -1 -1 -2  1 -3  4 -1 -3  1 -3    9   7   3   0   3   7   0   3   1   1   7   3   0   7   0  42   1   0   6   0  0.32 0.24
   83 R   -2  3 -1 -3 -5 -1 -1  3  3 -5 -4  5 -3 -5 -3 -1 -2 -5 -3 -4    0  17   1   0   0   0   2  21   7   0   0  46   0   0   0   2   2   0   0   0  0.77 0.34
   84 V   -1 -2 -4 -4 -3 -3 -3 -4 -2  4  0 -2 -1  0 -4 -3 -1 -4 -2  5    4   2   0   0   0   1   1   1   1  32   3   2   0   4   0   0   3   0   0  46  0.66 0.29
   85 V   -2 -1 -4 -2 -3 -4 -3 -4 -5  3  1 -2 -1 -2 -4 -3 -2 -5 -3  6    0   3   0   3   0   0   1   1   0  15  10   3   0   0   0   0   1   0   0  65  0.81 0.34
   86 R   -3  7 -2 -3 -5  0 -2 -2 -3 -5 -4  4 -3 -5 -4 -1 -3 -5 -4 -2    0  62   0   0   0   1   0   3   0   0   0  26   0   0   0   4   0   0   0   3  1.24 0.42
   87 V   -1 -3  5 -2  1 -2 -3 -2 -3  2 -2 -2 -2 -3  0 -1 -1 -5 -3  3    3   0  35   0   4   1   0   1   0  14   0   1   0   0   5   2   1   0   0  33  0.54 0.29
   88 R   -3  7 -2 -3 -1  1 -2 -1  1 -5 -3  0 -3 -5 -1 -1 -3 -5 -3 -4    0  76   0   0   2   4   0   4   3   0   2   0   0   0   3   4   0   0   0   0  1.29 0.41
   89 C    1  0 -1 -2  2 -2 -2 -2 -3 -4 -4 -2 -3 -3  2  5 -1 -5 -4 -3    8   4   1   0   5   0   0   0   0   0   0   1   0   1  10  69   0   0   0   0  0.89 0.37
   90 A   -1  5 -2 -2  3  0  2 -3  2 -3 -3  2 -3 -4  1 -1 -1 -1 -2 -1    2  38   0   1   7   1  13   0   6   1   0  11   0   0   6   4   4   1   1   6  0.48 0.23
   91 E   -1 -1 -1  2 -5  1  6 -3 -1 -4 -4  1 -4 -3 -3 -1  0 -1 -4 -3    4   1   1  10   0   3  61   1   1   0   1   8   0   1   0   2   5   1   0   2  0.89 0.34
   92 D    3 -2  0  3 -3  0  2  1 -2 -3 -3  0 -2 -4 -1  0 -1 -4 -1 -2   32   1   3  17   0   2  19   8   0   0   1   5   1   0   2   3   2   0   3   2  0.35 0.20
   93 R   -4  7 -1 -4  1  1 -2 -5  1 -5 -4  0 -4 -5 -1 -3 -3  4 -3 -5    0  73   3   0   4   5   0   0   4   0   1   0   0   0   3   0   0   6   0   0  1.38 0.47
   94 R   -3  4  0 -3 -5 -1  0 -4 -3 -5 -5  6 -2 -5 -4 -2 -3 -5 -4 -5    0  26   4   0   0   0   3   0   0   0   0  65   1   0   0   1   0   0   0   0  1.30 0.44
   95 I   -2 -1  3  4  1  0  0 -3 -2  2 -2  0 -2 -4 -1  0 -1 -5 -3 -1    0   2  15  33   4   4   4   0   0  17   1   5   1   0   2   4   3   0   0   4  0.40 0.21
   96 R   -3  7 -3 -3 -5  3  0 -3 -1 -5 -3  1  0 -5 -3 -2 -3 -1 -4 -4    1  65   0   0   0  14   4   1   1   0   1   5   3   0   1   2   0   1   0   0  1.20 0.40
   97 R    1  0 -1 -1 -3 -1  0 -2 -3 -1 -2  0 -2 -4  2  0  5 -4 -3 -1   13   6   2   3   0   2   6   1   0   4   3   5   0   0   8   0  47   0   0   1  0.44 0.24
   98 P   -3 -5 -4 -4 -5 -4 -4 -5 -5 -5 -5 -3 -5 -6  9 -3 -3 -6 -5 -5    0   0   0   0   0   0   0   0   0   0   0   0   0   0 100   0   0   0   0   0  2.92 0.51

                      K         Lambda
Standard Ungapped    0.1345     0.3230
Standard Gapped      0.0488     0.2670
PSI Ungapped         0.1599     0.3124
PSI Gapped           0.0488     0.2670
