
Last position-specific scoring matrix computed, weighted observed percentages rounded down, information per position, and relative weight of gapless real matches to pseudocounts
           A  R  N  D  C  Q  E  G  H  I  L  K  M  F  P  S  T  W  Y  V   A   R   N   D   C   Q   E   G   H   I   L   K   M   F   P   S   T   W   Y   V
    1 K   -1  2  0 -1 -3  4  1 -2  0 -3 -3  4 -1 -4 -1  0 -1 -3 -2 -3    0   0   0   0   0  38   0   0   0   0   0  62   0   0   0   0   0   0   0   0  0.57 0.05
    2 K    0  3 -1 -1 -3  0  0  1 -1 -3 -3  4 -2 -3 -2  0 -1 -3 -2 -1    7  12   0   0   0   0   0  11   0   0   0  60   0   0   0   6   0   0   0   5  0.42 0.09
    3 G    2 -1 -1 -2 -2 -1 -2  4 -2 -3 -3  0 -2 -3 -2  1 -1 -3 -3 -1   31   3   0   0   0   0   0  48   0   0   0   7   0   0   0   6   0   0   0   3  0.52 0.08
    4 G    2  2 -1 -1 -3  0  0  2 -1 -3 -2  2 -2 -3  0  0  0 -3 -2 -2   23  18   0   0   0   2   6  18   0   0   1  22   0   0   4   1   4   0   0   0  0.28 0.07
    5 K   -2  4 -1 -2 -4  2  0 -3 -1 -3 -3  5  0 -4 -2  0  0 -4 -3 -2    0  24   0   0   0   7   1   0   0   0   0  55   2   0   0   3   4   0   0   3  0.62 0.17
    6 K   -2  2  0 -2 -4  2  0 -3  0 -4 -4  6 -3 -4 -2 -1 -2 -4 -3 -4    0   4   4   0   0   6   0   0   2   0   0  83   0   0   0   0   0   0   0   0  0.99 0.26
    7 K   -2  1 -1 -2 -4  1  0 -1 -2 -4 -4  6 -3 -4 -2  0 -2 -4 -3 -4    0   1   1   0   0   2   4   2   0   0   0  85   0   0   0   4   0   0   0   0  1.01 0.27
    8 W   -4 -2 -6 -6 -4 -4 -5 -5 -4 -4 -2 -5 -3 -1 -6 -3 -4 12  0 -3    0   2   0   0   0   0   0   0   0   0   2   0   0   0   0   2   0  92   0   2  3.41 0.51
    9 T    1 -2  1 -2 -2 -2 -2 -1 -2 -3 -3 -2 -3 -4 -2  5  4 -4 -3 -2    6   0   4   0   0   0   0   1   0   0   0   0   0   0   0  60  27   0   0   2  0.73 0.27
   10 K   -1  1 -2 -2 -4  2 -1 -3 -2 -4 -4  6 -3 -4 -3 -1 -2 -4 -1 -4    4   3   0   0   0   7   0   0   0   0   0  81   0   0   0   3   0   0   2   0  1.04 0.32
   11 G    0 -2 -2 -2  0 -1 -2  5 -3 -2 -4  0 -3 -4 -3 -1  1 -4 -4 -2    3   0   0   0   2   2   2  65   0   2   0   9   0   0   0   3   9   0   0   3  0.80 0.23
   12 K    0  3 -1 -2 -4  0 -1 -3 -1 -3 -3  5 -3 -4 -2 -1  1 -4 -3 -3   10  15   2   1   0   1   0   0   1   1   0  59   0   0   1   0   8   0   0   0  0.71 0.26
   13 A    0 -3  0 -3 -2  1 -3 -4 -3  1 -1 -1  0 -3 -3  0  0 -4 -3  5    6   0   5   0   0   7   0   0   0   3   1   3   2   0   0   6   6   0   0  61  0.53 0.29
   14 K   -3  5 -2 -3 -5  3 -1 -3 -2 -5 -4  5 -3 -5 -2 -2 -3  1 -3 -4    0  42   0   0   0  12   0   1   0   0   1  40   0   0   1   0   0   3   0   0  1.03 0.38
   15 D   -2 -3 -1  7 -6 -2  5 -2 -3 -6 -6 -2 -5 -6 -4 -2 -3 -6 -5 -5    2   0   0  61   0   0  36   2   0   0   0   0   0   0   0   0   0   0   0   0  1.51 0.51
   16 K   -1  0 -3 -3 -5 -1 -2 -4 -3 -5 -5  7 -1 -5 -4 -3 -2 -6 -4 -3    4   2   0   0   0   0   0   0   0   0   0  89   2   0   0   0   2   0   0   2  1.59 0.57
   17 V    2  0 -4 -4 -3 -3 -3 -4 -4  0  4 -3  0 -1 -4 -1 -1 -4 -3  2   22   6   0   0   0   0   0   0   0   3  44   0   1   1   0   3   2   0   0  19  0.46 0.28
   18 N   -1 -1  6  2 -5  3  0 -2 -1 -5 -5 -2 -4 -5 -4 -1 -2 -5 -2 -4    4   3  54  13   0  17   4   1   0   0   0   1   0   0   0   1   1   0   1   1  1.05 0.46
   19 H   -3 -1  7 -1 -5 -2 -3 -3  6 -5 -5 -2 -4 -1 -5 -2 -3  2  1 -5    1   3  59   1   0   0   0   0  24   0   0   1   0   2   0   1   0   3   5   0  1.44 0.56
   20 A    3 -2 -2 -3 -3  0 -2 -3 -1 -1  2  0  3 -2  1  0 -1 -4 -2 -1   37   0   1   0   0   3   0   0   1   1  27   8   9   0   5   5   1   0   1   2  0.35 0.27
   21 V   -2 -5 -5 -5  2 -4 -5 -5 -5  1 -2 -5 -2 -3 -3 -4  1 -5 -4  7    2   0   0   0   4   0   0   0   0   4   0   0   0   0   1   0   8   0   0  82  1.31 0.54
   22 F   -2 -4 -4 -5 -1 -4 -4 -5 -2  2  4 -4  1  2 -4 -2 -1 -1  0  1    1   0   0   0   1   0   0   0   1  13  56   0   2   8   0   3   2   1   2  10  0.64 0.30
   23 I   -4 -5 -5 -5 -2 -5 -5 -5 -4  2  2 -5  0  7 -4 -3 -3  1  1  0    0   0   0   0   1   0   0   0   0  12  22   0   1  55   1   2   1   1   2   3  1.10 0.43
   24 E   -1 -4  1  7 -5 -2  1 -2 -2 -5 -4 -2 -5 -6 -4 -1 -2 -6 -5 -5    4   0   5  73   0   0   7   2   1   0   2   1   0   0   0   3   2   0   0   0  1.40 0.51
   25 K   -1  0  1  0 -5  3  0 -3 -3 -5 -4  6 -3 -5  1 -2 -2 -5 -4 -4    3   1   7   6   0  14   3   0   0   0   1  57   0   0   6   0   2   0   0   0  0.91 0.45
   26 K    3 -2  0  1 -3  0  3 -1 -2 -2 -3  0 -3 -4  1  0  1 -4 -3 -1   35   0   3   7   0   2  20   2   0   1   1   6   0   0   6   5   8   0   0   3  0.35 0.25
   27 N    1 -3  0 -2 -3  0 -2 -2 -3 -1 -1 -1 -2 -3 -3  0  5 -4 -2  0   10   0   4   1   0   4   2   1   0   3   7   3   0   0   0   5  52   0   2   5  0.56 0.35
   28 V    1 -3 -2 -3 -1 -1 -3 -3  1 -2 -1 -3  0  2 -4 -1 -2 -1  7 -1   11   0   2   1   1   3   0   1   2   2   4   0   3   8   0   5   2   0  49   4  0.85 0.42
   29 E   -1 -3  1  6 -5 -1  3 -3 -3 -4 -4  0  1 -5 -3  0 -1 -5 -3 -4    5   0   5  51   0   2  18   1   0   0   0   5   4   0   0   5   2   0   1   0  0.89 0.40
   30 S   -3  3  1 -1 -5  0  0 -4 -3 -5 -4  6 -1 -5 -3 -1 -3 -5 -4 -4    0  17   6   3   0   3   4   0   0   0   0  60   1   0   0   4   0   0   0   0  1.04 0.47
   31 I   -3 -4 -5 -5  1 -4 -1 -5 -5  4  4 -4  2  0 -2 -4 -3 -4 -3  0    0   0   0   0   3   0   4   0   0  25  56   0   5   3   2   0   0   0   0   3  0.81 0.39
   32 I   -1 -2 -1 -2  5 -1 -1 -3  0  0  2 -2  2  0 -3 -1 -1  0  2  0    5   1   4   1  16   3   5   0   2   5  25   1   5   3   0   4   1   1   8   5  0.21 0.18
   33 N   -1  1  1 -2 -4  0  1 -3 -2 -3 -2  5 -1 -4 -3  0  0 -4 -3 -1    3   4   7   0   0   2   8   0   0   0   5  51   2   0   0   8   6   0   0   4  0.59 0.35
   34 N   -1 -1  1  3 -3  1  4 -1 -1 -3 -3  1 -2 -3 -2  0 -1 -3 -3 -1    4   0   5  15   0   5  40   5   0   0   1  11   0   0   0   5   1   0   0   6  0.44 0.21
   35 P    0 -3 -3 -3 -2 -2 -1 -1 -2  2  0 -2  1  1  2 -2 -1 -2  1  3    7   0   0   1   0   0   5   4   0  17   6   1   3   5  11   1   1   0   5  33  0.23 0.16
   36 S   -1 -3 -2 -2  1  0 -2 -1 -3  0 -1 -2  0 -3  5  1  0 -3 -1  1    3   0   0   0   4   6   0   3   0   6   3   0   3   0  38  14   5   0   3  11  0.58 0.23
   37 K   -1  0  3  0 -3  1 -1 -2  1 -3 -3  3  0 -3  1  1  0 -3 -2 -2    4   3  17   3   0   4   1   1   4   1   1  33   3   1   7  10   5   0   0   1  0.34 0.19
   38 V    0 -1  1 -2 -2 -1 -2  0  2 -1  0  0  2  1 -2 -1  0 -2  2  0    9   0   9   0   0   0   1   9   9   0   9   9   9   9   0   1   9   0   9   9  0.08 0.11
   39 G    0  0  0  0  0  1  0  0 -1  0  0  1  0  1  0  1  0  1  0  0    7   3   2   4   2   8   3   7   1   5   7  10   2  10   3  12   3   2   3   5  0.02 0.02
   40 K   -1  3  0 -2 -4  1 -1 -3 -2 -4 -4  6 -3 -4 -3 -2 -2 -4 -3 -4    3  14   5   0   0   6   1   1   0   0   1  66   0   0   0   1   0   0   0   1  1.01 0.36
   41 V   -2 -3 -4 -4  2 -2 -4 -4 -3  1  4 -3  2  1 -2 -2 -1 -3  0  1    0   0   0   0   4   2   0   0   0   7  54   0   4   6   2   3   2   0   4  12  0.52 0.25
   42 L   -3 -4 -4 -5 -3 -4 -4 -5 -4  6  0 -2  1 -2 -4 -4  0 -4  0  3    0   0   0   0   0   0   0   0   0  63   5   3   3   0   0   0   5   0   4  16  0.92 0.37
   43 T   -2 -3 -2 -3 -3 -3 -3 -4 -4 -1 -3 -3  2 -4  0  2  7 -5 -4 -2    0   0   0   0   0   0   0   0   0   3   0   0   7   0   3  14  72   0   0   0  1.22 0.52
   44 V   -1 -1 -3 -3 -4  1 -2 -4  1  0 -1 -1 -2 -4  6 -2 -1 -5 -3  2    5   4   0   0   0   7   0   0   4   6   5   2   0   0  47   2   2   0   0  15  0.89 0.32
   45 S    2 -2  0  0  1 -2 -2  0  1 -2 -1 -2 -2  0  0  2  1 -3  0 -1   21   0   5   4   4   0   0   6   4   0   4   0   0   4   4  24   9   0   4   4  0.20 0.21
   46 T   -1  0  0 -2 -2  0 -1 -1 -2  2  0  0  1 -2 -2  0  1 -3  0  2    4   4   4   0   0   5   4   4   0  13   6   8   4   0   0   6  12   0   4  23  0.11 0.15
   47 V    0 -2  0 -3 -2 -2 -2 -3 -2  2  2 -2  0  1 -3 -2 -1  4 -1  2    7   1   7   1   0   0   1   1   0  10  33   1   0   7   1   1   1   6   0  23  0.23 0.11
   48 V    1 -2 -1 -2  2 -1 -2 -2 -2  0 -1 -1  1  0  1  3  1 -3 -2  1    6   0   0   0   6   0   1   1   0   7   1   0   5   5   5  41   6   0   0  14  0.22 0.14
   49 E   -2  0  1  4 -4  1  4 -2  1 -3 -3  1 -3 -4 -2 -1 -1 -4 -3 -2    1   3   7  26   0   5  44   1   3   0   1   5   0   0   0   0   0   0   0   3  0.58 0.17
   50 K    1  2 -1 -1 -2  2  0 -2 -1  0 -1  2 -1 -2 -1  0  1 -2 -2  0   15  15   1   1   0  15   1   1   0  15   1  15   0   1   1   1  15   0   0   1  0.14 0.05
   51 L   -2 -1 -3 -3 -2 -2 -3 -3 -2  1  3 -2  2  2  0 -2 -2  3  1  0    1   4   1   1   0   1   1   1   0   8  51   1   5  10   4   1   1   4   6   1  0.31 0.12
   52 K   -1  2  1 -1 -3  1  0  0  1 -3 -2  4  0 -3 -2 -1  0 -3 -2 -2    1   7   5   1   0   4   4   9   5   1   1  51   4   0   1   1   5   0   0   1  0.38 0.15
   53 V   -1 -2 -2 -3  3 -2 -2 -3 -2  1  1 -2  2  2 -2  0  1 -1  2  1    1   1   0   1  10   0   1   1   0  11  11   1  10  10   1  11  11   0  10  11  0.16 0.10
   54 N   -1  2  3 -1  1  1 -1  0  3 -3 -2  0 -2 -3  0  1  0 -3  0 -3    4  12  23   0   4   7   1   7   9   0   4   4   0   0   4  10   4   0   4   1  0.25 0.17
   55 G    0 -1 -2 -1  2 -2 -1  5 -3  0 -2 -2 -2 -3 -3 -1 -2 -3  0  0    9   3   0   3   5   0   3  49   0   7   4   0   0   0   0   4   0   0   3  10  0.48 0.24
   56 S    1 -3 -1 -2 -3 -2 -2  0 -3 -4 -4 -2 -3 -1  0  5  1  3 -3 -3    7   0   0   0   0   0   0   4   0   0   0   0   0   3   4  65   9   5   0   0  0.77 0.37
   57 L   -1 -3 -4 -4  3 -1 -3 -4 -3  1  4 -3  3 -1 -1 -3 -2 -3 -2  1    3   0   0   0   7   3   0   0   0   5  61   0   8   0   3   0   0   0   0   8  0.53 0.23
   58 A    5 -2 -2 -1 -2 -2 -2  1 -2 -2 -2 -2 -2 -3 -2  1 -1 -3 -2  0   71   1   1   3   0   1   1   7   0   1   1   1   0   0   1   7   1   0   0   4  0.59 0.24
   59 R   -1  6  0 -2 -3  1 -1 -1  0 -3 -3  2 -2 -3 -2 -1 -2 -3 -2 -3    5  61   3   1   0   4   1   5   2   1   1  13   0   0   1   1   1   0   0   1  0.75 0.24
   60 Q    2  2 -1 -1 -2  1  0 -2 -1  0 -1  2 -1 -2 -2  1  0 -3 -2  0   30  11   2   1   0   6   2   0   1   6   3  17   1   1   0  11   2   0   0   5  0.19 0.13
   61 L    4 -3 -3 -3  1 -2 -2  1 -3  0 -1 -2  0 -3  1  0 -1 -3 -3  0   54   0   0   0   3   0   0   9   0   6   6   0   2   0   7   2   2   0   0   6  0.41 0.21
   62 M   -3 -4 -4 -5 -1 -4 -4 -5 -4  4  5 -4  1 -1 -3 -4 -3 -3 -3  0    1   0   0   0   1   0   0   1   0  23  64   0   3   2   1   1   0   0   0   2  0.90 0.34
   63 R    0  4  0 -1 -4  4  1 -3 -1 -2 -3  2 -2 -4 -3 -1 -2 -4 -2 -2    6  25   5   1   0  28   8   1   1   2   1  15   0   0   0   3   1   0   1   2  0.56 0.26
   64 T   -1 -2 -1  3 -4  2  5 -2  3 -2 -3 -1 -2 -2 -3 -2 -2 -4 -1 -3    3   0   0  20   0   9  42   2   9   2   3   2   1   2   0   1   1   0   2   0  0.68 0.30
   65 M   -3 -4 -5 -5  0 -4 -4 -5 -4  0  6 -4  2  1 -4 -4 -3 -3 -3 -1    1   0   0   0   2   0   0   1   0   2  80   0   4   5   0   1   0   0   0   1  1.11 0.40
   66 A    0  0 -2 -1  3  0  3 -3  2 -1  2 -1  1 -1 -3 -1 -1  0 -1 -1    8   4   0   2   7   3  25   1   6   1  25   2   5   2   0   2   2   1   1   3  0.21 0.17
   67 D    1  1  0  0 -3  0  2 -1 -1 -3 -3  1 -2 -4 -2  3 -1 -4 -3 -2   13   9   3   4   0   3  14   3   1   1   1   8   0   0   0  35   1   0   0   1  0.35 0.21
   68 R   -2  2  0  0 -4  2  2 -2 -2 -4 -3  6 -3 -4 -3 -1 -2 -4 -3 -4    1   8   3   3   0   9  11   2   0   0   1  55   0   0   0   2   1   0   0   0  0.80 0.33
   69 K   -1 -2  0 -1 -4 -3 -1  6 -3 -5 -5  0 -4 -4 -3 -2 -3 -4 -4 -4    2   2   5   2   0   0   4  74   0   0   1   7   0   0   0   1   0   0   0   0  1.25 0.39
   70 L   -2 -2 -3 -2 -3  1 -2 -4 -2  1  4 -1  1  0 -3 -1 -1 -3 -1  0    2   1   0   3   0   7   1   1   1   8  52   4   3   2   0   4   3   0   1   6  0.39 0.21
   71 V   -3 -4 -4 -4 -3 -4 -4 -5 -2  7  0 -4  0 -1 -4 -2 -1 -4 -3  1    1   0   0   0   0   0   0   1   1  76   5   0   1   2   0   3   3   0   0   4  1.16 0.41
   72 E   -1  3 -1 -3 -1  0 -1 -3 -1 -3 -3  6 -3 -4 -3 -1 -1 -4 -3 -1    4  17   2   0   2   2   2   1   1   0   1  57   0   0   0   3   2   0   0   6  0.81 0.35
   73 K   -1  0 -2 -3  1  1  0 -3 -1  0  2  0  2 -2  3 -1 -1 -3 -2 -1    2   5   2   0   3   6   5   1   1   3  31   8   6   0  18   2   2   0   0   3  0.29 0.17
   74 V   -1 -5 -3 -5 -3 -2 -5 -5 -5  3  1 -4 -1 -2 -5 -4 -1 -5 -4  6    4   0   1   0   0   2   0   0   0  14   9   0   0   1   0   0   2   0   0  68  1.07 0.44
   75 A   -1 -3 -1 -1  3 -1 -2  0 -3  0 -2 -1 -3 -3 -3  5 -1 -5 -4  2    2   1   1   3   6   2   1   6   0   4   4   2   0   1   0  50   1   0   0  16  0.50 0.33
   76 K    1  1  0 -2  1  1  0 -1  2 -2 -2  4 -1 -4 -3 -1  0 -4 -2 -1   11   5   5   1   3   7   4   4   6   1   2  36   1   0   0   2   4   0   1   6  0.32 0.22
   77 N   -3 -3  0 -1 -5  0 -2 -3 10 -6 -3 -3 -4 -4 -4  1 -3 -5 -1 -6    1   0   3   3   0   3   1   1  70   0   2   0   0   0   1  12   1   0   0   0  1.98 0.65
   78 G    1  4  1 -3 -2 -1 -2 -1  6 -5 -4  0 -3 -4 -3  3 -1 -5 -1 -4   12  23   6   0   1   1   0   3  21   0   0   2   0   0   0  28   2   0   1   0  0.67 0.35
   79 N    3  1 -1 -1 -3 -1 -2  1  1 -4 -4  2 -3 -4 -3  3  0 -4 -3 -2   30   8   2   2   0   1   0   8   4   0   0  16   0   0   0  22   5   0   0   2  0.43 0.27
   80 Q   -3 -2 -2 -4 -3  7 -2 -4  2 -1 -1 -2  2 -1 -2 -2 -2 -5 -1 -4    1   0   1   0   1  66   0   1   5   4   7   0   5   2   2   2   1   0   2   0  1.27 0.57
   81 W   -1  1 -1 -2 -1  2 -2 -1 -2  0  1  1  1  0 -3 -1 -1  2  0  2    4   9   2   1   1  14   0   4   0   2  14   8   4   3   0   2   2   3   4  23  0.15 0.16
   82 V   -3 -6 -6 -6  0 -5 -6 -6 -6  7  0 -5 -1 -3 -5 -5 -2 -5 -4  3    1   0   0   0   2   0   0   0   0  73   6   0   1   0   0   0   1   0   0  17  1.48 0.53
   83 Y   -5 -5 -4 -7 -1 -5 -6 -7 -2 -5 -3 -5 -4  2 -7 -5 -5 -1 10 -5    0   0   1   0   1   0   0   0   0   0   1   0   0   7   0   0   0   0  90   0  2.75 0.81
   84 S   -1 -4 -3 -4 -2 -4 -4 -5 -5 -2 -3 -4 -4 -5 -3  1  7 -6 -5 -3    4   0   0   0   0   0   0   0   0   2   2   0   0   0   1   7  85   0   0   1  1.69 0.64
   85 V   -3  8 -3 -4 -6 -2 -3 -3 -3 -5 -5  2 -2 -6 -5 -4 -3 -6 -5 -2    1  82   1   0   0   0   0   2   0   0   0   9   1   0   0   0   1   0   0   3  1.81 0.60
   86 I    5 -3  1 -3 -2 -3 -3 -2 -2  0 -2 -2 -2 -4 -3  0  1 -5 -3  2   56   0   8   1   0   0   0   0   1   4   1   1   0   0   0   3  11   0   0  14  0.61 0.30
   87 G    1 -2 -2 -2 -3 -3 -3  1 -4  0 -2 -3 -2 -4  1  0  5 -4 -3  1    9   1   0   1   0   0   0  11   0   6   1   0   0   0   8   3  51   0   0   9  0.58 0.28
   88 G    2 -1  4 -2 -3 -1 -2  2 -2 -4 -4  3 -2 -4  0  0  0 -4 -3 -3   24   0  22   0   0   1   0  15   0   0   0  25   0   0   3   3   6   0   0   1  0.45 0.22
   89 V    3 -2 -1 -1 -2 -2 -1  2 -3 -2 -3  0 -2 -4 -1  1  2 -4 -3  0   33   0   1   3   0   0   2  18   0   1   0   4   0   0   1  10  19   0   0   7  0.35 0.18
   90 K    1 -1  0  3 -3  0  4  1 -2 -4 -4  0 -3 -4 -2  1  1 -4 -3 -3   11   2   4  17   0   0  36   9   0   0   0   6   0   0   0   7   8   0   0   0  0.45 0.15
   91 E   -1 -2  0  5 -5  0  5 -2 -2 -4 -4  0 -4 -5 -3 -1 -2 -5 -4 -4    5   0   2  40   0   0  48   1   0   0   0   3   0   0   0   1   1   0   0   0  0.96 0.23
   92 D   -2 -1  1  5 -4  0  5 -2 -1 -4 -4 -1 -3 -4 -2 -1 -2 -4 -3 -4    0   0   3  42   0   0  53   0   0   0   0   0   0   0   0   2   0   0   0   0  0.91 0.13
   93 K   -1  1  0  1 -4  2  4 -2 -1 -3 -3  4 -2 -4 -1  0 -1 -3 -2 -3    0   0   0   0   0   0  56   0   0   0   0  44   0   0   0   0   0   0   0   0  0.60 0.04

                      K         Lambda
Standard Ungapped    0.1277     0.3097
Standard Gapped      0.0480     0.2670
PSI Ungapped         0.1578     0.3137
PSI Gapped           0.0480     0.2670
70
