
Last position-specific scoring matrix computed, weighted observed percentages rounded down, information per position, and relative weight of gapless real matches to pseudocounts
           A  R  N  D  C  Q  E  G  H  I  L  K  M  F  P  S  T  W  Y  V   A   R   N   D   C   Q   E   G   H   I   L   K   M   F   P   S   T   W   Y   V
    1 V   -3 -3 -4 -5 -3 -2 -4 -5 -3  0  1 -3 10 -2 -4 -3 -2 -3 -3  0    0   0   0   0   0   0   0   0   0   1   1   0  95   0   0   0   0   0   0   2  1.80 0.31
    2 K   -2  1 -2 -2 -5  0 -1 -3 -2 -4 -4  7 -3 -5 -3 -2 -2 -5 -3 -4    0   0   0   0   0   0   0   0   0   0   0 100   0   0   0   0   0   0   0   0  1.39 0.25
    3 E   -2 -1 -1 -1 -5  8  2 -3 -1 -4 -4  0 -2 -5 -3 -1 -2 -4 -3 -4    1   0   1   0   0  87   6   0   0   0   0   3   0   0   0   2   0   0   0   0  1.39 0.26
    4 L   -3 -4 -5 -5 -3 -3 -4 -5 -4  0  6 -4  1 -1 -4 -4 -2 -3 -2  0    0   0   0   0   0   0   0   0   0   0  99   0   1   0   0   0   0   0   0   0  1.08 0.20
    5 L   -3 -4 -5 -5 -3 -4 -4 -5 -4  0  6 -4  1 -1 -4 -4 -3 -3 -2  0    0   0   0   0   0   0   0   0   0   0 100   0   0   0   0   0   0   0   0   0  1.10 0.20
    6 E   -2 -2 -2  0 -5  0  7 -4 -2 -5 -5 -1 -4 -5 -3 -2 -2 -5 -4 -4    0   0   0   0   0   0 100   0   0   0   0   0   0   0   0   0   0   0   0   0  1.55 0.26
    7 A    6 -3 -3 -3  1 -2 -2 -1 -3 -3 -3 -2 -2 -4 -2  1 -1 -4 -3 -1   92   0   0   0   3   0   0   0   0   0   0   0   0   0   0   4   1   0   0   1  0.96 0.21
    8 G   -1 -4 -2 -3 -4 -3 -4  7 -4 -5 -5 -3 -4 -5 -4 -2 -3 -4 -5 -5    0   0   0   0   0   0   0 100   0   0   0   0   0   0   0   0   0   0   0   0  1.74 0.23
    9 V   -2 -4 -4 -5 -2 -4 -4 -5 -5  1 -1 -4 -1 -2 -4 -3 -1 -4 -3  6    0   0   0   0   0   0   0   0   0   0   0   0   0   0   0   0   0   0   0 100  1.17 0.23
   10 H   -4 -2 -1 -3 -5 -1 -2 -4 10 -5 -5 -3 -3 -3 -4 -3 -4 -4  0 -5    0   0   0   0   0   1   0   0  99   0   0   0   0   0   0   0   0   0   0   0  2.42 0.33
   11 F   -4 -5 -5 -5 -4 -5 -5 -5 -3 -2 -1 -5 -2  8 -5 -4 -4 -1  2 -2    0   0   0   0   0   0   0   0   0   0   0   0   0 100   0   0   0   0   0   0  1.90 0.27
   12 G   -1 -4 -2 -3 -4 -3 -4  7 -4 -5 -5 -3 -4 -5 -4 -2 -3 -4 -5 -5    0   0   0   0   0   0   0 100   0   0   0   0   0   0   0   0   0   0   0   0  1.74 0.23
   13 H   -4 -2 -1 -3 -5 -1 -2 -4 10 -5 -5 -3 -3 -3 -4 -3 -4  0  0 -5    0   0   0   0   0   0   0   0  98   0   0   0   0   0   0   0   0   2   0   0  2.37 0.32
   14 E   -2  1 -2 -2 -5  8  1 -3  0 -4 -4  0 -2 -4 -2 -2 -2 -4 -3 -4    0   3   0   0   0  91   2   0   1   0   0   1   0   0   1   0   0   0   0   0  1.48 0.27
   15 R   -2 -1 -2 -3 -2 -2 -2 -3 -3 -2 -3 -2 -1 -4 -3  0  7 -4 -3 -2    0   2   0   0   0   0   0   0   0   0   0   1   1   0   0   0  96   0   0   0  1.28 0.25
   16 K   -3  7 -2 -3 -5  0 -1 -4 -2 -5 -4  2 -3 -4 -4 -2 -3 -4 -3 -4    0  92   0   0   0   2   0   0   0   0   0   7   0   0   0   0   0   0   0   0  1.50 0.24
   17 R   -3  8 -2 -3 -5  0 -2 -4 -2 -5 -4  1 -3 -5 -4 -2 -3 -4 -3 -4    0 100   0   0   0   0   0   0   0   0   0   0   0   0   0   0   0   0   0   0  1.71 0.26
   18 W   -5 -5 -6 -7 -5 -4 -5 -5 -5 -5 -4 -5 -4 -1 -6 -5 -5 12  0 -5    0   0   0   0   0   0   0   0   0   0   0   0   0   0   0   0   0 100   0   0  3.90 0.39
   19 N   -3 -2  8  1 -3 -2 -2 -2 -1 -5 -5 -2 -4 -5 -4 -1 -2 -5 -4 -5    0   0  94   6   0   0   0   0   0   0   0   0   0   0   0   0   0   0   0   0  1.60 0.26
   20 P   -3 -4 -4 -3 -5 -3 -3 -4 -4 -5 -5 -3 -4 -6  8 -3 -3 -6 -5 -4    0   0   0   0   0   0   0   0   0   0   0   0   0   0 100   0   0   0   0   0  2.70 0.29
   21 K   -2  1 -2 -2 -5  0 -1 -3 -2 -4 -4  7 -3 -5 -3 -2 -2 -5 -3 -4    0   2   0   0   0   0   0   0   0   0   0  98   0   0   0   0   0   0   0   0  1.35 0.25
   22 F   -3 -3 -4 -5 -3 -2 -4 -5 -4 -1  0 -3 10 -1 -5 -4 -3 -3 -3 -1    0   0   0   0   0   0   0   0   0   0   0   0  98   2   0   0   0   0   0   0  1.99 0.36
   23 A    4  0 -2  0 -2  0  0 -1 -2 -3 -3  4 -2 -4 -2  0 -1 -4 -3 -2   52   1   0   4   0   1   2   1   0   0   0  35   0   0   0   3   0   0   0   0  0.54 0.16
   24 R   -2  2 -2 -1 -4  0  2 -3 -2 -4 -4  3 -3 -4  6 -1 -1 -4 -3 -3    0  14   0   1   0   3  17   0   0   0   0  22   0   0  40   1   1   0   0   0  0.90 0.15
   25 Y   -4 -4 -4 -5 -4 -3 -4 -5  0 -3 -3 -4 -3  4 -5 -4 -3  0  9 -3    0   0   0   0   0   0   0   0   0   0   0   0   0  12   0   0   0   0  88   0  1.95 0.30
   26 I   -3 -5 -5 -5 -3 -4 -5 -6 -5  7  0 -4  0 -2 -4 -4 -2 -4 -3  1    0   0   0   0   0   0   0   0   0 100   0   0   0   0   0   0   0   0   0   0  1.39 0.26
   27 Y   -4 -4 -5 -5 -4 -4 -5 -5 -2 -2 -1 -5 -2  8 -5 -4 -4  0  5 -2    0   0   0   0   0   0   0   0   0   0   0   0   0  82   0   0   0   0  18   0  1.66 0.26
   28 A    0 -3 -2 -3 -2  0 -2 -1 -3 -2 -3 -2 -1 -4 -3  0  6 -4 -3 -1    5   0   0   0   0   4   0   5   0   0   0   0   1   0   0   1  83   0   0   1  0.98 0.23
   29 E    0 -2 -2  1 -5  1  6 -3 -1 -5 -4 -1 -3 -5 -3 -1 -2 -4 -3 -4    9   0   0   3   0   3  84   0   0   0   0   0   0   0   0   1   0   0   0   0  1.17 0.23
   30 R   -3  8 -2 -3 -5 -1 -2 -4 -2 -5 -4  1 -3 -5 -4 -2 -3 -5 -3 -4    0 100   0   0   0   0   0   0   0   0   0   0   0   0   0   0   0   0   0   0  1.77 0.29
   31 N   -3 -2  8  0 -5 -2 -2 -2 -1 -5 -5 -1 -4 -5 -4 -1 -2 -6 -4 -5    0   0  98   0   0   0   0   0   0   0   0   2   0   0   0   0   0   0   0   0  1.77 0.30
   32 G   -1 -4 -1 -1 -4 -3 -3  7 -3 -5 -5 -3 -4 -5 -4 -2 -3 -4 -5 -5    0   0   1   3   0   1   0  96   0   0   0   0   0   0   0   0   0   0   0   0  1.64 0.24
   33 I   -3 -5 -5 -5 -3 -4 -5 -5 -5  7  0 -4  0 -2 -4 -4 -2 -4 -3  1    0   0   0   0   0   0   0   0   0  98   0   0   0   0   0   0   1   0   0   1  1.33 0.26
   34 H   -4 -3 -3 -4 -4 -3 -3 -5  5 -3 -3 -3 -3  1 -5 -3 -3  0  9 -3    0   0   0   0   0   0   0   0  17   0   0   0   0   0   0   0   0   0  83   0  1.86 0.30
   35 I   -3 -5 -5 -5 -3 -4 -5 -5 -5  7  0 -4  0 -2 -4 -4 -2 -4 -3  2    0   0   0   0   0   0   0   0   0  96   1   0   0   0   0   0   0   0   0   3  1.29 0.25
   36 I   -3 -5 -5 -5 -3 -4 -5 -5 -5  7  0 -4  0 -2 -4 -4 -2 -4 -3  2    0   0   0   0   0   0   0   0   0  97   1   0   0   0   0   0   0   0   0   2  1.31 0.25
   37 D   -4 -3  0  8 -5 -2  0 -3 -3 -5 -6 -2 -5 -5 -3 -2 -3 -6 -5 -5    0   0   0 100   0   0   0   0   0   0   0   0   0   0   0   0   0   0   0   0  1.89 0.29
   38 L   -3 -4 -5 -5 -3 -4 -4 -5 -4  1  6 -4  1 -1 -4 -4 -3 -3 -2  0    0   0   0   0   0   0   0   0   0   1  99   0   0   0   0   0   0   0   0   0  1.13 0.22
   39 Q   -2 -1 -2 -2 -5  8  0 -4 -1 -5 -4  0 -2 -5 -3 -1 -2 -4 -3 -4    1   0   0   0   0  97   1   0   0   0   0   0   0   0   0   1   0   0   0   0  1.74 0.32
   40 K   -2  1 -2 -2 -5  3  0 -3 -2 -3 -4  7 -3 -5 -3 -2 -2 -4 -3 -4    0   1   0   0   0  12   0   0   0   1   0  86   0   0   0   0   0   0   0   0  1.17 0.24
   41 T   -1 -3 -1 -2 -2 -2 -2 -3 -3 -2 -3 -2 -2 -4 -3  2  7 -4 -3 -2    1   0   0   0   0   0   0   0   0   0   0   0   0   0   0  12  87   0   0   0  1.18 0.25
   42 M   -1 -4 -4 -4 -2 -2 -3 -4 -4  2  0 -3  0 -2 -4 -1 -1 -4 -3  6    2   0   0   0   0   1   1   0   0   2   1   0   2   0   0   6   0   0   0  85  0.85 0.21
   43 E   -2  2 -1 -1 -4  1  0  1 -2 -4 -4  6 -3 -4 -2 -1 -2 -4 -3 -2    0  11   1   1   0   2   3  11   0   0   0  66   0   0   1   0   0   0   0   2  0.73 0.17
   44 E   -2  0 -2 -2 -3  0  0 -2 -2 -2  1  5  3 -2 -3 -2 -2 -3 -1 -2    1   1   0   0   0   2   2   3   0   0  20  58  11   1   0   0   0   0   2   0  0.50 0.16
   45 L    0 -3 -4 -4 -2 -3 -3 -4 -4  3  2 -3  1  1 -3 -2 -1 -3 -2  4    6   0   0   0   0   0   0   0   0  19  23   0   2   5   0   0   2   0   0  44  0.47 0.11
   46 E   -2 -2 -1  5 -5  0  5 -2 -2 -5 -5  0 -4 -5 -3 -1 -2 -5 -4 -4    0   1   0  48   0   1  47   1   0   0   0   2   0   0   0   0   0   0   0   0  1.10 0.20
   47 R   -1  0  0  2 -4  2  5 -3 -1 -3 -4  1 -3 -4 -2 -1 -1 -4 -3 -2    2   4   3  11   0   5  63   0   0   1   0   5   0   0   0   2   1   0   0   4  0.75 0.16
   48 T    6 -3 -3 -3  0 -2 -2 -1 -3 -3 -3 -2 -2 -4 -2  0  0 -4 -3 -2   95   0   0   0   2   0   0   0   0   0   0   0   0   0   0   1   3   0   0   0  1.07 0.24
   49 F   -4 -4 -4 -5 -2 -3 -4 -5  0 -3 -3 -4 -3  2 -5 -4 -3  0  9 -3    0   0   0   0   1   0   0   0   0   0   0   0   0   4   0   0   0   0  95   0  2.08 0.32
   50 R    0  0  5  2 -4  0  1 -2 -1 -4 -3  1  0 -3 -3  0 -1 -4 -1 -3    6   3  47  13   0   1   9   0   0   0   0   8   3   0   0   5   0   0   3   0  0.55 0.13
   51 F    1 -4 -4 -5 -3 -3 -4 -4 -2 -2 -1 -4 -1  7 -4 -3 -3  0  3 -1   14   0   0   0   0   0   0   0   0   0   0   0   0  72   0   0   1   0   7   3  1.11 0.21
   52 I   -1 -4 -4 -4 -2 -3 -4 -4 -4  3  1 -3  4 -2 -4 -3 -1 -4 -2  5    1   0   0   0   0   0   0   0   0  18   7   0  14   0   0   0   1   0   0  59  0.69 0.16
   53 E   -1  6 -1 -2 -3  0  0 -3 -1 -4 -3  4 -2 -3 -3  0 -2 -4 -2 -3    2  53   1   0   0   1   2   0   0   0   0  32   0   1   0   4   1   0   1   1  0.80 0.17
   54 D   -1 -2  1  5 -4  1  4 -2 -1 -4 -4  0 -3 -4 -2  1 -1 -4 -3 -4    1   0   5  38   0   6  38   0   0   0   0   2   0   0   0   9   0   0   0   0  0.77 0.15
   55 L    0 -3 -3 -3  1 -1 -2 -4 -3  3  2 -2  1 -1 -3 -2  0 -3 -2  3    5   0   1   0   3   4   3   0   0  24  25   2   2   0   0   2   3   0   0  29  0.29 0.08
   56 A    5 -3 -2 -3 -2 -2 -2  0 -3 -1 -2 -2 -2 -3 -2  2 -1 -4 -3  1   68   0   0   0   0   0   0   3   0   1   0   0   0   0   0  14   1   0   0  14  0.61 0.17
   57 M    4 -1 -2 -1 -2  1  2 -1 -2 -3 -2  0  0 -3 -2  1 -1 -4 -3 -2   51   1   0   0   0   6  18   2   0   0   1   5   4   0   0   9   2   0   0   0  0.40 0.13
   58 R   -1  0  4  3 -4  2  4 -2 -1 -4 -4  0 -3 -4 -2  0 -1 -4 -3 -3    3   2  25  20   0   8  32   1   0   0   0   3   0   0   0   4   2   0   0   0  0.58 0.12
   59 G   -1 -4  0  0 -4 -3 -3  7 -3 -5 -5 -3 -4 -5 -4 -1 -3 -4 -5 -5    0   0   3   6   0   0   0  90   0   0   0   0   0   0   0   0   0   0   0   0  1.48 0.22
   60 G    0 -1 -1 -1 -4  0  0  5 -2 -4 -4  2 -3 -4 -3 -1 -2 -4 -4 -4    7   0   1   1   0   3   6  60   0   0   0  21   0   0   0   1   0   0   0   0  0.79 0.15
   61 T   -1  0  1  1 -2  0  0 -2 -1 -1 -2  2 -2 -3  0  1  3 -4 -2  0    0   2   6   6   0   1   6   0   1   4   0  16   0   0   4  10  33   0   0   9  0.25 0.09
   62 I   -1 -4 -4 -4 -2 -4 -4 -5 -4  5  1 -4  1  0 -4 -3 -2 -4 -2  4    2   0   0   0   0   0   0   0   0  50   4   0   3   2   0   0   0   0   0  38  0.72 0.16
   63 L   -3 -4 -5 -5 -3 -4 -4 -5 -4  1  6 -4  1 -1 -4 -4 -3 -3 -2  0    0   0   0   0   0   0   0   0   0   1  97   0   1   0   0   0   0   0   0   1  1.10 0.22
   64 F   -4 -5 -5 -5 -4 -5 -5 -5 -3 -2 -1 -5 -2  9 -6 -4 -4 -1  1 -3    0   0   0   0   0   0   0   0   0   0   0   0   0 100   0   0   0   0   0   0  1.98 0.30
   65 V   -1 -4 -5 -5 -2 -4 -4 -5 -5  2 -1 -4 -1 -2 -4 -3 -2 -4 -3  6    1   0   0   0   0   0   0   0   0   3   0   0   0   0   0   0   0   0   0  96  1.16 0.24
   66 G   -1 -4 -2 -3 -4 -3 -4  7 -4 -5 -5 -3 -4 -5 -4 -1 -3 -4 -5 -5    0   0   0   0   0   0   0  99   0   0   0   0   0   0   0   1   0   0   0   0  1.77 0.25
   67 T   -2 -3 -2 -3 -3 -2 -3 -3 -3 -2 -3 -2 -2 -4 -3  0  7 -4 -3 -2    0   0   0   0   0   0   0   0   0   0   0   0   0   0   0   0 100   0   0   0  1.47 0.29
   68 K   -2  1 -2 -2 -5  0 -1 -3 -2 -4 -4  7 -3 -5 -3 -2 -2 -5 -4 -4    0   0   0   0   0   0   0   0   0   0   0 100   0   0   0   0   0   0   0   0  1.47 0.28
   69 K   -2  2 -2 -2 -5  0 -1 -3 -2 -4 -4  7 -3 -5 -3 -2 -2 -5 -3 -4    0   7   0   0   0   0   0   0   0   0   0  93   0   0   0   0   0   0   0   0  1.34 0.26
   70 Q   -3 -1 -2 -2 -5  8  0 -4 -1 -5 -4  0 -2 -5 -3 -2 -3 -4 -3 -4    0   0   0   0   0 100   0   0   0   0   0   0   0   0   0   0   0   0   0   0  1.84 0.33
   71 A    6 -3 -3 -3 -2 -2 -2 -1 -3 -3 -3 -2 -2 -4 -2  0 -2 -4 -3 -2  100   0   0   0   0   0   0   0   0   0   0   0   0   0   0   0   0   0   0   0  1.18 0.25
   72 Q   -1 -1 -2 -2 -5  8  0 -2 -1 -5 -4  0 -2 -5 -3 -1 -2 -4 -3 -4    5   0   0   0   0  91   0   1   0   0   0   1   0   0   0   1   0   0   0   0  1.51 0.30
   73 D   -2 -2  0  6 -5  1  4 -2 -2 -4 -4 -1 -4 -5 -3 -1 -2 -5 -4 -4    1   0   2  50   0   4  40   1   0   0   0   0   0   0   0   0   1   0   0   0  0.99 0.18
   74 I    4 -2 -2 -2  2 -2 -2 -1 -2 -2 -3 -2 -2 -3 -1  3  1 -4 -3 -1   46   0   0   0   4   0   0   0   0   2   0   0   0   0   1  35   9   0   0   2  0.52 0.15
   75 V   -2 -4 -4 -4 -2 -4 -4 -5 -5  6  0 -4  1 -2 -4 -3 -2 -4 -3  4    0   0   0   0   0   0   0   0   0  63   0   0   2   0   0   0   0   0   0  34  0.90 0.19
   76 R    0  3 -1 -1 -3  2  2 -2 -2 -4 -3  5 -2 -4 -2 -1 -2 -4 -3 -3    8  13   0   0   0   6  14   2   0   0   0  56   0   0   0   0   0   0   0   0  0.66 0.15
   77 M   -1 -1  1  2 -4  2  5 -3 -1 -4 -3  0 -1 -3 -2  0  0 -4 -3 -2    4   1   5   8   0   7  59   0   0   0   0   3   2   0   0   3   7   0   0   1  0.67 0.15
   78 E   -1 -2 -2  0 -5  1  7 -4 -2 -5 -5 -1 -4 -5 -3 -2 -2 -5 -4 -4    4   0   0   0   0   1  95   0   0   0   0   0   0   0   0   0   0   0   0   0  1.46 0.27
   79 A    6 -3 -3 -3 -2 -2 -2 -1 -3 -3 -3 -2 -2 -4 -2  0 -1 -4 -3 -2   98   0   0   0   0   0   0   0   0   0   0   0   0   0   0   2   0   0   0   0  1.15 0.25
   80 E   -1 -1 -1  0 -3  1  4 -3 -2  0 -1  1 -2 -3 -2 -1  1 -4 -3 -1    2   1   1   1   0   5  48   1   0   8   7  11   0   0   0   1  13   0   0   2  0.41 0.12
   81 R   -3  7 -2 -3 -5  0 -2 -4 -2 -5 -4  2 -3 -5 -4 -2 -3 -4 -3 -4    0  93   0   0   0   0   0   0   0   0   0   7   0   0   0   0   0   0   0   0  1.60 0.27
   82 A    2 -4 -3 -4  9 -3 -3 -2 -4 -3 -3 -3 -3 -4 -3  2 -1 -4 -4 -1   23   0   0   0  57   0   0   1   0   0   0   0   0   0   0  17   1   0   0   2  1.27 0.22
   83 G   -1 -3  1 -1 -4 -3 -1  6 -3 -5 -5 -3 -4 -5 -3 -1 -3 -4 -4 -5    0   0   7   2   0   0   3  87   0   0   0   0   0   0   0   1   0   0   0   0  1.39 0.21
   84 M   -1 -2 -2 -3 -3  4 -1 -3 -1 -1  0 -2  8 -2 -4 -1 -2 -3 -3 -1    5   0   1   1   0  26   1   1   1   0   0   0  61   0   0   2   0   0   0   1  0.96 0.25
   85 P   -3 -3 -3 -4 -4 -3 -3 -4  3 -2 -2 -3 -2  6  1 -3 -3  0  7 -3    0   0   0   0   0   0   0   0   9   0   0   0   0  36   7   0   0   0  47   0  1.18 0.21
   86 Y   -4 -4 -4 -5 -2 -3 -4 -5  0 -3 -2 -4 -2  4 -5 -4 -3  2  8 -3    0   0   0   0   1   0   0   0   0   0   0   0   0  17   0   0   0   1  81   0  1.79 0.28
   87 V   -2 -4 -4 -5 -2 -4 -4 -5 -5  3  0 -4  0 -2 -4 -3 -1 -4 -3  6    0   0   0   0   0   0   0   0   0  19   0   0   0   0   0   0   0   0   0  81  0.99 0.21
   88 N   -3 -2  8  0 -4 -2 -2 -2 -1 -5 -5 -1 -4 -5 -4  0 -2 -6 -4 -5    0   0  92   2   0   0   0   0   0   0   0   1   0   0   0   4   0   0   0   0  1.61 0.28
   89 Q    0 -1  1 -1 -4  5  3 -3  5 -4 -4  0 -2 -4 -3 -1 -2 -4 -1 -2    7   0   8   0   0  37  23   0  19   0   0   0   0   0   0   1   0   0   1   2  0.67 0.16
   90 R   -3  8 -2 -3 -5 -1 -2 -4 -2 -5 -4  1 -3 -5 -4 -2 -3 -5 -3 -4    0 100   0   0   0   0   0   0   0   0   0   0   0   0   0   0   0   0   0   0  1.77 0.29
   91 W   -5 -3 -6 -7 -5 -4 -5 -5 -5 -5 -4 -5 -4 -1 -6 -5 -5 12  0 -5    0   1   0   0   0   0   0   0   0   0   0   0   0   0   0   0   0  99   0   0  3.88 0.42
   92 L   -3 -4 -5 -5 -3 -4 -4 -5 -4  1  6 -4  1 -1 -3 -4 -3 -3 -2  0    0   0   0   0   0   0   0   0   0   1  97   0   0   0   1   0   0   0   0   0  1.09 0.22
   93 G   -1 -4 -2 -3 -4 -3 -4  7 -4 -5 -5 -3 -4 -5 -4 -2 -3 -4 -5 -5    0   0   0   0   0   0   0 100   0   0   0   0   0   0   0   0   0   0   0   0  1.80 0.26
   94 G   -1 -4 -2 -3 -4 -3 -4  7 -4 -5 -5 -3 -4 -5 -4 -2 -3 -4 -5 -5    0   0   0   0   0   0   0 100   0   0   0   0   0   0   0   0   0   0   0   0  1.80 0.26
   95 M   -2 -3 -3 -4 -3 -2 -3 -4 -3  0  1 -3  8 -2 -4 -2  4 -3 -3 -1    0   0   0   0   0   0   0   0   0   1   9   0  57   0   0   0  33   0   0   0  0.98 0.24
   96 L   -3 -4 -5 -5 -3 -3 -4 -5 -4  0  6 -4  2 -1 -4 -4 -3 -3 -2  0    0   0   0   0   0   0   0   0   0   0  95   0   5   0   0   0   0   0   0   0  1.08 0.21
   97 T   -2 -3 -2 -3 -3 -2 -3 -3 -3 -2 -3 -2 -2 -4 -3  0  7 -4 -3 -2    0   0   0   0   0   0   0   0   0   0   0   0   0   0   0   0 100   0   0   0  1.47 0.29
   98 N   -3 -2  8  0 -5 -2 -2 -2 -1 -5 -5 -2 -4 -5 -4 -1 -2 -6 -4 -5    0   0 100   0   0   0   0   0   0   0   0   0   0   0   0   0   0   0   0   0  1.85 0.31
   99 F   -4 -4 -4 -5 -4 -4 -5 -5  0 -2 -1 -4 -2  7 -5 -4 -4  7  4 -3    0   0   0   0   0   0   0   0   2   0   0   0   0  72   0   0   0  15  10   0  1.57 0.24
  100 K    0  1  1  1 -3  2  1 -1 -1 -3 -3  4 -2 -4 -2  0  0 -4 -3 -3    6   6   7   6   0  14   8   4   0   0   0  38   0   0   0   6   5   0   0   0  0.38 0.10
  101 T   -2 -3 -2 -3 -3 -2 -3 -3 -3 -2 -3 -2 -2 -4 -3  0  7 -4 -3 -2    0   0   0   0   0   0   0   0   0   0   0   0   0   0   0   0 100   0   0   0  1.47 0.29
  102 I   -3 -5 -5 -5 -3 -4 -5 -5 -5  7  0 -4  1 -2 -4 -4 -2 -4 -3  2    0   0   0   0   0   0   0   0   0  93   2   0   2   0   0   0   0   0   0   3  1.22 0.24
  103 S   -2  4 -1 -2 -4  5  1 -3 -1 -4 -3  3 -2 -4 -2  0 -1 -4 -3 -3    0  25   1   0   0  40   3   0   0   0   0  22   0   0   0   8   1   0   0   0  0.73 0.17
  104 Q   -1  2  0 -1 -3  1 -1 -1 -2 -3 -3  4 -2 -4 -2  1  2 -4 -3 -3    1   7   2   0   0   6   0   4   0   0   0  46   0   0   0  13  19   0   0   0  0.48 0.13
  105 R   -3  7 -2 -3 -5 -1 -2 -4 -2 -5 -4  1 -3 -4 -4  0 -2 -4 -3 -4    0  91   0   0   0   0   0   0   0   0   0   0   0   0   0   9   0   0   0   0  1.48 0.26
  106 V   -2 -4 -5 -5 -2 -4 -4 -5 -5  6  0 -4  0 -2 -4 -4 -2 -4 -3  3    0   0   0   0   0   0   0   0   0  79   1   0   0   0   0   0   1   0   0  20  1.03 0.21
  107 H    1  1  2  3 -3  1  2 -1  0 -3 -3  2 -2 -3 -2  0 -1 -4 -2 -3   19   5  12  19   0   7  11   2   2   0   1  20   0   0   0   1   1   0   0   0  0.31 0.08
  108 R   -3  7 -2 -3 -5  0 -2 -4 -1 -5 -4  2 -3 -4 -4 -2 -2 -4 -2 -4    0  87   0   0   0   0   0   0   1   0   0   9   0   0   0   0   2   0   1   0  1.42 0.25
  109 L   -3 -4 -5 -5 -3 -3 -4 -5 -4  1  5 -4  2  0 -4 -4 -2 -3 -2  0    0   0   0   0   0   0   0   0   0   2  93   0   5   1   0   0   0   0   0   0  1.03 0.21
  110 E   -1  2  1 -1 -2  0  2 -2  2 -1 -3  4 -2 -3 -2 -1 -1 -4 -1 -2    4   7   9   1   1   1  13   0   6   4   0  46   0   0   0   2   1   0   1   3  0.39 0.11
  111 E   -1  0  0  2 -4  3  5 -3 -1 -4 -3  2 -3 -4 -2  0 -1 -4 -3 -3    5   2   1  11   0  15  48   0   0   0   0  12   0   0   0   2   2   0   0   0  0.64 0.14
  112 L   -3 -4 -5 -5 -2 -4 -4 -5 -4  4  4 -4  1 -1 -4 -4 -2 -3  0  1    0   0   0   0   0   0   0   0   0  33  63   0   0   0   0   0   0   0   4   0  0.76 0.17
  113 E   -2  0  1  1 -5  1  5 -3  0 -4 -4  2 -3 -4 -2 -1 -2 -4 -2 -4    0   3   7   5   0   3  61   0   2   0   0  17   0   0   0   0   1   0   1   0  0.79 0.17
  114 A    1  2 -1 -1 -3  2  2 -2 -1 -3 -3  4 -2 -4 -2  0  1 -4 -3 -2   16  12   1   0   0   8  14   0   0   0   1  37   0   0   0   1  10   0   0   0  0.41 0.11
  115 L   -3 -3 -4 -5 -3 -1 -4 -5 -4  0  1 -3 10 -2 -5 -3 -3  1 -3 -1    0   0   0   0   0   2   0   0   0   1   2   0  94   0   0   0   0   2   0   0  1.84 0.34
  116 F    0 -1 -1  0 -4  2  5 -3 -1 -3 -4  0 -3  0 -2  1 -2 -4 -3 -3    9   1   0   0   0  11  64   0   0   1   0   1   0   5   0   8   0   0   0   0  0.75 0.18
  117 A    1 -1 -1  0 -4  2  5 -2 -1 -3 -4  0 -3 -4 -2 -1 -1 -4 -3 -2   17   0   2   0   0   7  65   1   0   1   0   2   0   0   0   1   3   0   0   1  0.77 0.18
  118 S   -3 -2  1  7 -5 -1  2 -3 -2 -4 -5 -1 -2 -5 -3  0 -1 -5 -4 -4    0   1   6  77   0   0   8   0   0   0   0   1   1   0   0   3   2   0   0   1  1.21 0.21
  119 P   -1 -4 -2 -2 -4 -3 -3  7 -4 -5 -5 -3 -4 -5 -2 -2 -3 -4 -5 -5    0   0   0   1   0   0   1  96   0   0   0   1   0   0   2   0   0   0   0   0  1.65 0.24
  120 E   -1 -2 -1 -2 -2 -1  0 -3 -2 -1 -1 -2 -1 -3 -3  0  6 -4 -2  0    1   0   1   0   0   1   7   0   0   3   3   1   1   0   0   3  74   0   1   5  0.74 0.20
  121 I   -4 -4 -5 -5 -4 -5 -5 -5 -3  1  0 -5 -1  8 -5 -4 -3  2  1 -2    0   0   0   0   0   0   0   0   0   6   3   0   1  86   0   0   1   2   0   1  1.52 0.25
  122 E   -2 -2  1  6 -5  0  4 -3 -2 -4 -4 -1 -4 -5 -3 -1 -2 -5 -4 -4    3   0   3  54   0   1  36   0   0   0   0   0   0   0   0   3   0   0   0   0  1.03 0.19
  123 E   -1  0 -3 -3 -2 -1 -1 -4 -3  1  2 -1  1 -2 -3 -2 -1 -3 -2  4    2   6   1   1   0   1   3   0   0   1  20   5   3   0   0   0   0   0   0  55  0.37 0.13
  124 R   -3 -2 -5 -5 -3 -3 -4 -5 -4  0  5 -3  1  0 -4 -4 -3 -3  1 -1    0   3   0   0   0   0   0   0   0   0  91   0   1   0   0   0   0   0   5   0  0.94 0.20
  125 P   -2 -4 -4 -3 -4 -3 -3 -4 -4 -4 -4 -3 -4 -5  8 -2  0 -5 -5 -4    1   0   0   0   0   0   0   0   0   0   1   0   0   0  92   1   5   0   0   0  2.38 0.29
  126 K   -2  1 -1 -2 -5  0 -1 -3 -2 -4 -4  7 -3 -5 -3 -2 -2 -5 -4 -4    0   1   1   0   0   0   0   0   0   0   0  99   0   0   0   0   0   0   0   0  1.43 0.27
  127 K   -2  1 -1 -2 -5  0 -1 -3 -2 -4 -4  7 -3 -5 -3 -2 -2 -5 -4 -4    0   0   1   0   0   0   0   0   0   0   0  99   0   0   0   0   0   0   0   0  1.44 0.28
  128 E   -3 -2 -2  0 -6  0  7 -4 -2 -5 -5 -1 -4 -5 -3 -2 -3 -5 -4 -4    0   0   0   0   0   0 100   0   0   0   0   0   0   0   0   0   0   0   0   0  1.61 0.29
  129 Q    0 -3 -4 -4 -1  0 -3 -4 -4  1 -1 -3 -1 -2 -4 -3 -1 -4 -3  6    4   0   0   0   1   5   0   0   0   1   0   0   0   0   0   0   0   0   0  88  0.92 0.22
  130 V    1 -3 -3 -3 -2 -2 -3 -2 -3  4  1 -2  1 -1 -3  0  0 -3 -2  2   19   0   0   0   0   1   0   1   0  41   8   0   4   0   0   8   3   0   0  13  0.30 0.10
  131 R    0  1  0 -1 -3  2  1  0 -1 -1  1  2  0 -2 -2 -1 -1 -3 -2 -1    5   6   5   0   0  16   9   9   0   2  21  21   1   0   0   2   1   0   0   3  0.15 0.07
  132 L   -3 -3 -5 -5 -3 -3 -4 -5 -1  1  5 -3  1 -1 -4 -4 -2 -3 -1  0    0   0   0   0   0   0   0   0   2   5  89   0   2   0   0   0   0   0   1   0  0.91 0.19
  133 K   -2  4  2 -1 -3  1  1 -3 -1 -2 -1  4  0 -3 -2 -1  0 -4 -3 -2    1  25  10   1   0   4   5   0   0   2   7  36   4   0   0   0   4   0   0   1  0.41 0.11
  134 H    0  2  0 -2 -4  0 -1 -1  4 -3 -1  5 -2 -3 -2 -1 -2 -4 -2 -3    6   9   3   0   0   1   0   4  13   0   6  57   0   0   0   0   0   0   0   0  0.58 0.16
  135 E   -2 -1 -2  0 -5  3  6 -4 -2 -4 -4  0 -3 -5 -3 -1 -2 -4 -3 -3    0   1   0   0   0  11  84   0   0   1   1   1   0   0   0   0   0   0   0   1  1.24 0.24
  136 L   -1  3 -2 -3 -3  1 -1 -3  1  0  1  2  4 -2 -3 -2 -1  4  0 -1    2  23   0   0   0   4   1   0   3   7  11  18  20   0   0   0   1   6   2   0  0.31 0.11
  137 E    0 -2  0  4 -4  1  5 -2 -2 -3 -4 -1 -3 -4 -2 -1 -1 -4 -3 -3   11   0   1  23   0   2  58   1   0   1   0   0   0   0   0   1   2   0   0   0  0.80 0.17
  138 R   -2  4 -2 -1 -5  0 -1 -3 -2 -4 -4  6 -3 -4 -3 -2 -2 -4 -3 -4    1  28   0   2   0   1   0   0   0   0   0  69   0   0   0   0   0   0   0   0  1.06 0.21
  139 L   -3 -4 -5 -5 -3 -4 -4 -5 -4  0  6 -4  1 -1 -4 -4 -3 -2 -2  0    0   0   0   0   0   0   0   0   0   0 100   0   0   0   0   0   0   0   0   0  1.14 0.22
  140 Q   -2  0  0  1 -5  3  6 -3 -1 -3 -3  0 -2 -4 -3 -1 -2 -4 -3 -1    1   3   2   2   0  12  71   0   0   1   1   0   0   0   0   0   0   0   0   5  0.91 0.20
  141 K   -2  3 -1 -2 -5  0 -1 -3 -2 -4 -4  6 -3 -4 -3 -2 -2 -4 -2 -4    2  14   1   0   0   1   0   0   0   0   0  82   0   0   0   0   0   0   1   0  1.11 0.23
  142 Y   -3 -3  5 -2 -4 -3 -3 -3 -1 -2 -2 -3 -2  6 -4 -2 -2 -1  4 -2    0   0  36   0   0   0   0   0   0   1   0   0   0  44   0   1   1   0  17   1  0.87 0.19
  143 L   -3 -4 -5 -5 -3 -3 -4 -5 -4  1  5 -4  2  0 -4 -4 -2 -3 -1  0    0   0   0   0   0   0   0   0   0   3  93   0   2   1   0   0   0   0   1   0  1.02 0.20
  144 S   -1 -3 -1 -2 -4 -3 -3  7 -3 -5 -5 -3 -4 -5 -4  0 -2 -4 -4 -5    0   1   1   0   0   0   0  92   0   0   1   0   0   0   0   5   1   0   0   0  1.50 0.23
  145 G   -1 -4 -2 -3 -4 -3 -4  7 -4 -5 -5 -3 -4 -5 -4 -2 -3 -4 -5 -5    0   0   0   0   0   0   0 100   0   0   0   0   0   0   0   0   0   0   0   0  1.80 0.26
  146 F   -3 -4 -5 -5 -3 -4 -5 -5 -5  7  1 -4  0  0 -4 -4 -2 -4 -3  2    0   0   0   0   0   0   0   0   0  90   2   0   1   2   0   0   0   0   0   5  1.15 0.23
  147 R   -1  3 -1 -2 -4  0  2 -3 -2 -4 -4  6 -3 -4 -2 -1 -1 -4 -3 -3    4  14   0   0   0   1  11   0   0   0   0  67   0   0   0   0   1   0   0   1  0.83 0.18
  148 L   -2 -2  3  5 -4  0  3  0  0 -4 -3 -1 -3 -4 -3 -1 -1 -5 -3 -4    1   0  18  43   0   0  24   6   3   0   2   1   0   0   0   0   3   0   0   0  0.72 0.15
  149 L   -3 -3 -4 -5 -3 -2 -4 -5 -4  0  1 -3 10 -2 -5 -3 -3 -3 -3 -1    0   0   0   0   0   0   0   0   0   0   5   0  95   0   0   0   0   0   0   0  1.90 0.34
  150 K   -2  1  1  1 -4  0  1 -1  0 -4 -4  4 -3 -4  3 -1  0 -4 -3 -3    0   6   7   8   0   2   6   2   2   0   0  42   0   0  19   0   6   0   0   0  0.53 0.12
  151 R   -1  3  0  0 -4  1  2  1  0 -4 -3  3 -2 -4 -2  0 -1 -4 -3 -3    3  23   2   5   0   2  15  14   1   0   0  26   0   0   0   7   2   0   0   1  0.38 0.09
  152 L   -2 -3 -2 -4 -2 -2 -4 -4 -3  3  4 -3  3 -1 -4 -3 -1 -3 -2  1    0   0   3   0   0   1   0   0   0  24  56   1   8   0   0   1   1   0   0   6  0.54 0.13
  153 P   -3 -4 -1 -3 -5 -3 -3 -4 -4 -4 -5 -3 -4 -5  8 -3 -3 -6 -5 -3    0   0   2   0   0   0   0   0   0   1   0   0   0   0  96   0   0   0   0   1  2.53 0.30
  154 D   -1 -3  0  6 -4 -1  0  3 -2 -4 -5 -1 -4 -5 -3  0 -2 -5 -4 -4    4   0   1  58   0   2   0  28   0   0   0   1   0   0   0   6   0   0   0   0  0.91 0.17
  155 A    5 -3 -3 -3  1 -2 -2 -2 -3  0 -1 -2  1 -3 -2 -1 -1 -4 -3  3   65   0   0   0   3   0   0   0   0   1   3   0   3   0   0   0   0   0   0  25  0.58 0.17
  156 I   -2 -3 -4 -4 -2 -3 -4 -5 -4  4  4 -3  5 -1 -4 -3 -2 -3 -2  1    1   0   0   0   0   0   0   0   0  29  43   0  23   0   0   0   0   0   0   4  0.68 0.15
  157 F   -4 -4 -5 -5 -4 -5 -5 -5 -2 -2 -1 -5 -2  8 -5 -4 -4  0  4 -2    0   0   0   0   0   0   0   0   0   0   0   0   0  89   0   0   0   0   9   1  1.72 0.27
  158 V   -2 -4 -4 -5 -2 -4 -4 -5 -5  5  0 -4  0 -2 -4 -3 -1 -4 -2  5    0   0   0   0   0   0   0   0   0  40   2   0   0   0   0   0   0   0   0  57  0.86 0.18
  159 V   -1 -4 -4 -4 -2 -4 -4 -4 -4  4  0 -4  0 -2 -4 -3 -1 -4 -3  5    2   0   0   0   0   0   0   0   0  25   0   0   0   0   0   0   1   0   0  71  0.86 0.19
  160 D   -4 -3  0  8 -5 -2  0 -3 -3 -5 -6 -2 -5 -5 -3 -2 -3 -6 -5 -5    0   0   0 100   0   0   0   0   0   0   0   0   0   0   0   0   0   0   0   0  1.89 0.29
  161 P   -2 -4 -4 -3 -3 -3 -3 -4 -4 -4 -4 -3 -4 -5  8 -2 -1 -5 -5 -4    1   0   0   0   0   0   0   0   0   0   1   0   0   0  94   2   3   0   0   0  2.46 0.30
  162 T   -2  6 -1 -2 -5  0 -1 -2  2 -4 -4  4 -3 -4 -3 -1 -1 -4 -3 -4    0  57   1   0   0   0   0   1   6   0   0  32   0   0   0   1   2   0   0   0  0.97 0.19
  163 K   -2  2  0 -2 -2  0  0 -3 -2 -4 -4  7 -3 -5 -3 -1 -2 -5 -3 -4    1   6   4   0   1   1   1   0   0   0   0  87   0   0   0   1   0   0   0   0  1.14 0.23
  164 E   -3 -2 -2  0 -6  0  7 -4 -2 -5 -5 -1 -4 -5 -3 -2 -3 -5 -4 -4    0   0   0   0   0   0 100   0   0   0   0   0   0   0   0   0   0   0   0   0  1.61 0.29
  165 A    0  5  0 -1 -4  2  1 -3  2 -4 -3  3 -2 -4 -3 -1 -1 -4 -1 -3    6  47   3   2   0   7   8   0   6   0   1  16   0   0   0   1   1   0   1   0  0.60 0.13
  166 I   -3 -4  2 -3 -3 -4 -4 -4 -4  6  0 -4  0 -2 -4 -3 -2 -4 -3  1    0   0  15   0   0   0   0   0   0  84   1   0   0   0   0   0   0   0   0   0  0.97 0.22
  167 A    6 -3 -3 -3  4 -2 -3 -1 -3 -3 -3 -2 -2 -4 -2  0 -1 -4 -3 -2   88   0   0   0  11   0   0   1   0   0   0   0   0   0   0   0   0   0   0   0  1.02 0.23
  168 V   -2 -4 -4 -5 -2 -4 -4 -5 -5  4  0 -4  0 -2 -4 -3 -1 -4 -3  5    0   0   0   0   0   0   0   0   0  27   1   0   0   0   0   0   0   0   0  72  0.92 0.20
  169 R    2  0  0 -2 -1  3  0 -2  1 -2  0  2 -1 -2 -2  1 -1 -3 -1 -2   32   2   3   0   1  19   1   0   4   0  11  15   1   0   0   8   1   0   1   0  0.23 0.09
  170 E   -3 -2 -2  0 -6  0  7 -4 -2 -5 -5 -1 -4 -5 -3 -2 -3 -5 -4 -4    0   0   0   0   0   0 100   0   0   0   0   0   0   0   0   0   0   0   0   0  1.61 0.29
  171 A    6 -3 -3 -3 -2 -2 -2 -1 -3 -3 -3 -2 -2 -4 -2  0 -2 -4 -3 -2   99   0   0   0   0   0   0   1   0   0   1   0   0   0   0   0   0   0   0   0  1.15 0.25
  172 R   -2  5  1 -2 -4  1  0 -3  5 -3 -3  3 -2 -4 -3 -1 -2 -4 -2 -4    1  36   6   0   0   6   1   0  22   1   0  25   1   0   0   0   0   0   0   0  0.71 0.15
  173 K   -1  1 -1 -2 -4  0 -1 -3 -2  1 -2  5 -2 -3 -2 -1  0 -4 -2 -2    2   4   2   0   0   0   0   0   0  12   1  67   0   0   0   3   7   0   0   0  0.62 0.17
  174 L   -3 -4 -5 -5 -3 -4 -4 -5 -4  0  6 -3  1 -1 -4 -4 -3 -3 -2  0    0   0   0   0   0   0   0   0   0   1  98   1   1   0   0   0   0   0   0   0  1.10 0.22
  175 F   -1 -3  4 -1 -4 -2 -2  5  2 -5 -5 -1 -4 -2 -3 -1 -2 -4 -2 -4    0   0  27   2   0   0   0  60   6   0   0   2   0   2   0   1   0   0   1   0  0.92 0.17
  176 I   -3 -5 -5 -5 -3 -4 -5 -5 -5  7  0 -4  0 -2 -4 -4 -2 -4 -3  1    0   0   0   0   0   0   0   0   0  98   1   0   0   0   0   0   0   0   0   1  1.34 0.26
  177 P   -3 -4 -4 -3 -5 -3 -3 -4 -4 -5 -5 -2 -4 -5  8 -2 -1 -6 -5 -4    0   0   0   0   0   0   0   0   0   0   0   1   0   0  95   0   3   0   0   0  2.54 0.30
  178 V   -2 -4 -4 -4 -2 -4 -4 -5 -4  5  2 -4  0 -1 -4 -3 -1 -4 -2  4    0   0   0   0   0   0   0   0   0  45  13   0   0   0   0   0   2   0   0  40  0.71 0.15
  179 I   -2 -4 -4 -5 -2 -4 -4 -5 -4  4  0 -4  0 -1 -4 -3 -1 -4 -2  5    0   0   0   0   0   0   0   0   0  29   0   0   0   2   0   0   0   0   0  68  0.87 0.19
  180 A    4 -3 -2 -3 -2 -2 -2  4 -3 -3 -3 -2 -3 -4 -2  1 -1 -4 -3 -2   58   0   0   0   0   0   0  35   0   0   0   0   0   0   0   7   0   0   0   0  0.78 0.17
  181 L   -2 -4 -4 -4 -2 -3 -4 -5 -4  6  1 -4  4 -1 -4 -3  0 -4 -3  2    0   0   0   0   0   0   0   0   0  70   5   0  16   0   0   0   5   0   0   4  0.85 0.19
  182 A    1 -4 -4 -4  0 -3 -4 -3 -4  2  0 -3 -1 -2 -4 -3 -1 -4 -3  6    9   0   0   0   2   0   0   1   0   2   1   0   0   0   0   0   1   0   0  83  0.83 0.20
  183 D   -4 -3  0  8 -5 -2  0 -3 -3 -5 -6 -2 -5 -5 -3 -2 -3 -6 -5 -5    0   0   0 100   0   0   0   0   0   0   0   0   0   0   0   0   0   0   0   0  1.89 0.29
  184 T   -2 -3 -2 -3 -3 -2 -3 -3 -3 -2 -3 -2 -2 -4 -3  0  7 -4 -3 -2    0   0   0   0   0   0   0   0   0   0   0   0   0   0   0   1  99   0   0   0  1.45 0.29
  185 D   -3 -2  8  0 -5 -2 -2 -2 -1 -5 -5 -2 -4 -5 -4 -1 -2 -6 -4 -5    0   0  98   2   0   0   0   0   0   0   0   0   0   0   0   0   0   0   0   0  1.79 0.30
  186 S    0 -5 -2 -5 10 -4 -5 -4 -4 -3 -3 -4 -3 -4 -4 -1  0 -4 -4 -3    5   0   1   0  84   0   0   0   0   0   0   0   0   0   0   4   5   0   0   0  2.15 0.30
  187 D   -3 -3  1  8 -5 -2  0 -3 -3 -5 -5 -2 -5 -5 -3 -2 -3 -6 -5 -5    0   0   5  95   0   0   0   0   0   0   0   0   0   0   0   0   0   0   0   0  1.76 0.27
  188 P   -3 -4 -4 -3 -5 -3 -3 -4 -4 -5 -5 -3 -4 -6  9 -3 -3 -6 -5 -4    0   0   0   0   0   0   0   0   0   0   0   0   0   0 100   0   0   0   0   0  2.74 0.32
  189 D   -3 -3  0  7 -1 -1  3 -3 -2 -5 -5 -2 -4 -5 -3 -2 -2 -5 -4 -4    0   0   0  77   1   0  19   0   0   0   0   0   0   0   0   0   1   0   0   0  1.36 0.23
  190 L   -2 -2 -1  3 -4  1  5 -3 -2 -3 -1 -1 -1 -4  0 -1 -2 -4 -3 -2    0   0   1  14   0   2  63   1   0   0   9   0   1   0   5   0   0   0   0   4  0.73 0.17
  191 V   -1 -4 -4 -4 -2 -4 -4 -3 -4  5  2 -4  0 -1 -4 -3 -2 -4 -2  3    3   0   0   0   0   0   0   1   0  55  14   0   0   0   0   0   0   0   0  27  0.68 0.15
  192 D   -3 -3  0  8 -5 -2  0 -2 -3 -5 -5 -2 -5 -5 -3 -2 -2 -6 -5 -5    0   0   0  97   0   0   0   1   0   0   0   0   0   0   0   0   1   0   0   0  1.78 0.28
  193 Y   -3 -3 -4 -5 -4 -3 -4 -5  1 -1 -2 -4 -2  3 -4 -3 -3  0  8  1    0   0   0   0   0   0   0   0   1   2   0   0   0   7   0   0   0   0  74  15  1.37 0.25
  194 I    0 -3 -4 -4 -2 -3 -3 -4 -4  3  0 -2  0 -2  2 -2 -1 -4 -3  5    4   0   0   0   0   0   0   0   0  18   1   2   0   0  13   0   0   0   0  61  0.63 0.16
  195 I   -3 -5 -5 -5 -3 -4 -5 -5 -5  7  0 -4  0 -2 -4 -4 -2 -4 -3  1    0   0   0   0   0   0   0   0   0  99   0   0   1   0   0   0   0   0   0   0  1.36 0.26
  196 P   -3 -4 -4 -3 -5 -3 -3 -4 -4 -5 -5 -3 -4 -6  8 -2 -3 -6 -5 -4    0   0   0   0   0   0   0   0   0   0   0   0   0   0  99   1   0   0   0   0  2.71 0.32
  197 G    2 -3 -2 -2 -3 -3 -3  6 -3 -4 -4 -2 -3 -4 -3  1 -2 -4 -4 -3   19   0   0   0   0   0   0  70   0   0   0   0   0   0   0  12   0   0   0   0  1.05 0.18
  198 N   -3 -2  8  0 -5 -2 -2 -2 -1 -5 -5 -2 -4 -5 -4 -1 -2 -6 -4 -5    0   0 100   0   0   0   0   0   0   0   0   0   0   0   0   0   0   0   0   0  1.85 0.31
  199 D   -4 -3  0  8 -5 -2  0 -3 -3 -5 -6 -2 -5 -5 -3 -2 -3 -6 -5 -5    0   0   0 100   0   0   0   0   0   0   0   0   0   0   0   0   0   0   0   0  1.89 0.29
  200 D   -4 -3  0  8 -5 -2  0 -3 -3 -5 -6 -2 -5 -5 -3 -2 -3 -6 -5 -5    0   0   0 100   0   0   0   0   0   0   0   0   0   0   0   0   0   0   0   0  1.89 0.29
  201 A    6 -3 -3 -3 -2 -2 -2 -1 -3 -3 -3 -2 -2 -4 -2  0 -2 -4 -3 -2  100   0   0   0   0   0   0   0   0   0   0   0   0   0   0   0   0   0   0   0  1.20 0.26
  202 I   -3 -5 -5 -5 -3 -4 -5 -6 -5  7  0 -4  0 -2 -4 -4 -2 -4 -3  1    0   0   0   0   0   0   0   0   0 100   0   0   0   0   0   0   0   0   0   0  1.39 0.26
  203 R   -3  8 -2 -3 -5 -1 -2 -3 -2 -5 -4  1 -3 -5 -4 -2 -3 -5 -3 -4    0  99   0   0   0   0   0   1   0   0   0   0   0   0   0   0   0   0   0   0  1.73 0.29
  204 S    6 -3 -3 -3 -2 -2 -2 -1 -3 -3 -3 -2 -2 -4 -2  1 -1 -4 -3 -2   96   0   0   0   0   0   0   0   0   0   0   0   0   0   0   4   0   0   0   0  1.10 0.24
  205 I   -2 -4 -4 -5 -2 -4 -4 -5 -5  4  0 -4  0 -2 -4 -3 -1 -4 -3  6    0   0   0   0   0   0   0   0   0  23   0   0   0   0   0   0   0   0   0  77  0.96 0.20
  206 Q   -2  4 -2 -2 -4  1  0 -3 -2 -4 -4  6 -3 -4 -3 -1 -2 -4 -3 -4    2  22   0   0   0   3   1   0   0   0   0  71   0   0   0   1   0   0   0   0  1.01 0.21
  207 L   -3 -4 -5 -5 -3 -4 -4 -5 -4  1  6 -4  1 -1 -4 -4 -3 -3 -2  0    0   0   0   0   0   0   0   0   0   1  99   0   0   0   0   0   0   0   0   0  1.14 0.22
  208 I   -3 -4 -5 -5 -2 -4 -4 -5 -4  6  3 -4  1  0 -4 -4 -2 -3 -2  1    0   0   0   0   0   0   0   0   0  69  27   0   1   2   0   0   0   0   0   0  0.86 0.18
  209 L    2 -2 -2 -2 -1 -2 -2 -2 -3 -1 -1 -2 -1 -3 -2  1  5 -4 -3  1   18   0   0   0   0   0   0   0   0   0   3   0   0   0   0   9  57   0   0  13  0.57 0.16
  210 S    2 -2 -1  0 -2 -1  0  3 -2 -4 -4 -1 -3 -4 -2  4  0 -4 -3 -3   18   0   0   3   0   1   4  21   0   0   0   0   0   0   0  51   0   0   0   0  0.55 0.15
  211 R    0  1 -2 -2 -1  0 -1 -3 -2  0 -1  5 -1 -3 -2 -1  1 -4 -3  1    8   6   0   0   1   0   0   0   0   4   5  53   0   0   0   1  10   0   0  12  0.39 0.13
  212 A   -2 -3 -4 -5 -3 -2 -4 -5 -4  3  1 -3  8 -1 -4 -3 -2 -3 -3  0    2   0   0   0   0   0   0   0   0  24   6   0  65   0   0   0   0   0   0   2  1.13 0.25
  213 V    6 -3 -3 -3  0 -2 -2 -1 -3 -3 -3 -2 -2 -4 -2  0 -1 -4 -3 -1   94   0   0   0   1   0   0   0   0   0   0   0   0   0   0   3   0   0   0   3  1.04 0.23
  214 D   -3 -3  3  7 -5 -1  0 -3 -2 -5 -5 -2 -4 -5 -3 -1 -2 -6 -4 -5    0   0  13  82   0   1   1   0   0   0   0   0   0   0   0   2   1   0   0   0  1.43 0.23
  215 L    6 -3 -3 -3 -2 -2 -2 -1 -3 -3 -2 -2 -2 -4 -2  0 -1 -4 -3 -2   97   0   0   0   0   0   0   1   0   0   2   0   0   0   0   0   0   0   0   0  1.10 0.24
  216 I   -2 -4 -4 -4 -1 -3 -4 -4 -4  4  0 -4  0  0 -4 -3 -1 -3  0  5    0   0   0   0   1   0   0   0   0  27   3   0   1   3   0   1   0   0   3  60  0.68 0.16
  217 I   -2 -4 -4 -4 -2 -3 -4 -5 -4  5  3 -4  1 -1 -4 -3 -2 -3 -2  2    0   0   0   0   0   1   0   0   0  62  27   0   1   0   0   0   0   0   0   7  0.74 0.16
  218 Q   -2 -2 -2  0 -5  1  7 -4 -2 -5 -5 -1 -4 -5 -3 -2 -2 -5 -4 -4    2   0   0   0   0   2  96   0   0   0   0   0   0   0   0   0   0   0   0   0  1.49 0.27
  219 A    3 -3 -2 -3 -3 -3 -3  6 -3 -4 -4 -2 -3 -4 -3  0 -2 -4 -3 -3   31   0   0   0   0   0   0  65   0   0   0   0   0   0   0   3   0   0   0   1  1.00 0.18
  220 R   -2  5  3 -1 -4  1 -1 -2  0 -4 -4  4 -3 -4 -3 -1 -1 -4 -3 -4    2  36  21   0   0   3   0   1   2   0   0  35   0   0   0   1   1   0   0   0  0.72 0.16
  221 G   -2 -1 -2 -1 -5  8  2 -2 -1 -5 -4  0 -2 -5 -3 -2 -2 -4 -3 -4    0   0   0   1   0  89   7   3   0   0   0   1   0   0   0   0   0   0   0   0  1.49 0.29
  222 G   -1 -4 -2 -3 -4 -3 -3  7 -4 -5 -5 -3 -4 -5 -4 -1 -3 -4 -5 -4    2   0   0   0   0   0   0  96   0   0   0   0   0   0   0   1   0   0   0   0  1.63 0.23
  223 V    0 -1  0  0 -3  2  5 -2 -1 -1 -2  0 -1 -3 -2 -1 -1 -4 -3  1    5   2   3   1   0   7  54   2   0   1   1   2   2   0   0   3   2   0   0  15  0.46 0.13
  224 V   -1 -1  0  3 -3  4  2 -2 -1 -1 -2 -1 -2 -3 -1  1  0 -3 -3  0    4   0   1  25   0  29  14   0   0   3   1   0   0   0   1   9   3   0   0   8  0.39 0.11
  225 E    0 -1  0  2 -2  1  2 -1 -1 -1  0 -1  1  0 -2  0  0 -3 -1  0   12   0   4  14   0   4  24   3   0   2   8   0   5   6   0   3   8   0   1   6  0.13 0.05
  226 P    1 -1  0  2 -2  0  2 -1 -1 -1 -2  0 -1 -2  1  1  1 -3 -2  0   17   1   1  11   0   3  21   1   1   1   1   2   1   1   6   9  10   0   1  12  0.19 0.06
  227 S    2 -1  0  1 -2  1  3 -1 -2 -1 -2  0 -1 -3  0  1  1 -3 -2  0   21   1   2   9   0   3  26   1   0   2   1   1   0   0   3  11   9   0   0   9  0.23 0.07
  228 P    2 -1  0  0 -2  0  3 -1 -2 -1 -2 -1 -1 -2  1  0  1 -3 -2  0   23   1   3   4   0   2  27   4   0   1   0   0   0   1   7   5   9   0   1  11  0.21 0.07
  229 S    1 -1  0  1 -3  1  4 -1 -1 -2 -2  0 -2 -2  0  1  1 -3 -2  0   17   1   2   8   0   4  37   2   0   0   0   2   0   1   3   8   7   0   0   8  0.29 0.08
  230 Y    1 -1  0  1 -3  2  3 -1 -1 -2 -2  0 -2 -2 -1  0  1 -3  0  0   13   0   2   8   0   8  35   2   0   1   1   5   0   1   1   3   8   0   4   8  0.26 0.07
  231 A    2 -1 -1  1 -2  1  3 -1 -1 -2 -2  0 -1 -1 -1  0  0 -3 -1  0   35   0   2   7   0   4  26   1   0   1   1   2   0   4   1   5   4   0   1   6  0.23 0.07
  232 L    1 -1  0  1 -2  0  2 -1 -1 -1 -1  0  0  0  0  0  0 -3 -1  0   14   0   3  11   0   4  19   2   0   1   5   2   2   7   2   6   7   0   0  13  0.09 0.03
  233 V    1 -1 -1  1 -2  0  1 -1 -2  0 -1  0  0 -1  0  0  0 -3 -1  1   19   0   2   8   0   4  15   1   0   2   4   3   1   2   2   7   4   0   1  22  0.09 0.04
  234 Q    2 -1  0  1 -3  3  4 -1 -1 -3 -3  1 -2 -4 -2  0 -1 -4 -3 -2   21   0   3   7   0  14  42   1   0   1   0   5   1   0   0   2   2   0   0   1  0.45 0.10
  235 E    1 -1 -1  2 -3  1  5 -1 -1 -3 -3  0 -1 -4 -2  0  0 -4 -3 -1   17   0   1  10   0   4  52   3   0   0   0   3   2   0   0   1   4   0   0   3  0.50 0.10
  236 A    3 -2 -1  2 -2 -1  0  0 -2 -2 -2 -1 -2 -3  0  1  2 -3 -3 -1   45   0   1  15   0   1   4   4   0   1   0   3   0   0   2   5  16   0   0   2  0.29 0.07
  237 E   -2 -1 -1  3 -4  2  5 -3 -1 -4 -4  0 -3 -4 -2 -1 -2 -4 -3 -3    0   0   0  17   0   9  71   0   0   0   0   3   0   0   0   0   0   0   0   0  0.89 0.12

                      K         Lambda
Standard Ungapped    0.1391     0.3216
Standard Gapped      0.0603     0.2670
PSI Ungapped         0.1973     0.3172
PSI Gapped           0.0603     0.2670
