
Last position-specific scoring matrix computed, weighted observed percentages rounded down, information per position, and relative weight of gapless real matches to pseudocounts
           A  R  N  D  C  Q  E  G  H  I  L  K  M  F  P  S  T  W  Y  V   A   R   N   D   C   Q   E   G   H   I   L   K   M   F   P   S   T   W   Y   V
    1 A    7 -4 -4 -4 -3 -3 -3 -2 -4 -4 -4 -3 -3 -5 -3 -1 -2 -5 -4 -3  100   0   0   0   0   0   0   0   0   0   0   0   0   0   0   0   0   0   0   0  1.66 0.46
    2 K   -3  1 -3 -3 -6 -1 -2 -4 -3 -5 -5  7 -4 -6 -4 -2 -3 -6 -4 -5    0   3   0   0   0   0   0   0   0   0   0  96   0   0   0   1   1   0   0   0  1.89 0.49
    3 Q   -2  1 -1 -2 -4  2  1 -3 -2 -1  0  5 -1 -3 -3 -1  1 -4 -3  0    1   3   1   0   0  10   7   0   0   2  12  45   1   0   0   1  10   0   0   6  0.47 0.22
    4 S    2 -3 -1 -3  2 -3 -3 -2 -3 -5 -5 -3 -4 -5 -3  6 -1 -5 -4 -4   13   0   1   0   4   0   0   1   0   0   0   0   0   0   0  80   0   0   0   0  1.26 0.41
    5 M   -1 -2 -4 -5 -3 -3 -4 -5 -4  0  2  2  8 -3 -4 -3 -3 -4 -3  0    6   1   0   0   0   0   0   0   0   4  13  13  58   0   0   1   0   0   0   4  1.16 0.38
    6 K   -3 -2 -4 -4 -3 -1 -3 -5 -4  6 -1  3 -1 -3 -4 -3 -2 -3 -3  2    0   1   0   0   0   2   0   0   0  58   2  22   1   0   0   0   1   0   0  14  0.86 0.31
    7 A    4 -2  4 -1 -3  1  3 -2  0 -4 -4 -2 -1 -4 -3 -1 -2 -5 -3 -2   40   0  23   0   0   7  24   0   1   0   0   0   2   0   0   0   0   0   1   2  0.64 0.27
    8 R   -3  8 -3 -4 -6 -1 -3 -5 -3 -6 -5  2 -4 -6 -5 -3 -4 -5 -4 -5    1  88   0   0   0   0   0   0   0   0   0  10   0   0   0   1   0   0   0   0  1.98 0.49
    9 E   -3 -2  4  3 -6  0  6 -3 -2 -6 -5 -2 -4 -6 -4 -2 -3 -5 -4 -5    1   0  18  13   0   1  65   0   0   0   0   0   0   0   0   0   0   0   0   0  1.30 0.38
   10 V    0  0 -1 -1 -3  0  2 -3 -2  1  1  2 -1 -2 -3 -1 -1 -4 -2  2    9   4   2   1   0   2  16   0   1   8  18  20   0   1   0   1   1   0   0  17  0.18 0.13
   11 K   -3  1 -3 -3 -6  2 -2 -4 -2 -5 -5  7 -4 -6 -4 -3 -3 -5 -4 -4    0   3   0   0   0  10   0   0   1   0   0  85   0   0   0   0   0   0   0   1  1.62 0.45
   12 R   -4  8 -3 -4 -6 -2 -3 -5 -3 -5 -5  0 -4 -6 -5 -4 -4 -6 -5 -5    0  99   0   0   0   0   0   0   0   1   0   1   0   0   0   0   0   0   0   0  2.33 0.55
   13 V    2  2 -2 -1 -3  2  2 -2 -2  0 -2  2 -1 -4 -2 -1  0 -4 -3  0   28  11   0   1   0  10  16   0   0   6   1  14   1   0   0   0   5   0   0   5  0.30 0.16
   14 A    0  3 -1 -2 -4  1  1 -3 -2 -3 -2  5 -3 -4 -3 -2 -2 -5 -3 -1    9  19   1   1   0   5   7   0   1   1   3  49   0   0   0   0   0   0   0   4  0.69 0.26
   15 L   -2 -4 -4 -5 -2 -4 -4 -5 -4  2  5 -4  2 -2 -4 -3  2 -4 -3  0    1   0   0   0   0   0   0   0   0  11  66   0   5   0   0   0  13   0   0   4  0.84 0.28
   16 A    2 -4 -4 -5 -2 -4 -4 -4 -5  1 -2 -4 -2 -3 -4 -2 -2 -5 -3  6   22   0   0   0   0   0   0   0   0   2   0   0   0   0   0   1   0   0   0  74  1.12 0.37
   17 D    4 -1  1  0 -3  0  2 -2 -1 -3 -3  2 -3 -4 -3 -1 -2 -4 -3 -2   43   1   7   5   0   4  18   0   1   0   1  17   0   0   0   1   0   0   0   2  0.49 0.23
   18 K   -3  4 -2 -3 -5  2 -2 -4 -2 -4 -5  6 -4 -5 -4 -3 -2 -5 -4 -4    0  20   0   0   0   7   0   0   0   1   0  71   0   0   0   0   1   0   0   0  1.37 0.40
   19 Y   -5 -5 -3 -6 -5 -4 -5 -6  2 -4 -2 -5 -3  5 -6 -4 -4  1  8 -4    0   0   1   0   0   0   0   0   3   0   1   0   0  25   0   0   0   1  69   0  2.03 0.48
   20 F    6 -1 -3 -3 -3 -2 -2 -1 -3 -3 -3 -1 -3  1 -3  0 -2 -4  1 -2   77   2   0   0   0   0   1   1   0   0   1   2   0   6   0   3   0   0   4   0  0.95 0.34
   21 A    4 -2 -1  0 -3  0  3 -1 -2 -2 -3  1 -3 -4 -2  0  0 -4 -3 -1   42   0   1   3   0   1  25   2   0   1   1  12   0   0   1   2   5   0   0   3  0.45 0.22
   22 K   -3  3 -2 -3 -6  0 -2 -4 -3 -4 -4  7 -4 -6 -4 -3 -3 -5 -4 -5    0  16   1   0   0   2   0   0   0   1   1  80   0   0   0   0   0   0   0   0  1.55 0.43
   23 R   -4  8 -3 -4 -6 -2 -3 -5 -1 -6 -5  0 -4 -5 -5 -3 -4 -5 -1 -5    0  95   0   0   0   0   0   0   1   0   0   0   0   0   0   1   0   0   3   0  2.17 0.53
   24 A    5 -2 -2 -1 -2  0  1 -2 -2 -2 -1  0 -1 -4 -3  0 -1 -4 -3 -2   62   0   1   2   1   3  12   0   1   2   5   4   1   0   0   4   2   0   0   1  0.60 0.26
   25 E    4 -2 -2 -1 -2  0  5 -3 -2 -4 -4  0 -3 -4 -3 -1 -1 -5 -4 -2   38   0   1   1   1   2  47   0   0   0   0   5   0   0   0   2   2   0   0   1  0.80 0.30
   26 L   -4 -5 -6 -6 -4 -5 -5 -6 -5  0  6 -5  0  0 -5 -5 -4 -4 -3 -1    0   0   0   0   0   0   0   0   0   3  95   0   0   2   0   0   0   0   0   0  1.50 0.41
   27 K   -3  1 -2 -3 -5 -1 -1 -4 -3 -4 -4  7 -4 -2 -4 -3 -3 -5 -4 -3    0   3   1   0   0   1   1   0   0   1   1  88   0   2   0   0   1   0   0   2  1.56 0.45
   28 A    4  0 -2 -1 -3 -1  2 -2 -3 -3 -4  3 -3 -4 -3  0 -1 -5 -4 -2   51   3   1   2   0   1  13   1   0   0   0  22   0   0   0   3   2   0   0   0  0.63 0.26
   29 I   -1 -3 -4 -4 -2  1 -3 -5 -4  6  0 -2  0 -2 -4 -3  1 -4 -3  2    5   1   0   0   1   7   1   0   0  62   3   1   1   0   0   0   9   0   0   9  0.81 0.29
   30 I    0 -5 -5 -5 -3 -4 -5 -5 -5  6  1 -4  2 -1 -4 -3 -2 -4 -3  2    9   0   0   0   0   0   0   0   0  65   9   0   5   2   0   1   1   0   0   9  0.95 0.30
   31 S    1  2  3  0 -2  0  0 -1 -1 -1 -1  2 -2 -3 -2  2  0 -4 -2  0   12  12  17   4   1   1   3   2   1   2   4  14   0   0   0  18   2   0   1   7  0.21 0.12
   32 D   -2 -2  4  6 -4 -2 -1 -2 -2 -5 -5 -1 -4 -4 -3  2 -1 -5 -4 -4    1   1  22  49   0   0   0   2   0   0   0   2   0   0   0  19   3   0   0   0  1.00 0.30
   33 V    0 -1 -2 -1 -3  2  0 -2 -2 -1 -1 -1  1 -2  5  0  0 -4 -2  1    9   3   0   1   0  10   8   1   1   3   5   3   4   1  27   4   6   0   0  13  0.38 0.14
   34 N    0 -1  4  0 -3  0  1 -1  0 -4 -4  1 -3 -4 -3  3  1 -4 -3 -3    6   1  28   4   0   2   9   3   2   0   1   9   0   0   0  25  10   0   0   0  0.48 0.20
   35 A    2  0 -1 -2 -2 -1 -1 -1 -2 -1  0  1 -1 -3 -2  2  2 -3 -2  0   23   5   1   1   0   0   0   1   0   3  13  12   0   0   0  20  13   0   1   6  0.20 0.13
   36 S   -1 -3 -1  0 -3 -2 -2 -2 -3 -4 -4 -2 -3 -4  2  5  3 -5 -4 -3    1   0   0   6   0   0   1   2   0   0   1   0   0   0   9  61  19   0   0   0  0.89 0.33
   37 D   -1 -2  0  5 -4  0  2 -2 -1 -2 -2 -2  1 -1  3 -1 -2 -4  1 -2    3   0   2  36   0   4  15   1   1   2   2   0   6   3  13   3   1   0   7   2  0.50 0.20
   38 E   -1 -2 -2  2 -6  1  7 -4 -3 -5 -5 -1 -4 -6 -3 -2 -2 -5 -4 -4    4   1   0   8   0   3  79   0   0   0   0   1   0   0   0   1   1   0   0   1  1.42 0.41
   39 D    0 -2 -2  3 -5  2  6 -4 -2 -3 -5 -1 -4 -5 -3 -2 -2 -5 -4 -4    8   0   0  15   0   8  64   0   0   2   0   0   0   0   0   1   1   0   0   0  1.14 0.35
   40 R   -1  7 -3 -4 -5 -1 -2 -4 -2 -2 -4  3 -3 -2 -4 -3 -3 -5 -4 -2    4  73   0   0   0   1   0   0   0   2   1  14   0   2   0   0   0   0   0   4  1.37 0.39
   41 W    0 -2 -3 -1 -4 -1  1 -4 -2 -1  0 -3  3  4 -4 -3 -3  8  3 -2    9   1   0   3   0   2  10   0   0   3   8   0   9  18   0   1   1  23  12   0  0.75 0.24
   42 N    2  0  2  2 -4  1  4 -2 -1 -4 -3  1 -2 -4 -3  0 -1 -4 -3 -2   23   3   9  14   0   5  30   0   1   0   2   7   0   0   0   3   2   0   0   1  0.44 0.19
   43 A    7 -4 -4 -4 -2 -3 -3 -2 -4 -2 -3 -3 -3 -5 -3 -1 -3 -5 -4 -2   95   0   0   0   0   0   0   0   0   1   2   0   0   0   0   0   0   0   0   2  1.52 0.45
   44 V    0  4 -2 -3 -4  4 -1 -4  1 -1 -2 -1  1 -3 -3 -1 -1 -4 -2  2    7  28   0   0   0  23   0   0   5   2   2   0   5   0   0   4   2   0   0  21  0.46 0.23
   45 L   -1  1 -2 -2 -2  0 -1 -4 -2  1  3 -1  1  0 -3 -2 -1 -2 -1  1    6  11   1   1   0   5   3   0   1   7  46   2   2   2   0   2   3   0   1   6  0.28 0.15
   46 K    2  0 -2 -2 -4  2  1 -1 -3 -4 -4  6 -3 -5 -3 -1 -2 -5 -4 -3   16   1   0   0   0   9   9   4   0   0   1  57   0   0   0   1   1   0   0   1  0.82 0.30
   47 L   -4 -5 -6 -6 -4 -5 -5 -6 -5  0  6 -5  0  1 -5 -5 -4 -4 -3 -1    0   0   0   0   0   0   0   0   0   2  93   0   1   4   0   0   0   0   0   0  1.45 0.40
   48 Q    1 -1  1 -3 -2  8 -1 -4  1 -5 -5 -1 -3 -6 -4 -2 -3 -5 -4 -4   12   1   6   0   1  76   0   0   3   0   0   0   0   0   0   1   0   0   0   0  1.56 0.47
   49 T    1  2 -1 -2 -3  3  0 -1 -2 -3 -3  4 -2 -4 -3  1  1 -4 -3 -3   11   9   1   1   0  14   4   2   0   0   1  36   0   0   0  13   7   0   0   0  0.48 0.21
   50 L   -4 -4 -5 -5 -3  1 -4 -6 -5  1  6 -4  2  0 -5 -4 -3 -4 -3 -1    0   0   0   0   0   7   0   0   0   5  82   0   4   2   0   0   0   0   0   0  1.15 0.35
   51 P   -4 -3 -5 -5 -6 -4 -4 -5 -5 -6 -6 -3 -6 -7  9 -4 -4 -7 -6 -5    0   1   0   0   0   0   0   0   0   0   0   1   0   0  98   0   0   0   0   0  3.02 0.60
   52 R   -4  8 -3 -4 -6 -2 -3 -5 -3 -6 -5  1 -4 -6 -5 -3 -4 -6 -4 -4    0  94   0   0   0   0   0   0   0   0   0   5   0   0   0   0   0   0   0   1  2.16 0.52
   53 D   -3 -3  6  6 -6 -3 -2 -3 -3 -6 -6 -3 -5 -6 -4 -2 -3 -7 -5 -6    1   0  48  51   0   0   0   0   0   0   0   0   0   0   0   0   0   0   0   0  1.67 0.43
   54 S    4 -3 -2 -3 -3 -3 -3 -2 -3 -4 -4 -3 -3 -5 -3  5  0 -5 -4 -3   43   0   0   0   0   0   0   1   0   0   0   0   0   0   0  54   2   0   0   0  1.09 0.38
   55 S    1 -3  3 -2 -2 -2 -3 -2 -3 -5 -5 -3 -3 -3 -3  6 -1 -5 -3 -4    9   0  14   0   0   0   0   0   0   0   0   0   0   1   0  74   0   0   0   0  1.17 0.40
   56 P    1  0 -4 -4 -5 -3 -3 -4 -4 -4 -4 -1 -5 -5  8 -2 -3 -6 -3 -4   11   5   0   0   0   0   0   0   0   0   1   3   0   0  77   1   0   0   1   0  2.03 0.45
   57 S    0 -3 -1 -3  1 -3 -3 -3 -4  2 -2 -3 -2 -3 -3  3  3 -4 -3  3    4   0   2   0   4   0   0   0   0  10   0   0   0   0   0  24  27   0   0  29  0.52 0.24
   58 R   -4  8 -3 -5 -6 -2 -3 -5 -3 -6 -5 -1 -4 -6 -5 -4 -4 -6 -5 -5    0 100   0   0   0   0   0   0   0   0   0   0   0   0   0   0   0   0   0   0  2.39 0.56
   59 Q   -3 -1 -3 -3 -4  5 -2 -3 -1  0  3 -1  1 -2 -4 -3 -2 -4 -3  1    0   1   0   0   0  39   0   1   1   4  36   2   2   0   0   0   1   0   0  13  0.66 0.28
   60 R   -4  7 -2 -4 -6  1 -2 -4  5 -5 -5  0 -3 -5 -5 -3 -2 -5 -3 -4    0  76   0   0   0   6   0   0  13   0   0   1   0   0   0   0   2   0   0   1  1.63 0.43
   61 N   -3  1  8 -1 -5 -2 -3 -3 -2 -4 -6 -2 -5 -6 -5 -1 -2 -6 -5 -5    1   9  83   0   0   1   0   0   0   1   0   1   0   0   0   3   2   0   0   0  1.80 0.47
   62 R   -4  8 -3 -5 -6 -2 -3 -5 -3 -6 -5 -1 -4 -6 -5 -4 -4 -6 -5 -5    0 100   0   0   0   0   0   0   0   0   0   0   0   0   0   0   0   0   0   0  2.39 0.56
   63 C   -4 -6 -5  2 11 -6 -5 -5 -6 -4 -5 -6 -5 -6 -6 -4 -4 -6 -6 -4    0   0   0  13  87   0   0   0   0   0   0   0   0   0   0   0   0   0   0   0  3.08 0.61
   64 R    2  2  1 -1 -3  3  1 -1 -1 -2 -2  1 -2 -3 -3  1 -1  3 -2 -1   19  17   8   1   0  15   9   4   1   1   3   6   0   0   0  10   1   4   0   4  0.26 0.14
   65 Q   -1 -2 -4 -4 -3  1 -3 -4 -1  4  3 -2  1 -2 -4 -3 -2 -4 -3  3    4   1   0   0   0  10   1   0   1  26  33   1   2   0   0   0   0   0   0  20  0.49 0.20
   66 T   -3 -4 -2  2 -4 -3 -3 -4 -4 -4 -4 -3 -3 -5 -4  1  7 -5 -4 -3    0   0   0  13   0   0   0   0   0   0   0   0   0   0   0   7  80   0   0   0  1.48 0.45
   67 G   -2 -5 -3 -4 -5 -4 -5  7 -5 -6 -6 -4 -5 -6 -5 -2 -4 -5 -6 -6    1   0   0   0   0   0   0  98   0   0   0   0   0   0   0   1   0   0   0   0  2.19 0.48
   68 R   -4  8 -3 -4 -6 -2 -3 -5 -3 -6 -5  0 -4 -6 -5 -4 -4 -6 -5 -5    0  99   0   0   0   0   0   0   0   0   0   1   0   0   0   0   0   0   0   0  2.34 0.55
   69 P   -4 -5 -5 -4 -6 -4 -4 -5 -5 -6 -6 -4 -6 -7  9 -2 -3 -7 -6 -5    0   0   0   0   0   0   0   0   0   0   0   0   0   0  98   2   1   0   0   0  2.99 0.59
   70 H   -4  6 -2 -4 -6 -1 -2 -5  8 -6 -5  1 -4 -5 -5 -3 -4 -5 -2 -5    0  52   1   0   0   1   0   0  40   0   0   6   0   0   0   0   0   0   0   0  1.72 0.44
   71 G    2 -4 -3 -4 -4 -4 -4  6 -4 -5 -5 -4 -5 -5 -4 -2 -3 -5 -5 -5   21   0   0   0   0   0   0  78   0   0   0   0   0   0   0   1   0   0   0   0  1.60 0.39
   72 F   -3 -4 -2 -5 -4 -4 -4 -5  1 -1 -2 -4 -2  4 -5 -3  1 -1  7  3    0   0   2   0   0   0   0   0   3   0   0   0   0  15   0   0  10   0  40  29  0.99 0.33
   73 L   -4 -4 -5 -5 -4 -4 -5 -5 -2  1  3 -4  0  4 -5 -4 -3 -1  7 -1    0   0   0   0   0   0   0   0   0   6  28   0   1  20   0   0   0   0  42   2  1.14 0.33
   74 R   -3  8 -2 -4 -4  0 -2 -3 -3 -6 -5  0 -4 -5 -5  0 -3 -5 -4 -5    0  85   1   0   0   3   0   2   0   0   0   3   0   0   0   6   1   0   0   0  1.74 0.45
   75 K   -3  1 -2  0 -6  1 -1 -4 -1 -5 -4  7 -3 -5 -4 -3 -2 -5 -4 -5    0   4   0   5   0   6   0   0   1   0   1  82   0   0   0   0   1   0   0   0  1.45 0.42
   76 F   -4 -6 -6 -6 -5 -6 -6 -6 -4 -3  0 -6 -2  9 -6 -5 -5 -2  1 -3    1   0   0   0   0   0   0   0   0   0   7   0   1  91   0   0   0   0   1   0  2.27 0.51
   77 G   -1 -2 -2 -4 -5 -3 -4  7 -4 -6 -6  1 -5 -6 -4 -2 -4 -5 -5 -5    2   1   1   0   0   0   0  86   0   0   0   9   0   0   0   0   0   0   0   0  1.72 0.41
   78 L   -3 -4 -5 -6 -3 -4 -5 -6 -5  2  6 -5  2 -2 -5 -5 -3 -4 -3  0    0   0   0   0   0   0   0   0   0  11  81   0   5   0   0   0   0   0   0   4  1.21 0.34
   79 S    1 -3 -2 -3  4 -3 -3  2 -3 -4 -4 -3 -4 -5 -3  5 -1 -5 -4 -4   12   0   0   0   9   0   0  15   0   0   0   0   0   0   0  63   1   0   0   0  0.99 0.35
   80 R   -4  8 -3 -4 -6 -2 -3 -5 -3 -6 -5  0 -4 -6 -5 -4 -4 -6 -5 -5    0  99   0   0   0   0   0   0   0   0   0   1   0   0   0   0   0   0   0   0  2.36 0.55
   81 I   -2 -3  5 -2 -3 -3 -3 -2  2  4 -1 -3  0 -3 -4 -1 -1 -5 -3  2    2   0  31   0   0   0   0   2   6  39   1   0   3   0   0   3   2   0   0  12  0.62 0.26
   82 K    0  3 -2 -3  0  1 -1 -4 -3 -3 -3  6  2 -4 -3 -2 -1 -5 -4 -1    6  12   0   0   2   6   1   0   0   0   0  57   8   0   0   1   2   0   0   4  0.82 0.30
   83 V   -3 -4 -5 -5 -3 -4 -5 -5 -4  2  5 -4  1  3 -5 -4 -3 -3 -2  2    0   0   0   0   0   0   0   0   0   7  59   0   3  16   0   0   0   0   0  15  0.85 0.27
   84 R   -4  8 -3 -5 -6 -2 -3 -5 -3 -6 -5 -1 -4 -6 -5 -4 -4 -6 -5 -5    0 100   0   0   0   0   0   0   0   0   0   0   0   0   0   0   0   0   0   0  2.39 0.56
   85 E   -3 -2 -2  2 -6  1  7 -4 -3 -5 -5 -1 -4 -6 -4 -3 -3 -5 -5 -5    0   0   1   8   0   4  85   0   0   0   0   1   0   0   0   0   0   0   0   0  1.65 0.45
   86 A    3 -2 -3 -4 -1 -2 -3 -3  1  1  2 -2  5 -1 -3 -1 -1  1  0 -1   31   1   0   0   1   0   0   0   5   6  21   1  23   1   0   3   2   2   3   1  0.43 0.22
   87 A    6 -4 -4 -4  0 -3 -3  1 -4 -3 -3 -3  1 -4 -3 -1  0 -5 -4  0   76   0   0   0   2   0   0   8   0   0   0   0   4   0   0   0   7   0   0   4  1.01 0.35
   88 M   -3 -4 -2 -4 -4 -2 -4 -5  5 -2  0 -4  8  1 -5  2 -3 -4 -2 -2    0   0   2   0   0   0   0   0  17   0   3   0  55   7   0  15   0   0   0   0  1.33 0.43
   89 R    0  6  1 -2 -4  2  0 -3 -1 -4 -3  2  0 -2 -3 -1 -2 -4 -3 -4    7  52   8   1   0   8   3   0   1   0   1  11   2   1   0   4   1   0   0   0  0.79 0.25
   90 G   -2 -5 -3 -4 -2 -4 -5  7 -5 -6 -6 -4 -5 -6 -5 -3 -4 -5 -6 -6    0   0   0   0   1   0   0  99   0   0   0   0   0   0   0   0   0   0   0   0  2.17 0.45
   91 E   -3 -2 -1  4 -5  1  5 -4 -2 -4  0  0 -2 -3 -3 -2 -3 -5 -2 -3    0   0   1  24   0   6  51   0   0   0  10   3   1   1   0   0   0   0   1   1  0.84 0.27
   92 I   -2 -5 -5 -5 -3 -4 -5 -5 -5  5  2 -4  0 -2 -4 -4 -2 -4 -3  4    1   0   0   0   0   0   0   0   0  50  20   0   1   0   0   0   0   0   0  29  0.97 0.27
   93 P   -4 -5 -5 -4 -6 -4 -4 -5 -5 -6 -6 -4 -5 -7  9 -4 -4 -7 -6 -5    0   0   0   0   0   0   0   0   0   0   0   0   0   0 100   0   0   0   0   0  3.08 0.56
   94 G   -2 -5 -3 -4 -5 -4 -5  7 -5 -6 -6 -4 -5 -6 -5 -3 -4 -5 -6 -6    0   0   0   0   0   0   0 100   0   0   0   0   0   0   0   0   0   0   0   0  2.21 0.45
   95 L   -3 -4 -5 -5 -3 -4 -4 -5 -5  2  4 -4  3 -1 -4 -4 -2 -4 -3  4    0   0   0   0   0   0   0   0   0   7  47   0  10   0   0   0   0   0   0  35  0.84 0.25
   96 K   -2  3 -2 -3 -3 -1 -2 -4  0  1 -2  2 -2 -3 -3 -1  3 -4 -3  3    0  19   0   0   0   0   0   0   3   5   0  17   0   0   0   3  22   0   0  32  0.44 0.21
   97 K   -3  0 -3 -3 -6 -1 -2 -4 -3 -5 -4  7 -1 -6 -4 -3 -3 -6 -4 -5    0   1   0   0   0   0   0   0   0   0   1  96   2   0   0   0   0   0   0   0  1.85 0.47
   98 A    5 -3 -3 -3 -3 -3 -3 -2 -3 -4 -4 -3 -3 -4 -3  4 -1 -5 -4 -3   62   0   0   0   0   0   0   0   0   0   0   0   0   0   0  38   0   0   0   0  1.11 0.35
   99 S   -1 -3 -2 -3 -4 -3 -3 -3 -4 -5 -5 -3 -4 -5 -3  7 -1 -6 -4 -4    0   0   0   0   0   0   0   0   0   0   0   0   0   0   0 100   0   0   0   0  1.80 0.49
  100 W   -6 -6 -7 -8 -6 -5 -6 -6 -6 -6 -5 -7 -5 -2 -7 -6 -6 13 -1 -6    0   0   0   0   0   0   0   0   0   0   0   0   0   0   0   0   0 100   0   0  4.60 0.73

                      K         Lambda
Standard Ungapped    0.1305     0.3188
Standard Gapped      0.0635     0.2670
PSI Ungapped         0.2073     0.3143
PSI Gapped           0.0635     0.2670
