
Last position-specific scoring matrix computed, weighted observed percentages rounded down, information per position, and relative weight of gapless real matches to pseudocounts
           A  R  N  D  C  Q  E  G  H  I  L  K  M  F  P  S  T  W  Y  V   A   R   N   D   C   Q   E   G   H   I   L   K   M   F   P   S   T   W   Y   V
    1 H   -1  0 -1  0 -4  5  3 -3  3 -4 -3  0 -1 -3 -2 -1 -1 -2  1 -3    0   0   0   0   0  57  27   0  11   0   0   0   0   0   0   0   0   0   5   0  0.67 0.08
    2 T    0 -2  0 -2 -2 -1  0 -2 -2 -3 -4 -2 -3 -4 -2  5  4 -4 -3 -3    2   0   3   0   0   0   6   0   0   0   0   0   0   0   0  62  28   0   0   0  0.79 0.22
    3 P   -1 -4 -4 -4 -3 -3 -4 -5 -4  4  0 -3  0 -2  3 -3 -1 -4 -3  4    2   0   0   0   0   0   0   0   0  31   5   0   1   0  14   0   1   0   0  46  0.72 0.21
    4 E   -1  0  1  2 -5  3  5 -3 -2 -4 -4  1 -3 -5 -3 -1 -2 -4 -3 -4    5   5   6  13   0  17  45   0   0   0   0   5   0   0   0   2   1   0   0   0  0.73 0.21
    5 E    0  2 -1  2 -4  2  5 -3  1 -4 -4  1 -3 -4 -3 -1 -1 -4 -3 -3    7  11   1  11   0  11  44   0   3   0   0   5   0   0   0   2   3   0   0   0  0.64 0.20
    6 A    4 -2 -2 -1 -3  5  0 -3 -2 -2 -3 -1 -2 -4 -3  0 -1 -4 -3 -1   41   0   1   2   0  41   2   0   0   2   0   0   0   0   0   4   3   0   0   4  0.76 0.27
    7 L   -3 -4 -5 -5 -3 -3 -5 -5 -4  1  5 -4  3  1 -5 -4 -3 -3 -2  0    0   0   0   0   0   0   0   0   0   4  77   0   9   6   0   0   0   0   0   3  1.01 0.26
    8 A    4  1 -1  0 -3  0  2 -2 -1 -3 -3  1 -2 -4 -2  1  0 -4 -3 -2   46   7   2   4   0   3  19   0   1   0   1   7   0   0   0   6   3   0   0   0  0.43 0.17
    9 L   -2 -2 -3 -2 -3  0  2 -4 -2  3  2 -2  0 -2 -3 -2 -1 -1 -2  2    0   1   0   0   0   4  19   0   1  29  25   0   0   0   0   1   4   1   1  15  0.35 0.15
   10 L   -2 -4 -4 -5 -3 -4 -4 -5 -5  6  3 -4  0 -1 -4 -2  0 -4 -3  1    2   0   0   0   0   0   0   0   0  60  27   0   0   2   0   2   5   0   0   2  0.83 0.24
   11 K   -1  3 -2 -2 -2  1  0 -2 -2 -3 -1  5 -2 -4 -3 -1 -2 -4 -3 -3    3  19   0   0   1   6   4   2   0   1   7  54   1   0   0   2   1   0   0   0  0.70 0.22
   12 R   -3  8 -3 -4 -6 -1 -2 -5 -1 -5 -4  0 -4 -5 -4 -2 -2 -5 -3 -5    1  92   0   0   0   1   0   0   1   0   0   2   0   0   0   1   2   0   0   0  1.84 0.40
   13 G   -2 -5 -1 -4 -5 -4 -4  7 -4 -6 -6 -4 -5 -6 -4 -2 -4 -5 -5 -6    0   0   2   0   0   0   0  98   0   0   0   0   0   0   0   0   0   0   0   0  2.05 0.39
   14 A    3 -3 -3 -3  4 -3 -3 -3 -4  0 -2 -3 -2 -3 -3  0  3 -4 -3  3   35   0   0   0  12   0   0   0   0   2   0   0   0   0   0   4  22   0   0  25  0.55 0.21
   15 E    1 -2 -1  5 -4  0  3 -3  1 -2 -3 -2 -2 -3 -3 -1 -1 -5 -3  1   13   0   0  35   0   2  27   0   4   0   2   0   0   0   0   2   1   0   0  13  0.55 0.19
   16 E   -3 -2 -2  1 -6  0  7 -4 -2 -6 -5 -1 -4 -6 -3 -2 -2 -5 -4 -5    1   0   1   6   0   1  91   0   0   0   0   0   0   0   0   0   1   0   0   0  1.68 0.39
   17 I   -3 -4 -5 -5 -2 -4 -5 -5 -5  6  3 -4  0 -1 -5 -4 -2 -4 -3  2    0   0   0   0   1   0   0   0   0  60  28   0   1   1   0   0   0   0   0   9  0.97 0.25
   18 V   -3 -4 -5 -5 -3 -4 -4 -5 -4  4  4 -4  0 -1 -4 -4 -2 -4 -2  2    0   0   0   0   0   0   0   0   0  34  53   0   0   0   0   0   1   0   1  10  0.83 0.22
   19 P   -2 -2 -2 -2 -3 -2 -2 -2 -3  1  1 -1 -1 -2  5  0 -1 -4 -3  2    0   1   2   1   0   0   2   2   0  10  13   4   0   1  33   9   3   0   0  17  0.50 0.15
   20 E   -2  0 -2 -1 -5  2  7 -4 -1 -4 -3  0 -3 -5 -3 -2 -3 -5 -4 -2    1   3   0   0   0   6  79   0   1   1   3   3   0   0   0   0   0   0   0   2  1.24 0.32
   21 E    1 -2  0  3 -4  1  5 -2 -1 -4 -4  0 -3 -4 -2  1 -1 -5 -4 -3   13   0   2  19   0   4  45   1   0   0   0   4   0   0   0  10   1   0   0   0  0.66 0.20
   22 E   -2 -2 -2  4 -6  0  6 -3 -2 -5 -4 -1 -4 -4 -3 -2 -3 -5 -4 -5    2   0   0  22   0   0  72   1   0   0   1   2   0   0   0   0   0   0   0   0  1.32 0.33
   23 L   -3 -4 -5 -6 -3 -4 -5 -6 -5  0  6 -5  0  2 -5 -4 -3  4 -2 -1    0   0   0   0   0   0   0   0   0   0  85   0   0   8   0   0   0   6   0   0  1.20 0.30
   24 L    0  1 -2 -2 -2 -1  0 -3 -2  2  1  1  0 -2 -3 -2 -1 -3 -2  2    8  11   0   1   0   1   8   0   1  18  16  13   1   0   0   0   1   0   0  20  0.18 0.10
   25 A    1  1 -1  0 -4  3  4 -2 -1 -4 -3  3 -3 -4 -2 -1 -1 -4 -3 -3   16   5   1   4   0  13  32   0   0   0   2  24   0   0   0   1   2   0   0   0  0.53 0.18
   26 K   -3  3 -2 -3 -5 -1 -1 -4 -3 -5 -5  7 -3 -5 -3 -1 -3 -5 -4 -4    0  15   0   0   0   0   0   0   0   0   0  83   0   0   0   2   0   0   0   1  1.47 0.36
   27 L   -3 -4 -5 -6 -3 -4 -5 -6 -5  1  6 -4  0 -1 -5 -4 -3 -4 -2  0    1   0   0   0   0   0   0   0   0   6  91   1   0   0   0   0   0   0   1   2  1.23 0.30
   28 K    2  1 -2 -1 -4  2  2 -3 -1 -4 -4  5 -3 -4 -3 -1 -2 -4 -3 -3   19   5   0   1   0   9  15   0   1   0   0  45   0   0   0   2   1   0   0   1  0.61 0.21
   29 E   -1  3 -1 -1 -3  1  3 -3 -2 -3 -2  2 -2 -4 -2  2  2 -4 -3 -3    2  18   1   0   0   3  28   0   0   0   4  11   0   0   0  18  13   0   0   0  0.41 0.16
   30 G   -2 -3  3 -1 -4 -3 -2  6 -3 -5 -5  0 -4 -5 -4 -1 -3 -5 -5 -5    0   0  14   2   0   0   2  74   0   0   0   5   0   0   0   2   0   0   0   0  1.29 0.28
   31 R   -2  6 -2 -3 -4  1 -1 -3 -2 -2 -3  4 -3 -4 -3 -2  0 -4 -3  0    1  49   0   0   0   6   2   1   0   1   0  27   0   0   0   0   4   0   0   8  0.82 0.23
   32 P   -3 -2 -4 -4 -5 -1 -3 -4 -4 -4 -5  0 -5 -6  8 -2 -2 -6 -5 -4    1   2   0   0   0   2   0   0   0   1   0   6   0   0  86   1   2   0   0   0  2.30 0.40
   33 L   -4 -4 -6 -6 -3 -4 -5 -6 -5  0  6 -5  0 -2 -5 -5 -3 -4 -3 -1    0   0   0   0   0   0   0   0   0   0 100   0   0   0   0   0   0   0   0   0  1.47 0.34
   34 T   -3  7 -1 -3 -4 -1 -2 -4 -1 -1 -4  3 -3 -4 -4 -2  0 -5 -3 -2    0  67   2   0   0   0   0   0   1   5   0  14   0   0   0   0   8   0   0   2  1.10 0.29
   35 V   -2 -5 -5 -5 -2 -4 -5 -5 -5  6  0 -4 -1 -2 -5 -4 -2 -5 -3  5    1   0   0   0   0   0   0   0   0  60   0   0   0   0   0   0   0   0   0  39  1.18 0.29
   36 K   -3  0 -3 -3 -6 -1 -1 -4 -3 -5 -5  8 -4 -6 -3 -3 -3 -5 -4 -5    0   0   0   0   0   0   0   0   0   0   0 100   0   0   0   0   0   0   0   0  1.87 0.42
   37 L    4 -3 -4 -4 -2 -3 -3 -3 -4 -1  4 -3  0 -1 -3 -2 -2 -4 -3  0   49   0   0   0   0   0   0   0   0   0  46   0   0   1   0   0   0   0   0   2  0.69 0.24
   38 G   -2 -5 -3 -4 -5 -4 -4  7 -4 -6 -6 -4 -5 -6 -4 -2 -4 -5 -5 -6    0   0   0   0   0   0   0 100   0   0   0   0   0   0   0   0   0   0   0   0  2.10 0.39
   39 A    0 -4 -5 -5  0 -4 -4 -4 -3 -1  3 -4  1  7 -5 -3 -3 -2  0 -1   11   0   0   0   2   0   0   0   0   0  27   0   4  53   0   0   0   0   0   3  0.93 0.25
   40 D   -4 -4 -1  8 -6 -3 -1 -4 -4 -6 -6 -3 -6 -6 -4 -3 -3 -7 -6 -6    0   0   0 100   0   0   0   0   0   0   0   0   0   0   0   0   0   0   0   0  2.26 0.44
   41 P   -3 -5 -5 -4 -6 -4 -4 -5 -5 -6 -6 -4 -5 -6  9 -3 -4 -6 -6 -5    0   0   0   0   0   0   0   0   0   0   0   0   0   0 100   0   0   0   0   0  2.99 0.48
   42 T   -2 -3 -2 -3 -3 -3 -3 -4 -4 -3 -4 -3 -3 -5 -3  1  7 -5 -4 -2    0   0   0   0   0   0   0   0   0   0   0   0   0   0   0   6  93   0   0   0  1.66 0.41
   43 R    6  1 -4 -4 -3 -3 -3 -2 -4 -4 -4 -2 -3 -4 -3 -1 -2 -5 -4 -2   91   8   0   0   0   0   0   1   0   0   0   0   0   0   0   0   0   0   0   0  1.28 0.35
   44 P   -3 -4 -5 -4 -5 -4 -4 -5 -5 -5 -6 -4 -5 -6  9 -3 -4 -6 -6 -5    1   0   0   0   0   0   0   0   0   0   0   0   0   0  99   0   0   0   0   0  2.91 0.47
   45 D   -4 -4 -1  8 -6 -3  0 -4 -4 -6 -6 -3 -6 -6 -4 -3 -3 -7 -6 -6    0   0   0  99   0   0   1   0   0   0   0   0   0   0   0   0   0   0   0   0  2.23 0.43
   46 L   -3 -4 -5 -5 -3 -4 -5 -6 -5  4  5 -4  0 -1 -5 -4 -3 -4 -3  0    0   0   0   0   0   0   0   0   0  34  65   0   0   0   0   0   0   0   0   2  1.03 0.26
   47 H   -4 -3 -2 -4 -6 -2 -3 -5 11 -6 -6 -3 -4 -4 -5 -4 -4 -5 -1 -6    0   0   0   0   0   0   0   0 100   0   0   0   0   0   0   0   0   0   0   0  3.06 0.54
   48 L   -3 -4 -5 -6 -3 -4 -5 -6 -5  2  6 -4  1  0 -5 -4 -3 -4 -3  0    0   0   0   0   0   0   0   0   0   9  86   0   0   2   0   0   0   0   0   2  1.16 0.28
   49 G   -2 -5 -3 -4 -5 -4 -4  7 -4 -6 -6 -4 -5 -6 -4 -2 -4 -5 -5 -6    0   0   0   0   0   0   0 100   0   0   0   0   0   0   0   0   0   0   0   0  2.10 0.39
   50 H   -4 -3 -2 -4 -6 -2 -3 -5 11 -6 -6 -4 -4 -4 -5 -4 -5 -5 -1 -6    0   0   0   0   0   0   0   0 100   0   0   0   0   0   0   0   0   0   0   0  3.09 0.54
   51 A    1 -3 -2 -3 -3 -3 -3 -4 -4 -3 -3 -3 -3 -4 -3  0  7 -5 -4 -2   10   0   0   0   0   0   0   0   0   0   0   0   0   0   0   3  86   0   0   1  1.43 0.37
   52 V   -2 -5 -5 -6 -3 -5 -5 -6 -6  1 -1 -5 -1 -3 -5 -4 -2 -5 -3  7    0   0   0   0   0   0   0   0   0   0   0   0   0   0   0   0   0   0   0 100  1.63 0.39
   53 V   -2 -4 -5 -5 -3 -4 -4 -4 -5  2  4 -4  0 -2 -2 -4 -2 -4 -3  4    0   0   0   0   0   0   0   0   0   7  49   0   0   0   2   0   0   0   0  41  0.78 0.22
   54 L   -3 -4 -5 -5 -3 -4 -5 -5 -5  4  5 -4  1 -1 -5 -4 -3 -4 -3  0    0   0   0   0   0   0   0   0   0  32  65   0   1   1   0   0   0   0   0   1  1.00 0.25
   55 R   -3  2  7 -1 -5  2 -2 -3  2 -5 -5 -1 -4 -5 -4 -2 -1 -2 -3 -5    0  13  66   0   0  11   0   0   5   0   0   1   0   0   0   0   2   1   0   0  1.25 0.32
   56 K   -3  0 -3 -3 -6 -1 -1 -4 -3 -5 -5  8 -4 -6 -3 -3 -3 -5 -4 -5    0   0   0   0   0   0   0   0   0   0   0 100   0   0   0   0   0   0   0   0  1.87 0.42
   57 M   -3 -4 -5 -6 -3 -3 -5 -5 -4  0  5 -4  7 -2 -5 -4 -3 -4 -3 -1    0   0   0   0   0   0   0   0   0   0  64   0  36   0   0   0   0   0   0   0  1.29 0.32
   58 R   -3  7 -3 -4 -6 -1 -2 -4 -2 -5 -4  3 -4 -5 -4 -3 -3 -5 -4 -5    1  83   0   0   0   0   0   0   0   0   0  16   0   0   0   0   0   0   0   0  1.73 0.37
   59 Q   -2 -1 -2 -2 -5  7  0 -4  4 -4 -3 -1 -3 -5 -4 -2  1 -4 -3 -3    3   0   0   1   0  75   1   0  10   0   2   0   0   0   0   0   8   0   0   1  1.39 0.37
   60 F   -4 -5 -5 -6 -4 -5 -5 -6 -4 -2  2 -5 -1  8 -6 -5 -4 -1  1 -2    0   0   0   0   0   0   0   0   0   0  21   0   0  79   0   0   0   0   0   0  1.72 0.36
   61 Q   -3 -2 -3 -3 -6  9 -1 -5 -2 -6 -5 -1 -3 -6 -4 -3 -3 -5 -4 -5    0   0   0   0   0 100   0   0   0   0   0   0   0   0   0   0   0   0   0   0  2.29 0.50
   62 E   -3 -2  0  6 -5  2  4 -3 -2 -5 -4 -1 -3 -5 -3 -2 -2 -5 -4 -4    0   0   3  57   0   9  26   0   0   0   1   1   0   0   0   1   1   0   0   0  1.15 0.28
   63 L   -3 -4 -5 -5 -3 -3 -4 -6 -4  0  6 -4  1  1 -5 -4 -3 -3 -1 -1    1   0   0   0   0   1   0   0   0   1  89   0   2   5   0   0   0   0   1   0  1.16 0.29
   64 G   -2 -5 -3 -4 -5 -4 -4  7 -4 -6 -6 -4 -5 -6 -4 -2 -4 -5 -5 -6    0   0   0   0   0   0   0 100   0   0   0   0   0   0   0   0   0   0   0   0  2.10 0.39
   65 H   -4 -3 -2 -4 -6 -2 -3 -5 11 -6 -6 -4 -4 -4 -5 -4 -5 -5 -1 -6    0   0   0   0   0   0   0   0 100   0   0   0   0   0   0   0   0   0   0   0  3.09 0.54
   66 K   -2  0 -1  0 -5  5  4 -3  3 -4 -4  2 -2 -4 -3 -1  1 -4 -3 -3    0   2   1   3   0  29  37   0   8   0   0  10   0   0   0   0  10   0   0   0  0.75 0.23
   67 V    0 -4 -5 -5 -3 -4 -4 -5 -5  3 -1 -4 -1 -3 -4 -3 -2 -5 -3  6    5   0   0   0   0   0   0   0   0  16   0   0   0   0   0   0   1   0   0  78  1.14 0.30
   68 V   -2 -3 -3 -4 -2  0 -3 -5  0  5  1 -3  1 -1 -4 -3  0 -3  2  2    0   0   1   0   0   6   0   0   3  45  12   0   2   1   0   0   6   0   8  16  0.50 0.17
   69 L   -4 -5 -5 -6 -4 -5 -5 -5 -4  1  2 -5  0  8 -4 -4 -4 -1  1 -2    0   0   0   0   0   0   0   0   0   6  18   0   1  74   1   0   0   0   0   0  1.52 0.33
   70 I   -3 -4 -5 -5 -3 -4 -5 -6 -5  3  5 -4  0 -1 -5 -4 -3 -4 -3  0    0   0   0   0   0   0   0   0   0  19  78   0   0   0   0   0   0   0   0   3  1.08 0.27
   71 I   -4 -5 -6 -6 -3 -5 -6 -6 -6  7  0 -5 -1 -2 -5 -5 -3 -5 -4  1    0   0   0   0   0   0   0   0   0  96   2   0   0   0   0   0   0   0   0   2  1.69 0.38
   72 G   -2 -5 -3 -4 -5 -4 -4  7 -4 -6 -6 -4 -5 -6 -4 -2 -4 -5 -5 -6    0   0   0   0   0   0   0 100   0   0   0   0   0   0   0   0   0   0   0   0  2.10 0.39
   73 D   -4 -4 -1  8 -6 -3 -1 -3 -4 -6 -6 -3 -6 -6 -4 -3 -3 -7 -6 -6    0   0   0  99   0   0   0   0   0   0   0   0   0   0   0   0   0   0   0   0  2.23 0.43
   74 F   -5 -5 -5 -6 -5 -6 -6 -4 -4 -3 -2 -6 -2  9 -6 -5 -5 -1  2 -3    0   0   0   0   0   0   0   1   0   0   0   0   0  96   0   0   0   0   3   0  2.27 0.43
   75 T   -2 -4 -2 -4 -3 -3 -3 -4 -4 -3 -4 -3 -3 -5 -4 -1  8 -5 -4 -2    0   0   0   0   0   0   0   0   0   0   0   0   0   0   0   0 100   0   0   0  1.88 0.44
   76 G    3 -4 -2 -3 -3 -3 -3  6 -4 -5 -5 -3 -4 -5 -3  1 -1 -4 -4 -4   24   0   0   0   0   0   0  65   0   0   0   0   0   0   0   9   2   0   0   0  1.14 0.26
   77 M   -2  3 -4 -5 -4  0 -3 -5 -3 -1  1 -2  9 -3 -4 -3 -1 -4 -3 -2    1  16   0   0   0   3   0   0   0   0   9   1  64   0   0   1   4   0   0   0  1.27 0.35
   78 I   -3 -5 -5 -5 -3 -5 -5 -6 -6  7  0 -5 -1 -2 -5 -5 -3 -5 -3  2    0   0   0   0   0   0   0   0   0  91   0   0   0   0   0   0   0   0   0   9  1.59 0.36
   79 G   -2 -5 -3 -4 -5 -4 -4  7 -4 -6 -6 -4 -5 -6 -4 -2 -4 -5 -5 -6    0   0   0   0   0   0   0 100   0   0   0   0   0   0   0   0   0   0   0   0  2.10 0.39
   80 D   -4 -4 -1  8 -6 -3 -1 -4 -4 -6 -6 -3 -6 -6 -4 -3 -3 -7 -6 -6    0   0   0 100   0   0   0   0   0   0   0   0   0   0   0   0   0   0   0   0  2.26 0.44
   81 P   -3 -5 -5 -4 -6 -4 -4 -5 -5 -6 -6 -4 -5 -6  9 -3 -4 -6 -6 -5    0   0   0   0   0   0   0   0   0   0   0   0   0   0 100   0   0   0   0   0  2.99 0.48
   82 S   -1 -3 -2 -3 -3 -2 -2 -3 -3 -4 -4 -2 -3 -4 -3  5  5 -5 -4 -3    0   0   0   0   0   0   0   0   0   0   0   0   0   0   0  55  45   0   0   0  1.15 0.33
   83 G   -2 -5 -3 -3 -5 -4 -4  7 -4 -6 -6 -4 -5 -6 -4 -2 -4 -5 -5 -6    0   0   0   0   0   0   0 100   0   0   0   0   0   0   0   0   0   0   0   0  2.08 0.39
   84 R   -3  4 -2 -3 -5 -1 -1 -4 -3 -5 -4  6 -3 -5 -3 -2 -3 -5 -4 -4    0  27   0   0   0   0   0   0   0   0   0  73   0   0   0   0   0   0   0   0  1.42 0.34
   85 S   -2 -3  6  0 -4 -2 -2 -2 -2 -5 -4 -2 -4 -5 -3  4 -1 -5 -4 -4    0   0  54   2   0   0   0   0   0   0   1   0   0   0   0  42   1   0   0   0  1.21 0.32
   86 K    2 -1 -2 -1 -2  0  2 -2 -2 -1 -2  1 -2 -3 -2  1  1 -4 -3  2   27   0   0   1   0   2  20   0   0   2   1   9   0   0   0  10   9   0   0  18  0.27 0.14
   87 T   -2 -4 -2 -3 -3 -3 -3 -4 -4 -3 -4 -3 -2 -5 -4 -1  7 -5 -4 -2    0   0   0   0   0   0   0   0   0   0   0   0   0   0   0   1  98   0   0   1  1.80 0.43
   88 R   -4  8 -3 -4 -6 -1 -3 -5 -3 -6 -5  0 -4 -5 -5 -3 -4 -5 -4 -5    0 100   0   0   0   0   0   0   0   0   0   0   0   0   0   0   0   0   0   0  2.18 0.44
   89 P   -3 -1 -3 -3 -5 -1 -2 -4 -4 -5 -4  4 -2 -6  7 -3 -3 -6 -5 -4    0   1   0   0   0   3   0   0   0   0   1  29   1   0  64   0   0   0   0   0  1.71 0.34
   90 P   -1 -4 -4 -3 -5  3 -2 -4 -4 -5 -5 -2 -2 -6  8 -2 -2 -6 -5 -3    6   0   0   0   0  14   1   0   0   0   0   0   1   0  75   1   1   0   0   2  1.95 0.36
   91 L   -4 -4 -6 -6 -3 -4 -5 -6 -5  0  6 -5  0 -2 -5 -5 -3 -4 -3 -1    0   0   0   0   0   0   0   0   0   0 100   0   0   0   0   0   0   0   0   0  1.47 0.34
   92 T   -2 -3 -2 -2 -3 -3 -3 -3 -4 -3 -4 -3 -3 -4 -3  3  6 -5 -4 -2    0   0   0   1   0   0   0   0   0   0   0   0   0   0   0  27  71   0   0   0  1.23 0.34
   93 L   -1  5 -2 -1 -4  0  2 -3 -1 -3 -1  2 -2 -3  0 -1 -2 -2 -3 -2    6  46   0   1   0   1  15   1   0   0   7  10   0   1   5   2   1   0   0   1  0.57 0.18
   94 E   -2 -2 -2  2 -6  0  7 -4 -2 -5 -5 -1 -4 -5 -3 -2 -3 -5 -4 -5    2   0   0   9   0   1  86   0   0   0   0   2   0   0   0   0   0   0   0   0  1.55 0.36
   95 E   -2 -2 -1  4 -5  6  4 -4 -2 -4 -4 -1 -3 -5 -3 -2 -2 -5 -4 -4    2   0   0  22   0  43  31   0   0   0   0   1   0   0   0   0   1   0   0   0  1.07 0.29
   96 T   -2 -4 -4 -5 -3 -4 -4 -5 -5  4  0 -4 -1 -2 -4 -3  1 -5 -3  6    1   0   0   0   0   0   0   0   0  26   1   0   0   0   0   0   7   0   0  65  1.01 0.27
   97 R    0  2 -2 -2 -3  1  1 -3 -2  0  3  2  1 -2 -3 -2 -2 -3 -2 -1    7  12   1   0   0   5  13   0   0   5  38  13   4   0   0   1   0   0   0   2  0.25 0.12
   98 E    2  2 -2  0 -3  1  4 -2  0 -2 -3  1 -2 -3 -2  0 -1 -4 -3 -1   27  11   0   3   0   5  34   0   1   2   1   8   0   0   0   2   2   0   0   3  0.42 0.16
   99 N   -4 -3  8 -1 -5 -2 -3 -3 -2 -6 -6 -3 -5 -6 -5 -2 -3 -6 -4 -6    0   0 100   0   0   0   0   0   0   0   0   0   0   0   0   0   0   0   0   0  2.27 0.46
  100 A    7 -4 -4 -4 -3 -3 -3 -1 -4 -3 -4 -3 -3 -4 -3 -1 -2 -5 -4 -2   98   0   0   0   0   0   0   1   0   0   0   0   0   0   0   0   0   0   0   1  1.47 0.38
  101 K   -1  3 -2 -1 -4  3  4 -3 -1 -3 -3  4 -1 -4 -3 -2 -2 -4 -3 -2    5  13   0   1   0  11  34   0   0   0   2  30   2   0   0   0   0   0   0   2  0.64 0.20
  102 T   -2 -3 -2 -3 -3 -3 -3 -4 -4 -3 -4 -3 -3 -5 -3  1  7 -5 -4 -2    0   0   0   0   0   0   0   0   0   0   0   0   0   0   0   8  92   0   0   0  1.63 0.40
  103 Y   -5 -4 -5 -6 -5 -4 -5 -6 -1 -4 -4 -5 -4  1 -6 -4 -4  0 10 -4    0   0   0   0   0   0   0   0   0   0   0   0   0   0   0   0   0   0 100   0  2.73 0.51
  104 V    0  1 -2 -2 -4  3  2 -3 -1 -2 -2  4 -2  0 -3 -1 -1 -3  1  0    7   6   0   0   0  14  15   0   0   0   1  32   0   5   0   0   4   0   7   9  0.35 0.15
  105 A    0  0 -1  2 -4  2  5 -3  0 -4 -4  1 -3 -5 -3 -1 -1 -4 -3 -4    9   5   1   8   0   6  56   0   2   0   0   6   0   0   0   2   4   0   0   0  0.75 0.22
  106 Q   -3 -2 -3 -3 -6  9 -1 -5 -2 -6 -5 -1 -3 -6 -4 -3 -3 -5 -4 -5    0   0   0   0   0 100   0   0   0   0   0   0   0   0   0   0   0   0   0   0  2.29 0.50
  107 A    2 -4 -4 -4 -2 -4 -4 -4 -4  3  0 -4 -1 -1 -4 -2 -2 -4 -1  5   21   0   0   0   0   0   0   0   0  19   2   0   0   1   0   0   0   0   1  55  0.72 0.23
  108 G   -2 -3 -3 -5 -4 -4 -4  0 -3 -3 -2 -4 -2  7 -5  1 -3 -1  3 -3    2   1   0   0   0   0   0   8   0   0   0   0   0  69   0  11   0   0   7   0  1.25 0.30
  109 K   -3  2 -2 -3 -5 -1 -1 -4 -3 -4 -1  7 -1 -5 -3 -2 -2 -5 -4 -4    0   7   0   0   0   0   0   0   0   0   9  83   1   0   0   0   0   0   0   0  1.29 0.34
  110 I   -3 -5 -5 -5 -3 -5 -5 -6 -5  7  0 -5  0 -2 -5 -4 -2 -5 -3  4    0   0   0   0   0   0   0   0   0  74   0   0   0   0   0   0   0   0   0  26  1.31 0.31
  111 L   -4 -4 -6 -6 -3 -4 -5 -6 -5  0  6 -5  0 -2 -5 -5 -3 -4 -3 -1    0   0   0   0   0   0   0   0   0   0 100   0   0   0   0   0   0   0   0   0  1.47 0.34
  112 R    0  1  0  1 -1  0  0  0  0 -1 -1  0  0 -1  0  0  0  0  0 -1    6   9   5  12   2   4   5   6   2   5   7   8   2   3   4   6   6   1   3   5  0.04 0.00
  113 Q    0  1  0  0 -1  1  0  0  0  0  0  1  0 -1  0  0  0  0  0  0    7   7   4   5   2   8   6   6   2   5   8   8   4   3   4   6   6   1   3   6  0.03 0.00
  114 E   -4 -3 -1  8 -5 -2  1 -3 -3 -5 -5 -3 -5 -5 -3 -2 -3 -6 -5 -5    0   0   0  90   0   0   5   0   0   0   1   0   0   0   0   0   0   0   0   0  1.85 0.36
  115 P   -2  0 -3 -3 -4 -2 -2 -4 -3 -4 -4  0 -4 -5  8 -2 -3 -5 -4 -4    3   7   0   0   0   1   1   1   0   1   1   5   0   0  78   1   0   0   0   1  1.95 0.33
  116 H    2 -1  0  1 -3  2  4 -1  1 -3 -3  0 -2 -4 -2  0 -1 -4 -3 -2   25   0   3   7   0   7  38   2   3   0   2   3   0   0   0   6   1   0   0   1  0.45 0.15
  117 L   -2  4 -2 -3 -5  1 -1 -4 -2 -4 -1  6 -2 -4 -3 -2 -2 -4 -3 -3    1  24   0   0   0   4   0   0   0   0   6  62   0   0   0   0   0   0   0   1  1.01 0.27
  118 F   -2 -3 -2 -3 -3 -3 -3 -4 -4 -3 -3 -3 -2  1 -3 -1  7 -4 -3 -2    1   0   0   0   0   0   0   0   0   0   0   0   1   7   0   0  91   0   0   0  1.54 0.39
  119 E   -2  2 -1 -1 -4  1  5 -4 -1 -2 -2  2 -3 -3 -3 -1  0 -4 -3 -2    0  12   1   0   0   4  50   0   1   3   3  15   0   0   0   0   8   0   0   3  0.63 0.21
  120 L   -2 -4 -5 -5 -3 -4 -4 -5 -5  4  2 -4  0 -2 -4 -4 -2 -4 -3  5    0   0   0   0   0   0   0   0   0  32  13   0   1   0   0   0   0   0   0  54  0.93 0.25
  121 R    1  4 -2 -2  0  0  0 -3 -1 -1 -1  0  1 -3 -3 -2 -1 -4 -1  3   11  36   1   1   3   2   6   0   1   0   2   1   4   0   0   1   2   0   2  29  0.39 0.17
  122 Y   -4 -4 -5 -5 -5 -5 -5 -5 -2 -3 -2 -5 -2  8 -6 -4 -4 -1  6 -3    0   1   0   0   0   0   0   0   0   0   0   0   0  73   0   0   0   0  26   0  1.88 0.38
  123 N   -4 -3  8 -1 -5 -2 -3 -3 -2 -6 -6 -3 -5 -6 -5 -2 -3 -6 -5 -6    0   0 100   0   0   0   0   0   0   0   0   0   0   0   0   0   0   0   0   0  2.28 0.46
  124 S    0 -3 -2 -2 -3 -2 -2 -1 -3 -5 -5 -2 -4 -5 -3  7 -1 -5 -4 -4    2   0   0   0   0   0   0   2   0   0   0   0   0   0   0  95   0   0   0   0  1.50 0.40
  125 E    0  0 -1  1 -4  1  5 -3  1 -4 -4  0 -3 -4 -3  1  2 -4 -3 -3    5   3   0   4   0   4  53   0   3   0   0   3   0   0   0  12  13   0   0   1  0.69 0.22
  126 W   -6 -6 -7 -8 -6 -5 -6 -6 -6 -6 -5 -6 -5 -2 -7 -6 -6 13 -1 -6    0   0   0   0   0   0   0   0   0   0   0   0   0   0   0   0   0 100   0   0  4.45 0.64
  127 L   -3 -4 -4 -5  4 -3 -4 -3 -4  0  4 -4  6  2 -4 -1 -2 -3 -2 -1    0   0   0   0   9   0   0   1   0   3  41   0  31   9   0   6   0   0   0   0  0.75 0.23
  128 E    0 -2  2  3 -3 -1  2  3 -2 -4 -3 -1 -1 -4 -3  1 -1 -4 -3 -3    7   0  13  20   0   1  16  23   0   0   2   2   2   0   0  13   1   0   0   0  0.44 0.14
  129 G    0  0  0  0 -4  2  2 -1 -2 -4 -4  3 -3 -4  4  0 -1 -4 -3 -3    5   3   3   4   0  11  16   5   0   0   0  27   0   0  19   4   2   0   0   1  0.49 0.15
  130 L   -3 -3 -5 -5 -3 -3 -4 -5 -4  0  5 -3  6  1 -5 -4 -3 -3 -2 -1    0   1   0   0   0   0   0   0   0   0  66   1  27   5   0   0   0   0   0   0  1.08 0.28
  131 T   -1 -2  1  0 -3 -2 -2  4 -3 -4 -4 -1 -3 -4 -3  2  3 -4 -4 -3    1   2   6   5   0   1   0  43   0   0   0   3   0   0   0  21  20   0   0   0  0.66 0.20
  132 F    4 -3 -3 -4 -2 -3 -3 -2 -3 -3 -2 -3 -2  4  1  1  0 -3 -1 -2   55   0   0   0   0   0   0   0   0   0   1   0   0  23   7   7   5   0   0   0  0.66 0.23
  133 K    4  1 -2 -1 -2  0  2 -1 -2 -2 -3  0 -2 -3 -2  0  0 -4 -2 -1   48   9   0   3   0   3  15   1   0   1   0   6   1   0   0   6   3   0   1   4  0.37 0.16
  134 E   -2 -3 -1  5 -5 -1  2  4 -3 -5 -5 -2 -5 -5 -3 -2 -3 -5 -5 -5    1   0   0  46   0   1  13  39   0   0   0   0   0   0   0   0   0   0   0   0  1.09 0.26
  135 V   -2 -4 -4 -5 -3 -3 -4 -5 -4  1  2 -4  7  1 -4 -4 -2 -3 -2  3    1   0   0   0   0   0   0   0   0   3  20   0  47   6   0   0   1   0   0  22  0.98 0.28
  136 V   -3 -5 -5 -5 -3 -5 -5 -6 -5  7  1 -5 -1 -2 -5 -4 -3 -5 -3  3    0   0   0   0   0   0   0   0   0  80   8   0   0   0   0   0   0   0   0  13  1.30 0.31
  137 R   -2  5 -1 -2 -5  4  1 -2 -1 -4 -4  4 -3 -5 -3 -1 -2 -4 -3 -3    1  35   2   0   0  21   8   3   1   0   0  26   0   0   0   1   1   0   0   1  0.76 0.22
  138 L   -4 -4 -6 -6 -3 -4 -5 -6 -5  1  6 -5  0 -2 -5 -5 -3 -4 -3 -1    0   0   0   0   0   0   0   0   0   3  97   0   0   0   0   0   0   0   0   0  1.40 0.33
  139 T    6 -3 -3 -4  0 -3 -3 -2 -4 -3 -3 -3 -3 -4 -3  1  1 -5 -4 -2   83   0   0   0   2   0   0   0   0   0   0   0   0   0   0   9   7   0   0   0  1.11 0.31
  140 S    4 -3 -2 -3 -3 -2 -2  1 -3 -4 -4 -2 -3 -4 -3  5 -1 -5 -4 -3   40   0   0   0   0   0   0   7   0   0   0   0   0   0   0  53   0   0   0   0  0.89 0.28
  141 L   -2  3  2 -2 -3  4  0 -3  2 -4 -2  3 -2 -4 -3  0  0 -4 -3 -3    0  20   9   0   0  21   1   0   5   0   4  27   0   0   0   4   7   0   0   0  0.52 0.18
  142 M   -3 -3 -2 -4 -2  3 -2 -4  5 -2 -1 -2  1  0 -4 -1 -1 -1  7 -2    0   0   0   0   1  15   0   0  17   1   6   0   5   1   0   3   3   0  47   1  0.96 0.27
  143 T   -2 -4 -1 -3 -3 -3 -3 -4 -4 -3 -4 -3 -3 -5 -4 -1  7 -5 -4 -2    0   0   2   0   0   0   0   0   0   0   0   0   0   0   0   0  98   0   0   0  1.80 0.43
  144 V   -2 -5 -5 -6 -3 -4 -5 -5 -5  1 -1 -5 -1 -3 -5 -4 -2 -5 -3  7    0   0   0   0   0   0   0   0   0   0   2   0   1   0   0   0   0   0   0  97  1.54 0.37
  145 A    7 -4 -4 -4 -3 -3 -3 -2 -4 -4 -4 -3 -3 -5 -3  0 -2 -5 -4 -2   98   0   0   0   0   0   0   0   0   0   0   0   0   0   0   2   0   0   0   0  1.50 0.38
  146 Q   -4  8 -3 -4 -6  2 -2 -5 -2 -5 -5  0 -4 -5 -4 -3 -3 -5 -4 -5    0  93   0   0   0   7   0   0   0   0   0   0   0   0   0   0   0   0   0   0  1.96 0.41
  147 M   -4 -4 -5 -6 -4 -3 -5 -6 -4  1  0 -4 10 -3 -5 -4 -3 -4 -4 -2    0   0   0   0   0   0   0   0   0   5   1   0  94   0   0   0   0   0   0   0  2.41 0.51
  148 L   -3 -4 -5 -6 -3 -4 -5 -6 -5  0  6 -4  4 -1 -5 -4 -3 -4 -3 -1    0   0   0   0   0   0   0   0   0   0  88   0  12   0   0   0   0   0   0   0  1.30 0.31
  149 E   -3 -2 -3 -1 -6  0  7 -5 -2 -6 -5 -2 -5 -6 -4 -3 -3 -5 -5 -5    0   0   0   0   0   0 100   0   0   0   0   0   0   0   0   0   0   0   0   0  1.97 0.43
  150 R   -4  8 -3 -4 -6 -1 -3 -5 -3 -6 -5  0 -4 -5 -5 -3 -4 -5 -4 -5    0 100   0   0   0   0   0   0   0   0   0   0   0   0   0   0   0   0   0   0  2.18 0.44
  151 E   -4 -3  1  7 -6 -2  3 -4 -3 -5 -6 -2 -5 -6 -4 -2 -3 -6 -5 -5    0   0   5  78   0   0  17   0   0   0   0   0   0   0   0   0   0   0   0   0  1.66 0.35
  152 D   -4 -4 -1  8 -6 -3 -1 -4 -4 -6 -6 -3 -6 -6 -4 -3 -3 -7 -6 -6    0   0   0 100   0   0   0   0   0   0   0   0   0   0   0   0   0   0   0   0  2.26 0.44
  153 F   -5 -5 -6 -6 -5 -6 -6 -6 -4 -3 -2 -6 -2  9 -6 -5 -5 -1  1 -3    0   0   0   0   0   0   0   0   0   0   0   0   0 100   0   0   0   0   0   0  2.45 0.45
  154 K    1 -1  1  0 -3  0  0 -1  4 -3 -3  2 -2 -3 -2  2  2 -4 -1 -3   13   0   6   3   0   2   6   2  13   0   0  21   0   0   0  21  13   0   1   0  0.35 0.14
  155 K   -2  1  0 -1 -5  1 -1 -4 -3 -5 -5  7 -3 -5 -3 -2 -2 -5 -4 -4    1   4   5   2   0   3   0   0   0   0   0  83   0   0   0   0   2   0   0   0  1.31 0.33
  156 R   -4  8 -3 -4 -6 -1 -3 -5 -3 -6 -5  0 -4 -5 -5 -3 -4 -5 -4 -5    0 100   0   0   0   0   0   0   0   0   0   0   0   0   0   0   0   0   0   0  2.18 0.44
  157 Y   -4 -4 -5 -6 -5 -4 -5 -5 -1 -3 -3 -4  0  6 -6 -4 -4  0  8 -3    0   0   0   0   0   0   0   0   0   0   0   0   2  30   0   0   0   0  68   0  1.95 0.39
  158 E    1  2  0 -1 -3  2  1 -1  0 -3 -3  3 -2 -4 -2  1  2 -4 -2 -2   16   9   4   0   0   8   5   3   3   0   1  27   0   0   0   7  14   0   0   1  0.31 0.12
  159 A    2 -2  3  0 -3  0  2  2 -2 -4 -4 -1 -3 -4 -2  3  0 -4 -3 -3   17   0  16   3   0   1  18  16   0   0   0   0   0   0   0  24   4   0   0   0  0.43 0.16
  160 G   -2 -2  4 -2 -4  2  0  5  2 -5 -5 -2 -4 -5 -4 -1 -3 -4 -4 -5    0   0  27   0   0  10   6  51   5   0   0   1   0   0   0   0   0   0   0   0  0.94 0.24
  161 I   -2  1 -2 -2 -4  6  0 -4 -2  1 -1  1 -1 -4 -3 -1  0 -4 -3  0    0   8   1   0   0  56   2   0   0   9   6   5   0   0   0   2   6   0   0   5  0.75 0.25
  162 P   -1 -4 -4 -3 -5 -3 -3 -3 -4 -5 -5 -3 -5 -6  8  1 -2 -6 -5 -4    5   0   0   0   0   0   0   1   0   0   0   0   0   0  79  14   1   0   0   0  2.11 0.38
  163 I   -4 -5 -6 -6 -4 -5 -6 -6 -6  8  0 -5 -1 -2 -5 -5 -3 -5 -4  1    0   0   0   0   0   0   0   0   0  99   1   0   0   0   0   0   0   0   0   0  1.81 0.40
  164 S    5 -3 -2 -3 -2 -2 -2  0 -1 -4 -4 -2 -3 -4 -3  4 -1 -4 -2 -2   56   0   0   0   0   0   0   5   1   0   0   0   0   0   0  36   0   0   1   0  0.85 0.27
  165 L   -3 -5 -5 -5 -3 -4 -5 -6 -5  7  1 -4  1 -2 -5 -4 -2 -4 -3  3    0   0   0   0   0   0   0   0   0  75   8   0   3   0   0   0   0   0   0  14  1.19 0.29
  166 H   -4 -3 -2 -4 -6 -2 -3 -5 11 -6 -6 -3 -4 -4 -5 -3 -4 -5 -1 -6    0   0   0   0   0   0   0   0  99   0   0   0   0   0   0   1   0   0   0   0  3.04 0.53
  167 E   -3 -2 -3 -1 -6  0  7 -5 -2 -6 -5 -2 -5 -6 -4 -3 -3 -5 -5 -5    0   0   0   0   0   0 100   0   0   0   0   0   0   0   0   0   0   0   0   0  1.97 0.43
  168 L   -5 -5 -6 -6 -5 -6 -6 -6 -4 -2  0 -6 -2  9 -6 -5 -4 -1  1 -3    0   0   0   0   0   0   0   0   0   1   5   0   0  94   0   0   0   0   0   0  2.18 0.42
  169 L   -3 -4 -5 -5 -3 -4 -5 -5 -4  2  5 -4  3  3 -5 -4 -3 -3 -2 -1    0   0   0   0   0   0   0   0   0   8  71   0   8  12   0   0   0   0   0   0  0.96 0.25
  170 Y   -5 -4 -5 -6 -5 -4 -5 -6 -1 -4 -4 -5 -4  1 -6 -4 -4  0 10 -4    0   0   0   0   0   0   0   0   0   0   0   0   0   0   0   0   0   0 100   0  2.73 0.51
  171 P   -3 -5 -5 -4 -6 -4 -4 -5 -5 -5 -6 -4 -5 -6  9 -3 -4 -6 -6 -5    0   0   0   0   0   0   0   0   0   0   0   0   0   0 100   0   0   0   0   0  2.97 0.48
  172 F   -3 -4 -5 -6 -3 -4 -5 -6 -5  0  6 -5  0  1 -5 -4 -3 -3 -3 -1    0   0   0   0   0   0   0   0   0   2  93   0   0   5   0   0   0   0   0   0  1.30 0.31
  173 A    0 -3 -4 -5  0 -3 -4 -4 -4  2  2 -3  6 -1 -4 -3 -2 -3 -3  3    9   0   0   0   2   0   0   0   0  13  20   0  28   1   0   0   1   0   0  27  0.60 0.20
  174 Q   -3 -2 -3 -3 -6  9 -1 -5 -2 -6 -5 -1 -3 -6 -4 -3 -3 -5 -4 -5    0   0   0   0   0 100   0   0   0   0   0   0   0   0   0   0   0   0   0   0  2.29 0.50
  175 A    1 -4 -3 -3 -4 -4 -4  7 -4 -6 -5 -4 -5 -5 -4 -2 -3 -5 -5 -5   12   0   0   0   0   0   0  88   0   0   0   0   0   0   0   0   0   0   0   0  1.72 0.34
  176 Y   -4 -4 -4 -6 -5 -4 -5 -6  1 -4 -4 -4  0  1 -6 -4 -4  4  9 -4    0   0   0   0   0   0   0   0   2   0   0   0   2   1   0   0   0   5  89   0  2.33 0.45
  177 D   -4 -4 -1  8 -6 -3 -1 -4 -4 -6 -6 -3 -6 -6 -4 -3 -3 -7 -6 -6    0   0   0 100   0   0   0   0   0   0   0   0   0   0   0   0   0   0   0   0  2.26 0.44
  178 S   -1 -3 -2 -3 -3 -2 -2 -3 -3 -5 -5 -3 -4 -5 -3  7 -1 -5 -4 -4    0   0   0   0   0   0   0   0   0   0   0   0   0   0   0 100   0   0   0   0  1.66 0.43
  179 V   -2 -5 -5 -5 -2 -5 -5 -6 -5  1 -1 -5 -1 -3 -5 -4 -2 -5 -3  7    0   0   0   0   0   0   0   0   0   3   0   0   0   0   0   0   0   0   0  97  1.56 0.37
  180 A    6 -3 -4 -4 -2 -2 -1 -2 -1 -3 -3 -3 -2 -4 -1 -1 -2 -5 -4 -1   89   0   0   0   0   1   2   0   1   0   0   0   1   0   2   0   0   0   0   3  1.18 0.33
  181 I   -3 -4 -5 -5 -3 -4 -5 -5 -5  2  5 -4  4 -1 -5 -4 -3 -4 -3  0    0   0   0   0   0   0   0   0   0  13  75   0  11   0   0   0   0   0   0   1  1.07 0.27
  182 R   -1  3  0 -1 -5  2  4 -3 -1 -4 -4  5 -3 -5 -3 -2 -2 -4 -3 -4    2  13   3   1   0   9  27   0   1   0   0  43   0   0   0   0   0   0   0   0  0.79 0.23
  183 A    6 -3 -3 -3  1 -3 -3 -2 -3 -3 -3 -3 -3 -4 -3  2  0 -5 -4 -2   76   0   0   0   3   0   0   0   0   0   0   0   0   0   0  17   4   0   0   0  1.00 0.29
  184 D   -4 -4 -1  8 -6 -3 -1 -4 -4 -6 -6 -3 -6 -6 -4 -3 -3 -7 -6 -6    0   0   0 100   0   0   0   0   0   0   0   0   0   0   0   0   0   0   0   0  2.26 0.44
  185 V   -2 -4 -5 -5 -3 -4 -4 -5 -5  3  1 -4  1 -2 -4 -4 -2 -4 -3  6    0   0   0   0   0   0   0   0   0  18  13   0   2   0   0   0   0   0   0  67  0.99 0.26
  186 E   -3 -2 -3 -1 -6  0  7 -5 -2 -6 -5 -2 -5 -6 -4 -3 -3 -5 -5 -5    0   0   0   0   0   0 100   0   0   0   0   0   0   0   0   0   0   0   0   0  1.97 0.43
  187 M   -3 -4 -5 -6 -1 -4 -5 -6 -5  0  6 -4  3  0 -5 -4 -3 -3 -3 -1    0   0   0   0   1   0   0   0   0   2  86   0   9   2   0   0   0   0   0   0  1.18 0.29
  188 G   -2 -5 -3 -4 -5 -4 -4  7 -4 -6 -6 -4 -5 -6 -4 -2 -4 -5 -5 -6    0   0   0   0   0   0   0 100   0   0   0   0   0   0   0   0   0   0   0   0  2.10 0.39
  189 G   -2 -5 -3 -4 -5 -4 -4  7 -4 -6 -6 -4 -5 -5 -4 -2 -4 -5 -5 -6    1   0   0   0   0   0   0  99   0   0   0   0   0   0   0   0   0   0   0   0  2.07 0.38
  190 T   -2 -4 -2 -3 -3 -3 -3 -4 -4 -3 -4 -3 -3 -5 -3  0  7 -5 -4 -2    0   0   0   0   0   0   0   0   0   0   0   0   0   0   0   3  97   0   0   0  1.78 0.43
  191 D   -4 -4 -1  8 -6 -3 -1 -4 -4 -6 -6 -3 -6 -6 -4 -3 -3 -7 -6 -6    0   0   0  99   0   0   1   0   0   0   0   0   0   0   0   0   0   0   0   0  2.24 0.43
  192 Q   -3 -2 -3 -3 -6  9 -1 -5 -2 -6 -5 -1 -3 -6 -4 -3 -3 -5 -4 -5    0   0   0   0   0 100   0   0   0   0   0   0   0   0   0   0   0   0   0   0  2.29 0.50
  193 R   -3  3 -2 -3 -5 -1 -1 -4 -3 -4 -3  7 -3 -5 -3 -2  0 -5 -4 -4    0  13   0   0   0   0   0   0   0   0   3  79   0   0   0   0   5   0   0   0  1.30 0.33
  194 F   -5 -5 -6 -6 -5 -6 -6 -6 -4 -3 -2 -6 -2  9 -6 -5 -5 -1  1 -3    0   0   0   0   0   0   0   0   0   0   0   0   0 100   0   0   0   0   0   0  2.45 0.45
  195 N   -4 -3  8 -1 -5 -2 -3 -3 -2 -6 -6 -3 -5 -6 -5 -2 -3 -6 -5 -6    0   0 100   0   0   0   0   0   0   0   0   0   0   0   0   0   0   0   0   0  2.28 0.46
  196 L   -4 -4 -6 -6 -3 -4 -5 -6 -5  0  6 -5  0 -2 -5 -5 -3 -4 -3 -1    0   0   0   0   0   0   0   0   0   1  98   0   0   0   0   0   0   0   0   0  1.44 0.34
  197 L   -4 -4 -6 -6 -3 -4 -5 -5 -5  0  6 -5  0 -2 -5 -5 -3 -4 -3 -1    0   0   0   0   0   0   0   0   0   0  99   0   0   0   0   0   0   0   0   0  1.44 0.34
  198 V   -2 -4 -5 -5 -3 -3 -4 -5 -4  1  0 -4  8 -2 -5 -4 -2 -4 -3  5    2   0   0   0   0   0   0   0   0   3   0   0  52   0   0   0   0   0   0  43  1.34 0.35
  199 G   -2 -5 -3 -4 -5 -4 -4  7 -4 -6 -6 -4 -5 -6 -4 -2 -4 -5 -5 -6    0   0   0   0   0   0   0 100   0   0   0   0   0   0   0   0   0   0   0   0  2.10 0.39
  200 R   -4  8 -3 -4 -6 -1 -3 -5 -3 -6 -5  0 -4 -5 -5 -3 -4 -5 -4 -5    0 100   0   0   0   0   0   0   0   0   0   0   0   0   0   0   0   0   0   0  2.18 0.44
  201 E   -2 -2 -1  2 -4  1  5 -2  3 -4 -4 -1 -1 -4 -3 -1  1 -4 -3 -3    2   0   1  10   0   5  54   2  10   1   0   2   1   0   0   0  11   0   0   1  0.76 0.23
  202 V   -3 -4 -5 -6 -3 -4 -5 -6 -5  2  6 -4  1 -1 -5 -4 -3 -4 -3  1    0   0   0   0   0   0   0   0   0   7  85   0   1   1   0   0   0   0   0   6  1.14 0.28
  203 Q   -3 -2 -3 -3 -6  9 -1 -5 -2 -5 -4 -1 -1 -6 -4 -3 -3 -5 -4 -5    0   0   0   0   0  99   0   0   0   0   0   0   1   0   0   0   0   0   0   0  2.22 0.49
  204 R   -1  4 -2 -2 -5  1  2 -2 -2 -4 -4  5 -3 -5 -3 -1 -2 -5 -3 -3    3  24   0   0   0   5  11   2   0   0   0  51   0   0   0   2   0   0   0   1  0.85 0.24
  205 A    2 -1 -1  1 -3  3  4 -2  4 -3 -3 -1 -2 -2 -3  0 -2 -4 -2 -2   19   2   1   5   0  14  30   1  16   1   1   1   0   1   0   7   0   0   0   2  0.46 0.17
  206 Y    0 -2 -2 -3 -4 -1  0 -4  3 -3 -3 -3 -2  3 -4 -3 -3  2  8 -3    7   1   2   0   0   1   9   0   6   0   0   0   1  10   0   0   0   2  60   0  1.20 0.30
  207 G   -2 -4 -2 -1 -5 -4 -3  7 -3 -6 -5 -3 -5 -5 -4 -2 -4 -5 -5 -5    1   0   1   2   0   0   1  93   0   0   1   0   0   0   0   1   0   0   0   0  1.81 0.35
  208 Q   -3 -1 -2 -3 -5  8 -1 -4 -1 -3 -2  0  2 -4 -4 -3 -3 -4 -4 -3    0   0   0   0   0  82   0   1   1   1   4   4   5   0   0   0   0   0   0   1  1.54 0.40
  209 S    0  0 -2  0 -4  0  5 -3 -2 -4 -4  2 -3 -4  2  0 -1 -4 -3 -3   10   4   0   3   0   0  47   0   0   0   0  16   0   0  11   8   2   0   0   0  0.64 0.20
  210 P   -1 -3 -3 -3 -5  2 -1 -4 -4 -5 -5 -2 -4 -6  8  0 -2 -6 -5 -4    4   0   0   0   0   9   4   0   0   0   0   2   0   0  73   6   2   0   0   0  1.85 0.34
  211 Q   -3 -2 -3 -3 -6  9 -1 -5 -2 -6 -5 -1 -3 -6 -4 -3 -3 -5 -4 -5    0   0   0   0   0 100   0   0   0   0   0   0   0   0   0   0   0   0   0   0  2.29 0.50
  212 V   -1 -4 -4 -5  7 -4 -4 -4 -5  2 -1 -4 -1 -3 -4 -2  1 -4 -3  5    3   0   0   0  25   0   0   0   0   9   0   0   0   0   0   1   9   0   0  52  0.93 0.25
  213 C    2 -4 -4 -4  3 -4 -4 -4 -4  4 -1 -4 -1 -2 -4 -2 -1 -4 -3  4   20   0   0   0   7   0   0   0   0  29   1   0   0   0   0   0   1   0   0  42  0.67 0.21
  214 F   -3 -4 -5 -5 -3 -4 -4 -5 -4  4  4 -4  4  1 -4 -4 -2 -3 -2  1    0   0   0   0   0   0   0   0   0  26  52   0  11   7   0   0   0   0   0   4  0.78 0.21
  215 L   -2 -3 -3 -4 -3 -3 -3 -4 -4 -1  0 -3  5 -3 -4 -1  6 -4 -3 -2    0   0   0   0   0   0   0   0   0   2   8   0  21   0   0   0  69   0   0   0  1.16 0.34
  216 M   -3 -4 -4 -5 -4 -3 -4 -5 -4 -1  2 -4  9 -2 -5 -4  0 -4 -3  1    0   0   0   0   0   0   0   0   0   0  11   0  75   0   0   0   5   0   0   9  1.68 0.40
  217 P   -3 -5 -5 -4 -6 -4 -4 -5 -5 -6 -6 -4 -5 -6  9 -3 -4 -6 -6 -5    0   0   0   0   0   0   0   0   0   0   0   0   0   0 100   0   0   0   0   0  2.99 0.48
  218 L   -3 -4 -5 -5 -3 -4 -5 -6 -5  4  5 -4  0 -1 -5 -4 -3 -4 -3  0    0   0   0   0   0   0   0   0   0  30  69   0   0   0   0   0   0   0   0   0  1.07 0.27
  219 L   -3 -4 -6 -6 -3 -4 -5 -6 -5  1  6 -5  0 -1 -5 -5 -3 -4 -3 -1    0   0   0   0   0   0   0   0   0   4  96   0   0   0   0   0   0   0   0   0  1.38 0.33
  220 V   -3 -3 -3 -1 -5 -1  7 -4 -3 -3 -4 -2 -3 -5 -2 -2 -3 -5 -4  2    0   0   0   0   0   0  78   0   0   0   0   0   0   0   1   0   0   0   0  20  1.29 0.35
  221 G   -2 -5 -3 -4 -5 -4 -4  7 -4 -6 -6 -4 -5 -6 -4 -2 -4 -5 -5 -6    0   0   0   0   0   0   0 100   0   0   0   0   0   0   0   0   0   0   0   0  2.10 0.39
  222 L   -3 -4 -5 -5 -3 -4 -4 -4 -5  0  6 -4  0 -2 -3 -3  1 -4 -3 -1    0   0   0   0   0   0   0   1   0   1  85   0   0   0   1   1  11   0   0   0  1.06 0.29
  223 D   -4 -4 -1  8 -6 -3 -1 -4 -4 -6 -6 -3 -6 -6 -4 -2 -3 -7 -6 -6    0   0   0 100   0   0   0   0   0   0   0   0   0   0   0   0   0   0   0   0  2.24 0.43
  224 G   -2 -5 -3 -4 -5 -4 -4  7 -4 -6 -6 -4 -5 -6 -4 -2 -4 -5 -5 -6    0   0   0   0   0   0   0 100   0   0   0   0   0   0   0   0   0   0   0   0  2.10 0.39
  225 R   -2 -1 -4 -3 -3 -3  0 -4 -3  1 -1 -1 -1 -3 -4 -3 -2 -5 -3  6    1   3   0   1   0   0   7   1   0   4   0   3   0   0   0   0   0   0   0  79  0.92 0.28
  226 E   -2  1  3  0 -5  5  2 -3  1 -4 -4  3 -3 -5 -3 -1 -2 -4 -3 -4    1   6  19   4   0  34  14   0   3   0   1  18   0   0   0   0   0   0   0   0  0.70 0.21
  227 K   -3  0 -3 -3 -6 -1 -1 -4 -3 -5 -5  8 -4 -6 -3 -3 -3 -5 -4 -5    0   0   0   0   0   0   0   0   0   0   0 100   0   0   0   0   0   0   0   0  1.87 0.42
  228 M   -4 -4 -5 -6 -4 -3 -5 -6 -4 -2 -1 -4 10 -3 -5 -4 -3 -4 -4 -2    0   0   0   0   0   0   0   0   0   0   0   0 100   0   0   0   0   0   0   0  2.70 0.55
  229 S   -1 -3 -2 -3 -3 -2 -2 -3 -3 -5 -5 -3 -4 -5 -3  7 -1 -5 -4 -4    0   0   0   0   0   0   0   0   0   0   0   0   0   0   0 100   0   0   0   0  1.66 0.43
  230 K   -3  0 -3 -3 -6 -1 -1 -4 -3 -5 -5  8 -4 -6 -3 -3 -3 -5 -4 -5    0   0   0   0   0   0   0   0   0   0   0 100   0   0   0   0   0   0   0   0  1.87 0.42
  231 S   -1 -3 -2 -3 -3 -2 -2 -3 -3 -5 -5 -3 -4 -5 -3  7 -1 -5 -4 -4    0   0   0   0   0   0   0   0   0   0   0   0   0   0   0 100   0   0   0   0  1.66 0.43
  232 L   -1 -3 -4 -5 -3 -3 -3 -5 -3 -1  5  1  0 -1 -4 -3 -3 -3  2 -1    5   0   0   0   0   0   0   0   0   0  72  13   0   0   0   1   0   0   7   0  0.74 0.24
  233 D   -2 -3  3  2 -4 -2 -3  6  1 -5 -5 -2 -4 -5 -4 -2 -3 -5 -4 -5    0   1  19  12   0   0   0  63   4   0   0   1   0   0   0   0   0   0   0   0  1.13 0.26
  234 N   -4 -3  8 -1 -5 -2 -3 -3 -2 -6 -6 -3 -5 -6 -5 -2 -3 -6 -5 -6    0   0 100   0   0   0   0   0   0   0   0   0   0   0   0   0   0   0   0   0  2.28 0.46
  235 Y   -4 -4 -5 -6 -5 -4 -5 -6 -1 -4 -4 -5 -4  1 -6 -4 -4  0  9 -4    1   0   0   0   0   0   0   0   0   0   0   0   0   1   0   0   0   0  98   0  2.61 0.49
  236 I   -3 -5 -5 -5 -3 -5 -5 -6 -5  7  0 -5 -1 -2 -5 -4 -3 -5 -3  3    0   0   0   0   0   0   0   0   0  80   0   0   0   0   0   0   0   0   0  20  1.40 0.33
  237 G    0 -5 -3 -4 -5 -4 -4  7 -4 -6 -6 -4 -5 -5 -4 -2 -4 -5 -5 -5    4   0   0   0   0   0   0  95   0   0   0   0   0   0   0   0   0   0   0   0  1.93 0.36
  238 L   -3 -5 -5 -5 -3 -5 -5 -6 -5  6  0 -5 -1 -1 -5 -4 -2 -5 -3  4    0   0   0   0   0   0   0   0   0  71   3   0   0   1   0   0   0   0   0  25  1.22 0.30
  239 T    0 -2  3  2 -2  1 -1 -2  0 -3 -3 -1 -2 -2 -2  2  3 -4 -1 -2    8   1  15  15   0   7   1   0   2   0   2   1   0   2   0  15  30   0   2   0  0.39 0.16
  240 E   -3 -2 -2  4 -6  0  6 -4 -2 -5 -5 -2 -4 -6 -3 -2 -3 -5 -4 -5    0   0   0  26   0   0  74   0   0   0   0   0   0   0   0   0   0   0   0   0  1.51 0.35
  241 P    3 -2 -2  0 -3 -1  1 -2 -3 -3 -3 -1 -3 -4  5  1  0 -4 -4 -2   29   0   0   6   0   1   8   0   0   0   1   2   0   0  34  13   6   0   0   1  0.71 0.19
  242 P    2 -4 -4 -4 -4 -3 -3 -3 -4 -5 -5 -3 -4 -6  8 -2 -3 -6 -5 -4   21   0   0   0   0   0   0   1   0   0   0   0   0   0  76   1   0   0   0   0  2.04 0.37
  243 E    0  0  4  2 -3  0  2  1 -1 -2 -3  0 -3 -3 -2  1  0 -4 -3 -3    5   5  25  14   0   3  12  14   0   4   0   5   0   0   0   8   4   0   0   0  0.33 0.11
  244 A   -2 -2 -1  4 -4  0  5 -3 -2 -3 -4 -1 -3 -4 -3  0  0 -5 -4  0    2   0   1  27   0   1  47   0   0   1   0   0   0   0   0   6   7   0   0   8  0.77 0.23
  245 M   -3 -4 -5 -6 -4 -2 -5 -5 -4  4  0 -4  9 -2 -5 -4 -3 -4 -3 -1    0   0   0   0   0   2   0   0   0  21   0   0  76   0   0   0   0   0   0   1  1.85 0.43
  246 F   -4 -5 -5 -6 -5 -5 -5 -5 -2 -2 -2 -5 -2  8 -6 -4 -4 -1  5 -1    0   0   0   0   0   0   0   0   0   0   0   0   0  72   0   0   0   0  24   4  1.81 0.37
  247 K    1 -1 -1 -3 -4 -1 -3  6 -3 -5 -5  0 -4 -5 -4 -1  0 -4 -4 -4    8   2   2   0   0   2   0  72   0   0   0   5   0   0   0   3   5   0   0   0  1.13 0.25
  248 K   -3  0 -3 -3 -6 -1 -1 -4 -3 -5 -5  8 -4 -6 -3 -3 -3 -5 -4 -5    0   0   0   0   0   0   0   0   0   0   0 100   0   0   0   0   0   0   0   0  1.87 0.42
  249 L   -1 -3 -4 -4 -2 -3 -4 -4 -4  3  3 -3  1 -1 -4 -2  1 -3 -2  2    5   0   0   0   0   0   0   0   0  24  39   0   1   0   0   1  12   0   0  18  0.51 0.16
  250 M   -3 -4 -5 -6 -4 -3 -5 -5 -4 -1  2 -4 10 -2 -5 -4 -3 -4 -4  0    0   0   0   0   0   0   0   0   0   0  12   0  83   0   0   0   0   0   0   5  2.02 0.45
  251 R   -1  0 -2 -2 -3 -2 -2 -2 -3 -5 -5  0 -4 -5 -3  6 -1 -1 -4 -4    0   4   0   0   0   1   0   0   0   0   0   6   0   0   0  88   0   1   0   0  1.28 0.37
  252 V   -3 -5 -5 -5 -3 -4 -5 -5 -5  6  1 -4  2 -2 -5 -4 -2 -4 -3  3    0   0   0   0   0   0   0   0   0  69   5   0   5   0   0   0   0   0   0  21  1.13 0.28
  253 P   -1 -3 -2 -2 -3 -2 -2 -1 -3 -4 -5 -2 -4 -5  5  5 -1 -5 -4 -4    1   0   0   1   0   0   1   4   0   1   0   0   0   0  32  60   1   0   0   0  1.15 0.31
  254 D   -4 -4 -1  8 -6 -3 -1 -4 -4 -6 -6 -3 -6 -6 -4 -3 -3 -7 -6 -6    0   0   0 100   0   0   0   0   0   0   0   0   0   0   0   0   0   0   0   0  2.26 0.44
  255 P    0 -2 -1  3 -4  0  5 -3 -1 -3 -4 -1 -3 -4  0  0  1 -5 -3 -2    5   0   1  22   0   2  44   0   1   0   0   0   0   0   4   5  10   0   0   4  0.63 0.20
  256 L   -3 -4 -5 -6 -3 -4 -5 -6 -5  0  6 -4  2 -1 -5 -4 -3 -4 -2  0    0   0   0   0   0   0   0   0   0   1  92   0   4   0   0   0   1   0   1   2  1.25 0.31
  257 L   -3 -4 -5 -6 -4 -3 -5 -5 -4  2  1 -4 10 -2 -5 -4 -2 -4 -3 -1    0   0   0   0   0   0   0   0   0   9   8   0  82   0   0   0   1   0   0   0  1.95 0.44
  258 P   -3 -4 -6 -6 -5 -3 -3 -4 -3 -1 -2 -4 -1  0 -1 -5 -3 11  0 -1    2   0   0   0   0   1   2   1   1   4   4   0   2   2   3   0   2  70   1   6  2.45 0.42
  259 S   -3  7  0  1 -5  0 -1 -4 -2 -5 -4  2 -3 -5 -4 -1 -2 -5 -4 -4    0  70   3   8   0   1   2   0   0   0   1  10   0   0   0   4   2   0   0   0  1.19 0.29
  260 Y   -4 -4 -5 -6 -4 -4 -5 -6 -1 -4 -4 -5 -4  0 -6 -4 -4  7  9 -4    0   0   0   0   0   0   0   0   0   0   0   0   0   0   0   0   0  14  86   0  2.48 0.47
  261 F   -4 -4 -5 -5 -4 -4 -5 -5 -2  1 -1 -4  0  7 -5 -4 -4  1  6 -2    0   0   0   0   0   0   0   0   0   7   4   0   2  48   0   0   0   1  37   0  1.41 0.31
  262 R   -3  1  0  2 -5  0  6 -4 -2 -4 -3 -1 -2 -5 -3 -2  0 -5 -4 -3    0   7   3  12   0   1  65   0   0   0   2   1   1   0   0   0   7   0   0   1  0.97 0.27
  263 L   -4 -4 -6 -6 -3 -4 -5 -6 -5  0  6 -5  0 -1 -5 -5 -3 -4 -3 -1    0   0   0   0   0   0   0   0   0   0  99   0   0   0   0   0   0   0   0   0  1.44 0.34
  264 L   -1 -4 -5 -5  0 -4 -4 -5 -5  1  5 -4  0 -1 -4 -4 -2 -4 -3  1    6   0   0   0   2   0   0   0   0   2  80   0   0   0   0   0   0   0   0   8  0.95 0.26
  265 T   -1 -3 -2 -2 -3 -2 -2 -3 -3 -4 -4 -2 -3 -4 -3  6  4 -5 -4 -3    0   0   0   0   0   0   0   0   0   0   0   0   0   0   0  73  27   0   0   0  1.21 0.35
  266 D   -2 -2 -2  4 -4 -3 -2 -3 -3 -2  0 -3 -1  6 -2 -2 -2 -1  0 -3    3   3   0  27   0   0   0   1   0   0   6   0   1  52   2   3   2   0   1   0  0.86 0.25
  267 L   -2  5 -2 -3 -3  0  0 -4 -2  1  1  2  0 -3 -3 -2 -2 -4 -2  1    0  40   0   0   0   1   6   0   0   7  15  15   2   0   0   0   0   0   0  11  0.46 0.17
  268 E   -1 -3 -1 -1 -3 -2  0 -2 -2 -4 -4 -2 -3 -5  5  4  1 -5 -4 -3    2   0   1   2   0   0   6   1   0   0   0   1   0   0  33  45   8   0   0   0  0.94 0.25
  269 E   -2 -3  0 -2 -3 -1  0 -3 -2  1  3 -2  4 -1  0 -2 -1 -2 -2  0    2   0   6   1   0   3   9   1   0   9  38   1  17   0   5   2   2   0   0   5  0.30 0.14
  270 E    2 -1  0  3 -3  1  4 -1 -1 -3 -3  0 -3 -4 -1  1  0 -4 -3 -2   23   2   3  15   0   3  35   2   1   0   0   2   0   0   1   7   4   0   0   2  0.45 0.16
  271 E   -2 -1 -2  2 -5  1  6 -4 -1 -5 -5 -1 -4 -5 -3 -2  0 -5 -4 -4    1   1   0   8   0   4  78   0   0   0   0   1   0   0   0   0   5   0   0   0  1.28 0.32
  272 I   -2 -5 -5 -5 -3 -3 -5 -5 -5  6  2 -4  0 -2 -4 -4 -2 -4 -3  2    2   0   0   0   0   1   0   0   0  70  13   0   0   0   0   0   0   0   0  12  1.05 0.27
  273 E    2  1  1  1 -3  2  3 -1 -1 -3 -3  1 -2 -4 -2  0 -1 -4 -3 -2   28   8   7   8   0   9  26   2   0   0   0   7   0   0   0   2   2   0   0   1  0.38 0.14
  274 A    2  2  0  0 -3  3  2  0 -1 -2 -2  1 -2 -4 -2  0 -1 -4 -3 -2   24  10   2   4   0  19  14   8   1   1   1   8   0   0   0   3   2   0   0   1  0.29 0.12
  275 L   -2 -4 -5 -5 -3 -3 -4 -4 -4  1  4 -4  3  3 -4 -3 -2  5  1  0    2   0   0   0   0   0   1   0   0   8  50   0   9  12   0   0   0  11   3   4  0.70 0.19
  276 L   -1  4 -2 -2 -4  1  1 -3 -1 -3 -1  5 -2 -4 -3 -2 -2 -4 -3 -3    4  25   0   0   0   4   7   1   1   1   7  49   1   0   0   1   0   0   0   0  0.71 0.22
  277 K    2  2 -1  0 -3  3  2  0 -1 -3 -3  2 -1 -4 -2  0 -1 -4 -3 -2   24   9   1   3   0  14  16   5   0   0   0  19   1   0   0   3   2   0   0   1  0.35 0.14
  278 A    2  0 -1  2 -3  1  3  2 -2 -3 -3  0 -2 -4 -2  0 -1 -4 -3 -2   27   3   1  12   0   6  23  18   0   0   2   3   0   0   0   4   0   0   0   0  0.37 0.14
  279 G   -3 -3  7 -1 -5 -2 -2  0  6 -6 -6 -2 -4 -5 -4 -1 -2 -6 -3 -5    0   0  70   0   0   0   0   6  21   0   0   0   0   0   0   1   0   0   0   0  1.56 0.36
  280 P   -3 -5 -5 -4 -5 -4 -4 -5 -5 -5 -5 -4 -1 -6  9 -3 -4 -6 -6 -5    0   0   0   0   0   0   0   0   0   0   0   0   2   0  98   0   0   0   0   0  2.89 0.47
  281 V   -3  7 -1 -3 -5  1 -2 -4 -2 -3 -3  2  2 -4 -4 -3 -3 -5 -4  0    1  71   1   0   0   4   0   0   0   0   0   9   7   0   0   0   0   0   0   7  1.20 0.30
  282 P   -3 -2  1  7 -5 -1  2 -1 -2 -5 -5 -1 -4 -5 -1 -2 -2 -6 -5 -4    1   1   6  70   0   0  11   3   0   0   1   2   0   0   3   0   1   0   0   1  1.23 0.28
  283 A    3 -4 -4 -4  0 -3 -3 -3 -4  4  0 -3 -1 -1 -3 -2 -1 -4  0  3   34   0   0   0   2   0   0   0   0  29   5   0   0   2   0   0   1   0   3  25  0.49 0.18
  284 H   -3  0 -2 -3 -5 -1 -1 -4  3 -5 -5  7 -4 -5 -3 -2 -3 -5 -4 -5    0   0   0   0   0   0   0   0   6   0   0  94   0   0   0   0   0   0   0   0  1.69 0.40
  285 R   -2  1 -3 -3 -3 -2 -2 -4 -2  3  0  1  4  2 -4 -3 -2 -3 -1  3    0  10   0   0   0   0   2   0   0  17   5  11  15  12   0   0   0   0   1  26  0.33 0.15
  286 V    0  2 -1  0 -3  1  1 -3 -2  0  1  1  1 -2 -3 -1 -1 -2 -2  0   10  17   3   5   0   5  13   0   0   3  18   9   6   0   0   2   0   1   0   8  0.14 0.08
  287 L   -3 -4 -5 -6 -3 -4 -5 -6 -5  0  6 -5  0  2 -5 -4 -3 -3 -2 -1    0   0   0   0   0   0   0   0   0   0  93   0   0   7   0   0   0   0   0   0  1.30 0.32
  288 A    6 -4 -4 -4 -1 -3 -3  1 -4 -4 -4 -3 -3 -4 -3 -1 -2 -5 -4 -2   91   0   0   0   1   0   0   9   0   0   0   0   0   0   0   0   0   0   0   0  1.30 0.34
  289 R   -2  4 -2 -1 -3  3  2 -2  1 -3 -1  3  0 -2 -3 -2 -2  0 -1 -3    2  26   0   1   0  16  13   1   3   1   5  23   3   1   0   0   0   1   2   1  0.47 0.16
  290 L   -3 -2 -2 -1 -5  0  7 -4 -2 -3 -1 -1 -3 -4 -3 -2  0 -5 -1 -4    1   0   1   0   0   0  81   0   0   1   6   1   0   0   0   0   7   0   2   0  1.24 0.33
  291 L   -3 -4 -5 -5 -3 -4 -5 -5 -5  6  3 -4  1  0 -5 -4 -2 -4 -2  1    0   0   0   0   0   0   0   0   0  57  34   0   3   2   0   0   0   0   0   3  0.96 0.25
  292 T   -1 -4 -4 -4 -3 -4 -4 -5 -5  4 -1 -4 -1 -2 -4 -3  2 -4 -3  5    4   0   0   0   0   0   0   0   0  23   0   0   0   0   0   0  14   0   0  59  0.85 0.25
  293 A    4  1 -2  0 -2 -1  1  0 -2 -3 -3  0 -2 -4 -2  0  3 -4 -3 -2   42   8   0   5   0   0   9   6   0   0   0   3   0   0   0   3  21   0   0   0  0.41 0.17
  294 A    0  7 -3 -4 -5  0 -2 -4 -2 -2 -2  0  2 -2 -4 -2 -2 -4 -3 -3    7  74   0   0   0   2   1   0   0   2   3   1   7   2   0   1   1   0   0   0  1.19 0.31
  295 Y   -4 -5 -5 -6 -5 -5 -5 -5 -2 -3 -2 -5 -2  8 -6 -4 -4 -1  6 -3    0   0   0   0   0   0   0   0   0   0   0   0   0  72   0   0   0   0  28   0  1.94 0.38
  296 A   -1 -3 -2 -4 -4 -2 -3 -4 10 -6 -5 -3 -4 -4 -5 -3 -4 -5  1 -4    5   0   0   0   0   0   0   0  90   0   0   0   0   0   0   1   0   0   2   1  2.55 0.47
  297 L    0 -1  1  3 -2  0  0  2 -1 -2 -1 -1 -2 -2 -1  2  0 -2 -2 -2    3   3   6  19   1   4   3  19   1   2   6   2   1   1   2  22   4   0   1   2  0.22 0.06
  298 P    1  0  0  1 -2  1  3 -1 -1 -1 -1  0 -1 -2  2  0  0 -2 -1 -1   17   3   3   5   1   6  24   4   1   2   4   6   1   2   9   4   4   1   2   3  0.18 0.04
  299 Q    2  0  0  0 -1  1  1  0 -1 -1 -1  0 -1 -1  0  0  0 -1 -1  0   24   5   3   4   1   7  12   7   1   3   7   4   1   2   3   5   5   1   2   5  0.08 0.02
  300 I    2 -1  0  1 -1  0  0  0 -1  0  0  0  0 -1  0  0  0 -1 -1  0   29   3   2  10   1   5   5   4   1   8   7   3   2   2   3   6   4   1   2   4  0.07 0.03
  301 P    3 -1 -1 -1 -1 -1 -1  0 -1 -1 -1 -1 -1 -1  2  0  0 -1 -1 -1   39   3   3   3   1   2   4   7   1   3   5   3   1   2   9   4   3   1   2   4  0.18 0.04
  302 P    1  0  0  1 -1  1  2  0 -1 -1 -1  0 -1 -1  0  0  0 -1 -1 -1   15   4   3  11   1   4  18   5   1   4   7   4   1   2   4   5   4   1   2   4  0.09 0.02
  303 R    1  1  0  0 -1  1  1  0  0 -1 -1  1 -1 -1  0  0  0  0 -1 -1   20  11   4   4   1   8   7   5   1   3   6   7   2   2   3   5   4   1   2   4  0.07 0.02
  304 I    3 -1 -1 -1  0  0  0  0 -1  0  0 -1  0 -1  0  0  0 -1 -1  0   39   3   3   3   2   2   4   4   1   5   9   3   2   2   3   4   3   1   2   5  0.12 0.04
  305 D    0  0  0  1 -1  1  2 -1  2  0  0  0 -1 -1  0  0  0 -1  0 -1    5   6   3  10   1   5  16   4   9   7   8   5   1   2   3   4   3   1   3   4  0.07 0.02
  306 R    1  1  0  0 -1  2  1 -1  0 -1 -1  1 -1 -1  0  0  0 -1 -1 -1   14  12   3   4   1  14  11   5   1   3   5   5   1   2   3   4   3   1   2   4  0.09 0.02
  307 A    1  0  0  2 -1  0  1  0  0 -1 -1  0 -1 -1  0  0  0 -1 -1 -1   15   4   3  13   1   3  13   8   3   3   5   4   1   2   3   6   4   1   2   4  0.08 0.01
  308 F    0 -1 -1 -1 -1 -1 -1 -1 -1 -1  0 -1  0  5 -1 -1 -1  3  1 -1    7   3   3   3   1   3   4   4   1   3   6   3   1  34   3   4   4   5   2   4  0.21 0.04
  309 Y    0  0  0  0 -1  0  0  0  1  0  0  0  0  0  0  0  0  0  1  0    6   4   4   5   1   3   8   7   5   8   7   5   1   3   3   5   5   1   9  10  0.01 0.00
  310 E    1  0  0  0 -1  1  1  0  0 -1 -1  0  0 -1  0  0  0 -1  0 -1   13   6   4   4   1   9  11   5   2   4   7   4   2   3   4   7   6   1   2   5  0.05 0.01
  311 S    0  0  0  0  0  0  0  0  0  0  0  0  0  0  0  0  0  0  0  0    8   6   4   5   2   4   6   8   2   5   8   5   2   3   4   9   5   1   3  11  0.01 0.03
  312 L    0  0  0  0  0  0  0  0  0  0  0  0  0  0  0  0  0  0  0  0    7   5   4   5   2   4   6   7   3   5  14   5   3   4   5   6   5   1   3   9  0.00 0.02
  313 G    0  0  0  0 -1  0  0  1  0 -1  0  0  0 -1  0  0  0  0  0  0    7   7   4   5   2   4   6  13   2   5   8   5   2   3   5   7   7   1   3   6  0.03 0.00
  314 Y    0  0  0  0 -1  0  0  0  0  0  0  0  0  0  0  0  0  0  1  0    7   5   4   5   2   4   6  10   2   5   8   6   2   3   5   6   5   1   9   6  0.02 0.00
  315 A    0  1  0  0 -1  1  0  0  0  0  0  0  0  0  0  0  0  0  0  0    9   8   4   5   2   6   7   7   2   5   8   5   2   3   5   8   5   1   3   6  0.03 0.02
  316 W    0  0  0  0 -1  0  0  0  0  0  0  0  0  0  0  0  0  2  0  0    7   5   4   5   2   4   7  10   2   5  11   5   2   4   5   6   5   4   3   6  0.02 0.00
  317 E    0  0  0  1 -1  0  1  0  0  0  0  0  0  0  0  0  0  0  0  0    8   5   4   8   2   4  11   7   2   6   8   5   2   3   5   6   5   1   3   6  0.03 0.00
  318 A    1  0  0  0  0  0  0  0  0  0  0  0  0  0  1  0  0  0  0  0   13   5   4   5   2   4   6   7   2   5   8   5   2   3   6   6   8   1   3   6  0.03 0.00
  319 F    0  0  0  0  0  0  0  0  0  0  0  0  0  0  0  0  0  0  0  0   10   5   4   5   2   4   7   7   3   5  10   5   2   4   5   9   6   1   3   6  0.02 0.02
  320 G    0  0  0  0  0  0  0  1  0  0  0  0  0  0  0  0  0  0  0  0    7   5   4   5   2   4   7  13   2   5  10   5   2   3   5   6   5   1   3   6  0.02 0.02
  321 R    0  1  0  0  0  0  0  0  0  0  0  0  0  0  0  0  0  0  0  0    7   9   4   5   2   4   6   7   3   6   9   7   2   4   5   7   5   1   3   6  0.02 0.02
  322 D    0  0  0  2 -1  0  0  0  0 -1 -1  0  0 -1  1  0  0  0  0  0    7   4   4  15   2   4   5   8   2   4   8   5   2   3   6   6   5   1   3   6  0.05 0.00
  323 K    0  0  0  0 -1  1  1  0  0 -1  0  1  0 -1  1  0  0  0  0  0    8   6   4   5   2   6   8   6   2   4   8   8   2   3   5   7   5   1   3   5  0.04 0.00
  324 E    0  0  0  0 -1  1  1  0  0 -1 -1  0  0 -1  1  0  0  0  0 -1    9   4   4   5   2   4  15   8   2   4   7   5   2   3   5   7   5   1   3   5  0.05 0.00
  325 A    1  0  0  0  0  0  0  0  0 -1  0  0  0 -1  1  0  0  0  0  0   22   4   3   4   1   4   6   6   2   4   7   4   2   3   5   6   5   1   2   6  0.04 0.01
  326 G    2 -1 -1 -1 -1  0 -1  3 -1 -1 -1  0 -1 -2 -1  1  0 -1 -1 -1   20   3   2   3   1   3   3  29   1   3   4   4   1   2   2  11   3   1   2   3  0.20 0.04
  327 P    1  0  0  0 -1  2  2 -1  0 -1 -1  1 -1 -2  1  0  0 -1 -1 -1   15   3   3   5   1  11  17   3   1   4   4   7   1   2   8   6   3   1   2   4  0.13 0.03
  328 E    1  0  0  1 -2  1  3  0  0 -2 -2  0 -1 -2  0  0  0 -2 -1 -1   11   3   5   8   1   6  25   6   2   2   3   5   1   2   3   5   5   1   1   4  0.15 0.04
  329 E    4 -1 -1  0 -1  0  1  0 -1 -1 -1  0 -1 -2 -1  0  0 -2 -2 -1   47   3   2   6   1   2   8   4   1   2   3   3   1   1   2   4   4   0   1   4  0.24 0.08
  330 V    3  0 -1 -1 -1 -1 -1  0  2 -1  0 -1 -1 -1 -1  0 -1 -1 -1  0   37   4   2   3   1   2   2   5   7   3  10   3   1   1   2   3   2   1   1   9  0.12 0.06
  331 R    0  2  0  1 -2  1  2 -1 -1 -1 -1  2 -1 -2 -1  0  0 -2 -1 -1    9  15   5   8   1   6  14   3   1   3   5  13   2   1   2   3   3   0   1   4  0.13 0.03
  332 R    1  1  0  1 -1  1  1  0  0 -2 -2  1 -1 -2 -1  1  0 -2 -1 -1   14   8   4   7   1  10   9   4   2   2   3  11   1   2   2  10   4   0   1   3  0.12 0.03
  333 A    4 -1 -1 -2 -1 -1 -1  0 -1 -1 -1 -1 -1  2 -1  0 -1 -1 -1 -1   52   3   2   2   1   2   3   4   2   2   3   3   1  11   2   3   2   0   1   3  0.30 0.10
  334 E   -1  0 -1  0 -2  2  3  0  0 -1  0  0 -1 -2 -1 -1 -1 -2 -1 -1    3   6   2   2   1  11  31  10   2   3  11   5   1   1   2   3   2   0   1   4  0.19 0.06
  335 A    2  0  1  0 -2  2  2 -1  0 -2 -2  0 -1 -2 -1  0  0 -2 -1 -1   21   3   8   4   1  11  21   4   1   2   4   3   1   2   2   6   3   1   1   3  0.17 0.05
  336 R   -1  2  1  2 -2  0  1 -1  2 -2 -2  0 -1  0 -1  0 -1  0  0 -1    4  20   6  13   1   3  11   5   6   2   4   3   1   7   2   3   2   1   2   3  0.14 0.04
  337 Y   -2 -2 -2 -2 -2 -2 -2 -2 -1  1  0 -2  0  6 -2 -2 -2  1  3  0    2   2   1   2   1   1   2   3   1  11   3   2   3  48   2   2   2   1   7   3  0.55 0.12
  338 D   -1  1  3  1 -2  1  2 -1 -1  0 -2  1 -1 -2 -1  0 -1 -2 -1  0    3   5  22   8   0   4  15   2   1   6   3  12   1   1   1   3   2   0   2   8  0.18 0.06
  339 E   -1  5  1 -1 -3  2  1 -2  1 -2 -2  1 -1 -3 -2 -1  0 -2 -2 -2    4  41   7   3   0  10   7   1   3   2   3   6   1   1   1   2   6   0   1   2  0.41 0.12
  340 V   -2  1 -3 -3 -2 -2 -3 -3 -2  1  0 -2  0  6 -3 -2 -2 -1  1  2    1  11   1   1   0   1   1   1   0   5   4   1   2  43   1   1   1   0   1  22  0.53 0.15
  341 A    2  0 -1 -2 -3  5  0 -2 -1 -2 -3  0 -2  0 -2  1 -1 -3 -2 -2   21   5   1   1   0  38   1   1   0   1   1   5   0   6   1  13   2   0   0   2  0.44 0.17
  342 K   -2  3 -1  0 -4  3  1 -2  0 -3 -2  5 -2 -4 -2 -1 -2 -3 -3 -3    1  13   1   3   0  13   5   2   1   1   4  52   0   0   1   2   1   0   0   1  0.65 0.18
  343 G   -2  1  3 -2 -4 -1 -2  6  1 -5 -4  1 -4 -4 -3 -1 -2 -4 -4 -4    0   7  14   0   0   2   0  61   4   0   0   8   0   0   0   1   1   0   0   0  0.93 0.22
  344 G    3 -1  0  0 -2  1  3  2 -2 -2 -3 -1 -2 -4 -2  0 -1 -4 -3 -1   29   1   3   5   1   7  23  20   0   2   1   2   0   0   0   2   1   0   0   4  0.34 0.13
  345 I   -2 -4 -4 -4 -2 -3 -3 -4 -4  4  3 -3  3 -1 -4 -3 -1 -3 -2  2    2   0   1   0   0   0   1   0   0  36  35   0   9   1   0   1   3   0   0  12  0.60 0.17
  346 P   -3 -4 -4 -4 -5 -4 -3 -4 -4 -5 -5 -3 -5 -6  9 -3 -3 -6 -5 -5    0   0   0   0   0   0   0   0   0   0   0   0   0   0  97   0   0   0   0   0  2.84 0.45
  347 E   -2 -2  0  6 -4 -1  4 -3 -2 -4 -4 -2 -4 -4 -3 -1 -1 -5 -4 -4    2   0   1  54   0   1  32   0   0   0   1   0   0   0   0   3   4   0   0   1  1.07 0.25
  348 E   -3 -2  1  6 -5  0  4 -3 -2 -4 -4 -2 -4 -5 -3 -2 -2 -5 -4 -4    0   1   7  57   0   1  28   1   0   0   1   0   0   0   0   1   0   0   0   0  1.15 0.26
  349 I   -2 -4 -4 -4 -3 -3 -4 -5 -4  5  2 -4  6 -2 -3 -3 -1 -3 -3  1    1   0   0   0   0   0   0   0   0  44  19   0  25   0   1   0   2   0   0   6  0.79 0.22
  350 P   -1 -3 -3 -1 -5  0  1 -4 -3 -4 -4 -1 -4 -5  8 -2 -2 -5 -4 -3    3   1   1   3   0   3  11   0   0   0   0   3   0   0  71   1   1   0   0   1  1.71 0.31
  351 E   -2 -2 -2  1 -5  1  6 -3 -2 -3 -3 -1 -2 -4 -2 -1 -1 -4 -4 -1    1   0   0   5   0   5  74   1   0   1   2   0   1   0   1   2   3   0   0   4  1.05 0.28
  352 V   -2 -3 -4 -4 -1 -2 -3 -4 -2  3  1 -1  1  3 -3 -3 -2 -3  1  4    1   1   0   0   1   1   0   0   1  19   8   4   2  14   0   0   0   0   3  43  0.48 0.16
  353 T    0  0  0  0 -2  0  2 -2 -1 -1 -2  0 -2 -3  0  1  3 -4 -3 -1    7   5   3   2   0   2  20   1   1   3   1   5   0   0   3  13  27   0   0   5  0.26 0.11
  354 I   -2 -4 -4 -4 -1 -3 -3 -4 -4  3  3 -4  1  2 -4 -3 -2  0 -1  3    1   0   0   0   1   0   1   1   0  22  39   0   1   8   0   0   0   1   0  24  0.54 0.16
  355 P    1 -1  0  1 -2  0  0 -1  0 -2 -2  0 -2 -3  3  1  1 -2 -2 -1   16   1   3   8   0   3   6   4   2   1   2   3   1   1  18  15  11   1   0   3  0.27 0.08
  356 A    2 -1 -1 -1  0  0  0  2 -2 -1 -1  0 -1 -1  1  1  0 -2 -2 -1   27   2   2   2   2   4   4  15   0   2   8   4   2   2   7  10   3   0   1   5  0.13 0.05
  357 S    1 -1  0  1 -1  0  1  2 -1 -1 -2 -1 -1 -2  1  1  0 -2 -2 -1   18   2   2   9   1   2  12  16   1   3   3   2   1   1   7  11   5   0   1   3  0.16 0.05
  358 E    0  0  0  1 -2  0  2  0 -1 -1 -1  0 -1 -2  3  0 -1 -2 -1 -1    7   3   2  10   1   3  23   9   1   2   5   5   2   2  13   3   3   0   2   4  0.19 0.04
  359 L    0 -1 -1 -1 -1  0 -1 -1 -1  1  2 -1  1  0 -1 -1  0 -1  0  1    5   3   4   3   1   3   3   4   1   9  33   3   2   3   3   5   4   1   3   8  0.05 0.03
  360 K    0  0  0  1 -2  1  2  2 -1 -2 -2  1 -1 -2  1  0  0 -2 -1 -1    4   6   2   8   1   4  16  17   1   2   4   8   1   2   6   7   5   0   1   3  0.14 0.03
  361 E    0 -1  0  2 -2  1  2  1 -1 -2 -2  0 -1 -2 -1  0  0 -2 -1 -2    7   2   4  15   1   4  23  13   1   2   4   4   1   1   2   5   5   0   2   2  0.19 0.05
  362 G    1 -1  0  1 -2  0  1  4 -1 -2 -2  0 -2 -2 -1  0 -1 -2 -2 -2   10   2   3   9   1   3  13  35   1   2   3   4   1   1   3   4   4   0   1   2  0.30 0.07
  363 R    0  1 -1  0 -2  0  1  2 -1 -2 -2  1 -1 -2  1  0  0 -2 -2 -1    8   7   1   6   0   2  14  22   1   1   3   7   1   1   8   8   4   0   1   3  0.18 0.05
  364 I   -1 -2 -3 -3 -2 -2 -3 -3 -3  4  2 -2  4 -1 -3 -2 -1 -2 -1  2    3   1   1   1   0   1   1   1   0  34  22   1  13   1   1   1   3   0   2  12  0.38 0.11
  365 W    1 -1 -1 -2 -2 -1 -2  1 -1 -2 -1 -1 -2  0  4  0 -1  6 -1 -2   12   4   1   2   0   2   2  14   1   1   7   2   1   4  24   5   2  14   2   1  0.45 0.11
  366 V   -2 -4 -4 -5 -3 -4 -4 -5 -4  5  3 -4  1 -1 -4 -3 -2 -4 -3  2    1   0   0   0   0   0   0   0   0  49  31   0   2   0   0   0   1   0   0  15  0.78 0.21
  367 A    4 -3 -3 -3  0 -2 -2  1 -3 -1 -1 -2 -1 -1  3  0  0 -4 -2  1   43   0   0   1   2   0   0  11   0   2   3   0   0   2  14   4   3   0   1  13  0.38 0.15
  368 R    1  2  4  0 -3  2  0 -2  1 -3 -3  2 -2 -4 -2  0  0 -3 -2 -3   15  11  24   5   0  14   2   1   3   0   1  14   0   0   1   6   4   0   1   1  0.35 0.13
  369 L   -1 -4 -5 -5 -3 -4 -4 -4 -4  2  5 -4  0  0 -4 -4 -2 -3 -2  2    4   0   0   0   0   0   0   1   0   8  67   0   0   3   0   0   0   0   0  17  0.78 0.22
  370 F   -3 -4 -5 -5 -2 -4 -5 -5 -4  2  5 -4  2  1 -5 -4 -3 -3 -2  0    0   0   0   0   0   0   0   0   0   7  79   0   3   6   0   0   0   0   0   5  0.99 0.25
  371 T    0  2  1 -2 -4  0 -1 -3 -1 -3 -3  5 -2 -1 -3 -1  2 -4 -2  0    6   9   5   0   0   1   0   0   1   0   1  50   0   2   0   2  15   0   1   6  0.52 0.20
  372 L    1  0  0  2 -3  3  3 -2 -1 -2  0  1 -1 -3 -2  0 -1 -4 -3 -2   11   3   2  13   0  17  22   2   1   0  13   6   1   0   0   5   1   0   0   1  0.27 0.11
  373 A    5 -3 -2 -3 -1 -2 -3 -2 -2 -1 -1 -2 -1 -3 -3  1  0 -4 -3 -1   72   0   1   0   1   0   0   0   0   3   7   0   1   0   0   8   5   0   0   1  0.75 0.25
  374 G   -1 -3  1 -1 -4 -2 -1  6 -3 -5 -5 -1 -4 -5 -4 -1 -3 -4 -5 -5    4   0   8   3   0   1   3  77   0   0   0   2   0   0   0   1   0   0   0   0  1.28 0.27
  375 L   -3 -4 -5 -5 -3 -4 -5 -5 -4  0  6 -4  2  1 -5 -4 -3 -3 -2 -1    1   0   0   0   0   0   0   0   0   1  88   0   4   4   0   0   0   0   0   1  1.15 0.29
  376 T    2 -3 -3 -4  3 -2 -3 -3 -4  0 -1 -3 -1 -3 -3 -1  3 -4 -3  4   18   0   0   0   7   2   1   0   0   0   1   0   0   0   0   0  27   0   0  44  0.58 0.22
  377 P    2 -1  0 -1 -3  0  0  0 -2 -3 -3  2 -3 -4  4  2 -1 -4 -3 -2   26   1   4   3   0   3   4   6   0   0   0  15   0   0  21  15   2   0   0   1  0.43 0.14
  378 S   -1 -3  2 -2 -3 -2 -2 -2 -3 -5 -5 -2 -4 -5 -3  6  1 -5 -4 -4    0   0   9   0   0   0   0   1   0   0   0   0   0   0   0  86   4   0   0   0  1.30 0.36
  379 N    0 -1  4 -2 -3 -2 -2  0 -2 -3 -3  0 -3 -4 -3  1  5 -4 -3 -2    5   3  22   0   0   0   0   6   0   0   0   6   0   0   0   6  51   0   0   1  0.67 0.23
  380 A    2 -3 -1 -2 -3 -2 -2  2 -3 -4 -4 -2 -3 -4 -3  6  0 -5 -4 -3   13   0   1   0   0   0   0  14   0   0   0   1   0   0   0  70   2   0   0   0  0.94 0.29
  381 E   -1 -2 -2  2 -5  1  6 -4 -2 -5 -5 -1 -3 -5 -3 -2 -3 -5 -4 -3    4   0   0  11   0   5  77   0   0   0   0   0   0   0   0   1   0   0   0   2  1.30 0.32
  382 A    6 -4 -3 -4 -3 -3 -3  1 -4 -3 -4 -3 -3 -4 -3  0 -2 -5 -4 -2   86   0   0   0   0   0   0  10   0   0   0   0   0   0   0   3   0   0   0   1  1.20 0.33
  383 R   -2  4  1 -3 -4 -1 -2 -2 -1  0  1  2  3 -1 -3 -1 -2 -3 -2 -1    0  35   9   0   0   1   0   2   1   8  14  11  13   2   0   2   1   0   1   1  0.39 0.16
  384 R   -4  8 -1  1 -6 -1 -2 -4 -2 -5 -5  0 -4 -5 -4 -2 -3 -5 -4 -5    0  88   2   9   0   0   0   0   0   0   0   0   0   0   0   1   0   0   0   0  1.73 0.38
  385 L   -1 -3  0 -4 -3 -1 -3 -4 -3 -1  3 -1  7 -1 -4 -1 -2 -3 -3  0    3   0   5   0   0   1   0   0   0   0  32   5  43   1   0   6   0   0   0   3  0.73 0.25
  386 I   -2 -4 -5 -5 -2 -4 -5 -5 -5  6  2 -4  1 -1 -4 -4 -2 -4 -3  3    2   0   0   0   0   0   0   0   0  64  14   0   1   1   0   0   0   0   0  17  0.96 0.25
  387 Q   -1  1  0  1 -4  3  2  0 -2 -3 -4  4 -3 -4 -2  0 -1 -4 -3 -3    3   6   2   9   0  18  14   7   0   1   0  35   0   0   0   3   1   0   0   1  0.49 0.16
  388 N   -1  0  2 -2 -5  7  1  0 -2 -5 -4 -1 -3 -5 -3 -1 -3 -4 -4 -4    3   4   8   0   0  68   6   8   0   0   0   0   0   0   0   2   0   0   0   0  1.18 0.33
  389 R   -2  1  0 -3 -5 -3 -4  7 -3 -6 -6 -2 -4 -5 -4 -2 -3 -5 -5 -5    0  11   3   0   0   0   0  83   0   0   0   1   0   0   0   1   0   0   0   0  1.52 0.31
  390 G    5 -2 -3 -3 -3 -3 -3  5 -4 -4 -4 -3 -3 -4 -3 -1 -2 -4 -4 -3   53   1   0   0   0   0   0  45   0   0   0   0   0   0   0   1   0   0   0   0  1.06 0.28
  391 L   -1 -4 -5 -5 -3 -4 -4 -5 -5  1  1 -4 -1 -2 -4 -4 -2 -5 -3  6    4   0   0   0   0   0   0   0   0   1   9   0   0   1   0   0   0   0   0  86  1.21 0.32
  392 R   -3  5 -2 -3 -5 -1 -1 -4 -1 -5 -4  5 -3 -3 -3 -1 -1 -4  0 -4    0  42   0   0   0   0   0   0   0   0   0  47   0   1   0   4   2   0   3   0  1.07 0.28
  393 L   -2 -3 -5 -5 -2 -3 -4 -5 -5  5  2 -4  1 -1 -4 -4 -2 -3 -3  3    0   1   0   0   1   0   0   0   0  51  18   0   3   0   0   0   0   0   0  26  0.83 0.22
  394 D   -3 -3  4  7 -5 -2  0 -2 -3 -5 -6 -3 -5 -6 -4 -2 -3 -6 -5 -5    1   0  24  73   0   0   2   1   0   0   0   0   0   0   0   0   0   0   0   0  1.60 0.34
  395 G   -1 -4 -1 -1 -4 -2 -1  6 -4 -5 -5 -3 -3 -5 -4  0 -3  0 -5 -5    2   0   1   3   0   1   5  80   0   0   0   0   0   0   0   5   0   1   0   0  1.36 0.29
  396 E    0 -1  0  1 -5  2  6 -3 -1 -4 -4  0 -3 -5 -3 -1 -1 -5 -4 -2    6   2   3   5   0  10  64   1   1   0   0   3   0   0   0   3   2   0   0   2  0.89 0.25
  397 V   -1  3 -2 -3 -3  0 -1 -4 -3 -2 -2  5 -2 -4 -3 -2 -1 -4 -3  2    2  20   0   0   0   2   0   0   0   0   1  48   0   0   0   0   2   0   0  25  0.68 0.23
  398 L   -1 -4 -4 -5 -1 -3 -4 -5 -4  4  1 -4 -1 -1 -4 -3 -2 -3  0  5    3   0   0   0   1   0   1   0   0  27   8   0   0   2   0   0   0   0   3  53  0.73 0.21
  399 T    0 -1  0  2 -3  0  3 -1 -2 -3 -3 -1 -2 -3 -2  2  2 -4 -3 -2    7   1   3   9   0   1  30   2   0   0   2   1   0   0   1  23  17   0   0   1  0.39 0.15
  400 D   -3 -3  1  7 -5 -2  0 -3 -3 -5 -5 -2 -5 -5 -3 -1 -3 -6 -5 -5    1   0   3  86   0   1   2   0   0   0   0   2   0   0   0   2   0   0   0   0  1.71 0.35
  401 P    1  2 -1 -2 -3  0  0 -1 -2 -1 -2  2 -2 -3  4  0  0 -4 -3 -1   12  11   1   1   0   2   6   2   0   6   1  20   1   1  22   5   5   0   0   5  0.35 0.11
  402 M    0  1  3  1 -3  2  0  2  0 -3 -3  2 -1 -4 -2  1 -1 -4 -2 -3    8   6  18   8   0  10   1  16   2   0   1  18   2   0   0   8   3   0   1   0  0.30 0.11
  403 L    0  0 -3 -3 -2  0 -1 -3 -1  0  3 -2  1  2 -3 -2 -1 -1  1 -1   11   6   0   1   0   5   3   0   1   2  47   1   4  10   0   1   4   0   4   1  0.28 0.13
  404 Q   -1  1  0  0 -1  2  2 -2 -1  0  0  2  1 -2 -1  0  0 -3 -2  1    4   5   3   4   1  11  14   0   1   5   7  14   5   0   2   6   5   0   0  13  0.12 0.07
  405 V   -2 -4 -4 -4  0 -4 -4 -5 -4  3  3 -4  1  2 -2 -3 -2 -3 -1  3    1   0   0   0   2   0   0   0   0  22  33   0   1  12   2   0   0   0   1  27  0.54 0.17
  406 D    1  0  0  1 -2  1  2 -1  0 -2 -2  1 -2 -3  2  0  1 -4 -2 -2   18   3   3   8   0   6  16   4   1   1   2   9   1   0  11   6   8   0   0   2  0.23 0.08
  407 L    2  0 -2 -2 -1 -1 -1 -2 -2  0  1  0 -1 -2  3  0  0 -3 -2  1   28   4   1   0   1   2   3   1   0   3  16   6   0   0  15   2   4   0   0  12  0.22 0.10
  408 S    0 -1  1  0 -2 -1  0  5 -3 -4 -4  0 -3 -4 -2  0 -1 -4 -4 -3    8   2   5   3   0   1   8  53   0   0   0   6   0   0   0   7   3   0   0   1  0.65 0.18
  409 R    0  1  0  1 -2  1  1  2 -1 -2 -2  0 -1  0 -1  1  0 -2 -2 -1    9   8   2  10   0   6  10  16   1   2   2   6   1   5   2  10   8   0   0   3  0.13 0.05
  410 P   -1 -2 -1 -1 -2  0  3  1 -2 -3 -3 -1 -2 -4  2  1  4 -4 -3 -2    2   1   1   2   1   2  23  14   0   1   0   1   0   0  10   7  33   0   0   2  0.42 0.17
  411 R    1  0 -1 -1  0 -1 -2  0  3 -1  0 -2  2  2 -3 -1 -2 -1  4  0   12   5   2   3   2   1   1   7  11   1   7   0   8   9   0   2   1   0  20   9  0.19 0.11
  412 I   -2 -4 -5 -5 -3 -4 -4 -5 -5  4  1 -4 -1 -2 -4 -4 -1 -5 -3  6    0   1   0   0   0   0   0   0   0  23   7   0   0   0   0   0   1   0   0  68  1.05 0.28
  413 L   -1 -4 -4 -5  1 -3 -4 -4 -3  3  3 -4  0  2 -4 -3 -2  0  4  2    3   0   0   0   3   0   0   0   0  20  30   0   1   7   0   0   0   1  17  17  0.49 0.16
  414 Q   -3  1 -2 -3 -6  8 -1 -4 -2 -5 -5  1 -3 -6 -4 -3 -3 -5 -4 -4    0   5   0   0   0  87   0   0   0   0   0   8   0   0   0   0   0   0   0   0  1.86 0.45
  415 R    1  0 -4 -5 -2 -4 -4 -4 -5  1 -1 -3 -1 -2 -4 -3 -2 -5 -3  6   11   6   0   0   0   0   0   0   0   4   2   0   0   0   0   0   0   0   0  75  0.94 0.29
  416 G   -2 -5 -3 -4 -5 -4 -4  7 -4 -6 -6 -4 -5 -6 -5 -3 -4 -5 -5 -6    0   0   0   0   0   0   0 100   0   0   0   0   0   0   0   0   0   0   0   0  2.11 0.40
  417 K   -3  1 -3 -3 -6 -1 -2 -4 -3 -5 -5  7 -4 -6 -3 -2 -3 -6 -4 -5    0   3   0   0   0   0   0   0   0   0   0  97   0   0   0   1   0   0   0   0  1.82 0.42
  418 D   -3  7 -2  0 -6 -1 -2 -4 -2 -5 -4  3 -4 -5 -4 -3 -3 -5 -4 -5    0  78   0   6   0   0   0   0   0   0   1  14   0   0   0   0   0   0   0   0  1.55 0.36
  419 R   -1  5  0 -3 -5 -1 -1 -3 -2 -5 -4  6 -3 -5 -3 -1 -2 -5 -4 -4    4  33   4   0   0   0   0   0   0   0   0  55   0   0   0   1   1   0   0   0  1.08 0.29
  420 F   -4 -5 -5 -6 -5 -5 -6 -6 -4  1 -1 -5 -1  8 -6 -5 -4  0  2 -2    0   0   0   0   0   0   0   0   0   8   1   0   0  87   0   0   0   1   2   1  1.95 0.40
  421 V    5 -3 -4 -4  0 -3 -3 -2 -4 -1 -1 -2 -1 -2 -3 -1 -2 -4 -2  1   74   0   0   0   1   0   0   1   0   2   4   2   1   1   0   0   0   0   1  12  0.82 0.27
  422 R   -3  7 -1 -3 -5  0 -1 -4 -2 -5 -4  4 -3 -5 -4 -2 -3 -5 -3 -5    0  67   1   0   0   1   1   0   0   0   0  28   0   0   0   1   0   0   0   0  1.43 0.34
  423 V   -2 -4 -5 -5 -3 -4 -5 -5 -5  5  1 -4 -1 -2 -4 -4 -2 -4 -3  5    0   0   0   0   0   0   0   0   0  33  10   0   0   0   0   0   0   0   0  57  1.00 0.27
  424 R   -1  2 -1 -2 -2  0 -1 -3 -1  0 -1  2 -1 -3 -3  1  4 -4 -3  0    1  14   1   0   0   2   2   0   1   6   4  12   1   0   0  10  39   0   0   6  0.36 0.16
  425 L   -3 -4 -5 -5 -2 -4 -4 -5 -4  3  4 -4  0  1 -4 -4 -2 -3 -2  3    0   0   0   0   0   0   0   0   0  19  54   0   0   7   0   0   0   0   0  19  0.73 0.19
  426 S    2 -2  1 -2 -1 -1 -1  2 -2 -2 -3 -1 -2 -3 -1  2  2 -4 -3 -1   28   0   9   0   1   2   0  15   0   1   1   1   0   0   1  22  20   0   0   1  0.36 0.11
  427 D   -2 -1  2  5 -4  0  4 -2 -1 -4 -4  0 -3 -4 -2  0 -1 -4 -3 -3    0   0  13  46   0   0  41   0   0   0   0   0   0   0   0   0   0   0   0   0  0.76 0.06

                      K         Lambda
Standard Ungapped    0.1384     0.3192
Standard Gapped      0.0540     0.2670
PSI Ungapped         0.1767     0.3147
PSI Gapped           0.0540     0.2670
