
Last position-specific scoring matrix computed, weighted observed percentages rounded down, information per position, and relative weight of gapless real matches to pseudocounts
           A  R  N  D  C  Q  E  G  H  I  L  K  M  F  P  S  T  W  Y  V   A   R   N   D   C   Q   E   G   H   I   L   K   M   F   P   S   T   W   Y   V
    1 G    1 -2  0 -1 -2 -1 -1  5 -2 -3 -3 -1 -2 -3 -2  2  0 -3 -3 -2   13   0   0   0   0   0   0  54   0   0   0   0   0   0   0  33   0   0   0   0  0.58 0.03
    2 N   -1 -1  4  3 -3  0  1 -1 -1 -3 -3 -1 -2 -3 -2  0  2 -4 -2 -2    3   0  44  24   0   0   4   0   0   0   0   0   0   0   0   0  25   0   0   0  0.47 0.04
    3 K   -1  2  0 -1 -3  1  1  2 -1 -3 -3  4 -2 -4 -2  0 -1 -3 -2 -3    0   4   0   0   0   5  11  25   0   0   0  55   0   0   0   0   0   0   0   0  0.43 0.04
    4 Y   -2 -1 -2 -2 -3 -1  0 -3  0 -1  0  0 -1  3 -3 -2 -2  4  6 -1    0   0   0   0   0   0  10   0   0   0  11  10   0  10   0   0   0   7  53   0  0.53 0.05
    5 I    0 -3 -3 -3 -1 -2 -3 -2 -3  3  2 -2  1  0  0 -2 -1 -2 -1  2   11   0   0   0   0   0   0   2   0  30  22   0   5   2   5   0   0   0   2  21  0.22 0.04
    6 Q    1  0 -1 -1 -3  4  1 -2  4 -2 -3  1 -1 -3  2  0  0 -3 -1 -2   16   0   0   0   0  34   4   0  15   1   0   8   0   0  10   5   5   0   0   1  0.37 0.08
    7 Q    1  0  0 -1 -2  2  1 -1 -1 -2 -2  0 -1 -3  0  3  1 -3 -2 -1   14   3   0   0   0  17  12   1   0   0   3   0   0   0   2  38   8   0   0   2  0.30 0.08
    8 T    1  0  1 -1 -2 -1  0  0 -2 -2 -2 -1  0 -3 -2  3  3 -3 -2 -1    7   4   8   0   0   0   5   6   0   0   0   0   5   0   0  32  34   0   0   0  0.32 0.08
    9 K    1  2 -1 -2 -2  1  0  0 -1 -2 -2  2 -1  0  1  1  0  0 -1 -2   17  17   0   0   0   7   0   6   0   2   0  18   0   6   8  14   3   2   0   0  0.20 0.05
   10 P   -1  1 -1  0  0 -1  0 -1  0 -3 -3 -1 -2 -3  6  1  0 -4 -3 -2    2  12   0   5   3   0   3   2   2   0   0   0   0   0  47  16   4   0   0   3  0.79 0.09
   11 L   -1 -2 -3 -3 -2 -2  0 -4 -3  0  3 -2  6 -1  1 -2 -2 -3 -2  1    2   2   0   0   0   0   7   0   0   1  26   0  40   0   8   0   0   0   0  12  0.52 0.20
   12 T    1  0  0 -1  1 -1  1  0 -1 -1 -2 -1 -2 -3 -1  3  2 -4 -3 -1   10   5   2   0   3   0   8   4   1   5   1   0   0   0   1  40  16   0   0   2  0.30 0.16
   13 L   -1  0 -2 -3 -2  1  0 -3 -2  1  3  0  4  0 -3 -1 -1 -3 -2  0    1   6   1   0   0   7   6   1   0  10  33   8  17   2   0   3   1   0   0   3  0.22 0.13
   14 E   -1 -1  2  0 -4  3  3 -2  0 -3 -2  2 -2 -4  0  2 -1 -4 -3 -3    3   0   9   2   0  15  24   0   2   0   3  16   0   0   3  22   0   0   0   0  0.43 0.21
   15 R    1  3  1 -2 -3  1 -1 -3  0 -3 -3  3 -2 -1  3  0  0 -4 -3 -3   12  19   6   0   0   7   0   0   2   0   2  20   0   4  15   6   7   0   0   0  0.40 0.21
   16 T   -1  0 -1  0 -2 -1  0 -2  2 -1 -2  1 -2 -2 -2  1  3 -4 -2  1    4   5   1   6   1   1   7   2   6   3   1   8   0   1   0   9  30   0   0  16  0.23 0.19
   17 I   -3 -4 -5 -5 -3 -4 -5 -4 -5  4  3 -4  2 -1 -5 -4 -3  6 -1  3    1   0   0   0   0   0   0   1   0  28  27   0   4   1   0   0   0  12   1  26  0.84 0.35
   18 N   -2  2  3  4 -4  1  1 -3  0 -3 -1  1 -3 -4 -2  0  1 -4 -3 -3    1  12  17  28   0   4   5   0   2   1   6   8   0   0   1   4  10   0   0   0  0.43 0.24
   19 L   -1 -4 -5 -5 -3 -4 -4 -5 -5  4  3 -4  0  0 -4 -4 -1 -4 -3  3    4   0   0   0   0   0   0   0   0  33  31   1   0   3   0   0   2   0   0  26  0.76 0.34
   20 Y   -5 -5 -5 -7 -6 -5 -5 -7  3 -5 -5 -5 -4  2 -7 -5 -5 -1  9 -5    0   0   0   0   0   0   0   0   7   0   0   0   0   7   0   0   0   0  87   0  2.73 0.87
   21 P   -2 -4 -1 -1 -5 -2 -4 -5 -5 -5 -6 -1 -5 -6  8 -2 -4 -6 -5 -5    3   0   3   4   0   2   0   0   0   0   0   3   0   0  80   3   0   0   0   0  2.23 0.72
   22 L   -2 -3 -2 -2 -3  1 -2 -5 -4  1  5 -3  0  0 -4 -3 -3 -3 -1  1    2   0   2   2   0   7   2   0   0   8  59   0   1   2   0   1   0   0   2  10  0.63 0.34
   23 T    0 -1  0  0  1 -1  2  0  0 -3 -4 -1 -3 -4 -3  4  3 -4 -1 -3    5   2   3   5   3   2  13   5   3   1   0   3   0   0   0  33  22   0   2   0  0.44 0.31
   24 N   -2  0  7 -2  2 -1 -3 -3  1 -3 -5 -2 -1 -3 -4  2 -2 -6 -4 -3    2   5  62   0   4   1   0   1   3   1   0   1   2   1   0  13   0   0   0   2  1.21 0.56
   25 Y   -5 -5 -5 -6 -6 -5 -5 -6 -2 -1 -4 -5 -4  1 -6 -2 -5 -1  9 -4    0   0   0   0   0   0   0   0   0   4   0   0   0   4   0   3   0   0  88   0  2.66 0.90
   26 T   -2 -1  0 -3 -3  0  1 -1  0 -3 -2  1 -3 -1 -3  2  4 -3  3 -2    0   2   3   0   0   3   8   3   3   1   4  11   0   2   0  14  32   0  14   1  0.41 0.33
   27 F   -5 -2 -6 -6 -5 -1 -5 -6 -4  2 -1 -5 -3  8 -6 -3 -4  3  0  0    0   2   0   0   0   3   0   0   0  12   2   0   0  68   0   2   0   3   0   7  1.60 0.64
   28 G   -1  1  1 -1 -4 -1 -2  5 -3 -2 -2 -3  0 -4 -4 -1  0 -4 -2 -2    3   7   5   3   0   2   2  54   0   3   4   0   3   0   0   3   6   0   2   2  0.70 0.36
   29 T    0 -2  1 -1 -3  0 -1 -3 -3  0 -3  1 -2 -2 -3  2  4 -4 -1  1    7   0   6   2   0   3   2   0   0   7   0  10   0   1   0  16  33   0   3   9  0.37 0.30
   30 K   -2  2  1  2 -5  0 -1 -3 -3 -4 -4  6 -3 -5 -3 -1 -1 -5 -4 -2    2   7   7  10   0   3   2   0   0   0   0  57   0   0   0   4   2   0   0   4  0.89 0.46
   31 E   -1 -2  0  4 -5  0  5 -2 -3 -4 -4 -1 -4 -5 -2  0 -1 -5 -4 -1    4   1   4  26   0   3  40   3   0   0   0   2   0   0   1   6   4   0   0   4  0.74 0.40
   32 P    3 -2  0 -1 -3 -2  0  0 -2 -2 -3  0  0 -3  3  0  1 -4 -2 -1   27   0   4   3   0   0   6   7   1   2   1   8   3   0  16   6  10   0   2   4  0.30 0.22
   33 L   -1  1  0 -2 -3  3  0 -3 -2  0  2  2  0 -1 -3  0 -2 -3 -2  0    5   6   4   0   0  17   4   0   0   4  25  15   2   2   0   7   0   0   0   8  0.22 0.21
   34 Y    0  0 -1  1 -2  0  0 -1 -2 -2 -2  1  1  1  4 -1  0 -3  2 -1    8   3   1   7   1   5   6   4   0   2   3  12   4   6  19   2   5   0   8   3  0.22 0.17
   35 E   -1  1 -1  1 -1 -1  4 -1 -2 -2 -1  2  0 -1 -3  0 -2 -4 -2 -1    2   7   1   6   2   0  38   4   0   2   6  11   2   3   0   5   0   0   1   6  0.37 0.28
   36 K   -2  2 -2  1 -4  0  2 -1 -3  0 -2  5 -3 -4 -1 -1 -2 -5 -4 -3    2  12   0   7   0   3  11   3   0   6   4  44   0   0   2   3   2   0   0   0  0.59 0.35
   37 D   -2 -2 -1  5 -4  0  0 -2  1 -2 -1  1 -3  1  1  0 -2 -1 -1 -3    2   0   1  39   0   4   4   3   3   1   7  10   0   8   6   6   1   1   2   1  0.46 0.30
   38 S    0  1  0 -2 -3  0  2 -1  3  0 -1  1 -1 -3  3  1  0 -4 -2 -1    5   7   3   0   0   3  14   3   8   7   4   7   2   0  14  14   7   0   0   2  0.22 0.17
   39 S    0  0  1 -2 -3  0 -1 -3 -2  0 -1  0  0 -2 -3  3  3 -4 -3 -1    8   3   6   0   0   5   2   0   0   8   4   6   3   2   0  32  19   0   0   3  0.31 0.26
   40 V    0 -3  0 -1 -2 -3 -3 -3 -1  2  1 -2  1  1  0  0  0 -3 -2  3    5   0   5   4   0   0   0   1   2   9  13   2   3   6   5   7   3   0   0  34  0.22 0.19
   41 A    1  0 -1  1 -2  1 -1 -1  0 -1  0  0  1  1  2  1  0 -3 -2 -1   16   5   1   8   0   6   1   3   3   3  10   4   5   7   9  10   7   0   0   2  0.08 0.10
   42 A    2 -1  1  3 -3  1  2  0  1 -3 -3  0 -3 -4 -2  1 -1 -4 -3 -3   21   0   7  21   0   6  19   6   4   0   0   5   0   0   0   7   2   0   0   0  0.36 0.19
   43 R   -1  5 -2 -3 -4 -1 -2 -1 -2  0 -1  2 -2 -1 -3 -2 -1 -3  2 -1    3  47   0   0   0   0   0   6   0   6   4  14   0   2   0   0   2   0   9   4  0.54 0.29
   44 F   -1 -3 -3 -4  2 -3 -3 -4 -3  1  3 -2  3  4 -4 -3 -1 -2  2  0    4   0   0   0   6   0   0   0   0   5  33   3  10  21   0   0   4   0   6   5  0.43 0.23
   45 Q   -1  1  1  0 -3  3  0 -2 -1 -1  0  2  2 -3 -1  0  0 -3 -2 -1    4   6   8   5   0  19   4   0   0   4  11  13   7   0   2   6   8   0   0   2  0.18 0.15
   46 R   -1  5  0 -2  2  1  0 -2  0 -3 -3  2 -2 -4 -1 -1 -2 -4 -3 -1    3  44   5   0   6   4   3   3   2   0   1  15   0   0   3   4   0   0   0   5  0.58 0.28
   47 M   -2  1 -2 -3 -2 -1 -2 -3 -1  1  1  1  2  2 -2 -2 -1  5  3 -1    1  12   0   1   0   0   1   1   0  12  12  12  11  12   1   1   1  11  11   1  0.25 0.11
   48 R   -2  3 -1 -2 -4  1  2 -1 -2 -1 -2  4  0 -3 -2 -2 -2 -4 -3 -1    1  18   1   0   0   5  16   4   0   5   4  35   3   0   0   1   1   0   0   5  0.46 0.24
   49 E    0  0  1  2 -3  1  3 -2  1 -1 -3  2 -2 -2 -2  0 -1 -3  0 -1    8   2   8  10   0   4  28   1   3   3   1  13   0   1   0   8   3   0   3   5  0.27 0.16
   50 E   -1  1  2  1 -3  1  2 -1  3 -2 -2  1 -1  0 -2  1  0 -2  0 -2    2   7  14   6   0   6  15   2   8   2   4   7   2   6   1  10   4   0   3   1  0.17 0.11
   51 F   -3 -1 -1 -4  3 -3 -4 -4 -1 -2 -1 -3 -2  6 -4 -3 -3 -1  7 -1    1   3   3   0   6   0   1   1   0   0   4   1   0  31   0   1   1   0  43   3  1.16 0.41
   52 D    1 -1  1  2 -2  1  4 -2 -2 -2 -1 -1  0 -3  1 -1 -1 -3 -2 -2   11   3   8  14   1   4  32   1   0   1   8   2   3   0   7   3   1   0   1   1  0.33 0.19
   53 K    0  2  0  0 -3  1  3 -3 -2 -2 -2  4 -2  0 -2 -1  0 -3 -2 -1    6   9   3   3   0   6  20   1   0   1   2  32   0   6   0   1   6   0   0   5  0.36 0.21
   54 I   -2  0  1  0 -3  1  1 -2  3  0 -1 -1 -1  0 -2  1  0 -2  2 -1    1   3   7   6   0   6  13   1  11   9   7   1   1   5   0  14   4   0   9   1  0.15 0.14
   55 G    0 -2 -2 -3 -4  0 -3  6  0 -4 -3 -3 -3 -3 -2 -2 -3 -3  1 -4    5   2   0   1   0   4   1  71   3   1   2   1   0   0   2   1   1   0   5   1  1.11 0.37
   56 M   -1 -1 -3 -3  0 -1 -2 -3 -3  1  2  0  6 -2 -1  0  0 -3 -2  0    2   2   0   0   2   1   1   1   0   7  14   8  40   0   3   6   7   0   0   4  0.43 0.25
   57 R   -2  6 -2 -3 -4  0 -2 -2  0 -1 -2  2 -2  0 -3 -2 -2 -3 -2  1    1  55   0   0   0   2   1   3   2   2   2  11   0   5   0   1   1   0   0  14  0.67 0.29
   58 R   -1  5  0 -2 -3  0  0 -3  1 -1 -2  1 -2  0 -2  0  1 -3 -2 -1    5  44   3   0   0   2   3   1   4   3   1   5   0   6   0   8  10   0   0   3  0.42 0.21
   59 T    0 -2  2 -2  5 -2 -2 -2 -2 -2 -2 -2 -2 -1 -2  3  3 -3  0 -2    3   0  11   0  16   0   1   1   0   2   1   0   0   3   0  26  30   0   4   1  0.46 0.23
   60 V   -1 -1 -3 -2  3 -3 -3 -3 -3  2  1 -3  1  1 -3 -2 -1 -3 -2  4    3   4   0   2   9   0   1   1   0   7   9   0   3   6   0   1   1   0   0  53  0.43 0.22
   61 E    0  0 -1  0  0  2  4 -1  0 -1 -2  0 -2 -2 -2  1  0 -3 -1 -2    6   3   0   3   3   8  41   3   2   5   2   4   0   2   0   9   5   0   2   1  0.31 0.17
   62 G    2 -3 -2 -2  0 -2 -2  4 -3 -1 -2 -2 -2  2  0  0 -2 -3 -2 -2   20   0   0   0   3   0   1  44   0   5   4   0   0  11   4   5   1   0   0   1  0.46 0.19
   63 V   -1 -3 -3 -1  0 -3 -3 -3 -3  3  1 -3  0  1 -3 -2  0 -3 -2  4    4   0   0   4   2   0   1   1   0  26   8   0   0   6   0   1   5   0   0  41  0.39 0.19
   64 L   -2 -3 -3 -3  2 -3 -3 -3 -3  3  3 -3  2  2  0 -2  0 -2 -1  1    1   0   0   0   6   0   1   1   0  24  33   0   7  10   5   1   5   0   0   5  0.33 0.16
   65 I   -1 -2 -3 -3 -2  0 -2 -3 -3  2  3 -2  2  2 -3 -1 -1 -2 -1  2    4   1   0   1   0   7   1   1   0  15  36   1   4   8   1   7   1   0   0  14  0.25 0.14
   66 V    1 -3 -3 -3  5 -1 -2 -2 -3  1  0 -2  0 -2 -3 -1  0 -3 -2  4   10   1   0   1  14   4   1   2   0   4   7   1   2   0   1   3   3   0   0  47  0.37 0.20
   67 H   -2 -2  1 -2 -4  0  1  0  9 -4 -4 -1 -2 -3 -3 -2 -2 -2  0 -4    3   0   6   1   0   4  11   7  54   0   1   3   1   0   0   2   3   0   1   1  1.25 0.44
   68 E   -1  1 -1  0 -3  1  3 -1 -1  0  1  1 -1 -2 -2 -1 -2 -3 -2 -1    2   8   2   4   0   7  29   3   1   6  19  11   0   0   1   3   1   0   0   2  0.25 0.17
   69 H   -3  1  2 -2 -4 -1 -1 -2  8 -1 -3  0 -1  1 -3 -2 -3 -3  2 -2    1   8   9   2   0   2   3   2  43   4   2   5   2   7   1   2   1   0   6   2  0.87 0.35
   70 R   -2  1  3  0 -2 -1  0  3  0 -3 -2  1 -3 -3 -2  0 -1  2 -3 -3    1  10  19   5   1   1   7  25   2   1   4   9   0   1   1   8   1   3   0   1  0.34 0.18
   71 L   -3 -1 -2 -3  1 -2 -1 -3  7  0  1 -3 -2  3 -3 -3 -1 -2  2 -1    1   2   1   1   3   1   3   1  36   7  13   1   0  15   1   1   4   0   7   3  0.72 0.31
   72 P   -2 -4 -4 -3  1 -3 -3 -4 -4 -1 -1 -3 -3 -4  8 -3 -1 -4 -4 -2    2   1   1   1   3   1   1   1   0   3   8   1   0   1  70   1   3   0   0   3  1.71 0.50
   73 H   -2 -2 -2 -2  2 -2 -3 -4  9 -1 -2 -3 -3 -1 -4 -2 -1 -3  2 -4    3   1   1   2   4   1   1   1  63   5   3   1   0   2   1   3   3   0   5   1  1.58 0.51
   74 V   -2 -4 -4 -4  1 -3 -4 -4 -4  4  2 -4 -1 -1 -4 -3 -2 -4 -3  4    1   1   0   1   3   0   1   1   0  25  23   1   0   2   1   1   1   0   0  40  0.72 0.30
   75 L   -3 -4 -5 -5 -3 -4 -4 -5 -4  1  5 -4  1  1 -4 -4 -3 -3 -3  1    1   0   0   0   0   0   0   1   0   6  73   0   2   4   0   1   0   0   0   9  1.05 0.41
   76 L    0 -1 -4 -5 -3 -4 -4 -2 -4  0  5 -4  3 -2 -4 -3 -1 -4 -3  1    7   4   0   0   0   0   0   4   0   3  60   0   6   0   0   0   4   0   0   9  0.75 0.38
   77 L   -3 -4 -5 -5 -3 -4 -4 -5 -4  2  5 -1  2  2 -2 -4 -3 -3 -3  0    1   0   0   0   0   0   1   1   0   9  63   4   3   8   2   1   0   0   0   5  0.89 0.40
   78 Q   -3  2 -3 -3 -5  7  0 -4 -3 -5 -3  3 -3 -2 -4  0 -3 -4 -4 -4    1  10   0   0   0  49   4   1   0   0   3  21   0   2   0   6   0   0   0   1  1.13 0.53
   79 L   -2  1  2 -1 -3 -1 -1 -3  2  2  1 -1  0  0  1  0 -1 -3 -1  0    1  10  11   2   0   2   2   1   8  15  15   2   1   5   7   8   1   0   1   7  0.13 0.14
   80 G    2  1  0  0 -3 -2  0  3  0 -3 -3  1 -3 -1 -1  0 -1 -4 -3 -3   23  10   3   6   0   0   4  22   3   0   1   9   0   4   3   7   4   0   0   0  0.29 0.21
   81 T   -1  0  5  2 -4 -1  1 -2 -1 -3 -2  0 -3 -4 -1  1  2 -4 -3 -2    3   4  30  12   0   1   8   2   1   0   4   4   0   0   3   9  14   0   0   3  0.44 0.27
   82 T    0 -1  0  0  0  1 -2  2 -3 -3 -2  1  0 -1 -3  3  1 -4 -3 -1    8   3   4   5   2   6   0  16   0   0   2  10   2   2   0  24   7   0   0   6  0.24 0.24
   83 F   -2  0 -1 -2  0  0  1 -3  0  1 -1  0  1  3 -3  1  0 -3  1 -1    2   4   2   0   2   4  13   0   2  10   4   7   5  18   0  14   5   0   4   4  0.19 0.22
   84 F   -2 -4 -4 -2  0 -4 -4 -5  0  1  0 -2  1  6 -5 -2 -4  4  5 -1    4   0   0   3   2   0   0   0   2   9   7   3   3  33   0   3   0   5  21   3  0.86 0.47
   85 K   -2  2  1 -1  0  1 -1  1  1 -3 -1  4  0 -1 -3 -1 -1  1  0 -2    2  11   6   2   2   5   3  10   4   0   7  28   3   2   0   2   3   2   4   3  0.25 0.24
   86 L   -3  0 -5 -5 -4 -4 -4 -5 -4  1  5 -4  2  2 -5 -4 -3 -3 -3  0    1   6   0   0   0   0   0   1   0   6  65   0   5   9   0   0   0   0   0   4  0.97 0.45
   87 P   -2 -2 -3 -3 -3 -2 -2 -3 -3  0  0  1 -2 -3  7 -2 -2 -4 -3 -1    1   1   0   1   0   0   1   1   0   8  12  12   0   0  56   1   1   0   0   4  1.08 0.26
   88 G    0 -2  1  1 -3 -1  0  5  1 -3 -3 -2 -3 -3 -2  1 -1 -3 -3 -3    8   1   8  10   0   0   6  47   4   1   1   1   0   0   1  11   1   0   0   1  0.54 0.17
   89 G   -1 -2 -1  0  2 -1 -1  4  0 -1 -2  1 -2 -3 -2 -1  0 -3 -3 -1    1   1   0   7   6   0   2  45   2   6   1  12   0   0   1   3   6   0   0   6  0.37 0.15
   90 E   -1  2 -1  1 -2  0  2 -2  0 -1 -1  2 -1 -1 -2  1  1 -2  2 -2    1  13   1   6   0   2  15   1   2   3   5  14   0   2   1  13   9   0  11   1  0.17 0.09
   91 L   -2 -3 -4 -4  2 -3 -3 -4 -2  1  3 -2  0  1 -3 -3 -2  6  3  0    1   0   0   0   5   0   0   1   0   7  48   3   0   3   0   1   0  12  12   4  0.51 0.19
   92 N   -2  4  1  0 -4  0  1 -2  0 -4 -3  4 -2 -3 -1  0 -1 -4 -1 -3    2  25   8   5   0   2   9   2   3   0   2  27   1   0   3   7   3   0   2   1  0.44 0.23
   93 P    0  1 -1 -3 -4 -2 -2 -3  3  0 -2 -1 -3  0  6  0 -1 -4 -3 -2    8  10   3   0   0   0   0   1   8   7   3   2   0   5  42   7   3   0   0   2  0.77 0.32
   94 G   -1 -1  0  1 -4 -1  0  4 -1 -4 -4  1 -3 -2  1  0 -2  4 -1 -4    2   2   3   9   0   1   5  41   1   0   1   9   0   1   6   7   1   8   2   1  0.53 0.25
   95 E   -2 -2  0  1 -5 -1  7 -4 -2 -4 -4 -1 -4 -4 -3  0 -3 -4 -1 -2    2   0   5   6   0   0  72   1   0   0   1   2   0   0   0   5   0   0   2   3  1.23 0.50
   96 D   -1 -2  2  5 -4  0  0 -1 -2 -3 -3  1 -3 -4 -1  2  0 -4 -3 -2    4   0   8  35   0   2   5   5   0   0   2  12   0   0   3  14   6   0   0   3  0.47 0.26
   97 E   -2 -2 -1  2 -4  0  5 -3  1 -3 -1  0 -3 -3  1  0 -2 -4 -1 -1    1   1   2  13   0   1  44   1   4   1   6   3   0   0   8   7   2   0   2   4  0.58 0.31
   98 V   -1  0  0 -2 -2 -1  1 -2 -2  2  1  1  0 -2 -2  0  0 -3 -2  2    4   5   4   0   0   0  13   2   0  18  10  11   1   1   0   6   3   0   0  20  0.14 0.15
   99 E    0 -1 -1  1 -3  1  4 -2  0  0 -1  0 -1 -3 -2  0  0 -4 -3 -2    6   1   1   9   0   3  41   2   2   7   5   5   1   0   2   7   6   0   0   1  0.41 0.26
  100 G   -1  0 -3 -3  3 -3 -3  5 -4 -4 -4  2 -3 -1 -4 -2 -1 -4 -4  0    2   4   0   0   7   0   0  54   0   0   1  16   0   3   0   0   3   0   0   7  0.86 0.39
  101 L   -2 -4 -4 -5  1 -4 -4 -5 -4  1  5 -4  1  2 -4 -4 -3 -3  1  1    3   0   0   0   3   0   0   1   0   6  59   0   3   9   0   0   0   0   4   9  0.76 0.35
  102 K    1  1  1 -2 -3  1  0 -3  0 -2 -1  5 -2 -4 -3  0 -1 -4 -3 -1   11   5   7   0   0   6   5   1   3   2   6  42   0   0   0   6   2   0   0   4  0.43 0.28
  103 R   -1  6 -1 -3  2 -1 -1 -4 -1 -3 -1  1 -1  0  0 -1 -1 -4 -3 -3    5  54   2   1   5   1   2   1   1   1   6   5   1   4   4   4   2   0   0   1  0.75 0.38
  104 L   -2  3 -3 -3  1 -1  0 -3 -3  1  2  3 -1  1 -3 -2 -2  2 -2  0    1  16   0   0   3   0   6   1   0  10  21  24   0   6   0   2   0   3   0   6  0.28 0.23
  105 M   -3 -3 -1 -4  0 -3 -1 -2 -4  1  4 -3  3  1 -4 -3 -2 -3 -2  0    1   0   4   0   2   0   5   4   0   8  55   0   8   7   0   0   2   0   0   3  0.58 0.32
  106 T   -1 -1  2  1 -1  1 -1  0  0 -2 -1  0 -2 -1 -2  1  3 -3 -2 -1    3   3  13   8   1   6   3   5   2   1   8   6   0   3   0   8  25   0   0   4  0.18 0.17
  107 E   -1  1  1  1  0  2  4 -3 -2 -4 -3  2 -3 -4 -3  1 -1 -4 -2 -3    3   6   8   5   2   9  34   1   0   0   2  13   0   0   0  11   4   0   1   1  0.48 0.30
  108 I   -2  2  2  0 -2  1 -1 -3  2  1 -1  2  0  0 -3  0  1 -4  0 -1    0  14   9   4   1   6   2   0   5  11   3  19   3   5   0   5   9   0   3   2  0.22 0.20
  109 L   -3 -1 -4 -5 -4 -4 -4 -5 -4  0  5  0  1  2 -5 -1  0  0 -3  1    0   3   0   0   0   0   0   0   0   2  58   6   2   8   0   7   5   2   0   8  0.65 0.37
  110 G    2 -1  1 -1 -1 -2 -2  4  1 -2 -1 -2 -3 -4 -2  2 -2 -4 -3 -3   22   3   6   3   1   1   1  29   3   2   6   1   0   0   1  19   0   0   0   0  0.42 0.28
  111 R   -1  3  1 -1 -4 -1  2 -2  1 -3 -3  1 -1 -2  4  0 -2 -4 -3 -1    4  15   8   1   0   1  17   1   4   1   1  10   2   2  18   6   1   0   0   7  0.38 0.25
  112 Q   -1 -1  2 -1 -4  2  3  0  0 -1 -2  0 -2 -4  1  0  0 -4 -3 -1    5   1  13   2   0  12  25   7   2   4   5   3   0   0   7   4   6   0   0   4  0.29 0.23
  113 D    0 -2  1  4 -4  0  3  0 -2 -2 -2  0 -3 -4 -1  0 -2 -4 -1  0    7   0   5  26   0   3  19   6   0   1   5   7   0   0   2   6   1   0   2  10  0.32 0.24
  114 L   -1  0  2  2  1  1  1  0 -1 -1  0  1 -2 -1  0 -1  0 -3 -2 -1    5   4  12  12   4   5   9   6   1   4  11  11   0   3   4   2   5   0   0   2  0.10 0.11
  115 Q    0 -1  2  1 -3  2  2  0 -1 -1 -3  0 -3 -3  0  2  1 -4  0 -2    5   2   9   6   0  11  14   5   1   5   0   4   0   0   5  20   9   0   4   1  0.25 0.22
  116 D   -3 -3  2  5 -5  0  3 -2  2 -3 -4  0 -4 -5  1 -2  1 -5 -1 -3    0   0  10  31   0   2  20   2   6   1   1   6   0   0   8   0   9   0   2   1  0.65 0.38
  117 W   -2 -2 -6 -6 -5 -5 -5 -5 -5  2 -2 -3 -4  3 -6 -2 -2 11  1 -2    4   2   0   0   0   0   0   0   0  12   3   2   0  10   0   3   3  54   3   3  2.09 0.76
  118 V   -1  1 -1  1 -4  2  4 -4  0 -1 -2  0  0 -3 -3 -2  0 -4 -3  1    5   6   3   8   0   9  32   0   2   3   2   5   3   1   0   1   5   0   0  14  0.38 0.29
  119 I   -3 -4 -1 -5 -1 -4 -5 -5 -5  5 -1 -2 -2 -1 -3 -2 -2 -5 -4  5    0   0   3   0   1   0   0   0   0  40   1   3   0   2   1   3   2   0   0  41  0.98 0.48
  120 D   -2 -2  0  1 -1 -1  1  6 -2 -5 -4 -2 -4 -1 -4 -1 -3 -5 -4 -3    1   2   3   7   1   3  11  57   1   0   1   2   0   4   0   4   1   0   0   2  0.89 0.43
  121 D   -4 -1 -2  5 -6  1  5 -3  1 -5 -5 -2 -5 -1 -4 -2 -1 -5 -3 -5    0   3   0  39   0   4  39   1   3   0   0   0   0   3   0   1   4   0   1   0  1.12 0.54
  122 C   -2 -2 -3 -4  7 -2 -3 -4 -1  0  1 -2 -2  2 -4 -1  2 -3  2  1    2   1   1   0  29   2   1   0   2   3  13   3   0  11   0   3  12   0   6   9  0.63 0.35
  123 I   -1 -1 -4 -4 -3 -4 -4 -5 -4  4  4 -4  0 -2 -4 -2 -2 -4 -3  2    4   3   0   0   0   0   0   0   0  28  43   0   1   0   0   4   0   0   0  14  0.70 0.33
  124 G    3 -4  0 -1  3 -3 -3  5 -4 -4 -4 -3 -4 -3 -3  1 -2 -4 -4 -4   32   0   3   3   6   0   1  40   0   0   0   0   0   1   0  12   0   0   0   0  0.82 0.39
  125 N   -2  0  3  0 -4  3  2 -3  1 -1 -3  1  2 -4 -3  0  2 -4 -3  0    0   5  17   4   0  13  12   0   3   4   0   7   8   0   0   5  13   0   0   8  0.30 0.24
  126 W   -5 -6 -6 -7 -2 -5 -6 -6  0 -5 -3 -6 -4  2 -6 -6 -5 12  0 -5    0   0   0   0   1   0   0   0   2   0   3   0   0   9   0   0   0  79   2   0  3.58 0.96
  127 W   -5 -5 -6 -6 -5 -5 -5 -5  0 -2 -2 -5 -4 -1 -6 -5 -5 12  5 -1    0   0   0   0   0   0   0   0   2   3   3   0   0   1   0   0   0  66  16   5  2.90 0.83
  128 R   -3  8 -3 -4 -5 -2 -3 -5 -3 -5 -4  1 -4  1 -4 -3 -4 -4 -2 -3    2  78   0   0   0   0   0   1   0   0   1   6   0   6   0   1   0   0   1   2  1.71 0.62
  129 P   -2 -4 -4 -4  2 -1 -4 -4 -2 -2 -4 -3 -1 -5  7  0  2 -5 -5 -3    2   0   0   0   4   3   0   0   1   3   0   0   2   0  62   8  12   0   0   1  1.57 0.57
  130 N   -1 -2  5  3 -4  1  2 -1  2 -4 -3  0 -3 -4 -3  1 -2 -4 -3 -4    3   0  31  15   0   7  17   3   6   0   2   4   0   0   0   8   0   0   0   0  0.54 0.29
  131 F   -4 -4 -4 -5 -4 -4 -4 -5  0 -1 -1 -1 -2  7 -5 -2 -1 -1  4 -1    0   0   0   0   0   0   0   0   3   2   3   4   0  62   0   4   3   0  13   4  1.27 0.48
  132 E   -1 -2  2  4 -4 -1  5 -3  1 -4 -4  1 -3 -4 -3  0 -1 -4 -3 -4    3   0   9  22   0   0  40   1   4   0   1   9   0   0   0   5   4   0   0   1  0.69 0.32
  133 P    0 -1  0  0 -3  0  0  0 -2 -3 -3 -1 -1 -2  4  2  3 -3 -1 -2    6   2   5   3   0   3   5   5   0   0   1   3   2   2  19  14  25   0   2   2  0.36 0.21
  134 P   -1  1  0  0 -2  0  0 -2  1  0  0 -1  0  2  2  0 -1 -2  0  0    3  10   5   4   0   2   5   2   5   5  11   2   2  14  12   5   3   0   3   8  0.09 0.08
  135 Q   -2  0 -2 -2 -3  1 -1 -3 -2  0  0  0  3  1  3 -1  0 -2  2  0    1   6   0   1   0  10   1   1   0   5   9   4  12   5  19   5   6   0  10   6  0.25 0.14
  136 Y   -1  1 -2 -2  4  1 -1 -3 -1  0  1 -1  0  2 -2 -1 -1 -1  2  1    1  13   1   1  13  13   1   1   0   1  14   1   0  13   1   1   1   0  13  13  0.15 0.08
  137 P   -1  1 -2 -2 -3 -1  0 -2 -2 -3 -2 -1 -2 -3  7  0  0 -3 -3 -2    1   9   1   1   0   1   6   1   0   1   4   1   0   1  59   6   5   0   0   1  1.14 0.23
  138 Y   -1 -3 -2  1  0 -2 -2 -3  1 -2 -2 -3 -2  4 -3 -2 -2  0  7  0    6   0   0   9   2   0   0   1   3   0   1   0   0  20   0   1   0   0  48   6  0.73 0.24
  139 I   -1 -2 -3 -3  0 -2 -2 -3  0  3  3 -2  2  0  0 -2 -1 -2 -1  1    2   0   0   0   3   2   3   1   4  21  45   0   5   2   5   1   2   0   0   4  0.29 0.13
  140 P   -2 -2 -3 -2  0 -2 -2 -3 -3 -2 -1  0 -3 -4  7 -1 -2 -4 -3 -3    1   0   0   1   3   0   1   1   0   3   6   6   0   0  73   3   1   0   0   1  1.55 0.31
  141 A    2  0 -1  0 -2 -1 -1 -1 -1 -2 -2 -1 -2 -3  5  1  0 -3 -2 -1   23   7   0   6   0   0   1   3   2   0   4   1   0   0  28  13   7   0   0   4  0.43 0.13
  142 H   -2  0  3 -1 -3  1 -1 -2  8 -4 -3  0 -2 -2 -3 -1  0 -3  1 -3    1   3  19   1   0   6   1   1  52   0   1   5   0   0   0   3   5   0   3   1  0.87 0.27
  143 I   -1 -3 -1 -3 -1 -3 -3 -3 -3  4  0 -3  2  1 -3 -2  0 -3 -2  4    5   0   4   0   1   0   1   1   0  30   3   1   6   7   0   2   4   0   0  35  0.39 0.19
  144 T    0  2  0 -2  1 -1 -1 -2 -2 -2 -2  3 -2 -3 -2  2  4 -3 -3 -1    3  11   3   0   3   0   2   1   0   2   1  20   0   0   0  15  34   0   0   3  0.37 0.20
  145 K    0  3  1 -1 -3  1  0 -1  2 -1 -1  3  0 -2 -2  0 -1 -3 -1 -1    8  18   6   1   0   4   2   3   7   4   6  25   3   1   0   5   2   0   2   3  0.19 0.12
  146 P   -1 -3 -3 -3  0 -2 -1 -3 -3 -3 -3 -1 -3 -4  7  0  0 -4 -4  1    4   0   0   0   2   1   3   1   0   0   1   4   0   0  59   6   4   0   0  12  1.26 0.35
  147 K   -3  1 -2 -3 -5  1 -1 -1  2 -4 -4  7 -3 -5 -3 -2 -3 -5 -4 -3    0   4   0   0   0   4   0   5   5   0   0  77   0   0   0   0   0   0   0   2  1.25 0.47
  148 E   -1 -1 -2 -1 -4  1  6 -3 -2 -4 -4  1 -3 -4 -2  0 -2 -4 -3 -3    4   1   1   1   0   5  68   1   0   1   1   7   0   1   1   6   1   0   0   1  1.00 0.36
  149 H   -1 -1 -2 -3  7 -1  0 -3  4  1 -1  0 -1 -2 -3 -1  1 -3 -1  0    3   4   0   0  26   3   7   1  13  10   4   5   2   0   0   2  13   0   2   6  0.43 0.21
  150 K   -1  3 -2  0 -3 -1 -1 -3 -1  2 -1  3  0  0 -2 -1  0 -3 -1 -1    4  16   0   5   0   0   2   1   1  19   4  27   2   5   0   4   5   0   2   2  0.21 0.16
  151 K   -1  2 -1 -2 -3  0 -1 -3 -1 -2 -2  4  2  1  1  0  1 -3 -2 -2    3  11   2   0   0   2   2   1   1   0   2  36   6   8   5   8   8   0   0   1  0.32 0.20
  152 L   -2 -3 -3 -4 -2 -3 -3 -4 -3  2  3 -3  2  0 -3 -2 -1  3 -2  2    1   1   0   1   0   0   1   1   0  15  43   1   5   3   1   3   3   4   0  18  0.43 0.18
  153 F   -3 -3 -3 -4  1 -1 -3 -4  1 -2 -1 -3  1  5 -4 -3 -3  0  6 -1    1   1   0   1   3   4   1   1   2   1   5   1   4  32   1   1   1   0  40   4  0.94 0.31
  154 L   -1 -2 -3 -3  2  1 -2 -3 -2  1  3 -2  1  2 -3 -2 -2 -2  0  1    2   1   0   1   4  11   1   1   0   6  43   1   3  12   1   2   1   0   3   8  0.31 0.17
  155 V   -1 -3 -1 -3 -2 -3 -3 -4 -3  3  1 -3  1 -2 -3 -2 -1 -3 -2  5    4   1   4   1   0   0   1   1   0  15  11   1   4   0   1   1   3   0   0  55  0.54 0.24
  156 Q   -1  1  0  0  0  4  0 -2  3 -2 -1  1  0 -1 -2  0  0 -3 -2 -2    2   9   2   4   3  33   2   2  10   2   4   5   2   4   1   6   8   0   0   2  0.30 0.18
  157 L   -2 -3 -4 -4 -2 -3 -3 -4 -3  1  5 -3  3  1 -3 -3 -1 -2 -2  1    1   1   0   1   0   0   1   1   0   3  65   1   8   5   1   1   4   0   0   8  0.63 0.24
  158 Q    0  0 -2 -2 -3  1 -1 -2 -1 -3 -3  1 -1 -4  6  0  0 -4 -3 -2    6   4   0   1   0   8   3   2   2   1   1   8   2   0  48   5   5   0   0   3  0.90 0.27
  159 E   -1  0  0  1 -4  0  4 -2  1 -3 -3  1 -1 -4  2  0 -1 -4 -3 -2    2   3   4   6   0   0  38   2   3   1   1  11   2   0  12   8   1   0   0   3  0.47 0.23
  160 K    0  2  1 -2 -1  1  0 -1  0 -3 -3  4 -2 -1 -2  1  0 -3 -2 -1    8  11   6   0   1   6   2   2   2   0   1  32   0   3   0  13   6   0   0   4  0.30 0.19
  161 A    1  1 -2 -3  5  1  0 -1 -2 -1 -1  1  0  0 -3  0  0 -3  0  0   13  10   0   0  14   7   7   4   0   4   4  10   3   4   0   5   5   0   3   7  0.18 0.20
  162 L    0  0  0 -1  1  0 -1 -3  1  0  1  0  2 -1 -3 -1  0 -2  2  1    7   4   3   4   4   6   3   0   3   4  15   7   7   0   0   4   5   0  11  10  0.08 0.14
  163 F   -3 -4 -4 -4 -3 -4 -4 -4 -3  1  2 -4  0  7 -4 -2 -3 -2  0 -1    1   1   1   1   0   1   1   1   0   9  18   1   1  56   1   4   1   0   0   2  1.03 0.36
  164 A    2  0  0 -2 -1  1 -1  1  0  0 -2  1 -2 -2 -2  1  1 -3 -2 -1   23   5   5   0   1   9   2   9   3   7   1   9   0   2   0  13   8   0   0   3  0.15 0.12
  165 V    0 -3 -2 -4  2 -3 -3 -4 -3  2  1 -3 -1 -2 -3 -1  0 -3  1  4    6   0   1   0   4   0   1   1   0  12  12   1   0   0   0   4   4   0   5  47  0.49 0.25
  166 P   -1 -3  0 -1 -1  0 -2 -3 -3 -1 -1 -1 -3 -1  7 -1 -1 -4 -2 -3    3   0   4   3   1   5   2   1   0   3   6   3   0   3  56   3   3   0   2   1  1.11 0.37
  167 K   -1  2  1  0 -3  0  0  0 -2 -4 -3  4 -3 -4  1  2 -1 -4 -3 -3    3  10   6   5   0   1   4   8   0   0   2  34   0   0   6  19   1   0   0   1  0.42 0.23
  168 N    0 -2  6  1 -3 -2 -1  0  0 -4 -4  0 -3 -1 -3  0  1 -4 -1 -3    7   0  44   8   0   0   2   8   2   0   1   7   0   3   0   5  10   0   2   1  0.59 0.28
  169 Y   -2 -2  0 -1 -3 -1  0 -2  3 -1  1 -2  4  2 -3 -2 -1  3  4  0    1   0   4   3   0   3   5   2   9   0  11   1  18  10   0   1   4   4  16   7  0.33 0.21
  170 K   -1  0  0  1 -3  0  2 -1  1 -3 -2  4 -2 -4 -2  0  0 -4 -3 -2    2   2   3   7   0   3  15   5   4   0   4  38   0   0   0   7   7   0   0   3  0.39 0.22
  171 L   -3 -3 -4 -4 -3 -3 -2 -4 -4  1  5 -3  1  1 -4 -2 -2 -3 -2  1    1   0   0   0   0   0   3   1   0   6  65   1   3   6   0   4   1   0   0   9  0.74 0.31
  172 V   -1 -1 -2 -3 -2 -2 -1 -1 -1  1  2  0  0  0 -3 -1 -1 -2  0  3    4   3   2   0   0   0   4   5   2   8  19   9   0   3   0   5   1   0   4  29  0.14 0.13
  173 A    6 -3 -3 -3 -3 -3 -3  0 -3 -3 -3 -3 -3 -1  1  1 -2 -4 -3 -2   71   0   0   0   0   0   1   5   0   0   1   1   0   3   6   9   1   0   0   1  0.95 0.41
  174 A    2 -3 -3 -3 -2 -3 -3 -1 -3  2  1 -3  2 -1 -1 -2 -1 -3 -2  4   18   0   0   0   0   0   1   5   0  14  10   1   6   2   3   1   2   0   0  37  0.37 0.21
  175 P   -1 -4 -4 -4 -4 -1 -3 -4 -4 -4 -2 -3 -4 -5  8 -1 -3 -5 -4 -4    4   0   0   0   0   3   1   1   0   0   5   1   0   0  78   4   1   0   0   1  2.07 0.57
  176 L   -3 -4 -4 -4  2 -4 -4 -4 -4  1  5 -4  1  1  0 -4 -3 -3 -2  0    1   0   0   0   4   0   1   1   0   4  71   1   2   6   4   1   1   0   0   4  0.86 0.35
  177 F   -3  0 -4 -4  3 -3 -4 -4  1  0 -1 -3 -2  7 -4 -1 -3 -1  3 -1    1   6   0   0   7   0   1   1   4   5   2   0   0  54   0   4   0   0   9   4  0.99 0.36
  178 E   -1 -2 -1  4 -4  3  5 -3 -2 -4 -4  0 -3 -4  1 -2 -2 -4 -4 -4    3   0   0  28   0  11  41   1   0   0   1   5   0   0   6   1   0   0   0   1  0.88 0.34
  179 L   -3 -3 -4 -4 -3 -3 -4 -4 -4  2  5 -1  1  2 -4 -3 -2 -3 -2  0    1   0   0   0   0   0   1   1   0  13  61   6   1   8   0   1   0   0   0   5  0.71 0.29
  180 Y   -3 -1 -1 -1 -4 -2  0 -3  5 -3 -2 -3 -1  2 -4 -3 -3 -1  7 -3    1   4   3   3   0   0   6   2  14   1   4   1   2   8   1   1   1   0  51   1  1.10 0.39
  181 D   -1 -2  3  5 -3  0  2 -2  0 -3 -3 -1 -3 -3  0 -1 -2 -3  1 -3    5   1  15  38   0   3  13   2   2   1   3   3   0   1   5   1   1   0   6   1  0.56 0.23
  182 N   -3 -1  7  0 -4 -2  1 -2 -1 -4 -4  0 -3 -4 -3 -1 -2 -4 -3 -4    1   2  70   2   0   1   9   1   0   1   2   4   0   1   1   1   1   0   1   1  1.28 0.41
  183 A    2 -1 -1 -1  1  0  0 -2  1  0 -1  0 -1  0  0  2  1 -2 -1  0   19   3   1   1   3   2   4   1   4   6   2   5   0   6   4  18  12   0   1   6  0.12 0.10
  184 P    2 -1  0  0 -3  2  2 -1 -1 -3 -2  1 -2 -3  2  0 -1 -3 -2 -2   20   2   4   3   0  14  16   3   1   1   4  11   0   1  12   6   1   0   0   2  0.28 0.15
  185 G   -1  3  0 -2 -3  0  0  2 -2 -2 -2  2 -2 -3 -2 -1  1 -3  0 -2    2  20   5   1   0   1   6  17   0   2   2  19   0   0   1   3  13   0   3   3  0.28 0.17
  186 Y   -3 -3 -4 -4  2  0 -3 -4  2 -3 -3 -3 -3  3 -4 -3 -3  1  8 -3    1   1   0   1   4   5   1   1   5   1   1   1   0  12   1   1   1   1  64   1  1.55 0.48
  187 G   -2 -2  1 -1 -4 -3 -2  6 -4 -5 -5 -1 -4 -5 -4 -1 -3 -4 -5 -5    0   2   6   2   0   0   2  77   0   0   0   4   0   0   0   4   0   0   0   0  1.38 0.43
  188 P    0 -3 -3 -3 -4 -1 -2 -3 -2  0 -2 -1  0 -4  6  0 -1 -5 -4  1    6   0   1   1   0   3   1   1   1   7   3   3   3   0  48   8   2   0   0  13  0.92 0.33
  189 I    2 -3 -3 -3 -3  2  0 -3 -2  4  0 -2 -1 -2 -3 -1  0 -4 -3  2   18   0   0   0   0  11   8   0   1  34   8   0   0   0   0   3   5   0   0  12  0.34 0.23
  190 I   -2 -4 -5 -5  1 -4 -5 -5 -5  6  3 -4  0 -1 -5 -3 -3 -4 -3  1    2   0   0   0   3   0   0   0   0  52  33   0   1   1   0   1   0   0   0   6  0.92 0.36
  191 S    2  0 -1 -3  4 -2 -2  0 -3 -4 -3 -1 -3 -4 -3  5 -1 -4 -4 -3   22   5   2   0   9   0   0   7   0   0   3   3   0   0   0  48   1   0   0   0  0.64 0.34
  192 S    2 -2 -1 -2 -3 -1 -2  3 -3 -4 -4 -2 -3 -4 -3  4  1 -4 -1 -3   15   1   2   0   0   2   0  21   0   0   0   0   0   0   0  45  10   0   3   0  0.65 0.32
  193 L   -3 -3 -5 -5 -3 -4 -4 -5 -5  5  4 -4  0 -2 -4 -4 -2 -4 -3  2    0   2   0   0   0   0   0   0   0  43  41   0   0   0   0   0   0   0   0  12  0.89 0.33
  194 P   -2 -4 -4 -4 -5 -4 -3 -4 -1 -5 -3 -3 -5 -6  8 -1 -1 -6 -5 -4    3   0   0   0   0   0   0   0   2   0   2   0   0   0  86   3   3   0   0   0  2.36 0.57
  195 Q    0 -1  0 -2 -2  4  0 -3  6 -2 -2 -1 -2 -3 -2  0  1 -3  1 -2    6   2   3   0   0  29   3   0  23   1   4   2   0   0   1   6  12   0   4   2  0.52 0.26
  196 L   -1 -3 -3 -4 -2  0 -3 -4 -3  2  4 -3  2  0 -4 -2 -1 -3 -1  2    6   0   1   0   0   6   0   0   0   9  53   0   3   3   0   1   4   0   1  13  0.47 0.22
  197 L   -2 -4 -5 -5 -3 -4 -5 -5 -5  2  5 -4  2 -1 -5 -4 -3 -4 -3  1    2   0   0   0   0   0   0   0   0  10  75   0   4   1   0   0   0   0   0   8  1.01 0.36
  198 S   -1 -3 -2 -3  2 -2 -1 -1 -3 -5 -5 -3 -4 -5 -3  6  0 -5 -4 -4    1   0   0   0   5   0   2   3   0   0   0   0   0   0   0  86   3   0   0   0  1.33 0.50
  199 R   -3  7 -2 -3 -5 -1 -1 -4 -3 -4 -4  4  0 -5 -4 -1 -3 -5 -4 -4    0  65   0   0   0   0   2   0   0   1   0  27   3   0   0   3   0   0   0   0  1.37 0.44
  200 F   -4 -5 -5 -6 -4 -5 -5 -5 -2  0 -1 -5 -2  7 -5 -4 -4  1  5  1    0   0   0   0   0   0   0   0   0   4   1   0   0  56   0   0   0   1  25  12  1.41 0.42
  201 N   -2  1  5  1 -3  1  0 -2  1 -2 -1  1 -2 -3 -3  2  0 -4 -3 -3    1   6  33   6   0   6   3   0   4   2   9   9   0   0   0  20   2   0   0   0  0.40 0.20
  202 F   -3 -4 -5 -5 -4 -4 -5 -5 -3  3  2 -4  1  6 -5 -4 -3  0  2 -1    0   0   0   0   0   0   0   0   0  18  20   0   4  51   0   0   0   1   5   2  0.99 0.30
  203 I   -2 -2  5 -1 -3 -2  0 -3 -2  2 -1 -2 -2 -3 -3  1  1 -4 -3  1    1   0  41   0   0   0   7   0   0  18   3   0   0   0   0  10   9   0   0  10  0.46 0.22
  204 Y   -4 -4 -4 -5 -4 -4 -4 -5  0  0 -2 -4 -2  6 -5 -4 -3  0  7 -2    0   0   0   0   0   0   0   0   1   7   0   0   0  34   0   0   0   0  59   0  1.46 0.31
  205 N   -1 -1  5  0 -3  2  0 -1  1 -3 -3  0 -2 -3 -2  2  0 -4 -2 -3    0   0  62   0   0  17   0   0   3   0   0   0   0   0   0  15   3   0   0   0  0.59 0.07

                      K         Lambda
Standard Ungapped    0.1416     0.3209
Standard Gapped      0.0431     0.2670
PSI Ungapped         0.1396     0.3079
PSI Gapped           0.0431     0.2670
