
Last position-specific scoring matrix computed, weighted observed percentages rounded down, information per position, and relative weight of gapless real matches to pseudocounts
           A  R  N  D  C  Q  E  G  H  I  L  K  M  F  P  S  T  W  Y  V   A   R   N   D   C   Q   E   G   H   I   L   K   M   F   P   S   T   W   Y   V
    1 G   -3 -6 -4 -5 -6 -5 -5  7 -5 -7 -7 -5 -6 -6 -5 -3 -5 -6 -6 -7    0   0   0   0   0   0   0 100   0   0   0   0   0   0   0   0   0   0   0   0  2.44 0.67
    2 R   -2  6  3 -3  3 -1 -2 -3  3 -5 -4  2 -4 -5 -4  0 -1 -5 -2 -4    1  46  15   0   7   1   0   1   7   0   1  10   0   0   0   6   4   0   1   0  0.89 0.40
    3 V   -3 -5 -1 -3 -4 -5 -5 -6 -6  5  0 -5 -2 -3 -5 -5 -3 -6 -4  5    1   0   4   1   0   0   0   0   0  38   4   0   0   0   0   0   0   0   0  51  1.27 0.51
    4 R   -4  6 -3 -4  3 -1 -3 -3  3 -5 -2  3 -4 -5 -3 -2 -4 -5  0 -5    0  54   0   0   6   1   0   1   8   0   4  19   0   0   1   2   0   0   4   0  1.17 0.50
    5 T   -3 -4 -1 -3 -5  2 -2 -2  1 -1 -5 -2 -4 -5  5 -1  6 -6 -5 -4    0   0   3   1   0   9   1   2   4   4   0   1   0   0  25   2  49   0   0   0  1.10 0.54
    6 K    0  2  0 -2 -5  0 -1 -2 -3 -5 -4  6 -4 -3 -4  0  2 -5 -4 -4    6  10   4   1   0   4   1   3   0   0   1  48   0   1   0   7  14   0   0   0  0.80 0.43
    7 T   -1 -4  2  0 -4 -3 -3 -4 -1 -1 -1 -2 -1  2 -4 -2  5 -3  5 -2    4   0  11   4   0   0   1   0   1   3   4   2   1   7   0   1  37   0  21   2  0.66 0.40
    8 V   -3 -5 -5 -6 -4 -5 -2 -6  2  5 -1 -5  3 -2 -5 -4 -1 -5 -4  5    1   0   0   0   0   0   3   0   6  35   2   0   6   1   0   1   3   0   0  42  1.09 0.49
    9 K   -5  0 -2 -4 -7 -3 -1 -3 -5 -7 -6  8 -5 -7 -5 -4 -2 -7 -6 -6    0   2   2   0   0   0   4   2   0   0   0  88   0   0   0   0   2   0   0   0  2.13 0.82
   10 R   -1  5  1 -4 -6 -1 -3 -3 -4 -2 -5  5 -4 -6 -5 -1 -2 -6 -5 -4    4  36   8   0   0   2   0   2   0   2   0  37   0   0   0   4   2   0   0   1  1.10 0.54
   11 A    3 -2 -4 -4 -2 -3 -2 -1 -2  2  0 -3 -1 -2 -3  0  2 -5 -4  2   30   1   0   0   1   0   3   4   1  12  10   0   1   2   1   7  11   0   0  15  0.36 0.29
   12 A    5 -5 -4 -2 -4 -4 -4  2 -5 -5 -5 -4 -5 -6 -1  2  0 -6 -2 -2   53   0   0   2   0   0   0  17   0   0   0   0   0   0   3  17   4   0   1   2  1.02 0.57
   13 K   -3  5 -1 -1 -2  1 -1 -2 -1 -2 -2  2  0 -2 -1 -1 -1  5  0 -4    1  31   2   3   1   6   4   3   1   3   3  15   2   1   3   4   3   9   3   1  0.53 0.36
   14 S    0  0 -2 -1 -4  3  3 -1 -1 -1 -1  0 -1 -2 -4  0 -2 -5 -2  3    6   4   1   3   0  13  19   4   1   3   5   4   1   2   0   7   2   0   2  25  0.29 0.28
   15 L   -3 -4 -2 -5 -1 -4 -5 -5 -5  5  4 -4  1  0 -5 -4 -2 -4 -3  1    0   0   3   0   1   0   0   0   0  30  47   0   2   3   0   0   2   0   0   9  0.92 0.44
   16 I   -2 -4 -2 -4 -3 -4 -4 -1 -4  4  2 -3  2  1 -4 -3  0 -4  1  2    2   0   2   0   0   0   0   5   0  31  21   2   4   5   0   0   6   0   5  15  0.53 0.32
   17 E   -2  0 -1  1 -5  0  6 -2 -3 -3 -5  1 -4  0 -4 -2 -2 -5 -4 -3    4   5   3   7   0   2  55   3   0   2   0   7   0   4   0   2   3   0   0   2  0.94 0.54
   18 H   -2  3  0 -1 -1  0  0 -3 -1 -3 -3  5 -1 -3 -4 -1  0 -5  0 -3    3  13   4   3   1   4   5   2   1   1   3  43   2   1   0   4   5   0   4   1  0.66 0.42
   19 Y   -5 -2  0 -2  0 -1 -4 -5  5 -4 -4 -4 -4  2 -2 -4 -4  2  8  0    0   3   4   3   2   2   0   0  12   0   0   0   0   7   2   0   0   2  53   7  1.51 0.71
   20 Y   -1 -1 -2 -4  0 -1 -1 -1  2 -5 -4  1 -4  1  3 -1 -1 -3  6 -3    5   3   2   0   2   2   3   4   5   0   0   8   0   5  16   5   4   0  33   2  0.76 0.49
   21 S   -1 -1  0  3 -4  0  1  0  0 -2 -2 -1  1 -2  1  1  2 -4 -1 -1    2   2   4  17   0   3   8   8   2   3   2   2   4   2   8  13  12   0   2   5  0.20 0.22
   22 K   -1  3  0  0  4  2  0 -2  3 -1 -2  0  0 -3 -1  0 -1 -4  0 -1    4  17   3   6  10   9   4   3   7   4   4   6   3   0   3   7   3   0   3   4  0.23 0.21
   23 L    0 -2 -2 -2  3  1  0 -3 -2  1  0 -2  2  1  1  0 -1  4  2  0    8   0   0   0   7   7   8   1   0   8   8   0   7   7   8   8   0   7   7   8  0.17 0.16
   24 T   -2 -4  2  0 -2 -3 -3  4 -4 -4 -5 -2 -4 -5 -4  1  5 -5 -5 -1    1   0   9   4   1   0   0  28   0   0   0   2   0   0   0   9  42   0   0   4  0.84 0.45
   25 N   -2  1  4  1 -4 -1  0 -2  0 -2  0  1 -1 -3 -2  0  2 -4 -2 -2    1   9  23   8   0   0   5   2   2   1  13   7   1   1   1   7  16   0   1   1  0.27 0.22
   26 D   -3  0  2  7 -5 -2  0 -3 -3 -5 -5 -1 -4 -5 -4  0 -2 -5 -2 -5    1   5   8  66   0   0   4   1   0   0   1   2   0   0   0   6   2   0   2   1  1.33 0.49
   27 F   -4 -4 -4 -5 -4 -4 -5 -5 -3 -3 -1 -1 -3  8 -5 -2 -1 -2  2 -3    1   0   0   0   0   0   1   1   0   0   3   5   0  74   0   3   4   0   5   1  1.76 0.59
   28 H   -2 -2  0  2  1  2  3 -4  7 -4 -4 -1 -4 -3 -2 -2 -2 -4  3 -4    3   1   4   9   3   9  22   1  29   0   1   2   0   0   1   2   2   0   9   1  0.82 0.41
   29 F   -1 -1  0 -1 -3  1  1 -1  3 -2 -3 -1  1 -2 -3  0  5 -4  0 -2    3   2   4   3   0   6   8   4   9   2   2   2   4   2   0   4  40   0   4   2  0.45 0.33
   30 N   -4 -4  8 -1 -5 -3 -3 -2 -3 -6 -6  0 -5 -6 -5  0 -1 -6 -5 -6    0   0  79   2   0   0   0   3   0   0   0   5   0   0   0   5   3   0   0   0  1.95 0.76
   31 K   -3  0  0 -3 -5 -1 -1 -4 -3 -4 -2  7  2 -4 -4 -3 -3 -5  0 -3    1   3   5   0   0   2   3   1   0   0   3  69   5   0   0   0   0   0   3   2  1.26 0.58
   32 K   -2  4 -2 -1  3  0  0 -2  2 -3 -1  3 -2 -2 -1 -1 -1  1  1 -2    3  28   0   3   8   4   6   2   6   1   5  17   1   1   2   4   2   2   5   2  0.37 0.25
   33 I    0 -1 -1 -3 -2 -1 -1 -3 -3  2  1 -1  2  0 -3 -1  0 -3 -2  3    7   3   3   0   0   3   3   0   0  16  10   4   6   3   0   5   3   0   0  31  0.23 0.20
   34 L    0 -1 -3 -4  5 -3 -3 -1  1  1  0 -3 -1  0 -3 -1  0  2  0  3    5   4   0   0  15   0   0   4   4   7   8   0   0   4   0   4   4   4   4  32  0.34 0.26
   35 S    0  1  1  1 -2  1  1  0 -1  0  0  0  1 -2 -2  0  0 -3 -2  0    7   7   7   7   0   7   7   7   0   7   7   7   7   0   0   7   7   0   0   7  0.06 0.08
   36 E    0  0 -1  1 -4  2  5 -1 -2 -3 -3  2 -3 -4 -3 -2 -1 -4 -4 -3    7   3   2   8   0   9  45   3   0   1   1  12   0   0   0   1   3   0   0   2  0.67 0.38
   37 V   -1 -3 -4 -4 -1 -3 -3 -4 -2  3  2 -3  3  0 -4 -2  0 -3  2  3    3   0   0   0   1   0   1   0   1  21  23   0   8   3   0   2   4   0   8  21  0.44 0.26
   38 A    3 -3 -3 -3 -3  0 -1 -2 -3  0 -1 -1  0 -3 -2  1  4 -4 -3  0   30   0   0   0   0   3   2   2   0   5   6   4   2   0   2   7  29   0   0   5  0.45 0.32
   39 Q   -2 -2  2  2  1  1  0 -3 -2  3 -1 -1 -1 -2  0 -1  1 -4 -1  0    1   1  11  12   3   6   6   1   1  24   3   2   1   1   4   4  11   0   2   5  0.20 0.20
   40 V   -2 -4 -4 -1 -3 -4 -2 -2 -4  5 -1 -2 -2 -1 -1 -2  0  0 -2  4    2   0   0   4   0   0   3   3   0  39   2   2   0   2   3   3   6   1   1  26  0.57 0.34
   41 P    0  0 -1  0 -2  1  1 -2 -1 -3 -1  1 -2 -4  5  1  0 -4 -2  0    6   6   1   4   1   6   9   2   1   0   6   8   1   0  26  11   4   0   2   6  0.39 0.23
   42 S    0 -3  2 -2 -3  0 -2 -1 -3 -4 -4 -2  0 -3 -3  5  1 -4  1 -3    3   0   9   0   0   3   0   4   0   0   1   0   3   0   0  60   9   0   5   0  0.79 0.43
   43 K   -1  1  0 -3 -4  0  0 -3 -3 -2 -4  6  0 -4 -3 -2 -1 -4 -4 -1    5   4   3   0   0   3   3   0   0   3   1  66   3   0   0   0   3   0   0   4  0.94 0.44
   44 R   -1  3  0 -1 -3  0  0 -1  0 -1 -2  3  1 -3  1  0  0 -3 -3 -1    3  22   5   2   0   2   3   4   2   3   1  24   4   0   7   5   5   0   0   6  0.28 0.18
   45 L   -2 -3 -2 -3 -2 -2 -2 -2  0  2  3 -3  3  0  0 -2  0 -3 -1  2    1   0   2   0   0   0   2   4   2   9  30   0  12   3   5   3   6   0   2  18  0.26 0.18
   46 R    0  6 -2 -3  2  0 -2 -3  4 -2 -2  0  0 -3 -3 -1 -2  1  0 -3    7  51   0   0   5   2   0   2  10   3   3   3   2   0   0   3   2   2   3   0  0.70 0.32
   47 N   -2 -2  6 -1  4  1 -2 -2 -1 -2 -4  0 -3 -4 -3  1  1 -4 -3 -3    0   0  52   0  11   5   0   0   0   3   1   4   0   0   0  13   9   0   0   0  0.77 0.32
   48 K   -1  2 -1  0 -3  0  0 -2 -2 -1 -2  4 -1 -3  1  0  0  0 -2  0    2  13   2   5   0   2   2   0   0   2   2  36   2   0   6   7   4   1   0  12  0.28 0.17
   49 I    0 -1 -1 -2 -2 -1  0 -3 -2  2  1 -1  1 -1 -2 -1  0 -3 -2  2    8   4   3   0   0   0  11   1   0  21  18   4   3   0   0   1   5   0   0  19  0.13 0.10
   50 A    3 -2 -2 -2  1  1  0 -1 -2  0 -2 -1 -1  1  1  0  0 -2 -1  0   37   1   0   1   4   9   8   1   0   6   1   1   0   8   8   5   6   0   0   4  0.19 0.13
   51 G    1 -2 -1  1  3  1 -1  4 -2 -2 -3 -2 -2 -3 -2  1 -1 -3 -3  0    9   1   0  11   8   8   1  41   0   1   1   1   0   0   1   9   1   0   0   8  0.40 0.16
   52 F   -2 -1 -1 -3  3  1 -1 -3  2 -2 -2 -2 -2  3 -3 -1 -2  0  6 -2    3   4   3   1   7   8   3   1   5   1   1   1   0  16   1   3   1   0  43   1  0.61 0.24
   53 A    0 -2 -2 -2  1 -2 -1 -1 -2  2  1 -2  1 -1 -2  0  0 -3 -2  3    5   1   0   1   4   0   6   6   0  19   7   1   4   0   1   5   6   0   0  29  0.12 0.12
   54 T    1 -1  1 -1 -2 -1 -1 -2 -2  1  1  1  2 -1 -2  1  1 -3 -2  1   11   1  10   1   0   0   1   1   0  11  11  11  10   0   1  11  11   0   0  11  0.08 0.08
   55 H    0  1  1  0  2  1 -1 -2  2 -2 -1  0 -1 -2  1  0  0 -2  1  0    7   7   7   7   7   7   0   0   7   0   7   7   0   0   7   7   7   0   7   7  0.10 0.13
   56 L   -2  0 -2 -1 -3  0 -2 -3  1  0  2  1  1  1  0 -2 -2 -2  2  0    1   6   0   5   0   5   0   1   5   4  31  13   4   6   4   1   0   0   8   5  0.19 0.19
   57 M    0  1  1 -2 -3  1  0 -3  2  0  0  0  1 -1 -2  0  0  4  1  0    7   7   7   0   0   7   7   0   6   7   7   7   6   0   0   7   7   6   6   7  0.12 0.15
   58 K    0  1  1  1 -3  1  0  0  1 -1 -3  3  0 -3 -2  0  0 -4 -3 -1    7   7   7   7   0   7   5   7   4   4   1  25   3   0   0   5   4   0   0   6  0.20 0.19
   59 R   -2  3  0  0  0  3 -1 -3  2 -1 -2  2  0 -2 -1 -1  0  2 -2 -2    2  20   4   5   3  17   2   0   6   4   4  11   3   2   2   3   7   3   0   2  0.29 0.27
   60 I   -1  0 -2 -1 -3  1  0 -3 -3  3 -1  2  2 -1 -1  0 -1 -3 -1  0    5   3   0   3   0   6   8   0   0  23   4  17   7   3   3   8   3   0   2   6  0.19 0.23
   61 Q   -1  1 -1 -2 -4  5  3 -2 -1 -3 -2  2 -3 -2 -2 -1 -3  1 -1 -2    4   7   2   0   0  29  18   3   1   2   5  15   0   2   2   3   0   2   2   2  0.49 0.40
   62 K   -2  5 -2 -3 -1  2  1 -2  1 -3 -3  3 -3 -4 -4 -2 -1  1 -2 -2    2  38   1   0   1   7   8   3   3   1   1  20   0   0   0   1   4   2   1   4  0.71 0.46
   63 G    0 -1 -2 -1 -1 -1 -1  6 -3 -4 -3 -1 -3 -1 -2  0 -2 -4 -4 -3    6   3   0   3   1   3   5  59   0   0   2   4   0   3   1   5   2   0   0   2  0.81 0.40
   64 P    0 -1 -2 -1 -4  1 -1 -2 -3 -3 -1  1 -3 -4  6  1  1  0 -3 -2    5   3   1   3   0   6   1   3   0   0   6   9   0   0  38   9  10   2   0   2  0.67 0.35
   65 V   -1 -2 -3 -2 -3 -2 -1 -3 -4  2  0 -1  2  0 -3 -2 -1 -4 -1  5    4   2   0   2   0   2   6   2   0  10   3   4   5   4   0   2   1   0   2  51  0.49 0.34
   66 R   -2  6  1 -3 -2  0  0 -2  0 -5 -4  3 -3 -5 -2 -1 -2 -5 -4 -4    2  55   7   0   1   2   4   2   3   0   1  16   0   0   1   3   2   0   0   0  0.98 0.49
   67 G   -2  0  1 -1 -2  0  0  5 -3 -4 -4  0 -4 -4  0 -1 -3 -4 -4 -3    1   5   6   3   1   5   6  57   0   0   1   5   0   0   5   3   0   0   0   2  0.81 0.38
   68 I   -1 -4 -4 -4 -3 -3 -1 -4 -4  6  0 -4 -1 -2 -4 -1 -2 -4 -3  2    6   0   0   0   0   0   4   1   0  65   6   0   0   0   0   4   2   0   0  10  0.90 0.43
   69 S   -1 -1 -2 -2  0  0  2 -3  0 -2 -3  0 -3 -1 -1  5 -1 -3  2 -3    2   2   0   0   2   3  12   1   2   3   1   4   0   3   2  52   1   0  10   0  0.55 0.38
   70 L   -2 -2 -3 -4 -3 -3 -4 -4 -4  5  1 -2 -1  1  0 -2  0 -3 -1  2    1   3   1   0   0   0   0   1   0  51  14   2   0   5   5   3   4   0   1   8  0.55 0.31
   71 K   -2  1  1 -2  0 -1  0 -3 -3 -4 -3  6  2 -4 -3  0  0 -4 -3 -3    0   4   7   0   3   1   3   1   0   0   0  58   7   0   0   8   6   0   0   0  0.78 0.42
   72 V   -1  1 -1 -3 -3 -1 -1 -2 -3  0  4 -1  0 -1 -3  1  0 -3 -2 -1    3   9   3   0   0   2   3   2   0   1  50   4   1   2   0  12   6   0   0   2  0.31 0.25
   73 Q   -3 -1 -2  0  2  7  0 -4  4 -4 -3  1 -3 -4 -3  0 -1  1 -3 -4    0   2   0   4   5  54   3   0  11   0   2   5   0   0   0   5   3   2   0   0  0.95 0.49
   74 E   -3 -1 -2 -1 -5  1  6 -3 -2 -5 -5  1 -4 -5  0 -2 -2  2 -4 -4    0   3   0   0   0   5  72   2   0   0   0   7   0   0   4   0   2   3   0   0  1.23 0.54
   75 E   -1  1 -1  0 -4  0  6 -1 -2 -1 -3 -1 -3 -4 -3 -1  0 -4 -3 -3    4   8   1   3   0   2  59   4   0   4   3   2   0   0   0   3   5   0   0   0  0.76 0.39
   76 E   -3  1  0  0 -5  0  7 -3 -2 -2 -4 -1 -4 -5 -3 -2 -2 -5 -4 -3    0   7   3   3   0   3  73   1   0   3   1   1   0   0   0   0   1   0   0   1  1.22 0.53
   77 R   -3  6 -1 -3 -4  1 -1 -1 -2 -2 -2  1 -1 -4 -4 -1 -1 -4  0 -2    0  61   2   0   0   5   3   4   0   3   4   3   2   0   0   3   3   0   4   3  0.86 0.42
   78 E   -1  0 -1  0 -5  1  6 -4  0 -1 -4 -1 -4 -5 -3 -1 -3 -5 -4 -4    3   4   1   2   0   3  73   0   2   5   0   2   0   0   0   3   0   0   0   0  1.17 0.52
   79 R   -2  6 -2 -1 -1 -1  0 -2 -2 -4 -2  3 -1 -4 -3 -1 -1 -4 -3 -4    2  58   1   2   1   0   6   2   0   0   4  15   1   0   0   4   3   0   0   0  0.89 0.40
   80 R   -3  6 -1 -3 -5  1  1 -3 -2 -4 -2  3 -3 -4 -4 -2 -2  0 -3 -2    0  57   2   0   0   3   7   1   1   0   3  20   0   0   0   0   1   1   0   3  0.99 0.43
   81 L   -2 -2 -1  5 -4 -1  3 -2 -1  0  0 -1  2 -3 -3 -1 -2 -4 -3 -2    1   1   0  40   0   1  21   2   1   8   9   3   6   0   0   4   0   0   0   2  0.53 0.29
   82 D   -2 -1  6  3 -4  1  1 -1  1 -4 -4 -1 -4 -4 -3  0 -2 -5 -3 -4    2   2  52  19   0   5   6   2   2   0   2   2   0   0   0   4   0   0   1   0  0.88 0.38
   83 Y   -3 -3 -3 -3  0 -3 -3 -2  1 -2 -1 -1 -2  3 -1 -2 -3  0  7  0    0   1   0   2   3   0   0   4   2   0   6   4   0  10   3   2   0   1  53   8  0.92 0.40
   84 V   -1 -2 -3 -2 -2 -1 -1 -3 -3  3  0 -1  2 -2 -3 -1  0 -3 -2  4    3   2   0   1   0   2   4   2   0  16   5   4   7   0   0   3   4   0   0  46  0.38 0.23
   85 P   -3 -3 -3 -3 -4 -1 -3 -4 -2  0 -1 -3 -3 -4  7 -1 -2  2 -4 -3    1   0   0   1   0   2   1   1   1   7   6   1   0   0  69   4   2   4   0   1  1.60 0.48
   86 E    0  1 -1  2 -3  2  3 -1 -1 -3 -3  1 -2 -3  0  1  0 -3 -3 -1    7   5   0  10   0   8  28   4   0   0   1   9   0   0   4  12   6   0   0   5  0.30 0.17
   87 K   -1  0  0  0 -3  1  1  1  1  0 -1  1 -1  0 -2 -1  0 -3 -2  1    1   4   4   4   0   9  11  12   4   6   4  12   0   4   0   1   7   0   0  17  0.08 0.10
   88 S   -1  0 -1  0 -3 -2 -2  0 -2 -3 -1  0  2  0  1  4 -1 -3 -3 -3    1   6   0   6   0   0   0   6   0   0   6   6   6   5   6  49   0   0   0   0  0.42 0.30
   89 I    4 -1 -3  0 -1 -1  1 -2 -1  2 -2 -2 -1 -2 -3 -1 -1 -1 -1  1   40   3   0   6   1   2  10   1   1  13   2   1   1   1   0   2   2   1   2  11  0.34 0.29
   90 I   -2 -3 -4 -1 -3 -2 -1 -4 -4  3  4 -1  1 -1 -2 -2 -2 -4 -3  1    3   0   0   4   0   1   4   0   0  17  45   5   2   2   2   3   2   0   0   8  0.47 0.31
   91 D   -2  0  2  6 -5 -1  1 -2  0 -4 -4  0 -4 -5 -4 -1  0 -5 -2 -1    2   5   8  48   0   2   8   2   2   0   1   5   0   0   0   4   6   0   1   5  0.82 0.43
   92 I   -1 -1 -1  0  1  4 -1  0 -1 -1 -2 -1 -1 -2 -1 -1  3 -4 -3  2    3   3   1   5   3  25   2   7   1   3   2   2   2   1   3   3  19   0   0  15  0.32 0.29
   93 E   -2 -3  0  4 -4 -1  4 -1 -1 -2 -2 -1 -1 -4 -1  0 -2 -4 -4 -3    2   0   4  28   0   2  33   5   1   2   4   1   2   0   3   7   2   0   0   2  0.63 0.37
   94 K    0  0 -1 -2 -1  0 -1  0  1  3 -1  1  0 -2 -1  0  1 -3 -2  1    6   4   3   1   1   5   4   6   4  20   3   9   2   1   2   5  12   0   1  12  0.11 0.14
   95 V   -2 -5 -1 -3 -4 -4 -5 -5 -5  6  2 -4  0 -3 -2 -3  1 -5 -4  2    2   0   3   2   0   0   0   1   0  47  16   0   2   0   2   2   8   0   0  13  0.87 0.44
   96 T   -3 -1  0  0 -5  0  6 -4 -1 -2 -3  1  0 -3 -2 -2 -1 -5 -2 -2    2   3   4   5   0   3  54   1   2   3   3   6   3   1   2   2   3   0   1   3  0.85 0.48
   97 I   -2 -5 -5 -5 -4 -5 -5 -3 -5  2  0 -5  2 -2 -5 -4 -1 -5 -4  6    2   0   0   0   0   0   0   2   0  11   6   0   5   1   0   0   4   0   0  67  1.23 0.56
   98 D   -3 -5 -1  8 -6 -4 -1 -2 -4 -6 -6 -4 -5 -6 -4  0 -2 -6 -6 -6    2   0   2  80   0   0   2   3   0   0   1   0   0   0   0   5   3   0   0   0  1.95 0.73
   99 N    0 -1 -1  0 -4  2 -1 -2 -3 -2 -3  2 -3 -4  5  1 -1 -5 -4 -1    8   2   3   5   0   9   2   2   0   2   2  16   0   0  32   9   3   0   0   5  0.62 0.33
  100 E   -3 -3 -2  6 -5  0  4 -3 -1 -3 -4 -2 -4 -5 -4 -2  0 -5 -3  1    1   1   1  43   0   4  27   1   1   1   1   2   0   0   0   1   5   0   1  10  0.96 0.47
  101 T   -2 -4 -4 -4 -4 -4 -4 -5 -5 -3 -4 -4 -4 -5 -2 -1  7 -5 -5  0    3   0   0   0   0   0   0   0   0   1   1   0   0   0   2   2  82   0   0   5  1.83 0.77
  102 K   -1  1 -1 -2  0  1  0 -4  1 -2 -1  5  3 -1 -3 -1 -2 -4 -1 -2    5   4   2   1   3   7   4   0   3   2   7  42   9   2   0   3   1   0   2   3  0.51 0.33
  103 E   -1  0 -1  4 -5  2  5 -4 -3 -5 -5  0 -4 -5 -3 -1 -3 -5 -4 -4    5   3   1  27   0   8  42   0   0   0   1   6   0   0   0   5   0   0   0   0  0.96 0.43
  104 M   -4 -2 -6 -6 -5 -4 -5 -6 -5 -1  3 -5 10 -3 -6 -5 -3 -5 -4 -2    0   2   0   0   0   0   0   0   0   2  20   0  71   0   0   0   1   0   0   1  2.25 0.79
  105 L   -4 -3 -6 -6 -4 -5 -5 -6 -5  3  6 -5  0 -2 -3 -5 -4 -4 -4  0    0   1   0   0   0   0   0   0   0  15  73   0   1   0   2   0   0   0   0   5  1.28 0.51
  106 K    0  2  0 -2 -5  1  1 -4  1 -4 -4  6 -1 -2 -3 -1 -1 -5 -4 -3    7   7   3   2   0   5   7   0   3   0   0  54   2   2   0   3   3   0   0   1  0.83 0.41
  107 K    1 -1 -2 -2 -3 -1  0 -1  0 -2  2  0  1 -1 -2  2  0 -3 -2 -1   15   3   1   1   0   2   7   3   3   0  23   6   3   2   1  23   3   0   1   3  0.17 0.19
  108 L   -2 -2 -3 -5 -4 -4 -5 -4 -4  1  5 -4  4 -1 -3 -4 -3  0  1 -1    2   3   1   0   0   0   0   1   0   8  62   0   9   1   1   0   0   1   6   2  0.90 0.41
  109 G   -2 -3  2  5 -2 -2  1  5 -1 -5 -5 -1 -4 -5 -4 -2 -3 -5 -5 -5    2   0  11  30   1   1   7  40   1   0   1   3   0   0   0   0   0   0   0   0  0.94 0.40
  110 Y   -4 -5 -5 -6 -5 -5 -6 -6 -4  1  1 -5  4  7 -6 -3 -2 -2  3  0    0   0   0   0   0   0   0   0   0   8  10   0  12  51   0   2   3   0   9   5  1.27 0.50
  111 Q    0 -1  0  2 -4 -1  1  4  0 -4 -4  0 -3 -3 -1  0 -1 -4 -4 -2    8   3   3  13   0   2   9  37   2   0   0   7   0   1   2   6   3   0   0   2  0.46 0.24
  112 N   -2 -1  3  2 -1 -1 -1  1  0 -2 -3  0 -3 -3 -3  4  0 -5 -4 -2    1   3  17  10   1   2   2   9   3   2   2   6   0   1   0  36   3   0   0   2  0.44 0.29
  113 I   -2 -4 -2 -5 -4 -2 -4 -5 -5  4  4 -3  2 -2  1 -2 -1 -4 -3  0    2   0   3   0   0   1   0   0   0  23  52   1   4   1   6   2   2   0   0   3  0.72 0.36
  114 P   -1 -3 -2 -2 -3 -1 -2 -3 -3 -3 -3 -1 -3  1  6  4 -1 -5 -4 -3    4   1   2   1   0   2   2   0   0   1   2   4   1   6  35  36   2   0   0   2  0.90 0.44
  115 G   -2 -1  6 -1 -3  0 -3  3 -1 -4 -5  0 -2 -3 -4  0 -1 -5 -3  0    2   2  44   1   1   3   0  22   1   1   0   5   1   1   0   5   2   0   1   7  0.79 0.40
  116 L   -3 -3 -1 -4 -3 -3 -3 -5 -4  2  4 -4  1 -2 -3 -2  0 -4 -2  3    0   1   4   0   0   1   1   0   0  10  45   0   2   0   1   4   6   0   1  25  0.62 0.32
  117 V   -2  0 -2 -3 -4  5 -2 -4 -1  1 -2  0 -1 -4 -2 -1  0 -5 -3  4    1   5   1   0   0  35   0   0   1   7   2   5   1   0   1   2   7   0   0  31  0.62 0.37
  118 S    0 -2  0 -2 -3  0 -1 -4 -3  0 -1  0 -2 -3 -1  1  1 -5 -3  5    5   1   4   1   0   5   3   0   1   1   2   5   0   0   2  11   7   0   0  51  0.46 0.31
  119 A    2 -3  1 -3 -3  0 -2 -3 -2  1 -1 -3 -1 -3 -1 -1  4 -4 -3  2   17   0   7   0   0   3   2   0   0   7   2   0   1   0   3   2  35   0   0  21  0.44 0.29
  120 S   -1 -1  0  1 -4  5  1 -3 -1 -4 -4 -1 -3 -5  2  3  0 -5 -4 -1    4   1   5   6   0  33   5   0   1   0   0   1   0   0  12  25   3   0   0   4  0.59 0.32
  121 A    3 -4 -3 -3 -4 -3 -3 -2 -4 -5 -5 -3 -4 -5  7  2 -2 -5 -5 -4   24   0   0   0   0   0   0   1   0   0   0   0   0   0  57  18   0   0   0   0  1.49 0.44

                      K         Lambda
Standard Ungapped    0.1325     0.3156
Standard Gapped      0.0498     0.2670
PSI Ungapped         0.1629     0.3124
PSI Gapped           0.0498     0.2670
