
Last position-specific scoring matrix computed, weighted observed percentages rounded down, information per position, and relative weight of gapless real matches to pseudocounts
           A  R  N  D  C  Q  E  G  H  I  L  K  M  F  P  S  T  W  Y  V   A   R   N   D   C   Q   E   G   H   I   L   K   M   F   P   S   T   W   Y   V
    1 M   -4 -4 -5 -6 -4 -3 -5 -6 -4 -2 -1 -4 10 -3 -5 -4 -3 -4 -4 -2    0   0   0   0   0   0   0   0   0   0   0   0 100   0   0   0   0   0   0   0  2.69 0.56
    2 V   -3 -4 -5 -5 -3 -4 -5 -5 -5  5  5 -4  1 -1 -5 -4 -3 -4 -3  1    0   0   0   0   0   0   0   0   0  37  59   0   1   1   0   0   0   0   0   3  0.97 0.26
    3 D   -4 -4 -1  8 -6 -3  0 -4 -4 -6 -6 -3 -6 -6 -4 -3 -3 -7 -6 -6    0   0   0  99   0   0   1   0   0   0   0   0   0   0   0   0   0   0   0   0  2.24 0.45
    4 L   -2 -4 -4 -5 -3 -3 -4 -5 -4  4  4 -4  3 -1 -1 -3 -1 -2 -3  2    2   0   0   0   0   0   0   0   0  30  46   0   7   0   3   0   1   0   0   9  0.64 0.19
    5 K   -3  4 -1 -3 -5 -1 -1 -3 -2 -5 -4  6 -3 -5 -3 -2 -2 -5 -4 -4    0  23   1   0   0   0   1   0   0   0   0  72   0   0   0   2   0   0   0   1  1.27 0.33
    6 R   -2  2 -3 -4 -3 -2 -3 -4 -2  0  2 -2  2  4 -4 -3 -1  2  2  0    3  14   0   0   0   1   1   0   0   5  27   1   6  26   0   0   3   3   5   3  0.38 0.14
    7 L   -3 -4 -5 -5 -3 -4 -4 -5 -5  4  4 -4  1 -1 -4 -4 -2 -4 -3  3    0   0   0   0   0   0   0   0   0  27  51   0   1   1   0   0   0   0   0  19  0.80 0.22
    8 R   -4  8 -3 -4 -6 -1 -3 -5 -3 -6 -5  0 -4 -5 -5 -3 -4 -5 -4 -5    0 100   0   0   0   0   0   0   0   0   0   0   0   0   0   0   0   0   0   0  2.18 0.46
    9 Q    0 -1  2  2 -4  3  5 -2 -1 -4 -4  0 -3 -4 -3  0  0 -4 -3 -3    7   1  11  11   0  12  43   0   0   0   0   3   0   0   0   5   5   0   0   0  0.61 0.19
   10 E   -3 -2  6  4 -5 -1  1 -3  3 -5 -5 -1 -4 -5 -4 -1 -2 -6 -4 -5    0   0  52  29   0   1   8   0   8   0   0   2   0   0   0   0   0   0   0   0  1.16 0.29
   11 P   -2 -4 -4 -4 -4 -3 -3 -4 -3 -1  0 -3 -2  4  7 -3 -2 -3  0 -2    1   0   0   0   0   0   0   0   0   2  10   0   1  19  57   0   2   0   3   3  1.30 0.29
   12 E   -1 -3 -1  6 -5  0  5 -2 -2 -5 -5 -2 -4 -5 -2 -1 -2 -5 -4 -4    4   0   1  49   0   2  41   1   0   0   0   0   0   0   1   1   1   0   0   0  1.15 0.29
   13 V    1  2 -2 -1 -2  0  2 -1 -2  0  0  0  0 -1 -2 -1  0 -1 -1  1   14  14   0   2   0   2  21   3   0   3  11   4   1   3   0   1   5   1   1  14  0.11 0.09
   14 F   -1 -4 -5 -5 -3 -4 -4 -5 -5  3  0 -4 -1  0 -4 -3 -2 -4 -2  6    2   0   0   0   0   0   0   0   0  10   5   0   0   4   0   0   1   0   0  77  1.04 0.29
   15 H    0  5 -1 -2 -4  1  1 -3  1 -4 -3  4 -2 -4 -3 -2 -2 -4 -2 -3    8  40   1   0   0   5   6   0   3   0   1  34   0   0   0   0   0   0   1   0  0.77 0.23
   16 R    3  1 -1  0 -3  2  4 -2 -2 -3 -3  1 -2 -4 -2 -1  0 -4 -3 -2   32   8   1   3   0   9  33   0   0   0   0   7   0   0   0   1   4   0   0   1  0.48 0.18
   17 A    2  1  0 -2 -3  0 -1 -1 -2 -3 -3  2  0 -2 -2  3  0 -4 -2 -2   23  10   3   0   0   1   0   2   0   0   1  18   4   1   0  34   2   0   1   0  0.38 0.17
   18 I   -2 -2 -3 -4 -3  5 -2 -5 -3  0  4 -2  2 -2 -4 -3 -3 -4 -3 -1    2   0   0   0   0  33   0   0   0   5  56   0   4   0   0   0   0   0   0   1  0.77 0.26
   19 R    1  5 -1 -2 -3  2  1 -2 -1 -2 -2  2 -2 -4 -3  0 -1 -4 -3 -1   17  37   2   1   0   9   6   0   1   1   2  14   0   0   0   4   1   0   0   4  0.45 0.16
   20 E    2  0  3 -1 -2 -1  0 -2  2 -2 -2  2 -2 -3 -2  0  2 -4 -2 -2   21   5  19   1   0   1   3   0   7   1   2  13   0   0   0   3  21   0   0   1  0.29 0.14
   21 K   -4  8 -3 -4 -6 -1 -2 -5 -3 -5 -5  1 -4 -5 -4 -3 -3 -5 -4 -5    0  94   0   0   0   0   0   0   0   0   0   6   0   0   0   0   0   0   0   0  1.98 0.42
   22 G   -2 -2  2 -1  0 -3 -3  6  0 -6 -5 -2 -4 -5 -4 -2 -3 -5 -4 -5    0   2   9   3   3   0   0  78   3   0   0   1   0   0   0   1   0   0   0   0  1.34 0.30
   23 V    0 -2  0  0 -4  0  5 -2 -1 -2 -2  0 -1 -2 -2  0 -1 -4  0  1    7   0   5   3   0   1  47   3   1   1   1   5   2   1   1   4   2   0   4  16  0.41 0.18
   24 A    0 -2  1  6 -4 -1  1 -2 -2 -4 -5  1 -4 -5 -1  1 -2 -5 -4 -4    9   0   5  54   0   2   7   1   0   0   0   7   0   0   3  10   1   0   0   0  0.79 0.22
   25 L    0 -2 -3 -2 -2 -1  0 -2 -2  1  1 -1  0  1  4 -1 -1 -3  0  1    8   0   0   1   0   2   9   1   0   6  19   3   1   6  20   2   3   0   4  13  0.23 0.09
   26 D    1 -2  1  4 -3 -1  2  0 -2 -3 -3 -1 -1 -3  0  1  0 -4 -3 -2   13   0   5  31   0   1  15   8   0   0   1   1   1   0   4  13   3   0   0   2  0.39 0.14
   27 L   -3 -4 -5 -4 -3 -4 -4 -5 -4  2  5 -4  1  1 -4 -4 -2 -3 -2  2    0   0   0   0   0   0   0   0   0  12  67   0   1   4   0   0   1   0   0  15  0.83 0.23
   28 E   -1 -3  0  7 -5 -2  2 -1 -2 -4 -4 -2 -4 -4 -3 -1 -1 -6 -4 -3    4   0   2  71   0   0  11   3   0   0   1   1   0   0   0   3   2   0   0   1  1.18 0.28
   29 A    2  3 -1  0 -3  2  3 -1  0 -3 -3  1 -2 -4 -1  0  0 -4 -3 -2   24  18   1   5   0   9  21   4   2   0   1   8   0   0   1   2   3   0   0   1  0.33 0.13
   30 L   -2 -4 -5 -5 -3 -4 -4 -5 -4  1  4 -4  0  5 -5 -4 -3 -2  0  1    3   0   0   0   0   0   0   0   0   7  45   0   1  36   0   0   0   0   1   7  0.79 0.21
   31 L   -1 -1 -3 -3 -3 -2  0 -2 -2  1  4  0  1 -1 -1 -2 -1 -3 -2  1    3   3   0   0   0   1   6   3   1   3  58   6   2   0   3   1   3   0   0   8  0.35 0.15
   32 A    2  0 -1  2 -3  1  4 -2 -2 -3 -2  0 -2 -4 -2  1  0 -4 -3 -2   22   3   0  11   0   4  33   1   0   1   3   5   0   0   0  13   3   0   0   1  0.40 0.15
   33 L    3 -3 -4 -4 -2 -2 -3 -3 -3  0  4 -3  0 -1 -3 -2 -2 -2 -2  0   30   0   0   0   0   1   1   0   0   3  57   1   0   1   0   0   0   0   0   4  0.57 0.21
   34 D   -3 -4 -1  8 -6 -2  1 -4 -3 -5 -6 -3 -5 -6 -4 -2 -3 -6 -4 -5    1   0   0  93   0   0   6   0   0   0   0   0   0   0   0   0   0   0   0   0  1.95 0.39
   35 R    1  1 -1  0 -3  1  4 -1 -2 -3 -3  1 -2 -4 -2  0  0 -4 -3 -2   17   6   1   4   0   4  40   4   0   1   0   9   0   0   0   6   5   0   0   3  0.41 0.15
   36 E    0  4 -1  0 -4  1  2 -2 -1 -4 -3  3 -2 -4 -3  0 -1 -4 -3 -3    9  29   2   3   0   5  19   1   0   0   2  23   0   0   0   5   2   0   0   0  0.50 0.16
   37 V   -3  8 -3 -4 -6 -1 -2 -5 -2 -5 -4  0 -4 -5 -4 -3 -3  2 -3 -2    1  92   0   0   0   0   0   0   0   0   0   0   0   0   0   0   0   3   1   3  1.79 0.40
   38 Q   -4  8 -3 -4 -6  0 -2 -5 -2 -5 -4  0 -4 -5 -4 -3 -3 -5 -4 -5    0  95   0   0   0   3   0   0   0   0   0   2   0   0   0   0   0   0   0   0  1.95 0.41
   39 E    1  0  0  1 -3  2  4 -2 -1 -3 -3  1 -3 -4 -2  2  0 -4 -3 -2   16   3   2   5   0   9  33   1   0   0   1   6   0   0   0  20   5   0   0   1  0.43 0.15
   40 L    2 -2 -3 -3 -2 -2 -3 -3 -3  1  3 -1  0 -1 -3  0 -1 -3 -2  0   24   0   0   0   0   0   0   0   0   9  45   4   1   0   0   9   1   0   1   4  0.33 0.15
   41 K   -2 -3 -4 -4 -3 -2 -4 -1 -4  4  4 -2  0 -1 -4 -2 -1 -3 -3  1    1   0   0   0   0   2   0   6   0  35  43   3   0   0   0   1   2   0   0   7  0.52 0.18
   42 K    1 -1 -1 -2 -2  2 -1 -1 -2  0 -1  0 -1 -1 -2  1  1 -3 -1  2   16   2   1   0   0  17   0   3   0   2   5   7   1   2   0  10   8   0   1  26  0.17 0.11
   43 R    0  3 -1  0 -4  2  4 -3 -2 -3 -3  2 -3 -4 -2  0  0 -4 -3 -2   10  18   1   2   0   7  39   0   0   1   0  11   0   0   0   5   4   0   0   2  0.51 0.17
   44 L    2 -3 -3 -3 -2 -2 -3 -2 -3  0  0 -2 -1  2 -3  1  2 -3 -1  3   24   0   0   0   0   0   0   2   0   2   7   0   0  13   0  10  15   0   0  27  0.28 0.14
   45 Q   -3 -2  0  4 -6  1  6 -4 -2 -5 -5 -1 -4 -5 -3 -2 -3 -5 -4 -5    0   0   2  29   0   4  64   0   0   0   0   0   0   0   0   0   0   0   0   0  1.28 0.31
   46 E    1  0  2  1 -3  2  4 -1 -1 -3 -3  0 -2 -4 -2  1  1 -4 -3 -2   11   3  11   4   0  11  32   2   0   0   0   5   0   0   0   9   9   0   0   3  0.37 0.13
   47 V   -2 -3 -5 -4 -3 -3 -4 -5 -3  0  5 -2  2 -1 -4 -4 -3 -3 -3  0    3   0   0   1   0   1   0   0   0   1  83   3   5   0   0   0   0   0   0   4  0.94 0.26
   48 Q   -3  5 -2 -3 -5  1 -1 -4 -2 -5 -4  6 -3 -5 -3 -2 -3 -5 -4 -4    0  40   0   0   0   6   0   0   0   0   0  54   0   0   0   0   0   0   0   0  1.24 0.31
   49 T    4 -2  2 -2 -2  0 -1 -1  0 -3 -3  0 -3 -3 -2  2  0 -4 -3 -2   49   0  14   0   0   4   0   2   2   0   0   5   0   0   0  19   4   0   0   0  0.51 0.20
   50 E   -2  3 -1  0 -5  1  5 -4 -1 -3 -2  3 -2 -3 -3 -2 -2 -4 -1 -3    1  16   1   1   0   5  50   0   1   1   4  16   0   0   0   0   1   0   3   0  0.71 0.22
   51 R   -3  6 -2 -3 -5  5 -1 -4  1 -5 -4  1 -3 -5 -4 -2 -3 -4 -3 -4    0  59   0   0   0  34   0   0   3   0   1   4   0   0   0   0   0   0   0   0  1.32 0.33
   52 N   -3 -1  7 -1 -5 -1 -2 -3 -2 -5 -5  4 -4 -5 -4 -2 -2 -6 -4 -5    0   1  67   0   0   0   0   0   0   0   0  32   0   0   0   0   0   0   0   0  1.41 0.35
   53 Q    2  0 -1  0 -2  2  2 -1 -2 -2 -2  0 -2 -3 -2  1  1 -4 -3  0   24   2   1   3   0  11  18   2   0   1   1   4   0   0   0  13  13   0   0   6  0.26 0.12
   54 V    1 -2 -1 -3 -2 -2 -2 -1 -2  1  1 -2  1  1 -3 -2 -1 -3 -1  4   12   1   3   1   0   0   3   4   1   3  17   1   2   8   0   1   1   0   1  42  0.25 0.13
   55 A    0 -3 -1 -2 -3 -2 -2  3 -3 -4 -5 -2 -4 -4 -3  5  0 -5 -4 -4    3   0   0   0   0   0   0  26   0   0   0   0   0   0   0  67   4   0   0   0  0.99 0.29
   56 K    0  1 -1 -1 -4  3  2 -1 -2 -4 -4  5 -3 -5 -3 -1 -2 -4 -3 -3    9   5   0   2   0  12  11   4   0   0   0  55   0   0   0   1   0   0   0   1  0.71 0.22
   57 R    0  1 -1 -1 -4  3  4 -3 -2 -3  0  2 -1 -3 -2  0 -1 -4 -3 -2    6   8   2   1   0  15  33   0   0   0  12  14   1   0   0   6   1   0   0   1  0.40 0.15
   58 V   -3 -5 -5 -5 -3 -4 -5 -5 -5  6  0 -4  1 -2 -4 -4 -2 -4 -3  5    0   0   0   0   0   0   0   0   0  56   0   0   2   1   0   0   0   0   0  41  1.11 0.28
   59 P    3 -3 -2 -3 -3 -2 -2  4 -3 -4 -4 -1 -3 -4  3  1 -2 -4 -4 -3   35   0   0   0   0   0   0  35   0   0   0   4   0   0  14  12   0   0   0   0  0.70 0.20
   60 K   -1  2 -2 -2 -4  4  0 -3 -2 -3 -3  6 -2 -5 -3 -1 -2 -4 -3 -2    4   6   0   0   0  21   2   1   0   1   0  59   1   0   0   2   0   0   0   2  0.85 0.26
   61 A    4  1 -3 -3 -2 -1 -2 -2 -3 -1  2  1  1 -2 -3 -1 -2 -4 -2 -1   48   8   0   0   0   0   0   1   0   0  24  12   4   0   0   1   0   0   1   1  0.39 0.18
   62 P    1  1  1 -1 -3  1 -1 -2 -1 -3 -4  4 -2 -4  0  2  0 -4 -3 -3   13   3   6   1   0   3   0   0   1   1   0  42   1   0   5  22   2   0   0   0  0.49 0.18
   63 P   -1  2 -1 -1 -4 -1 -2  3 -3 -4 -4  4 -3 -5  4 -1 -2 -4 -4 -4    4  13   1   2   0   1   0  30   0   0   0  31   0   0  18   1   0   0   0   0  0.68 0.20
   64 E   -2 -2 -1  2 -5  1  6 -3 -2 -5 -5 -1 -3 -5 -3 -1 -3 -5 -4 -4    2   0   1  12   0   4  76   1   0   0   0   1   0   0   0   3   0   0   0   0  1.26 0.32
   65 E   -2 -2  2  4 -5  1  4  1 -2 -5 -4  1 -4 -5 -2 -1 -2 -5 -4 -4    0   0  11  26   0   3  39   9   0   0   0   9   0   0   1   1   0   0   0   0  0.70 0.20
   66 K    3  4 -2 -2 -3  1 -1 -2 -2 -2 -3  3 -2 -4 -1 -1 -1 -4 -3 -2   37  23   1   0   0   5   0   0   0   1   0  27   0   0   1   0   2   0   0   2  0.54 0.20
   67 E    1 -2  0  4 -4  1  2 -2 -2 -4 -4 -1 -3 -4  3  1  0 -5 -4 -3   11   0   2  34   0   6  17   0   0   0   1   1   0   0  14  10   5   0   0   1  0.57 0.17
   68 A    4 -1 -1  2 -3  0  3 -1  0 -3 -3 -1 -3 -4 -1  0 -1 -4 -3 -2   47   2   1  11   0   3  25   1   2   0   0   2   0   0   1   2   0   0   0   1  0.52 0.19
   69 L   -1 -2 -4 -3 -3  0 -2 -4 -3  1  4  1  1 -1 -3 -2 -2 -3 -2  0    4   1   0   0   0   4   1   0   0   4  65  10   2   0   0   1   1   0   0   5  0.53 0.19
   70 I   -3 -2 -4 -4 -3 -2 -3 -5 -4  5  3 -2  3 -1 -4 -3 -2 -4 -3  1    0   2   0   0   0   2   1   0   0  46  33   3   7   1   0   1   1   0   0   5  0.64 0.20
   71 A    3 -1 -1  0 -2  0  2 -2 -2 -2 -1  1 -2 -3 -2  0  0 -4 -3 -1   40   2   2   4   0   3  20   0   0   2   7  11   0   0   0   3   4   0   0   3  0.30 0.14
   72 R    0  3 -1  0 -4  2  4 -1 -1 -4 -4  2 -3 -4 -3 -1 -2 -4 -3 -4    9  22   1   2   0   6  42   5   1   0   0  10   0   0   0   1   0   0   0   0  0.62 0.19
   73 G    2 -3 -3 -4 -3 -2 -3  1 -3 -1 -1 -3  8 -3 -4  0  0 -4 -3  0   20   0   0   0   0   0   0  11   0   1   1   0  51   0   0   5   5   0   0   5  0.79 0.28
   74 K   -2  5  0 -2 -5  2  0 -1 -2 -4 -4  5 -3 -5 -3 -1 -2 -4 -3 -4    1  35   4   1   0   8   3   5   0   0   0  42   0   0   0   1   1   0   0   0  0.82 0.23
   75 A    1  0 -1  1 -4  3  5 -1 -1 -4 -3  1 -3 -4 -3 -1 -1 -4 -3 -3   11   3   2   6   0  13  48   3   1   0   1   6   0   0   0   2   3   0   0   1  0.60 0.19
   76 L   -2 -4 -5 -5 -3 -4 -4 -5 -4  2  4 -3  1 -1 -4 -4 -2 -4 -3  4    0   0   0   0   0   0   0   0   0   7  53   1   1   0   0   0   0   0   0  37  0.77 0.22
   77 G    2 -2  0 -2 -3 -2 -2  4 -3 -4 -4  1 -3 -4 -3  3 -1 -4 -4 -3   23   0   4   0   0   0   0  39   0   0   0   8   0   0   0  26   0   0   0   0  0.65 0.20
   78 E    2 -1 -1  4 -3  2  3 -1 -2 -3 -3 -1 -3 -4 -2  0 -1 -4 -3 -2   27   1   1  24   0  10  26   3   0   0   0   1   0   0   0   3   1   0   0   2  0.50 0.17
   79 E   -1  3 -1  1 -4  3  3 -3 -1 -4 -3  3 -2 -4 -3 -1 -1 -4 -3 -3    5  19   2   7   0  17  21   0   0   0   0  24   1   0   0   2   2   0   0   0  0.54 0.17
   80 A   -1 -4 -5 -5 -3 -4 -5 -5 -5  6  0 -4 -1 -2 -4 -3 -2 -4 -3  4    3   0   0   0   0   0   0   0   0  56   3   0   0   0   0   0   0   0   0  38  1.00 0.26
   81 K   -1  0 -2 -2 -5 -1 -1 -3 -3 -5 -4  7 -3 -5 -3 -1 -2 -5 -4 -4    4   1   1   2   0   0   2   1   0   0   0  85   0   0   0   3   1   0   0   1  1.29 0.34
   82 R    3  0 -1  1 -2  1  3  0 -2 -3 -3  0 -2 -4 -2  0  0 -4 -3 -1   36   4   1   7   0   5  26   4   0   0   1   3   0   0   0   4   4   0   0   4  0.34 0.14
   83 L    3 -3 -3 -3 -2 -3 -3 -3 -3  1  4 -2  1  0 -3 -2 -1 -2 -1  0   31   1   0   1   0   0   0   0   0   8  47   1   3   2   0   0   1   0   2   2  0.42 0.17
   84 E   -3 -3 -1  6 -5  0  5 -3 -2 -5 -5 -2 -4 -5 -3 -2 -3 -6 -4 -3    0   0   1  56   0   2  38   0   1   0   0   0   0   0   0   1   0   0   0   1  1.29 0.30
   85 E    3 -1 -1  1 -3  1  3 -1 -1 -3 -3  0 -2 -4 -2  0  0 -4 -3 -2   36   1   2   9   0   3  27   2   1   1   0   5   0   0   0   5   5   0   0   2  0.39 0.15
   86 A    1  1 -1  1 -4  2  5 -3 -2 -4 -3  2 -3 -4 -3 -1 -1 -4 -3 -3   14   5   0   5   0   6  52   0   0   0   1  12   0   0   0   1   2   0   0   1  0.67 0.21
   87 L    0 -1 -3 -3 -3  3  0 -4 -3  1  3 -2  0 -2 -3 -2 -1 -3 -2  1    7   2   0   0   0  22   4   0   0   8  41   1   0   0   0   1   1   0   0  13  0.36 0.16
   88 R    1  4  1  1 -3  0  0  0  0 -3 -3  3 -2 -4 -2  0  0 -4 -3 -2   18  27   6   7   0   2   4   4   2   0   0  19   0   0   0   7   3   0   0   1  0.34 0.13
   89 E    1  0 -1  2 -4  2  4 -1 -1 -3 -3  1 -3 -4 -2  0  0 -4 -3 -2   13   5   2   9   0   6  43   4   0   1   0   6   0   0   0   3   6   0   0   2  0.46 0.16
   90 K    3 -3 -3 -4 -2 -3 -3 -3 -4  3  1 -1  0 -2 -3 -2  0 -4 -2  3   30   0   0   0   0   0   0   0   0  22  14   3   0   0   0   0   3   0   1  27  0.39 0.16
   91 E   -1 -2 -1  4 -5  1  5 -2 -2 -5 -4 -1 -1 -5 -3 -1 -2 -5 -4 -4    3   0   1  25   0   5  57   2   0   0   0   1   2   0   0   2   0   0   0   1  0.96 0.26
   92 A    2  0 -1  1 -3  2  4 -1 -2 -3 -3  0 -2 -4 -2  0  0 -4 -3 -2   28   3   1   7   0   8  36   4   0   0   1   3   0   0   0   2   5   0   0   1  0.44 0.17
   93 R    1  1 -1  1 -4  3  4 -2 -2 -4 -4  3 -3 -4 -2  0 -1 -4 -3 -3   14   8   2   4   0  13  33   1   0   0   0  18   0   0   0   3   3   0   0   1  0.49 0.16
   94 L   -1 -3 -4 -4 -2 -3 -4 -4 -3  1  4 -3  2  2 -4 -3  0 -1  0  1    4   0   0   0   1   1   0   0   0   7  54   0   6  10   0   0   5   0   2  10  0.51 0.16
   95 E   -1  2  2  2 -4  3  2 -2  1 -3 -3  1 -2 -3 -2  0  1 -4 -2 -2    2  11  10  15   0  14  18   1   4   0   1   9   0   0   0   2  11   0   0   1  0.38 0.13
   96 A    1  1  1  2 -2  2  3 -1  0 -3 -2  0 -1 -2 -2  0  0 -3  0 -2   19   7   6  12   0   9  22   2   2   0   1   3   1   1   0   4   5   0   4   1  0.25 0.10
   97 L    1 -2 -4 -4 -2 -3 -3 -4 -3  3  3 -2  1  0 -4 -2 -1 -3 -2  1   15   2   0   0   0   0   0   0   0  26  43   1   3   2   0   0   2   0   0   5  0.44 0.16
   98 L    0 -2 -3 -4 -3  1 -2 -4  3  0  4 -3  4 -1 -4 -2 -1 -3 -1  0    9   0   0   0   0   9   0   0  11   4  47   0  13   0   0   1   3   0   0   2  0.44 0.18
   99 L   -2  1 -3 -4 -3 -2 -3 -4 -3  0  4 -2  4 -1 -4 -2  0  0  1 -1    2  11   0   0   0   1   1   0   0   0  56   1  12   1   0   1   8   1   5   1  0.48 0.18
  100 Q    1  2  0 -2 -2  2  0 -1  0 -2 -2  1  0 -2 -2  1  2 -2 -1 -1   15  17   2   0   0  10   2   3   1   1   2   6   3   1   0  15  15   0   2   3  0.20 0.10
  101 V   -3 -4 -5 -5 -3 -4 -5 -5 -5  5  3 -4  1 -1 -4 -4 -2 -4 -3  3    0   0   0   0   0   0   0   0   0  53  27   0   1   0   0   0   0   0   0  18  0.88 0.23
  102 P   -1 -4 -3 -3 -5 -3 -2  0 -4 -5 -5 -3 -4 -6  8  1 -3 -6 -5 -4    2   0   0   1   0   0   1   7   0   0   0   0   0   0  75  14   0   0   0   0  1.89 0.35
  103 L   -4 -3  8 -1 -5 -2 -3 -3 -2 -5 -3 -3 -3 -5 -4 -2 -2 -6 -4 -5    0   0  96   0   0   0   0   0   0   0   3   0   1   0   0   0   0   0   0   0  2.03 0.44
  104 P   -2 -2 -4 -4 -2 -3 -4 -5 -4  4  2 -3  2 -1  0 -3 -1 -2 -2  3    0   3   0   0   0   0   0   0   0  38  23   0   6   0   5   0   3   0   0  21  0.53 0.17
  105 P   -2 -4 -4 -4  0 -4 -4 -4 -5  0 -3 -3 -3 -4  7 -3 -3 -5 -4  3    1   0   0   0   2   0   0   0   0   5   0   0   0   0  64   0   0   0   0  29  1.61 0.33
  106 W   -1 -1  1  1 -3  0  0 -3  8 -1 -3 -1 -3 -3 -3 -1 -2  2  0 -3    5   1   6   7   0   3   6   1  53   5   2   2   0   0   0   2   2   3   1   1  0.92 0.24
  107 P    0 -2 -1  3 -4  0  4 -3 -2 -4 -4 -1 -4 -5  4 -1 -1 -5 -4 -3    7   0   0  20   0   1  41   0   0   0   0   1   0   0  22   3   2   0   0   1  0.82 0.22
  108 G   -1 -2 -1  3 -3 -1  0  3 -3 -4 -4 -2 -3 -4 -3  4  0 -4 -4 -4    1   0   0  19   0   1   3  25   0   0   1   0   0   0   0  46   5   0   0   0  0.67 0.22
  109 A    2 -4 -4 -4 -1 -3 -4 -4 -4  1 -1 -4 -1 -3 -4 -2  1 -5 -3  6   20   0   0   0   0   0   0   0   0   2   0   0   0   0   0   0   7   0   0  70  0.86 0.27
  110 P   -3 -5 -5 -4 -5 -4 -4 -5 -5 -5 -5 -4 -5 -6  9 -3 -4 -6 -6 -4    0   0   0   0   0   0   0   0   0   0   0   0   0   0  99   0   0   0   0   0  2.92 0.48
  111 V    2 -3 -4 -2 -2 -2 -1 -3 -4  2 -1 -2  0 -2  0 -2 -1 -4 -2  4   20   1   0   2   0   1   4   0   0  13   2   1   1   1   4   1   0   0   0  51  0.47 0.19
  112 G   -2 -5 -3 -4 -5 -4 -4  7 -4 -6 -6 -4 -5 -5 -4 -2 -4 -5 -5 -5    0   0   0   0   0   0   0 100   0   0   0   0   0   0   0   0   0   0   0   0  2.06 0.38
  113 G    0 -1 -1  1 -3 -1  1  4 -2 -4 -4  2 -3 -4 -1  1 -1 -4 -4 -3    6   0   0   9   0   0  10  38   0   0   1  16   0   0   2  14   1   0   0   0  0.49 0.15
  114 E   -3 -2 -1  5 -5 -1  6 -4 -2 -5 -5 -1 -4 -5 -3 -1 -3 -5 -4 -3    1   0   0  34   0   0  61   0   0   0   0   0   0   0   0   2   0   0   0   2  1.26 0.31
  115 E   -2 -3 -1  6 -5  0  5 -4 -2 -5 -5 -1 -4 -5 -3 -2 -2 -5 -4 -5    2   0   0  46   0   1  49   0   0   0   0   0   0   0   0   1   0   0   0   0  1.29 0.31
  116 A   -1 -3  0  7 -4 -2  0 -3 -3 -5 -5 -3 -5 -5 -3  0  0 -6 -5 -5    5   0   2  79   0   0   3   0   0   0   0   0   0   0   0   4   6   0   0   0  1.44 0.32
  117 N   -3 -3  7 -2 -5 -3 -3 -3 -2 -4 -4 -3 -3  5 -4 -2 -3 -3  2 -4    1   0  66   0   0   0   0   0   0   0   0   0   0  25   0   0   0   0   8   0  1.34 0.34
  118 R   -1  0 -4 -4 -3 -1 -2 -4 -3  2 -1 -2 -1 -2  1 -3 -1 -4 -3  5    4   5   0   0   0   2   2   0   0   8   1   2   0   0   7   0   3   0   0  65  0.63 0.22
  119 E   -2 -2 -3 -1 -3  0  5 -4 -3 -1 -2 -2 -2 -4 -2 -2  0 -5 -3  3    0   0   0   0   0   2  56   0   0   0   3   0   0   0   1   0   5   0   0  34  0.80 0.27
  120 I   -1 -3 -4 -4 -2 -3 -3 -5 -3  3  3 -3  1 -2 -4 -3 -2 -4 -2  4    2   0   0   0   0   0   1   0   0  20  32   0   2   0   0   0   0   0   0  41  0.62 0.19
  121 K   -3  6 -2  0 -5  0  3 -4 -2 -5 -4  2 -3 -5 -3 -2 -3 -2 -3 -4    0  59   0   5   0   0  22   0   0   0   0  12   0   0   0   0   0   1   1   0  1.08 0.28
  122 R   -2  5 -1 -2 -4  0  0 -3  4 -3 -3  3 -2 -3 -3 -1  2 -4 -2 -2    0  37   0   0   0   0   6   0  12   0   1  17   0   0   0   1  20   0   1   3  0.62 0.20
  123 V   -3 -4 -4 -5 -3 -4 -4 -5  2  0 -2 -5 -2 -1 -5 -4 -3 11  0  4    0   0   1   0   0   0   0   0   6   5   0   0   0   1   0   0   0  52   1  32  1.90 0.37
  124 G   -1 -4 -2 -3 -5 -4 -4  7 -4 -6 -6 -3 -5 -5 -4  0 -3 -5 -5 -5    1   0   1   0   0   0   0  93   0   0   0   0   0   0   0   5   0   0   0   0  1.79 0.35
  125 G   -1 -2 -1  1 -4  1  5 -2 -2 -3 -4  0 -3 -4 -2 -1  3 -4 -4 -3    2   0   1   7   0   3  53   2   0   1   0   3   0   0   0   1  26   0   0   1  0.77 0.24
  126 P   -2 -3 -4 -4 -4 -3 -3 -4 -4  2 -2 -1 -2 -4  7 -3 -2 -5 -4  1    1   1   0   0   0   1   0   0   0  12   3   3   0   0  68   1   1   0   0   9  1.58 0.31
  127 P   -2  5 -2 -3 -5 -1 -2 -4 -2 -4 -4  1 -3 -5  5 -2  1 -5 -4 -4    1  47   0   0   0   1   0   0   0   0   0   6   0   0  34   1   8   0   0   0  1.12 0.27
  128 E    0  0  0  2 -3  2  3 -2  0 -3 -3  2 -2 -4 -2  1  1 -4 -2 -2    9   3   4  11   0   9  26   0   2   0   0  14   0   0   1   7  11   0   0   2  0.34 0.12
  129 F   -4 -5 -5 -6 -5 -5 -6 -6 -4  1 -1 -5 -2  8 -5 -5 -4  0  1 -2    0   0   0   0   0   0   0   0   0   7   2   0   0  89   0   0   0   0   1   0  1.92 0.39
  130 S    0 -3  0  6 -3 -1  1  0 -2 -4 -5 -2 -4 -5 -1  1  0 -5 -4 -3    9   0   1  56   0   0   7   7   0   0   0   0   0   0   3  12   4   0   0   0  0.81 0.22
  131 F   -4 -4 -4 -5 -4 -4 -5 -4 -2 -2 -2 -4 -2  9 -5 -4 -4 -1  1 -3    1   0   0   0   0   0   0   1   0   0   1   0   0  91   0   1   0   0   1   1  1.93 0.36
  132 P   -1 -2  1  1 -5  0  6 -3 -2 -4 -4 -1 -3 -5  1 -1  1 -5 -4 -4    4   0   5   6   0   1  63   0   0   0   0   1   0   0   7   0  12   0   0   0  0.88 0.26
  133 P    0 -4 -4 -3 -4 -3 -3 -4 -4 -2 -4 -3 -4 -4  8 -2 -3 -6 -4  0    7   0   0   0   0   0   1   0   0   3   0   0   0   1  80   1   0   0   0   7  1.99 0.36
  134 L   -2  3 -2 -3 -5  1 -1 -4 -2 -4 -1  6 -2 -4 -3 -2 -3 -5 -4 -3    1  14   0   0   0   5   0   0   0   0   8  71   0   0   0   0   0   0   0   0  1.05 0.29
  135 D    3 -3  0  5 -4 -2 -1 -3 -3 -4 -4 -2 -4 -5  5 -1 -2 -5 -4 -3   28   0   3  38   0   0   0   0   0   0   0   0   0   0  30   1   0   0   0   0  0.97 0.25
  136 H   -4 -3 -2 -4 -6 -2 -3 -5 11 -6 -6 -3 -4 -4 -5 -4 -4 -5 -1 -6    0   0   0   0   0   0   0   0 100   0   0   0   0   0   0   0   0   0   0   0  3.02 0.54
  137 V   -4 -5 -6 -6 -4 -4 -5 -5 -5 -2  3 -5 -2 -1 -6 -5 -4 11  0  0    0   0   0   0   0   0   0   0   0   0  31   0   0   1   0   0   0  58   2   8  2.15 0.39
  138 A   -1 -3 -1  5 -5 -1  6 -4 -2 -5 -5 -2 -4 -5 -3 -2 -2 -5 -4 -5    4   0   0  39   0   0  56   0   0   0   0   0   0   0   0   0   0   0   0   0  1.27 0.31
  139 L   -3 -4 -5 -5 -3 -4 -5 -5 -5  4  4 -4  0 -1 -4 -4 -2 -4 -3  1    0   0   0   0   0   0   0   0   0  34  58   0   0   0   0   0   0   0   0   8  0.90 0.24
  140 M    2 -4 -2 -3 -2 -3 -4  6 -4 -4 -4 -3  1 -5 -4 -2 -3 -4 -4 -4   21   0   0   0   1   0   0  73   0   0   0   0   5   0   0   0   0   0   0   0  1.28 0.29
  141 E   -2 -1 -2  1 -5  1  6 -4 -1 -4 -4 -1 -3 -5  0 -1  1 -5 -4 -2    2   1   0   4   0   5  69   0   0   0   0   1   0   0   3   1  11   0   0   2  0.99 0.28
  142 K    1  0  2  2 -3  0  1  0 -1 -2 -1  1  0 -3 -2  1  0 -4 -2 -2   16   3  10  17   0   2   8   4   1   2   4  10   4   0   0  16   2   0   0   0  0.20 0.09
  143 N   -3 -4 -2 -5 -2 -4 -5 -5 -1  0  6 -4  0 -1 -5 -4 -3 -1 -3 -1    0   0   3   0   0   0   0   0   2   1  92   0   0   0   0   0   0   1   0   0  1.16 0.30
  144 G   -2 -1  0  3 -5 -2 -2  6 -3 -5 -5 -2 -4 -5 -4 -2 -3 -5 -5 -5    0   3   4  20   0   0   1  70   0   0   0   1   0   0   0   0   0   0   0   0  1.21 0.27
  145 W    1 -4 -4 -4 -3 -4 -4 -3 -4  5  2 -4  1 -2 -4 -3 -2  2 -3  1   17   0   0   0   0   0   0   1   0  55  18   0   3   0   0   0   0   3   0   2  0.66 0.22
  146 W   -3 -4 -5 -5 -3 -4 -4 -5 -4  4  4 -4  2  0 -4 -4 -2  2 -2  1    0   0   0   0   0   0   0   0   0  32  56   0   4   1   0   0   0   3   0   4  0.82 0.22
  147 E   -4 -4 -1  8 -6 -2  0 -4 -3 -6 -6 -3 -5 -6 -4 -2 -3 -7 -5 -6    0   0   0  96   0   0   3   0   0   0   0   0   0   0   0   0   0   0   0   0  2.09 0.41
  148 P   -1 -2 -2  1 -5  0  6 -4 -2 -5 -4  0 -4  0  0 -2 -2 -5 -3 -4    5   0   0   5   0   1  77   0   0   0   0   3   0   5   3   0   1   0   0   0  1.16 0.31
  149 R   -1  8 -2 -4 -5 -1 -1 -4 -2 -5 -4  0 -4 -5 -4 -2 -2 -5 -4 -5    4  90   0   0   0   0   2   0   0   0   0   1   0   0   0   1   1   0   0   0  1.71 0.38
  150 I    4 -4 -3 -3 -3 -3 -3  6 -4 -2 -4 -3 -3 -4 -3 -1 -3 -4 -4 -3   37   0   0   0   0   0   0  60   0   3   0   0   0   0   0   0   0   0   0   0  1.12 0.27
  151 S    5 -3 -3 -3 -2 -2 -3  2 -3 -2 -3 -2 -3 -4 -2  1  0 -4 -3  0   67   0   0   0   0   0   0  13   0   1   0   0   0   0   0   8   5   0   0   6  0.73 0.24
  152 Q   -3  1 -2 -3 -5  1 -1 -4 -3 -5 -5  7 -3 -5 -3 -2 -3 -5 -4 -5    0   3   0   0   0   3   0   0   0   0   0  93   0   0   0   0   0   0   0   0  1.60 0.38
  153 V   -2 -4 -5 -5 -3 -4 -4 -5 -5  2  1 -4  0 -2 -4 -4 -2 -5 -3  6    0   0   0   0   0   0   0   0   0   7  12   0   1   0   0   0   1   0   0  80  1.09 0.29
  154 S    2 -3 -1 -2 -2 -2 -2 -1 -3 -3 -4 -2 -3 -4 -3  5  4 -4 -3 -2   14   0   0   0   0   0   0   3   0   0   0   0   0   0   0  48  36   0   0   0  0.82 0.27
  155 G   -2 -4 -2 -3 -5 -3 -2  7 -4 -6 -6 -4 -5 -5 -4 -2 -4 -5 -5 -5    0   0   0   0   0   1   2  97   0   0   0   0   0   0   0   0   0   0   0   0  1.92 0.37
  156 S    4 -3 -2 -3 -3 -2 -2 -2 -3 -4 -4 -2 -3 -4 -3  5  0 -5 -4 -3   35   0   0   0   0   0   0   0   0   0   0   0   0   0   0  62   2   0   0   0  0.98 0.30
  157 R   -4  8 -3 -4 -6 -1 -2 -5 -3 -6 -5  0 -4 -5 -5 -3 -4 -5 -4 -5    0 100   0   0   0   0   0   0   0   0   0   0   0   0   0   0   0   0   0   0  2.13 0.44
  158 S   -4 -5 -5 -6 -5 -5 -5 -5 -4 -3 -2 -5 -2  9 -6 -1 -4 -1  1 -3    0   0   0   0   0   0   0   0   0   0   0   0   0  95   0   5   0   0   0   0  2.13 0.42
  159 Y   -1 -3 -3 -4 -3 -3 -3 -4 -1 -1  0 -3 -2  0 -3 -1  3 -1  6  3    2   0   0   0   0   0   0   0   1   0   6   0   0   1   0   2  24   0  40  23  0.74 0.25
  160 A   -2 -4 -5 -5 -4 -4 -5 -4 -2 -1 -1 -4 -1  7 -5 -4 -3 -1  5  1    3   0   0   0   0   0   0   1   0   2   3   0   0  59   0   0   0   0  18  13  1.19 0.28
  161 L   -3 -4 -5 -5 -3 -4 -4 -5 -2 -1  4 -4  2  1 -5 -4 -3 -1  7 -2    0   0   0   0   0   0   0   0   0   0  45   0   6   2   0   0   0   0  47   0  1.14 0.30
  162 K   -2  2 -2 -3 -4 -1 -1 -3 -2 -2 -3  5 -2 -2 -3 -1  4 -2 -1 -2    1  10   0   0   0   0   0   0   0   2   1  50   0   2   0   0  30   0   2   1  0.71 0.25
  163 G   -2 -4  0 -3 -5 -4 -4  7 -4 -6 -6 -1 -5 -5 -4 -2 -3 -5 -5 -5    0   0   4   0   0   0   0  92   0   0   0   3   0   0   0   1   0   0   0   0  1.75 0.34
  164 D    1 -2 -2  1 -2 -1 -1 -3 -1  1  3 -2  1 -1 -1 -2 -2  1  0  1   13   2   1  11   0   1   3   1   1   5  39   1   2   1   2   0   0   2   3  13  0.18 0.11
  165 L   -1 -4 -3 -3 -4 -4 -4  7 -4 -4 -2 -4 -4 -5 -4 -2 -4 -5 -5 -5    3   0   0   0   0   0   0  91   0   1   5   0   0   0   0   0   0   0   0   0  1.67 0.34
  166 A    6 -4 -4 -4 -2 -3 -3 -2 -4 -3 -4 -3 -3 -4 -3  0 -2 -5 -4 -2   98   0   0   0   0   0   0   0   0   0   0   0   0   0   0   1   0   0   0   0  1.43 0.37
  167 L   -2  6 -3 -4 -4  1 -2 -4 -2 -2  2  1  1 -1 -4 -3 -2 -1 -3 -3    2  56   0   0   0   5   0   0   0   0  24   6   3   3   0   0   1   1   0   0  0.77 0.24
  168 Y   -3 -4 -5 -6 -3 -4 -5 -6 -4  0  6 -4  1 -1 -5 -4 -3 -3  0 -1    0   0   0   0   0   0   0   0   0   0  96   0   1   0   0   0   0   0   3   0  1.31 0.32
  169 E   -3 -2 -2 -1 -6  4  6 -4  0 -5 -5 -1 -4 -5 -3 -2 -3 -5 -4 -4    1   0   0   0   0  21  76   0   2   0   0   0   0   0   0   0   0   0   0   1  1.41 0.35
  170 L   -3  6 -3 -4 -4 -1 -3 -5 -2 -2  3 -1 -1 -2 -4 -3 -3 -3 -3 -3    0  63   0   0   0   0   0   0   0   0  34   0   0   1   0   0   0   0   0   0  1.07 0.30
  171 A    6 -3 -3 -4 -3 -3 -3  2 -4 -4 -4 -3 -3 -4 -3  0 -2 -4 -4 -2   80   0   0   0   0   0   0  18   0   0   0   0   0   0   0   2   0   0   0   0  1.09 0.31
  172 L   -3 -4 -5 -5  0 -4 -4 -5 -4  1  5 -4  3 -1 -4 -4 -3 -3 -3  2    0   0   0   0   2   0   0   0   0   5  74   0   8   0   0   0   0   0   0  11  0.93 0.25
  173 L   -2 -4 -4 -5 -3 -3 -4 -5 -3  4  3 -4  2  0 -4 -3 -2 -1  3  2    2   0   0   0   0   0   0   0   0  38  28   0   7   2   0   0   1   0  13   9  0.59 0.18
  174 R   -3  0  7 -1 -3  3 -2 -3 -1 -5 -5 -2 -1 -5 -4  0 -1 -5 -4 -4    1   3  68   1   0  17   0   0   0   0   0   0   2   0   0   6   2   0   0   0  1.23 0.32
  175 F   -1 -4 -5 -5 -4 -4 -5 -5 -3 -1  2 -4  3  7 -5 -4 -3 -1  2 -2    7   0   0   0   0   0   0   0   0   0  19   0   9  63   0   0   0   0   3   0  1.16 0.28
  176 A    4 -4 -4 -5 -3 -3 -4 -3 -4 -2 -1 -3  8 -1 -4 -2 -3 -4 -2 -2   38   0   0   0   0   0   0   0   0   0   0   0  58   2   0   0   0   0   1   0  1.30 0.37
  177 M    1 -3 -4 -5 -3 -3 -4 -4 -4  2  4 -3  5 -1 -4 -3 -2 -3 -3  1   14   0   0   0   0   0   0   0   0   8  51   0  22   0   0   0   0   0   0   5  0.68 0.21
  178 D    0  0  1  6 -5  2  0 -2 -2 -5 -5 -2 -3 -5 -3 -1 -3 -5 -4 -4   11   5   3  66   0  11   1   1   0   0   0   0   0   0   0   1   0   0   0   0  1.09 0.28
  179 F   -2  0 -2 -3 -3  3  0 -4 -1  0  3  1  1  0 -3 -2  0 -3 -1  0    0   4   0   0   0  19   7   0   1   2  39  11   2   3   0   0   5   0   1   6  0.29 0.14
  180 M    3 -3 -2 -4 -4 -2 -2 -3  9 -4 -3 -3  0 -4 -4 -2 -3 -5 -1 -4   34   0   0   0   0   0   0   0  61   0   2   0   3   0   0   0   0   0   0   0  1.54 0.37
  181 A    1 -1 -2 -3 -2 -1 -2 -2 -3  1 -1 -2 -1 -3 -3  0  4 -4 -3  2   13   4   0   0   0   2   1   3   0   7   2   0   1   0   0   3  43   0   0  21  0.42 0.18
  182 R    1  1 -2  0 -4  2  5 -2 -1 -4 -4  2 -3 -5 -3 -1 -2 -4 -3 -3   14   5   0   3   0   7  50   1   0   0   0  16   0   0   0   3   1   0   0   0  0.69 0.21
  183 R    1  0  3 -2 -4  0  1 -3  8 -5 -4  1 -3 -4 -3 -1 -3 -4 -1 -4   15   4  16   1   0   1   8   0  47   0   0   7   0   0   0   1   0   0   1   0  0.95 0.26
  184 G   -2 -4 -2 -2 -5 -4 -4  7 -3 -6 -6 -2 -5 -5 -4 -2 -4 -5 -5 -5    0   0   1   2   0   0   0  95   0   0   0   1   0   0   0   0   0   0   0   0  1.85 0.36
  185 F   -4 -4 -5 -6 -5 -4 -5 -5 -1 -3 -2 -5 -3  6 -6 -4 -4  0  8 -3    0   0   0   0   0   0   0   0   0   0   0   0   0  40   0   0   0   0  60   0  1.89 0.38
  186 L   -2 -1 -2 -2 -3  1  1 -3 -3  0 -1  0 -2 -3 -3  0  5 -4 -3  0    0   1   0   1   0   7  13   0   0   5   5   5   0   0   0   2  55   0   0   6  0.57 0.22
  187 P   -3 -2 -3 -1 -5 -1  6 -4 -3 -3  0 -2  0 -4  4 -2 -3 -5 -4 -3    0   0   0   0   0   0  61   0   0   0  13   0   3   0  21   0   0   0   0   1  1.00 0.29
  188 M   -3 -4 -4 -5 -3 -3 -4 -5 -4  3  1 -4  8  0 -4 -3 -1 -4 -3  4    0   0   0   0   0   0   0   0   0  14   4   0  49   2   0   1   2   0   0  29  1.02 0.29
  189 T   -2 -4 -3 -4 -2 -3 -3 -4 -4  4  3 -4  1  2 -4 -3 -1  2 -1  1    1   0   1   0   0   0   1   0   0  37  32   0   3  10   0   1   3   3   1   5  0.50 0.16
  190 L   -1 -4 -3 -3 -4 -3 -3 -4 -4 -3 -2 -3 -3 -5  7 -2  3 -5 -4 -1    3   0   0   0   0   0   0   0   0   0   4   0   0   0  67   0  21   0   0   5  1.64 0.33
  191 P   -3 -5 -5 -4 -5 -4 -4 -5 -5 -5 -6 -4 -5 -6  9 -3 -4 -6 -6 -5    0   0   0   0   0   0   0   0   0   0   0   0   0   0 100   0   0   0   0   0  2.96 0.48
  192 S    0 -3 -3 -4 -3 -2 -3 -4  1 -1 -1 -3 -1  4 -4 -1 -1 -1  5  2    8   0   0   0   0   1   0   0   4   0   2   0   0  21   0   5   4   0  30  24  0.58 0.20
  193 Y   -3 -4 -5 -5 -3 -3 -4 -5 -4  3  4 -4  5 -1 -4 -4 -2 -3  0  0    1   0   0   0   0   0   0   0   0  22  52   0  22   0   0   0   0   0   3   0  0.85 0.24
  194 A    0 -5 -5 -5 -3 -4 -4 -5 -5  1 -1 -4 -1 -3 -4 -3 -2 -5 -3  7    7   0   0   0   0   0   0   0   0   1   0   0   0   0   0   0   0   0   0  92  1.35 0.35
  195 R   -3  4  6 -1 -5 -1 -2 -3  1 -5 -5  2 -4 -5 -4 -1 -1 -5 -4 -4    0  30  53   0   0   0   0   0   3   0   0  11   0   0   0   1   2   0   0   0  1.08 0.29
  196 E   -1  4 -2 -2 -4  0  0 -2  1 -4 -4  0 -3 -5  5  1 -1 -5 -3 -4    4  31   0   1   0   2   7   2   4   0   0   3   0   0  36  10   2   0   0   0  0.86 0.21
  197 K    0  1  0  3 -4  2  4 -2 -1 -4 -4  1 -1 -4 -2 -1 -1 -4 -3 -3   10   5   3  22   0   7  34   0   1   0   0  10   2   0   0   1   3   0   1   1  0.51 0.16
  198 A    2 -3 -2 -2  0 -2 -2 -2 -3  1 -2 -2 -2 -3 -3  4  2 -4 -3  1   16   0   0   0   1   0   0   0   0  13   0   0   0   0   0  47  12   0   0  10  0.50 0.21
  199 F   -3 -4 -5 -6 -3 -3 -5 -5 -4  0  2 -4 10  0 -5 -4 -3 -4 -3 -2    0   0   0   0   0   0   0   0   0   1  12   0  83   4   0   0   0   0   0   0  1.93 0.44
  200 L    1 -1 -2 -1 -2  1  1 -2 -2  0 -1 -1 -1  2 -2  0  3 -2  0  0   11   2   0   1   0   6  12   2   0   8   3   0   0  12   0   4  28   0   4   7  0.17 0.11
  201 G   -2 -5 -3 -3 -5 -4 -4  7 -4 -4 -6 -4 -5 -5 -4 -2 -4 -3 -5 -5    1   0   0   0   0   0   0  97   0   1   0   0   0   0   0   0   0   0   0   0  1.93 0.37
  202 T   -2 -4 -2 -3 -3 -3 -3 -4 -4 -3 -4 -3 -3 -5 -3 -1  8 -5 -4 -2    0   0   0   0   0   0   0   0   0   0   0   0   0   0   0   0 100   0   0   0  1.81 0.44
  203 G   -2 -5 -3 -4 -5 -4 -4  7 -4 -6 -6 -4 -5 -5 -4 -2 -4 -5 -5 -5    0   0   0   0   0   0   0 100   0   0   0   0   0   0   0   0   0   0   0   0  2.06 0.38
  204 H   -3 -2 -2 -3 -5  7 -1 -4  1 -4 -3 -1 -2  5 -4 -3 -3 -3  0 -4    0   0   0   0   0  61   0   0   3   0   0   0   0  33   0   0   0   0   2   0  1.32 0.36
  205 F   -3 -4 -5 -5 -3 -4 -5 -5 -3  0  5 -4  0  3 -5 -4 -3 -3  1 -1    0   0   0   0   0   0   0   0   0   0  84   0   0  11   0   0   0   0   4   0  1.09 0.28
  206 P   -2 -4 -3 -3 -5 -4 -3  4 -4 -5 -5 -3 -5 -6  7 -2 -3 -5 -5 -4    0   0   0   0   0   0   0  32   0   0   0   0   0   0  66   0   0   0   0   1  1.88 0.35
  207 A    2  0 -2 -2 -4  2  0 -3 -2 -4 -3  6 -3 -5 -3 -1 -2 -5 -3 -3   20   0   0   1   0  10   4   0   0   0   2  62   0   0   0   1   0   0   0   0  0.83 0.26
  208 Y   -1 -4 -3 -5 -4 -3 -4 -3  6 -3 -2 -4 -2  7 -5 -3 -4 -2  2 -3    7   0   0   0   0   0   0   2  27   0   0   0   0  62   0   0   0   0   3   0  1.41 0.33
  209 R    3  0 -2 -1 -3 -1  4 -2 -1 -4 -3  2 -3 -3 -2  1 -1 -4 -2 -3   38   3   0   2   0   0  32   0   1   0   0  12   0   0   0  10   0   0   1   0  0.52 0.20
  210 D   -1 -2 -1  4 -5  1  6 -3 -2 -5 -5 -1 -4 -5 -3  0 -2 -5 -4 -4    4   0   1  23   0   2  63   0   0   0   0   1   0   0   0   5   0   0   0   0  1.08 0.28
  211 Q   -3 -3  1  6 -5  1  4 -3 -2 -5 -5 -2 -4 -5 -3 -2 -3 -6 -5 -5    0   0   4  61   0   5  30   0   0   0   0   0   0   0   0   0   0   0   0   0  1.33 0.30
  212 V    2 -3 -4 -4 -2 -3 -3 -3 -4  2  2 -3  4 -2 -3 -2  0 -4 -2  3   19   0   0   0   0   0   0   0   0  11  16   0  13   0   0   1   6   0   0  34  0.43 0.16
  213 W   -4 -4 -5 -6 -5 -4 -5 -5 -1 -3 -2 -5 -3  7 -6 -4 -4  3  7 -3    0   0   0   0   0   0   0   0   0   0   0   0   0  48   0   0   0   3  48   0  1.79 0.37
  214 A   -1  3 -1 -2 -4  2  0 -3  6 -4 -2  4 -2 -2 -3 -2 -2 -3  1 -3    4  18   1   0   0   7   4   0  23   0   4  31   0   1   0   1   1   0   5   0  0.61 0.20
  215 I   -2 -4 -5 -5  3 -4 -4 -5 -4  3  4 -4  1 -1 -4 -3 -1 -3 -3  2    0   0   0   0   6   0   0   0   0  19  55   0   0   0   0   0   2   0   0  17  0.70 0.20
  216 A    1  0 -1  1 -3  1  5 -2 -2 -4 -4  0 -3 -4  1  0 -1 -4 -3 -2   15   3   2   8   1   2  54   1   0   0   0   2   0   0   5   3   1   0   0   3  0.64 0.20
  217 E    0  1  1  3 -4  0  2  3 -2 -4 -4  1 -2 -4 -2  0 -1 -4 -3 -3   10   7   8  22   0   2  14  22   0   0   0  11   0   0   0   4   1   0   0   0  0.39 0.12
  218 T   -2 -1  0  5 -4  0  2 -3 -2 -3 -1 -1 -2 -3 -1  0  2  2 -3 -2    1   2   1  42   0   2  14   0   0   0   6   2   1   0   2   5  19   3   0   2  0.55 0.18
  219 D   -4 -3  2  7 -6 -2  1 -2 -3 -5 -6 -3 -5 -6 -3 -2 -3 -6 -5 -5    0   0   6  83   0   0   7   2   0   0   0   0   0   0   1   0   0   0   0   0  1.66 0.35
  220 L   -3 -3 -4 -5 -3 -2 -4 -5 -1 -1  4 -2  3  3 -5 -4 -3 -1  6 -2    0   0   0   0   0   1   0   0   0   0  44   2   7   8   0   0   0   0  37   0  0.90 0.25
  221 Y   -4 -4 -4 -5 -4 -4 -4 -5  0 -3 -2 -4 -2  5 -5 -3  0  4  8 -1    0   0   0   0   0   0   0   0   1   0   0   0   0  28   0   0   6   5  55   4  1.43 0.32
  222 L   -3 -4 -5 -6 -3 -4 -5 -6 -5  0  6 -4  2 -1 -5 -4 -3 -4 -3 -1    0   0   0   0   0   0   0   0   0   0  96   0   4   0   0   0   0   0   0   0  1.35 0.33
  223 T   -2 -4 -5 -5 -3 -4 -5 -5 -5  6  0 -4 -1 -2 -4 -3  0 -4 -3  5    0   0   0   0   0   0   0   0   0  52   1   0   0   0   0   0   4   0   0  43  1.02 0.27
  224 G   -2 -4 -3 -3 -5 -4 -4  4 -4 -5 -5 -3 -5 -6  7 -2 -3 -5 -5 -5    0   0   0   0   0   0   0  38   0   0   0   0   0   0  61   0   0   0   0   0  1.83 0.35
  225 T   -2 -4 -2 -3 -3 -3 -3 -4 -4 -3 -4 -3 -3 -5 -3 -1  8 -5 -4 -2    0   0   0   0   0   0   0   0   0   0   0   0   0   0   0   0 100   0   0   0  1.83 0.44
  226 A    5 -3 -2 -3 -2 -2 -2 -2 -3 -4 -4 -2 -3 -4 -3  4 -1 -5 -4 -2   65   0   0   0   0   0   0   0   0   0   0   0   0   0   0  34   0   0   0   0  1.00 0.30
  227 E   -3 -2 -3 -1 -6  0  7 -5 -2 -6 -5 -1 -4 -6 -3 -2 -3 -5 -4 -5    0   0   0   0   0   0 100   0   0   0   0   0   0   0   0   0   0   0   0   0  1.93 0.43
  228 V   -2 -5 -5 -5 -3 -4 -5 -5 -5  1 -1 -5 -1 -3 -5 -4 -2 -5 -3  7    0   0   0   0   0   0   0   0   0   1   0   0   0   0   0   0   0   0   0  99  1.58 0.38
  229 V    1 -4 -4 -4 -4 -3 -3 -4 -4 -4 -5 -3 -4 -5  8 -1 -1 -6 -5 -2   12   0   0   0   0   0   0   0   0   0   0   0   0   0  79   4   2   0   0   3  2.02 0.37
  230 L   -2 -4 -5 -5 -3 -4 -4 -5 -5  1  4 -4  1 -1 -4 -4 -1 -4 -3  4    0   0   0   0   0   0   0   0   0   2  60   0   1   0   0   0   2   0   0  35  0.83 0.24
  231 N    4 -3  0 -3 -3 -3 -3 -3 -3 -3 -3 -2 -3 -4 -3  0  6 -4 -4 -1   37   0   3   0   0   0   0   0   0   0   0   0   0   0   0   0  59   0   0   1  0.95 0.30
  232 A    1 -3  7 -1 -4 -2 -2  3 -2 -5 -5 -2 -4 -5 -4 -1 -2 -5 -4 -4   13   0  59   0   0   0   0  26   0   0   0   0   0   0   0   2   0   0   0   0  1.11 0.29
  233 L   -3 -4 -4 -5 -4 -3 -4 -5 -1  0  2 -4  3  2 -5 -4 -3 -1  8 -2    0   0   0   0   0   0   0   0   0   6  23   0   9   4   0   0   0   0  58   0  1.20 0.30
  234 H   -4 -2 -2 -4 -5 -2 -3 -5 10 -5 -4 -3 -4  0 -5 -3 -4 -3  5 -4    0   1   0   0   0   0   0   0  71   0   0   0   0   2   0   0   0   0  24   1  2.10 0.42
  235 S    1  5  0 -3 -3  0 -2 -2 -2 -3 -3  0  3 -3 -3  2 -1 -4 -1 -3   15  45   3   0   0   2   0   1   0   0   0   3  11   0   0  17   0   0   2   0  0.60 0.21
  236 G   -2 -3  2  6 -5 -1  2  3 -2 -5 -5 -2 -4 -5 -3 -2 -3 -5 -5 -5    0   0   8  53   0   1  11  26   0   0   0   0   0   0   0   0   0   0   0   0  1.02 0.25
  237 E   -3 -2 -2  0 -6  0  7 -4 -2 -5 -5 -1 -4 -6 -3 -2 -2 -5 -4 -4    0   0   0   2   0   1  95   0   0   0   0   0   0   0   0   0   1   0   0   1  1.74 0.40
  238 I   -3 -5 -5 -5 -3 -5 -5 -6 -6  7  0 -5  0 -2 -5 -5 -2 -5 -3  1    0   0   0   0   0   0   0   0   0  96   0   0   1   0   0   0   1   0   0   2  1.65 0.38
  239 L   -3 -4 -5 -5 -3 -4 -5 -5 -5  3  5 -4  1 -1 -5 -4 -3 -3 -3  0    0   0   0   0   0   0   0   0   0  20  75   0   2   0   0   0   0   0   0   3  1.01 0.26
  240 P   -1 -2  1  6 -4 -1  2 -2 -2 -4 -5  0 -4 -5  1  0  0 -5 -4 -4    3   1   6  51   0   1  12   0   0   0   0   6   0   0   8   8   4   0   0   0  0.78 0.21
  241 Y    2 -2 -2 -1 -3 -1  2  3 -2 -1  1 -1 -1 -2 -2 -1 -1 -3  0 -1   24   0   1   1   0   1  16  22   0   1  24   1   0   0   1   1   1   0   3   4  0.22 0.12
  242 E    0 -1  0  3 -3  0  3  0 -2 -4 -4  1 -3 -4 -2  2 -1 -4 -3 -3    9   0   4  23   0   2  25   5   0   0   0  10   0   0   0  22   1   0   0   0  0.48 0.16
  243 A    0  0  1  4 -4  3  3 -1 -1 -4 -4  1 -2 -4 -2  0 -1 -4 -3 -2   10   3   4  28   0  16  18   4   0   0   0  10   1   0   0   3   1   0   0   2  0.45 0.14
  244 L   -3 -4 -4 -5 -3 -4 -4  3 -4  0  5 -4  0 -1 -4 -3 -3 -3 -3 -1    0   0   0   0   0   0   0  23   0   0  75   0   0   0   0   0   0   0   0   0  0.89 0.26
  245 P   -3 -5 -5 -4 -5 -4 -4 -5 -5 -5 -5 -3 -5 -6  9 -3 -4 -6 -6 -4    1   0   0   0   0   0   0   0   0   0   0   0   0   0  98   0   0   0   0   0  2.87 0.47
  246 L   -2  1 -2 -3 -2 -1 -1 -4 -2  3  2  2  1 -2 -3 -2 -2 -3 -2  1    1   8   1   0   1   1   3   0   0  28  27  18   2   0   0   0   0   0   0   9  0.29 0.13
  247 R   -1  5  0 -3 -1 -1 -2 -3  1 -4 -3  2 -3 -1 -4 -1 -2 -2  6 -3    3  35   4   0   2   1   0   1   3   0   1  16   0   0   0   2   0   0  32   0  0.74 0.23
  248 Y   -4 -4 -4 -5 -5 -4 -4 -5  3 -3 -1 -4 -3  4 -5 -4 -4  1  8 -3    0   0   0   0   0   0   0   0   7   0   3   0   0  17   0   0   0   1  71   0  1.76 0.37
  249 A    4 -3 -2 -3  3 -3 -3 -2 -3 -1 -2 -3 -2 -3 -3  0  4 -4 -3  2   42   0   0   0   7   0   0   0   0   1   0   0   0   0   0   1  31   0   0  17  0.60 0.22
  250 G    5 -3 -3 -3 -2 -3 -3  4 -3 -4 -4 -3 -3 -4 -3  0 -2 -4 -4 -3   58   0   0   0   0   0   0  38   0   0   0   0   0   0   0   3   0   0   0   0  0.98 0.27
  251 Y   -4 -4 -5 -5 -4 -3 -4 -5  0 -3  0 -4  2  4 -5 -4 -4  8  7 -2    0   0   0   0   0   0   0   0   2   0   7   0   5  16   0   0   0  26  41   2  1.50 0.31
  252 A    0 -3 -1 -2 -3 -2 -2 -2 -3 -4 -4 -2 -3 -4 -3  6  4 -5 -4 -3    3   0   0   0   0   0   0   0   0   0   0   0   0   0   0  74  23   0   0   0  1.12 0.33
  253 P    3 -3 -2 -2 -3 -2 -2 -2 -3 -4 -4 -2 -3 -4  6  3  0 -5 -4 -3   27   0   0   2   0   0   0   1   0   0   0   0   0   0  39  26   5   0   0   0  0.96 0.24
  254 A   -1 -5 -1 -5 11 -5 -5 -4 -5 -4 -4 -5 -4 -5 -5  1 -3 -5 -5 -3    4   0   3   0  84   0   0   0   0   0   0   0   0   0   0   9   0   0   0   0  2.53 0.45
  255 F   -5 -5 -5 -6 -5 -5 -6 -6 -3 -2 -2 -5 -2  9 -6 -5 -4 -1  4 -3    0   0   0   0   0   0   0   0   0   0   0   0   0  91   0   0   0   0   9   0  2.14 0.41
  256 R   -4  8 -3 -4 -6 -1 -2 -5 -3 -6 -5  0 -4 -5 -5 -3 -4 -5 -4 -5    0 100   0   0   0   0   0   0   0   0   0   0   0   0   0   0   0   0   0   0  2.13 0.44
  257 S    2  5 -2 -3 -3  0 -1 -3 -2 -4 -4  1 -3 -4 -3  3 -1 -4 -3 -3   16  43   0   0   0   2   0   0   0   0   0   5   0   0   0  35   0   0   0   0  0.77 0.25
  258 E   -3 -2 -3 -1 -6  0  7 -5 -2 -6 -5 -1 -4 -6 -3 -2 -3 -5 -4 -5    0   0   0   0   0   0 100   0   0   0   0   0   0   0   0   0   0   0   0   0  1.93 0.43
  259 A    6 -4 -4 -4 -2 -3 -3 -2 -4 -3 -4 -3 -3 -4 -3 -1 -2 -5 -4 -1   98   0   0   0   0   0   0   0   0   0   0   0   0   0   0   0   0   0   0   2  1.43 0.37
  260 G   -2 -5 -3 -4 -5 -4 -4  7 -4 -6 -6 -4 -5 -5 -4 -2 -4 -5 -5 -5    0   0   0   0   0   0   0 100   0   0   0   0   0   0   0   0   0   0   0   0  2.06 0.38
  261 S    2 -3 -2 -2 -3 -2 -2 -2 -3 -4 -4 -2 -3 -4 -3  6  1 -5 -4 -3   13   0   0   0   0   0   0   0   0   0   0   0   0   0   0  82   5   0   0   0  1.18 0.34
  262 F    4 -3 -3 -4 -3 -3 -3 -3  4 -3 -3 -3 -3  1 -3 -1 -3 -2  6 -3   48   0   0   0   0   0   0   0  13   0   0   0   0   3   0   1   0   0  36   0  0.98 0.29
  263 G   -2 -5 -3 -4 -5 -4 -4  7 -4 -6 -6 -4 -5 -5 -4 -2 -4 -5 -5 -5    0   0   0   0   0   0   0 100   0   0   0   0   0   0   0   0   0   0   0   0  2.06 0.38
  264 K   -3  6 -2 -3 -5 -1 -2 -4 -2 -5 -4  5 -3 -5 -4 -2 -3 -5 -4 -4    0  54   0   0   0   0   0   0   0   0   0  46   0   0   0   0   0   0   0   0  1.39 0.33
  265 D   -4 -4 -1  8 -6 -3  0 -4 -3 -6 -6 -3 -6 -6 -4 -3 -3 -7 -6 -6    0   0   0 100   0   0   0   0   0   0   0   0   0   0   0   0   0   0   0   0  2.20 0.43
  266 V   -2 -3 -2 -3 -3 -3 -3 -4 -4 -1 -3 -3 -1 -4 -3 -1  7 -5 -4  2    0   0   0   0   0   0   0   0   0   1   0   0   1   0   0   0  83   0   0  15  1.32 0.36
  267 R   -4  8 -3 -4 -6 -1 -2 -5 -2 -5 -4  1 -4 -2 -4 -3 -3 -5 -4 -5    0  95   0   0   0   0   0   0   0   0   0   3   0   2   0   0   0   0   0   0  1.95 0.41
  268 G   -2 -5 -3 -4 -5 -4 -4  7 -4 -6 -6 -4 -5 -5 -4 -2 -4 -5 -5 -5    0   0   0   0   0   0   0 100   0   0   0   0   0   0   0   0   0   0   0   0  2.06 0.38
  269 L   -3 -4 -5 -5 -3 -4 -5 -5 -5  5  4 -4  2 -1 -5 -4 -3 -4 -3  0    0   0   0   0   0   0   0   0   0  42  52   0   5   0   0   0   0   0   0   1  0.94 0.25
  270 M   -3 -5 -5 -5 -3 -4 -5 -6 -5  7  1 -4  2  1 -5 -4 -3 -4 -1  1    0   0   0   0   0   0   0   0   0  76  10   0   5   6   0   0   0   0   2   2  1.10 0.28
  271 R   -4  8 -3 -4 -6 -1 -2 -5 -3 -6 -5  0 -4 -5 -5 -3 -4 -5 -4 -5    0 100   0   0   0   0   0   0   0   0   0   0   0   0   0   0   0   0   0   0  2.13 0.44
  272 V   -2 -2 -2 -3 -3  6 -1 -4 -3 -1  1 -2  1 -3 -4 -3 -2 -4 -3  4    0   0   1   0   0  45   0   0   0   0  12   0   2   0   0   0   0   0   0  40  0.80 0.28
  273 H   -4 -3 -2 -4 -6 -2 -3 -5 11 -6 -6 -3 -4 -4 -5 -4 -4 -5 -1 -6    0   0   0   0   0   0   0   0 100   0   0   0   0   0   0   0   0   0   0   0  3.02 0.54
  274 Q   -3 -1 -3 -3 -6  9 -1 -4 -2 -5 -5 -1 -3 -6 -4 -3 -3 -2 -4 -5    0   0   0   0   0  99   0   0   0   0   0   0   0   0   0   0   0   1   0   0  2.20 0.49
  275 F   -5 -5 -6 -6 -5 -6 -6 -6 -4 -3 -2 -6 -2  9 -6 -5 -5 -1  1 -3    0   0   0   0   0   0   0   0   0   0   0   0   0 100   0   0   0   0   0   0  2.39 0.45
  276 H   -3 -3  6  5 -5 -2 -1 -3  4 -5 -5 -2 -4 -5 -3 -1 -2 -6 -3 -5    0   0  48  37   0   0   1   0  12   0   0   0   0   0   0   2   0   0   0   0  1.24 0.30
  277 K   -3  0 -2 -3 -6 -1 -1 -4 -3 -5 -5  8 -4 -6 -3 -2 -3 -5 -4 -5    0   0   0   0   0   0   0   0   0   0   0 100   0   0   0   0   0   0   0   0  1.82 0.42
  278 V   -2 -5 -5 -5 -3 -4 -5 -5 -5  1  0 -4 -1 -3 -5 -4 -2 -5 -3  7    0   0   0   0   0   0   0   0   0   2   6   0   0   0   0   0   0   0   0  92  1.36 0.35
  279 E   -3 -2 -3 -1 -6  0  7 -5 -2 -6 -5 -1 -4 -6 -3 -2 -3 -5 -4 -5    0   0   0   0   0   0 100   0   0   0   0   0   0   0   0   0   0   0   0   0  1.93 0.43
  280 Q   -2 -3 -4 -5 -3  0 -4 -1 -4 -1  4 -3  8 -2 -4 -3 -3 -3 -3 -1    1   0   0   0   0   5   0   5   0   0  41   0  47   0   0   0   0   0   0   0  1.04 0.30
  281 Y   -3 -4 -5 -5 -3 -4 -5 -5 -4  1 -1 -4 -1  5 -5 -4 -2 -2  1  5    0   0   0   0   0   0   0   0   0   4   1   0   0  34   0   0   0   0   3  59  1.02 0.28
  282 V   -2  1 -2 -3 -3  0 -1 -3 -1  0 -3  5 -2 -4 -3  1 -1  1 -3  2    0   5   0   0   0   2   0   0   1   4   0  51   0   0   0  12   1   2   0  21  0.53 0.21
  283 L   -4 -4 -5 -5 -4 -4 -5 -5 -1  1  1 -4 -1  6 -5 -4 -3  1  6 -1    0   0   0   0   0   0   0   0   0  10   9   0   0  47   0   0   0   1  31   1  1.20 0.28
  284 T    1 -4 -3 -4  7 -3 -3 -3 -4  0 -2 -3 -2 -3 -3  1  3 -4 -3  4    9   0   0   0  26   0   0   0   0   0   0   0   0   0   0   9  19   0   0  35  0.70 0.22
  285 E    0  3 -1 -1 -3  0  1 -2  2 -3 -2  4 -2 -2 -2 -1 -1 -3 -2 -2    7  18   1   3   0   1   6   1   7   1   4  42   1   1   1   1   2   0   1   2  0.42 0.13
  286 A    0 -3 -1 -2 -3 -2 -2 -3 -3 -3 -3 -2 -3 -4  8 -2 -2 -4 -3 -3    8   1   2   1   0   1   1   1   0   1   2   1   0   1  75   1   1   0   1   1  1.78 0.27
  287 S    0  0  0  2 -1  0  0  0 -1 -1 -1  0 -1 -1  0  1  1 -1 -1 -1    5   3   3  19   1   3   5   6   1   3   6   4   1   3   3  10  15   1   2   4  0.09 0.02
  288 L    0  0  0  0 -1  0  0  0 -1 -1  0  0  0 -1  3  0  0 -1 -1  0    8   4   3   4   1   3   8   6   2   4  11   5   2   3  17   6   4   1   2   6  0.12 0.01
  289 E   -1 -2 -2  0 -4  0  7 -3 -2 -4 -4 -1 -3 -4 -3 -2 -2 -4 -3 -4    5   1   0   2   0   1  83   1   0   1   1   1   0   0   1   1   1   0   0   1  1.30 0.30
  290 A   -1 -1  1  5 -4  1  3 -3  1 -4 -4  0 -3 -4 -3 -1  1 -5 -3 -4    3   3   5  43   0   4  22   0   4   0   0   2   0   0   0   2  10   0   0   0  0.70 0.20
  291 S    3 -3 -2 -3 -3 -2 -2 -2 -3 -4 -4 -2 -3 -4 -3  6 -1 -5 -4 -3   32   0   0   0   0   0   0   0   0   0   0   0   0   0   0  68   0   0   0   0  1.05 0.32
  292 D   -1 -2 -2  0 -4  0  2 -4  2 -3 -3 -2 -2  2 -3 -2 -2  3  7 -3    5   1   0   6   0   3  19   0   3   0   0   2   0   6   0   0   1   4  48   1  0.83 0.24
  293 R    2  0  1  4 -4  1  4 -2 -1 -4 -4 -1 -3 -4 -3 -1 -1 -4 -3 -3   24   5   5  27   0   4  30   0   1   0   1   1   0   0   0   1   1   0   0   0  0.57 0.18
  294 A   -1 -2 -2  0 -5  1  7 -4 -2 -3 -3 -1 -1 -5 -3 -2 -2 -5 -4 -3    5   0   0   2   0   4  81   0   0   1   2   0   1   0   0   0   1   0   0   1  1.26 0.33
  295 F   -3 -3 -3 -4 -4 -3 -3 -5  7 -1  5 -4 -1  0 -5 -4 -3 -2 -1 -2    0   0   0   0   0   0   0   0  36   0  60   0   0   3   0   0   0   0   0   0  1.10 0.30
  296 Q   -2  1 -2  1 -5  4  6 -4 -2 -4 -2  0 -2 -4 -3 -2 -3 -4 -2 -4    1   5   0   5   0  18  62   0   0   0   4   2   0   0   0   0   0   0   2   0  0.96 0.27
  297 E   -2  4 -1 -2 -4  1  1 -3 -1 -4 -3  5 -2 -4 -3  0 -1 -4 -3 -4    2  26   1   0   0   4   8   1   0   0   2  48   0   0   0   6   2   0   0   0  0.75 0.22
  298 L   -3 -4 -5 -5 -3 -4 -5 -5 -4  0  6 -4  5 -1 -5 -4 -3 -3 -3 -1    0   0   0   0   0   0   0   0   0   1  82   0  17   0   0   0   0   0   0   0  1.19 0.30
  299 L   -2 -3 -3 -4 -3 -3 -3 -4 -4  0  3 -3 -1 -2 -3 -2  5 -4 -3  2    0   0   0   0   0   0   0   0   0   0  41   0   0   0   0   0  46   0   0  12  0.72 0.25
  300 E    2  1  2  1 -3  1  1  2  0 -3 -3  0 -2 -4 -2  0 -1 -4 -3 -2   28   8  10   7   0   7  10  19   2   0   1   3   0   0   0   4   0   0   0   1  0.29 0.11
  301 N   -2 -3  4  3 -2 -1 -1 -3  3 -4 -3 -2  1 -2 -4 -2 -3  8 -1 -4    3   0  29  20   1   1   3   0   9   0   2   0   6   1   0   1   0  25   0   0  0.95 0.25
  302 A    5 -3 -3 -2 -3  1  4 -2 -3 -4 -4 -2 -3 -4 -3 -1 -2 -4 -4 -3   66   0   0   0   0   6  28   0   0   0   0   0   0   0   0   0   0   0   0   0  0.91 0.29
  303 E   -3  2 -2 -1 -3  0  6 -3 -2 -5 -5  2 -4 -5 -3 -2 -3 -5 -4 -4    0  11   0   0   1   1  71   1   0   0   0  15   0   0   0   0   0   0   0   0  1.18 0.31
  304 E   -1  1  1  2 -4  2  4 -2  0 -4 -4  2 -2 -4 -2 -1 -1 -4 -3 -3    3   7   6  12   0  11  36   1   1   1   0  16   0   0   0   2   3   0   0   0  0.53 0.16
  305 I   -2 -4 -5 -5 -3 -3 -4 -5 -4  4  0 -4  6 -1 -4 -4 -2  4 -2  4    0   0   0   0   0   0   0   0   0  28   1   0  26   2   0   0   0   6   0  38  0.87 0.25
  306 L   -3 -4 -6 -6 -3 -4 -5 -6 -5  0  6 -5  1 -1 -5 -5 -3 -4 -3 -1    0   0   0   0   0   0   0   0   0   0  99   0   1   0   0   0   0   0   0   0  1.40 0.34
  307 R    2  2 -1  0 -4  6  0 -2 -2 -4 -4  1 -2 -5 -3 -1  0 -4 -3 -3   19   9   1   3   0  48   3   1   0   0   0   9   0   0   0   2   5   0   0   0  0.69 0.23
  308 L    1  1 -2 -2 -3  0 -1  0 -2 -1  2  2  0 -2 -3  0 -1 -3 -2 -1   18   9   0   1   0   2   3   5   1   2  31  22   2   0   0   4   2   0   0   0  0.19 0.12
  309 L   -3 -4 -5 -5 -3 -4 -5 -5 -5  3  5 -4  2 -1 -5 -4 -3 -3 -3  1    0   0   0   0   0   0   0   0   0  14  77   0   2   0   0   0   0   0   0   7  0.98 0.25
  310 E   -2 -2  1  1 -5  0  5  4 -1 -5 -5  0 -4 -5 -3 -2 -2 -4 -4 -4    0   1   8   5   0   1  49  31   1   0   0   5   0   0   0   0   0   0   0   0  0.82 0.23
  311 L   -3 -4 -5 -5 -3 -4 -5 -5 -5  1  5 -4  0 -1 -5 -4 -3 -4 -3  2    0   0   0   0   0   0   0   0   0   5  77   0   0   0   0   0   0   0   0  18  0.99 0.26
  312 P   -2 -5 -4 -4 -5 -4 -4 -5 -1 -5 -5 -3 -5 -6  9 -3 -3 -6 -5 -5    2   0   0   0   0   0   0   0   1   0   1   0   0   0  95   1   0   0   0   0  2.72 0.45
  313 Y   -4 -4 -5 -6 -5 -4 -5 -6  0 -4 -3 -4 -3  3 -6 -4 -4  0  9 -4    0   0   0   0   0   0   0   0   1   0   0   0   0   7   0   0   0   0  92   0  2.40 0.46
  314 R   -4  8 -2 -4 -6  1 -2 -5  2 -5 -4  0 -4 -5 -4 -3 -3 -5 -4 -5    0  90   0   0   0   5   0   0   5   0   0   0   0   0   0   0   0   0   0   0  1.79 0.39
  315 L   -2 -4 -5 -5 -3 -4 -5 -5 -5  2  0 -4 -1 -3 -4 -4 -1 -5 -3  7    0   1   0   0   0   0   0   0   0   4   4   0   0   0   0   0   1   0   0  90  1.30 0.33
  316 V   -2 -4 -5 -5 -3 -4 -4 -5 -5  5  1 -4  4 -2 -4 -4 -2 -4 -3  4    0   0   0   0   0   0   0   0   0  41  10   0  12   0   0   0   0   0   0  38  0.84 0.23
  317 E    1 -1  0  4  2  0  1 -2 -2 -2 -1 -1 -2 -3 -2  1  1 -4 -3 -1   11   3   2  35   5   3   7   0   0   1   6   2   0   0   0  11  11   0   0   3  0.35 0.13
  318 V   -2 -4 -4 -5 -2 -3 -4 -5 -4  2  4 -4  4 -1 -4 -3  0 -3 -2  3    0   0   0   0   0   0   0   0   0   9  47   0  11   0   0   0   7   0   0  26  0.64 0.19
  319 A    4 -4 -4 -4  9 -4 -4 -3 -4 -3 -3 -4 -3 -4 -3  1 -2 -5 -4 -3   37   0   0   0  54   0   0   0   0   0   0   0   0   0   0   9   0   0   0   0  1.57 0.34
  320 T    2 -3 -2 -3 -3 -2 -3  1 -3 -3 -3 -2 -3 -4 -3  1  6 -4 -4 -2   15   0   0   0   0   0   0  11   0   0   0   1   0   0   0   6  67   0   0   0  0.92 0.29
  321 G    1 -4 -2 -3 -4 -4 -4  7 -4 -6 -6 -4 -5 -5 -4 -2 -3 -5 -5 -5    9   0   0   0   0   0   0  91   0   0   0   0   0   0   0   0   0   0   0   0  1.77 0.35
  322 D   -4 -4 -1  8 -6 -3 -1 -4 -3 -6 -6 -3 -6 -6 -4 -3 -3 -7 -6 -6    0   0   0 100   0   0   0   0   0   0   0   0   0   0   0   0   0   0   0   0  2.20 0.43
  323 M   -3 -4 -5 -5 -3 -3 -4 -5 -4  1  5 -4  6 -1 -5 -4 -3 -3 -3 -1    0   0   0   0   0   0   0   0   0   6  65   0  29   0   0   0   0   0   0   0  1.11 0.29
  324 G   -2 -4 -2 -3 -5 -4 -4  7 -4 -6 -6 -4 -5 -5 -4 -1 -3 -5 -5 -5    0   0   0   0   0   0   0  96   0   0   0   0   0   0   0   2   1   0   0   0  1.91 0.37
  325 P    0 -4 -3 -3 -4 -2 -3 -4 -3 -2 -2 -3 -2  7 -1  2  0 -2  0 -3    7   0   0   0   0   2   0   0   0   0   0   0   0  62   3  20   5   0   0   0  0.98 0.28
  326 G    1 -3 -1 -2 -3 -2 -2  1 -3 -4 -4 -2 -3 -4 -2  5  3 -5 -4 -3    7   0   0   0   0   0   0   9   0   0   0   0   0   0   0  65  19   0   0   0  0.88 0.28
  327 K    6 -3 -3 -3 -2 -1 -2 -2 -3 -3 -4 -1 -3 -4 -3  2 -1 -4 -4 -2   76   0   0   0   0   2   0   0   0   0   0   3   0   0   0  18   0   0   0   0  0.99 0.30
  328 W    6 -3 -3 -4 -2 -3 -3 -2 -3 -2 -3 -3 -2 -4 -3  1 -1  2 -2 -2   83   0   0   0   0   0   0   0   0   2   0   0   0   0   0   9   2   3   1   1  1.04 0.31
  329 R   -3  5 -2 -3 -5 -1 -1 -4 -2 -4 -3  6  0 -3 -3 -2 -2 -5 -4 -4    0  40   0   0   0   0   0   0   0   0   1  55   2   1   0   0   1   0   0   0  1.19 0.30
  330 Q   -2 -1 -2 -3 -2  0 -2 -3 -3 -4 -4  5 -3 -5 -3 -1  5 -5 -4 -3    0   0   0   0   1   4   0   0   0   0   0  50   0   0   0   0  45   0   0   0  1.01 0.31
  331 V   -4 -4 -4 -5 -5 -4 -4 -5  1 -3 -3 -4 -3  5 -5 -4 -4  0  8 -1    0   0   0   0   0   0   0   0   3   0   0   0   0  28   0   0   0   0  66   3  1.80 0.37
  332 D   -4 -4 -1  8 -6 -3 -1 -4 -3 -6 -6 -3 -6 -6 -4 -3 -3 -7 -6 -6    0   0   0 100   0   0   0   0   0   0   0   0   0   0   0   0   0   0   0   0  2.22 0.43
  333 I   -2 -4 -3 -5  7 -4 -5 -5 -5  4  3 -4  0 -2 -4 -3  0 -4 -3  1    0   0   1   0  26   0   0   0   0  38  28   0   0   0   0   0   5   0   0   3  0.84 0.23
  334 E   -3 -2 -3 -1 -6  0  7 -5 -2 -6 -5 -1 -4 -6 -3 -2 -3 -5 -4 -5    0   0   0   0   0   0 100   0   0   0   0   0   0   0   0   0   0   0   0   0  1.93 0.43
  335 V    3 -4 -4 -4 -2 -3 -4 -3 -4  0 -1 -3 -1 -3 -4 -2 -1 -5 -3  5   34   0   0   0   0   0   0   0   0   0   0   0   0   0   0   0   2   0   0  65  0.90 0.28
  336 Y   -6 -6 -7 -7 -5 -5 -6 -6 -5 -6 -5 -6 -4 -2 -7 -6 -5 13  1 -6    0   0   0   0   0   0   0   0   0   0   0   0   0   0   0   0   0  97   3   0  4.21 0.61
  337 L   -2 -4 -4 -5 -2 -3 -4 -5 -4  4  3 -4  4  1 -4 -3 -2 -3 -2  3    0   0   0   0   0   0   0   0   0  29  30   0  15   5   0   0   0   0   0  21  0.65 0.19
  338 P   -3 -5 -5 -4 -5 -4 -4 -5 -5 -5 -6 -4 -5 -6  9 -3 -4 -6 -6 -5    0   0   0   0   0   0   0   0   0   0   0   0   0   0 100   0   0   0   0   0  2.96 0.48
  339 S    2 -3 -1 -2 -2 -2 -1  0 -3 -3 -3 -2 -3 -3 -2  4  4 -4 -3 -2   18   0   0   0   0   0   2   5   0   0   0   0   0   0   0  46  28   0   0   0  0.68 0.24
  340 E   -2 -1 -2 -3 -5  7  0 -4 -1 -4 -4 -1 -2  0 -4 -1 -3 -2  5 -4    3   2   1   0   0  65   3   0   0   0   0   0   1   2   0   4   0   0  20   0  1.19 0.34
  341 G   -2 -2  5  2 -4  1  1  4 -1 -5 -5 -1 -4 -5 -3 -1 -2 -5 -4 -4    0   1  34   9   0   9   8  36   1   0   0   1   0   0   0   1   0   0   0   0  0.77 0.21
  342 R    1  3 -1 -2  1 -1 -1 -3 -2 -2 -2  2  0 -4 -3  0  4 -4 -3 -1   11  18   2   1   4   1   1   0   0   0   0  13   3   0   0   1  40   0   0   4  0.44 0.18
  343 Y   -4 -4 -5 -6 -5 -4 -5 -6 -1 -4 -4 -4 -4  1 -6 -4 -4  1  9 -4    0   0   0   0   0   0   0   0   0   0   0   0   0   2   0   0   0   1  97   0  2.57 0.49
  344 R   -3  7 -3 -4 -5 -1 -2 -3 -2 -4 -3  1 -3 -5 -4 -3 -3 -5 -4 -1    0  84   0   0   0   0   0   2   0   0   1   6   0   0   0   0   0   0   0   7  1.51 0.35
  345 E   -3 -2 -3 -1 -6  0  7 -5 -2 -6 -5 -1 -4 -6 -3 -2 -3 -5 -4 -5    0   0   0   0   0   0 100   0   0   0   0   0   0   0   0   0   0   0   0   0  1.93 0.43
  346 T   -3 -4 -5 -5 -3 -4 -5 -5 -5  6  3 -4  0 -2 -4 -4  0 -4 -3  1    0   0   0   0   0   0   0   0   0  60  31   0   0   0   0   0   5   0   0   4  0.93 0.25
  347 H   -1 -3 -1 -2 -3 -2 -2 -3  2 -4 -4 -2 -3 -4 -3  5  4 -5 -3 -3    0   0   0   0   0   0   0   0   5   0   0   0   0   0   0  62  34   0   0   0  1.03 0.32
  348 S   -1 -3 -2 -3 -3 -2 -2 -3 -3 -5 -5 -2 -4 -5 -3  7 -1 -5 -4 -4    0   0   0   0   0   0   0   0   0   0   0   0   0   0   0 100   0   0   0   0  1.62 0.42
  349 C   -1 -5 -4 -5 10 -4 -5 -4 -5 -3 -4 -4 -3 -5 -4 -2  4 -5 -4 -3    3   0   0   0  66   0   0   0   0   0   0   0   0   0   0   0  30   0   0   0  2.04 0.40
  350 S   -1 -3 -2 -3 -3 -2 -2 -3 -3 -5 -5 -2 -4 -5 -3  7 -1 -5 -4 -4    0   0   0   0   0   0   0   0   0   0   0   0   0   0   0  99   1   0   0   0  1.60 0.42
  351 A   -2 -3  8  0 -3 -2 -2 -3 -2 -5 -6 -2 -4 -5 -4 -2 -1 -6 -4 -5    3   0  92   3   0   0   0   0   0   0   0   0   0   0   0   0   2   0   0   0  1.88 0.41
  352 L   -3 -5 -4 -4  9 -5 -5 -5 -4 -2 -1 -5 -2  5 -5 -3  0 -3 -1 -1    0   0   0   1  50   0   0   0   0   1   3   0   0  33   0   0   8   0   1   3  1.50 0.33
  353 L   -2 -1 -2  0 -3 -1  5 -2  0 -3 -1 -1 -3 -4 -3 -1  4 -4 -3 -2    0   1   0   3   0   0  48   2   2   0   6   1   0   0   0   0  35   0   0   2  0.71 0.25
  354 D   -1 -3 -1  6 -4 -2  1 -1 -3 -4 -5 -2 -4 -5 -3 -1  3 -5 -4 -4    4   0   0  61   0   0   7   3   0   0   0   0   0   0   0   2  23   0   0   0  1.05 0.27
  355 W   -5 -5 -5 -6 -5 -5 -5 -5 -3 -2 -2 -5 -2  8 -6 -5 -4  3  3 -3    0   0   0   0   0   0   0   0   0   0   0   0   0  89   0   0   0   3   8   0  2.07 0.40
  356 Q   -3 -1 -3 -3 -6  9 -1 -4 -2 -6 -5 -1 -3 -6 -4 -3 -3 -5 -4 -5    0   0   0   0   0 100   0   0   0   0   0   0   0   0   0   0   0   0   0   0  2.23 0.50
  357 A    6 -3 -3 -4 -2 -3 -3 -1 -4 -3 -4 -3 -3 -4 -3  0 -2 -5 -4 -2   95   0   0   0   0   0   0   1   0   0   0   0   0   0   0   4   0   0   0   0  1.34 0.36
  358 R   -4  8 -3 -4 -6 -1 -2 -5 -1 -6 -5  0 -4 -5 -5 -3 -4 -5 -4 -5    0  99   0   0   0   0   0   0   1   0   0   0   0   0   0   0   0   0   0   0  2.10 0.43
  359 R   -3  8 -3 -4 -6 -1 -2 -4 -3 -5 -5  0 -4 -5 -5 -3 -3 -5 -4 -5    0  98   0   0   0   0   0   1   0   0   0   0   0   0   0   0   0   0   0   0  2.05 0.43
  360 A    5 -3 -3 -4 -2 -3 -3 -2 -4 -1  3 -3  2 -2 -3 -1 -2 -4 -3 -1   57   0   1   0   0   0   0   1   0   0  36   0   6   0   0   0   0   0   0   0  0.68 0.25
  361 N    0 -1  5  0 -4  1 -1  1  0 -3 -4  0  1 -4 -3  2 -1 -4 -3 -3    5   1  44   2   0   8   0  12   1   0   0   5   6   0   0  15   0   0   0   0  0.59 0.20
  362 L   -2 -3 -4 -4 -3 -4 -4 -5 -4  6  1 -4  0 -2 -4 -3  2 -4 -3  3    1   1   0   0   0   0   0   0   0  61   6   0   2   0   0   0  14   0   0  15  0.82 0.24
  363 R   -4  8 -3 -4 -6  0 -2 -4 -2 -5 -4  2 -4 -4 -4 -3 -3 -5 -2 -5    0  89   0   0   0   1   0   0   0   0   0   8   0   0   0   0   0   0   1   0  1.77 0.38
  364 Y   -4 -3 -4 -5 -4 -4 -3 -5  1 -3 -2 -4  2  6 -5 -4 -4  1  7 -2    0   1   0   0   0   0   1   0   2   0   0   0   5  35   0   0   0   1  54   1  1.51 0.33
  365 R   -4  8 -3 -4 -6 -1 -2 -5 -2 -5 -5  2 -4 -5 -4 -3 -3 -5 -4 -5    0  93   0   0   0   0   0   0   0   0   0   7   0   0   0   0   0   0   0   0  1.91 0.40
  366 D   -3  1  0  6 -5 -1  2 -2 -2 -5 -5 -1 -4 -5  2 -1 -1 -5 -4 -4    0  10   2  56   0   0  16   1   0   0   0   0   0   0  11   1   2   0   0   0  0.96 0.24
  367 P    2 -1 -1  0 -4  0  4  0 -2 -4 -4  1 -3 -4  3  0 -1 -4 -2 -3   19   1   1   4   0   1  36   6   0   0   0   9   0   0  16   4   2   0   1   0  0.51 0.17
  368 E   -2  0  3  3 -4  0  2 -1 -1 -4 -4  3 -3 -4 -1 -1 -1 -5 -3 -4    1   3  21  23   0   2  10   4   0   0   0  30   0   0   2   2   1   0   0   0  0.56 0.17
  369 G    1 -3 -1 -1 -3 -2 -2  6 -3 -4 -4 -1 -4 -4 -3  1 -2 -4 -4 -4   14   1   2   2   0   1   2  66   0   0   0   2   0   0   0   8   1   0   0   0  0.97 0.22
  370 R   -3  3 -2 -3 -5  0  0 -3 -2 -5 -4  7 -3 -5 -3 -2 -2 -5 -4 -4    0  11   0   0   0   1   2   1   0   0   0  81   0   0   0   1   1   0   0   0  1.29 0.32
  371 V    0 -4 -1 -3 -3 -3 -3 -4 -4 -1  0 -3 -2 -4  7 -2  1 -5 -4  2    6   0   3   0   0   0   0   0   0   2   8   0   0   0  52   1  11   0   0  16  1.05 0.24
  372 R   -1  3 -1 -1 -5  5  4 -3  1 -4 -4  1 -3 -5 -3 -1 -2 -4 -3 -4    3  21   1   1   0  29  33   0   3   0   0   7   0   0   0   1   1   0   0   0  0.77 0.22
  373 Y   -2 -3 -3 -4 -3 -3 -3 -4  2  1  0 -3 -1  5  1 -3  1 -1  5 -1    1   0   0   0   0   0   0   0   6   8   8   0   0  35   9   0   9   0  22   3  0.64 0.19
  374 A    3 -4 -4 -4  1 -3 -4 -3 -4  1  1 -3 -1 -2 -3 -2 -1 -4 -3  5   26   0   0   0   3   0   0   0   0   1  14   0   0   0   0   0   0   0   0  55  0.64 0.22
  375 Y    3 -3 -2 -4 -4 -2 -2 -3  9 -5 -4 -3 -3 -3 -4 -2 -3 -4  1 -4   33   0   0   0   0   0   0   0  63   0   0   0   0   0   0   1   0   0   3   0  1.63 0.38
  376 T   -2 -4 -2 -3 -3 -3 -3 -4 -4 -3 -4 -3 -3 -5 -3 -1  8 -5 -4 -2    0   0   0   0   0   0   0   0   0   0   0   0   0   0   0   0 100   0   0   0  1.83 0.44
  377 L   -3 -4 -6 -6 -3 -4 -5 -6 -5  0  6 -5  0 -1 -5 -5 -3 -4 -3 -1    0   0   0   0   0   0   0   0   0   0  99   0   0   0   0   0   0   0   0   0  1.41 0.34
  378 N   -4 -3  8 -1 -5 -2 -3 -3 -2 -6 -6 -3 -5 -6 -5 -2 -2 -6 -5 -5    0   0 100   0   0   0   0   0   0   0   0   0   0   0   0   0   0   0   0   0  2.23 0.46
  379 N   -2 -4  0 -3 -5 -4 -4  7 -4 -6 -6 -4 -5 -5 -4 -2 -4 -5 -5 -5    0   0   5   0   0   0   0  95   0   0   0   0   0   0   0   0   0   0   0   0  1.90 0.36
  380 T   -1 -3 -1 -2 -3 -2 -2 -3 -3 -4 -4 -2 -3 -4 -3  5  5 -5 -4 -3    0   0   0   0   0   0   0   0   0   0   0   0   0   0   0  62  38   0   0   0  1.12 0.33
  381 A    0 -2 -1 -2 -2 -2 -2  5 -2 -2  0 -2 -2 -2 -2 -1 -2 -2 -2 -2    7   1   1   1   1   1   2  63   1   1  10   2   1   1   1   2   2   0   1   2  0.73 0.14
  382 L   -3 -4 -5 -5  3 -4 -5 -5 -5  1  5 -4  0 -1 -5 -4 -3 -4 -3  1    0   0   0   0   7   0   0   0   0   5  80   0   0   0   0   0   0   0   0   8  1.01 0.26
  383 A    6 -4 -4 -4 -3 -3 -3 -1 -4 -4 -4 -3 -3 -4 -3 -1 -2 -5 -4 -2   98   0   0   0   0   0   0   2   0   0   0   0   0   0   0   0   0   0   0   0  1.44 0.37
  384 T   -2 -4 -3 -4 -2 -3 -4 -4 -4  3 -1 -3 -1 -3 -4 -1  4 -4 -3  5    0   0   0   0   0   0   0   0   0  18   2   0   0   0   0   2  29   0   0  49  0.74 0.24
  385 P   -1 -4 -2 -3 -4 -3 -3  6 -4 -4 -5 -3 -4 -5  2 -1  3 -4 -4 -4    1   0   0   0   0   0   0  62   0   0   0   0   0   0  11   0  27   0   0   0  1.11 0.28
  386 R   -4  8 -3 -4 -6 -1 -2 -5 -3 -6 -5  0 -4 -5 -5 -3 -4 -5 -4 -5    0 100   0   0   0   0   0   0   0   0   0   0   0   0   0   0   0   0   0   0  2.13 0.44
  387 I   -2 -4 -3 -4  1 -3 -4 -4 -4  0 -3 -3 -3 -3 -4 -1  6  8 -2 -2    2   0   0   0   3   0   0   0   0   5   0   0   0   0   0   1  64  26   0   1  1.44 0.36
  388 L   -2 -4 -5 -5 -2 -4 -4 -5 -4  3  3 -4  1 -1 -4 -3 -1 -4 -2  4    0   0   0   0   0   0   0   0   0  19  36   0   1   1   0   0   2   0   0  41  0.72 0.20
  389 A    4 -3 -4 -4 -2 -3 -3 -3 -4  1 -1 -3 -1 -3 -3 -1 -1 -4 -3  4   50   0   0   0   0   0   0   0   0   6   2   0   1   0   0   2   1   0   0  38  0.66 0.23
  390 M    6 -4 -4 -4 -1 -3 -3 -2 -4 -3 -3 -3  0 -4 -1 -1 -2 -5 -4 -2   93   0   0   0   1   0   0   0   0   0   0   0   3   0   2   0   0   0   0   0  1.29 0.35
  391 L   -3 -5 -5 -5 -3 -5 -5 -6 -5  7  2 -5  0 -2 -5 -4 -3 -4 -3  2    0   0   0   0   0   0   0   0   0  82  11   0   0   0   0   0   0   0   0   6  1.31 0.31
  392 L   -3 -4 -5 -6 -3 -4 -5 -6 -5  0  6 -4  3 -1 -5 -4 -3 -2 -3  0    0   0   0   0   0   0   0   0   0   1  91   0   6   1   0   0   0   0   0   1  1.23 0.30
  393 E   -3 -2 -3 -1 -6  0  7 -5 -2 -6 -5 -1 -4 -6 -3 -2 -3 -5 -4 -5    0   0   0   0   0   0 100   0   0   0   0   0   0   0   0   0   0   0   0   0  1.93 0.43
  394 N   -4 -3  8 -1 -5 -2 -3 -3 -1 -6 -6 -3 -5 -5 -4 -2 -1 -6 -4 -4    0   0  97   0   0   1   0   0   1   0   0   0   0   0   0   0   2   0   0   1  2.07 0.44
  395 H   -4 -3  0 -4 -1 -3 -3 -4  7 -4 -4 -3 -3  1 -5 -3 -4 -1  8 -4    0   0   5   0   1   0   0   0  35   0   0   0   0   3   0   0   0   0  56   0  1.71 0.37
  396 Q   -3 -1 -3 -3 -6  9 -1 -4 -2 -6 -5 -1 -3 -6 -4 -3 -3 -5 -4 -5    0   0   0   0   0 100   0   0   0   0   0   0   0   0   0   0   0   0   0   0  2.23 0.50
  397 L   -3  2  3 -1 -5  7  1 -4 -2 -4 -1  0 -2 -5 -3 -2 -1 -4 -3 -4    0   9  15   1   0  62   4   0   0   0   7   1   0   0   0   0   2   0   0   0  1.02 0.30
  398 Q    3 -1 -2 -1 -3  1  4 -2 -2 -4 -4  0 -3 -4  3 -1 -2 -4 -4 -3   38   1   0   1   0   4  36   0   0   0   0   4   0   0  15   1   0   0   0   0  0.69 0.23
  399 D   -4 -4 -1  8 -6 -3 -1 -4 -3 -6 -6 -3 -6 -6 -4 -3 -3 -7 -6 -6    0   0   0  99   0   0   0   0   0   0   0   0   0   0   0   0   0   0   0   0  2.19 0.43
  400 G   -2 -5 -3 -4 -5 -4 -4  7 -4 -6 -6 -4 -5 -5 -4 -2 -4 -5 -5 -5    0   0   0   0   0   0   0 100   0   0   0   0   0   0   0   0   0   0   0   0  2.04 0.38
  401 R   -1  1 -1 -2 -3 -2 -2 -2 -3 -4 -4 -2 -3 -4 -3  6  2 -5 -4 -4    1   7   1   0   0   0   0   0   0   0   0   0   0   0   0  82   9   0   0   0  1.14 0.34
  402 V   -2 -5 -5 -5 -3 -4 -5 -5 -5  3 -1 -4 -1 -1 -4 -4 -2 -5 -3  6    0   0   0   0   0   0   0   0   0  14   0   0   0   2   0   0   0   0   0  84  1.27 0.32
  403 R   -2  4 -2 -2 -3 -1 -1 -4 -2  2 -1  0 -1 -3 -3 -1  2 -2 -2  2    1  31   0   2   0   0   3   0   1  12   3   4   0   0   0   1  16   0   1  25  0.34 0.16
  404 V   -2 -5 -5 -5 -3 -4 -5 -5 -5  5  0 -4 -1 -2 -4 -4 -2 -5 -3  5    0   0   0   0   0   0   0   0   0  40   2   0   0   0   0   0   0   0   0  58  1.09 0.28
  405 P   -3 -5 -5 -4 -5 -4 -4 -5 -5 -5 -6 -4 -5 -6  9 -3 -4 -6 -6 -5    0   0   0   0   0   0   0   0   0   0   0   0   0   0 100   0   0   0   0   0  2.96 0.48
  406 Q    0 -1 -2  1 -5  1  6 -3 -1 -5 -4  2 -4 -5  0 -2 -2 -5 -4 -4    6   1   0   4   0   3  67   0   1   0   0  13   0   0   3   0   1   0   0   0  0.98 0.27
  407 A    4 -4 -4 -4 -2 -3 -2 -2 -4  0 -2 -3 -1 -3 -3 -1 -2 -4 -3  4   50   0   0   0   0   0   2   1   0   2   0   0   0   0   0   0   0   0   0  45  0.74 0.26
  408 L   -3 -4 -6 -6 -3 -4 -5 -6 -5  0  6 -5  1 -1 -5 -5 -3 -4 -3 -1    0   0   0   0   0   0   0   0   0   0  99   0   1   0   0   0   0   0   0   0  1.41 0.34
  409 I   -2  6 -3 -4 -4  2 -2 -4 -2 -1 -3  0 -2 -4 -4 -3 -2 -3 -3  3    1  61   0   0   0  10   0   0   0   2   0   1   0   0   0   0   0   0   0  24  0.97 0.28
  410 P   -3 -2 -4 -1 -5 -3 -3 -3 -4 -5 -5 -1 -5 -6  8 -2 -3 -6 -5 -5    0   1   0   3   0   0   1   1   0   0   0   3   0   0  90   1   0   0   0   0  2.45 0.42
  411 Y   -4 -4 -5 -6 -5 -4 -5 -5  0 -3 -2 -4 -3  5 -5 -4 -4  2  9 -3    0   0   0   0   0   0   0   0   0   0   1   0   0  19   0   0   0   1  77   0  2.02 0.41
  412 M   -3 -4 -5 -5 -3 -3 -4 -5 -4  0  2 -4  8 -2 -5 -4 -2 -4 -3  3    0   0   0   0   0   0   0   0   0   1  19   0  60   0   0   0   1   0   0  19  1.30 0.34
  413 G   -2 -3 -1 -3 -5 -4 -4  7 -2 -6 -6 -2 -5 -5 -4 -2 -4 -5 -5 -5    0   1   2   0   0   0   0  94   1   0   0   2   0   0   0   0   0   0   0   0  1.81 0.35
  414 K   -1  2  0 -2  1 -1 -2  4 -2 -2 -2  2 -2 -2 -3 -1  1 -4 -3  0    2  14   5   0   4   1   0  34   0   2   2  16   1   1   0   0  12   0   0   8  0.33 0.13
  415 E   -2 -1 -1  4 -5  0  5 -3 -2 -5 -5  1 -3 -5 -3 -1 -2 -5 -4 -4    0   1   0  30   0   1  57   0   0   0   0   7   0   0   0   2   1   0   0   0  1.06 0.26
  416 V   -1 -1 -4 -4 -2 -3 -3 -4 -3  2  0  0  0 -1 -4 -3 -1 -4 -1  5    2   3   0   0   0   0   1   0   1   9   4   7   0   2   0   0   2   0   2  67  0.63 0.21
  417 L   -3 -4 -5 -5 -3 -4 -5 -5 -5  5  4 -4  1 -1 -4 -4 -2 -4 -3  1    0   0   0   0   0   0   0   0   0  53  44   0   1   0   0   0   0   0   0   1  0.94 0.24
  418 E   -1  2 -1  0 -4  1  4 -3 -1 -3 -3  3 -2 -4 -2  0  2 -4 -3 -2    5  11   0   1   0   2  37   0   0   0   1  20   0   0   1   3  16   0   0   2  0.49 0.16
  419 P   -3 -4 -4 -3 -5 -3 -3 -4 -4 -5 -5 -3 -4 -6  9 -3 -3 -6 -5 -4    0   0   0   0   0   0   0   0   0   0   0   0   0   0  99   0   1   0   0   0  2.74 0.35
  420 C    1 -2 -3 -3  2 -1 -2 -2 -3  2  0 -1  0 -1 -3  0  0 -3 -2  3   19   2   0   0   6   2   0   1   0  12   3   3   0   1   0   4   3   0   0  45  0.25 0.08
  421 G    3 -2 -1 -2 -2 -2 -2  5 -2 -3 -3 -2 -2 -3 -2  0 -1 -3 -3 -2   47   0   0   0   0   0   0  53   0   0   0   0   0   0   0   0   0   0   0   0  0.70 0.08

                      K         Lambda
Standard Ungapped    0.1365     0.3189
Standard Gapped      0.0624     0.2670
PSI Ungapped         0.2039     0.3155
PSI Gapped           0.0624     0.2670
