
Last position-specific scoring matrix computed, weighted observed percentages rounded down, information per position, and relative weight of gapless real matches to pseudocounts
           A  R  N  D  C  Q  E  G  H  I  L  K  M  F  P  S  T  W  Y  V   A   R   N   D   C   Q   E   G   H   I   L   K   M   F   P   S   T   W   Y   V
    1 A    4 -2 -1 -2  0 -1 -1 -1 -2 -3 -3 -1 -2 -3 -2  4  0 -4 -3 -2   49   0   0   0   1   0   0   0   0   0   0   0   0   0   0  50   0   0   0   0  0.64 0.17
    2 E   -1 -1 -1  0 -3  0  4 -3 -2 -3 -3  0 -3 -4 -2  2  3 -4 -3 -3    1   0   0   1   0   1  47   0   0   0   0   2   0   0   0  23  27   0   0   0  0.63 0.18
    3 F   -3 -3 -2 -5 -4 -1 -4 -1 -3 -1 -1 -1  5  7 -5 -3 -3  0  1 -2    0   0   2   0   0   3   0   5   0   1   0   5  22  58   0   0   0   1   2   1  1.03 0.32
    4 D   -2 -2  2  4 -5  2  4 -3  0 -4 -4  1 -3 -5 -2  1 -1 -5 -4 -4    1   0  10  22   0  10  35   0   2   0   1   7   0   0   1   9   1   0   0   0  0.66 0.24
    5 A    1  2 -1 -1 -5  3  1 -1 -3 -5 -4  5 -3 -4  2 -1 -2 -5 -4 -4   11   8   1   2   0  12   6   4   0   0   0  45   0   1   8   1   1   0   0   0  0.67 0.30
    6 D   -2 -1 -3  1 -4 -1  1 -4  0 -1 -2 -2 -2 -3  3 -2  0  7 -2  3    2   4   0   8   0   2  12   0   2   3   2   0   1   0  16   0   6  17   0  24  0.56 0.27
    7 V   -3 -4 -5 -5 -3 -4 -5 -6 -4  4  2 -4  2 -1 -5 -4 -2 -3  3  4    0   0   0   0   0   0   0   0   0  28  20   0   5   1   0   0   1   0  13  31  0.79 0.32
    8 I   -3 -5 -6 -6 -4 -5 -6 -6 -6  4  0 -5 -2 -1 -5 -5 -3 -5  0  6    0   0   0   0   0   0   0   0   0  18   6   0   0   2   0   0   0   0   4  69  1.35 0.49
    9 V   -4 -6 -6 -6 -4 -5 -6 -6 -6  6  1 -5  0 -1 -6 -5 -3 -5 -3  4    0   0   0   0   0   0   0   0   0  56   8   0   2   1   0   0   0   0   0  32  1.36 0.48
   10 D   -5 -5  2  8 -7 -4 -2 -5 -1 -7 -7 -4 -7 -7 -5 -4 -5 -8 -7 -7    0   0   8  90   0   0   1   0   2   0   0   0   0   0   0   0   0   0   0   0  2.42 0.74
   11 A    5 -5 -4 -5  3 -4 -4  5 -5 -5 -4 -4 -4 -6 -4 -2 -3 -6 -5 -3   56   0   0   0   5   0   0  37   0   0   1   0   0   0   0   0   0   0   0   1  1.30 0.52
   12 R   -2  4 -1  0 -5  1  3 -3 -1 -5 -4  3 -3 -5 -3  1  2 -5 -4 -4    2  23   2   5   0   4  18   1   1   0   0  21   0   0   0   8  13   0   0   0  0.59 0.30
   13 D   -2 -4  3  3 -2 -4 -2  6  1 -6 -6 -3 -5 -6 -5 -3 -4 -6 -5 -6    2   0  15  20   1   0   1  56   3   0   0   1   0   0   0   0   0   0   0   0  1.25 0.46
   14 C   -2 -3 -3 -5  3  2 -3 -5  9 -4  0  0  0 -4 -5 -2 -3 -5  0 -2    3   0   0   0   6   8   0   0  54   0  11   7   3   0   0   2   1   0   2   3  1.42 0.54
   15 I   -3 -2 -5 -5 -3 -4 -5 -6 -5  4  3 -4  2 -2 -5 -4  1 -5 -3  3    0   2   0   0   0   0   0   0   0  27  34   1   5   1   0   0   7   0   0  22  0.78 0.34
   16 M    0 -5 -6 -6 -4 -3 -5 -6 -3 -1  6 -5  3 -2 -5 -5 -4 -4  0  0    9   0   0   0   0   1   0   0   1   1  73   0   6   0   0   0   0   0   3   6  1.16 0.47
   17 G   -3 -6 -4 -5 -6 -6 -6  8 -6 -8 -8 -5 -7 -7 -6 -2 -5 -6 -7 -7    0   0   0   0   0   0   0  98   0   0   0   0   0   0   0   2   0   0   0   0  2.52 0.75
   18 R   -5  8 -4 -6 -3 -3 -4 -6 -2 -7 -6  0 -5 -7 -2 -5 -5 -7 -6 -7    0  93   0   0   1   0   0   0   1   0   0   2   0   0   3   0   0   0   0   0  2.49 0.81
   19 V   -3 -5 -6 -6 -4 -5 -6 -6 -6 -1  6 -5  2 -3 -6 -5 -4 -5 -4  1    2   0   0   0   0   0   0   0   0   1  85   0   4   0   0   0   0   0   0   7  1.54 0.56
   20 A    7 -5 -5 -5  0 -4 -4 -2 -5 -5 -5 -4 -5 -6 -4  1 -3 -6 -5 -4   86   0   0   0   1   0   0   2   0   0   0   0   0   0   0  10   0   0   0   0  1.72 0.67
   21 S    2 -4 -3 -4 -3 -4 -4 -4 -4 -5 -5 -4 -5 -6 -4  6  2 -6 -5 -3   17   0   0   0   0   0   0   0   0   0   0   0   0   0   0  69  12   0   0   2  1.39 0.61
   22 Q   -2 -1  0 -3 -4  1  1 -4  1  4 -1  0 -1 -1 -4 -2  0 -3  3  1    2   2   5   0   0   7  12   0   4  27   4   7   0   1   0   0   4   0  11  11  0.29 0.23
   23 V    0 -6 -6 -6  0 -5 -6 -6 -6  4 -1 -5 -2 -4 -5 -4 -2 -6 -4  6    6   0   0   0   2   0   0   0   0  20   4   0   0   0   0   1   1   0   0  67  1.37 0.53
   24 A    7 -5 -5 -5  0 -4 -4 -3 -5 -5 -5 -4 -5 -6 -4 -1 -2 -6 -5 -2   93   0   0   0   1   0   0   0   0   0   0   0   0   0   0   3   1   0   0   2  1.88 0.71
   25 E   -4  0 -2 -3 -7  2 -1 -4 -2 -6 -6  7 -5 -7  0 -3 -3 -6 -5 -6    0   4   1   1   0   7   2   1   1   0   0  77   0   0   5   1   1   0   0   0  1.66 0.63
   26 Q   -2  2 -1 -2 -3  4  2 -4  3 -1  0  0  1 -3 -1 -1 -1 -3 -1 -2    3  13   2   0   0  23  13   0   9   3  11   5   4   0   2   3   3   0   1   3  0.35 0.24
   27 A    1 -5 -3 -6 -3 -4 -5 -5 -5  2  5 -5  0 -3 -5 -3 -3 -5 -4  2   13   0   1   0   0   0   0   0   0   8  61   0   1   0   0   1   0   0   0  13  0.91 0.41
   28 L   -5 -2 -5  3 -5 -2 -4 -6 -5 -1  6 -2  0 -2 -6 -5 -4 -5 -4 -2    0   3   0  15   0   2   0   0   0   1  73   3   1   1   0   0   0   0   0   1  1.18 0.53
   29 D    0 -1  3  1 -1  1  2 -2  0 -3  0  0  0 -4 -2  1  2 -4 -3 -3    6   3  17   6   2   7  16   1   2   1  10   4   3   0   1  10  13   0   0   0  0.25 0.19
   30 G   -3 -4 -3 -3 -6 -5 -5  7 -5 -7 -7 -3 -6 -6 -6 -4 -5 -6 -6 -4    0   1   1   1   0   0   0  93   0   0   0   1   0   0   0   0   0   0   0   1  2.27 0.73
   31 E   -3  1  0  3 -5  5  3 -4  1 -5 -4  1 -4 -4 -2 -3 -3 -1  1 -3    0   7   4  19   0  27  20   0   4   0   1   9   0   1   1   0   1   1   5   2  0.71 0.37
   32 T   -3  4  0 -2 -5  0  2 -4  1 -5 -4  5 -4  1 -4 -1 -2 -4  2 -4    0  22   3   1   0   2  12   0   4   0   0  34   0   6   0   3   2   0   9   0  0.73 0.37
   33 V   -4 -6 -6 -6 -4 -5 -6 -6 -6  5 -2 -6 -2 -2 -6 -5 -3 -6 -4  6    0   0   0   0   0   0   0   0   0  29   1   0   0   1   0   0   0   0   0  67  1.62 0.61
   34 A    1 -3 -2 -3 -3 -4 -4 -5 -2  3 -2 -3 -2 -3 -4 -1  1 -5  0  5    9   1   2   1   0   0   0   0   1  17   1   1   0   0   0   3   9   0   3  51  0.77 0.39
   35 V   -2 -5 -6 -6  0 -5 -5 -6 -6  5 -1 -5 -2 -1 -5 -5 -3 -5 -4  6    2   0   0   0   2   0   0   0   0  29   3   0   0   2   0   0   0   0   0  61  1.40 0.55
   36 V   -3 -5 -6 -6 -4 -5 -5 -6 -6  3  1 -5 -2 -1 -5 -5 -2 -5 -4  6    0   0   0   0   0   0   0   0   0  15  11   0   0   2   0   0   1   0   0  69  1.39 0.55
   37 N   -4  5  7 -3  2 -3 -3 -3  1 -6 -6 -1 -5 -6 -3 -3 -4 -6 -5 -5    0  32  53   0   4   0   0   2   3   0   0   2   0   0   1   0   0   0   0   1  1.53 0.62
   38 A    5 -5 -5 -5  8 -5 -5 -3 -5 -3 -4 -5 -4 -5 -5  0 -1 -5 -5 -2   51   0   0   0  35   0   0   1   0   1   0   0   0   0   0   5   3   0   0   2  1.61 0.63
   39 E   -3 -4 -2  2 -7 -1  7 -5 -4 -6 -6 -2 -5 -6 -5 -2 -4 -6 -5 -6    1   0   2   9   0   1  82   0   0   0   0   1   0   0   0   3   0   0   0   0  1.94 0.75
   40 R   -1  0 -1  1 -5  1  2  1 -2 -5 -3  5 -3 -5 -4 -1 -2 -5 -4 -4    6   2   2   7   0   5  14  12   0   0   2  45   0   0   0   2   1   0   0   0  0.71 0.38
   41 A    3 -5 -5 -5 -3 -4 -5 -5 -5  5  2 -4  0 -2 -5 -3 -2 -5 -4  3   24   0   0   0   0   0   0   0   0  39  16   0   2   1   0   0   1   0   0  16  0.84 0.41
   42 V   -1 -2  4 -3  1 -1 -2 -2 -2  2 -1  0  1 -3 -4 -2 -1 -5 -4  3    6   2  25   0   3   3   2   2   1  13   3   6   3   0   0   1   2   0   0  26  0.41 0.29
   43 I   -4 -4 -6 -6 -3 -4 -5 -6 -3  6  2 -5  1  0 -5 -5 -3 -5 -3  3    0   1   0   0   0   1   1   0   1  52  17   0   2   4   0   0   0   0   1  19  1.15 0.47
   44 T   -2 -4 -2 -4 -2 -3 -4 -4 -5 -5 -4 -4 -3 -5 -4  5  5 -6 -5 -1    2   0   1   0   1   1   0   0   0   0   1   0   1   0   0  51  38   0   0   3  1.33 0.64
   45 G   -4 -4 -4 -5 -6 -4 -6  8 -6 -7 -7 -5 -6 -7 -6 -3 -5 -6 -7 -7    0   1   0   0   0   1   0  95   0   0   0   0   0   0   0   2   0   0   0   0  2.47 0.84
   46 R   -2  0  4  2 -3 -1  1 -1 -1 -5 -5  1 -4 -5  0  3  0 -5 -4 -5    2   5  25  10   0   1  10   4   1   0   0  10   0   0   4  23   4   0   0   0  0.56 0.34
   47 E   -4  3 -4 -3 -5 -2  0 -4  0 -2  0  5 -1  5 -1 -4 -3 -2 -2 -4    0  14   0   1   0   0   5   0   2   2   9  35   1  24   4   0   0   0   0   0  0.76 0.43
   48 E   -1  0  0  0 -3  0  1 -3  0 -1  0  0  0  3 -2 -1 -1  1  3  0    6   5   5   6   0   2  13   1   2   4   8   6   2  15   1   3   2   2  12   7  0.14 0.14
   49 Q   -1  6 -1  2 -5  0  0 -4 -2 -3 -4  1  2  0 -4 -1  0  1 -1 -3    5  44   3  11   0   3   4   0   0   1   0   5   6   4   0   3   5   2   2   1  0.69 0.39
   50 I    0 -1  4  0 -4  3 -3 -4 -2  3 -2 -2 -1 -3 -4 -1  0 -5 -2  2    6   2  26   6   0  13   0   0   1  17   2   1   1   1   0   3   4   0   1  16  0.45 0.32
   51 V   -3  0 -4 -4 -5 -2 -3 -5 -3  1  1  6  1  1 -4 -3 -2 -5 -1  0    1   3   0   0   0   1   1   0   0   9  13  51   3   7   0   0   1   0   2   7  0.80 0.44
   52 E    0  0  0  0 -3  0  2 -2 -1  1  2  1  1 -1 -3 -1 -1 -3 -1  0    7   6   4   4   0   2  14   3   1   7  26   8   4   1   0   4   3   0   2   5  0.12 0.14
   53 K   -1  1 -2 -1 -5 -1  0 -1  1 -3 -4  5 -4 -1 -4 -2 -1  2  4 -3    4   6   1   3   0   1   5   4   3   1   1  40   0   2   0   2   4   2  18   2  0.65 0.38
   54 Y   -5 -3 -6 -7 -6 -4 -6 -7 -2 -5  0 -4 -4  4 -6 -5 -4  2  9 -5    0   1   0   0   0   1   0   0   1   0   8   1   0  13   0   0   1   3  71   0  2.28 0.80
   55 E   -4  6  1 -2 -3  1 -1 -5  4 -5 -2  3  0 -5 -5 -2 -3 -3 -3 -5    1  46   6   1   1   4   3   0  11   0   4  16   2   0   0   1   1   0   1   0  1.03 0.48
   56 K   -3  0 -2 -2 -5  1  0 -5  6 -4 -2  6 -2 -5 -4 -3  0 -5 -1 -4    1   4   1   2   0   6   5   0  19   1   5  46   1   0   0   1   5   0   2   1  0.95 0.47
   57 R   -2  6 -3 -4 -4 -1 -2 -4 -1 -3 -2  2 -2 -1 -4  2  1  3 -3 -4    2  45   0   0   0   2   1   1   1   1   4  10   1   2   0  16   8   4   1   0  0.84 0.45
   58 V   -2  1 -2 -2  4 -2 -2  2  0 -1  0 -1  5  0 -4 -2  1 -1 -1 -1    2   7   1   2  11   1   2  15   3   2   9   4  18   3   0   2  11   1   2   4  0.26 0.22
   59 D   -2  1  5  0 -5 -1  0 -3  1 -2 -2 -1 -3 -2 -4  0 -2  1  4 -2    2  10  33   6   0   2   6   1   3   2   4   2   0   1   0   6   1   2  18   2  0.58 0.34
   60 I   -2  0 -1 -4 -3 -3 -3 -3 -2  2  0 -3 -1  0  2  0  3 -4  1  3    2   5   2   0   0   0   1   2   1  13   5   0   0   4  10   7  20   0   5  23  0.30 0.23
   61 G   -3 -1  6 -3 -5 -3 -4  4 -1 -4 -6  0 -5 -6 -2  0 -2 -1 -5 -5    1   3  44   0   0   0   0  33   1   1   0   5   0   0   2   6   2   1   0   0  1.12 0.49
   62 N   -3  0  0 -4 -5 -3 -2  2 -1 -5 -5  0 -5 -5  6  1  1 -5 -2 -4    1   4   4   0   0   0   2  17   2   0   0   5   0   0  42  12   9   0   1   1  0.97 0.43
   63 D    0  3 -1  0 -3 -1  0 -1 -1 -1  0  2  1 -2 -1  1  1 -4 -2 -2    5  19   1   6   0   1   4   3   1   4  11  12   4   1   3  15   8   0   0   0  0.19 0.17
   64 N   -3  5 -1 -3 -5  0 -2 -2  3 -3 -2  4 -2 -4 -4 -1 -1  1 -4 -3    0  35   2   1   0   4   1   3   8   1   4  31   1   0   0   3   3   2   0   1  0.84 0.40
   65 G   -1 -2 -2 -4 -5 -3 -2  7 -5 -6 -6 -3 -5 -6 -5 -1 -2 -6 -6 -4    3   3   2   0   0   1   3  78   0   0   0   1   0   0   0   4   2   0   0   1  1.62 0.59
   66 Y   -2 -2 -5 -3 -6 -2  0 -5 -2  0 -3 -2 -2 -4  8 -4 -3 -7 -3 -2    2   2   0   1   0   1   6   0   1   6   2   3   1   1  67   0   2   0   1   3  1.70 0.63
   67 F   -3  1 -4 -5 -5 -2 -4 -5  0 -1 -1  1  3  5 -4 -3 -1  3  6 -2    1   7   0   0   0   1   0   0   2   2   4   9   7  29   1   1   3   4  25   2  0.84 0.39
   68 Y   -5  1 -2 -5 -6 -3 -4 -6  8 -2  0 -3  0  3 -4 -5 -5 -1  5 -3    0   8   2   0   0   0   0   0  43   2  11   0   2  12   1   0   0   1  17   1  1.40 0.56
   69 P    0 -4 -3 -1 -5 -1  0 -4  2 -4 -2 -2 -4  5  6 -3 -4 -1  1 -4    7   0   1   3   0   3   6   0   6   0   3   2   0  26  35   1   0   1   5   1  0.96 0.44
   70 K   -4  7 -4 -4 -6 -1 -3 -5 -2 -5 -5  4 -5 -6 -5 -3 -1  2 -5 -4    0  59   0   0   0   2   0   0   1   1   0  26   0   0   0   1   4   3   0   1  1.54 0.61
   71 R    3  4 -1 -2 -4 -1 -1 -2  2 -3 -3  1 -2 -2 -4  1  0 -5 -3 -3   29  25   3   2   0   1   3   2   6   1   1   7   1   2   0  12   7   0   0   1  0.45 0.30
   72 P   -3 -7 -6 -6 -7 -6 -6 -7 -7 -7 -7 -5 -7 -8  9 -3 -3 -8 -7 -7    2   0   0   0   0   0   0   0   0   0   0   0   0   0  95   2   2   0   0   0  3.13 0.97
   73 D    0 -1 -1  4 -5 -2  3 -3 -2 -2 -5 -1 -4 -6 -4  4 -2 -6 -5 -3    6   2   1  28   0   1  18   0   1   3   0   2   0   0   0  36   1   0   0   1  0.81 0.43
   74 G   -2  6  0  0 -4  0 -1 -2  2 -5 -3  3  1 -4 -4 -3 -1 -5 -4 -5    3  49   4   5   0   3   3   3   4   0   2  14   5   1   0   0   4   0   0   0  0.88 0.42
   75 I   -2 -3 -6 -6 -1 -6 -6 -7 -2  7  0 -6  2 -2 -6 -5 -4 -6 -2  2    2   1   0   0   1   0   0   0   1  67   7   0   5   1   0   0   0   0   1  12  1.41 0.55
   76 F   -3 -5 -6 -6 -5 -5 -6 -6 -5  2  3 -6  3  7 -6 -5 -4 -3 -1  2    1   0   0   0   0   0   0   0   0  13  24   0   6  42   0   0   0   0   0  14  1.17 0.47
   77 K   -2  3 -3 -4 -6 -2  2 -3 -3 -4 -4  3 -1 -2 -5 -3 -2  8  3 -4    3  14   1   0   0   1  16   2   0   1   1  22   1   1   0   0   3  24   9   1  1.03 0.46
   78 R   -4  7 -3 -3 -6  0 -3 -3  0 -4 -1  4 -3 -4 -5 -3 -2 -2 -1 -5    1  57   0   1   0   3   0   2   2   1   6  21   1   0   0   1   2   1   2   0  1.25 0.53
   79 T    4 -4 -4 -4  0 -4 -4 -4 -5  0 -4 -4  1 -5 -1  0  5 -5 -5  0   36   0   0   0   2   0   0   0   0   6   0   0   3   0   2   7  37   0   0   7  0.85 0.46
   80 I   -4 -6 -6 -6 -4 -6 -6 -6 -6  5 -2 -6 -1 -4 -6 -5 -3 -6 -5  7    0   0   0   0   0   0   0   0   0  27   1   0   1   0   0   0   1   0   0  67  1.63 0.62
   81 R   -3  8 -4 -5 -6 -1 -3 -3 -4 -4 -5  3 -5 -6 -5 -3 -3 -6 -2 -5    1  72   0   0   0   1   0   2   0   1   0  17   0   0   0   1   1   0   1   0  1.80 0.65
   82 G   -3  0 -2 -1 -6 -3 -4  7 -5 -6 -6 -3 -5 -6 -5 -2 -4 -6 -6 -6    1   6   1   4   0   1   1  81   0   0   0   1   0   0   0   2   0   0   0   0  1.78 0.62
   83 M   -5 -2 -6 -7 -6 -4 -6 -6 -6 -3 -2 -3 11 -4 -6 -5 -5 -5 -5 -4    0   2   0   0   0   0   0   0   0   0   2   2  92   0   0   0   0   0   0   0  3.22 1.01
   84 L   -4 -5 -6 -6 -4 -5 -5 -6 -5  3  6 -5  1 -3 -5 -5 -2 -5 -4  1    0   0   0   0   0   0   0   0   0  17  70   0   2   0   0   0   2   0   0   6  1.28 0.50
   85 P   -3 -1 -5 -5 -6 -3 -4 -6 -2 -6 -6 -3 -6 -7  9 -2 -5 -7 -6 -6    1   3   0   0   0   1   1   0   1   0   0   1   0   0  86   3   0   0   0   0  2.64 0.83
   86 H   -3  1 -2 -1 -1 -1 -2 -3  7 -2 -3  1  0 -1 -1 -2 -3  2  5 -3    2   8   1   3   2   2   1   2  32   3   2   8   2   2   4   2   1   3  20   2  0.81 0.31
   87 K   -4  0 -1 -1 -5 -1 -1 -4 -1 -5 -4  7 -2 -5 -4 -3 -3 -5 -1 -5    1   4   2   3   0   1   2   1   1   0   1  78   1   0   0   1   1   0   2   0  1.58 0.62
   88 K   -2  0  3 -2 -4 -1 -2 -1 -2 -1 -3  3 -2 -4 -3  0  5 -5 -4 -3    1   5  16   1   0   2   1   5   1   3   2  19   1   1   0   6  36   0   0   1  0.59 0.36
   89 Q    1  0 -2 -1 -4  0  0 -3 -1 -3 -4  3 -2 -3  4  0  1 -2  0 -3   14   4   1   2   0   3   4   0   2   1   1  23   1   1  24   6   7   1   4   1  0.49 0.28
   90 R   -3  6 -3 -4 -5  0 -2 -3  0 -3  1  2 -2 -4 -3 -1 -2 -5 -4 -4    1  54   0   1   0   2   1   1   3   1  17  11   1   0   1   4   2   0   0   0  1.00 0.47
   91 G   -3 -6 -4 -5 -1 -5 -5  8 -5 -7 -7 -5 -6 -6 -5 -4 -5 -6 -6 -6    1   0   0   0   1   0   0  95   0   0   0   0   0   0   0   0   0   0   0   0  2.38 0.77
   92 R    1  5 -2 -2 -4  3 -1 -3 -2 -3 -3  3 -1 -5 -4 -1 -2 -5 -3 -2   15  39   1   2   0  13   2   1   0   1   1  14   2   0   0   3   2   0   0   2  0.71 0.37
   93 E    3  0  0  1 -2  2  3 -3 -2 -3 -2  0 -1 -4 -3  0 -1 -4 -3 -2   31   4   4   7   1   8  24   1   1   1   4   5   1   0   0   4   3   0   1   1  0.41 0.28
   94 A    6 -4 -5 -4 -4 -1 -4 -3 -5 -3 -3 -4  5 -5 -4 -2 -3 -5 -5 -3   75   0   0   1   0   2   0   0   0   1   1   0  15   0   0   2   0   0   0   1  1.46 0.64
   95 F   -2 -4 -5 -6 -4 -4 -5 -5 -1  0  5 -5  3  4 -5 -4 -4 -1  3 -2    3   0   0   0   0   0   0   1   2   3  54   0   8  19   0   0   0   1   8   1  0.97 0.43
   96 E    0  2 -1  2 -4  0  2 -1 -1 -5 -4  5 -3 -5 -3  1 -1 -5 -3 -4    6  11   1  11   0   2  13   3   1   0   1  36   1   0   0  11   2   0   0   0  0.57 0.32
   97 S   -3  6  3 -3 -3 -1 -3 -2  0 -5 -4  3 -3 -5 -4 -1 -3 -5 -4 -5    1  52  12   1   1   1   0   3   2   0   1  19   1   0   0   3   1   0   0   0  1.15 0.49
   98 V   -4 -3 -5 -6  1 -4 -5 -6 -5  1  6 -5  0 -1 -4 -5 -3 -4 -3  1    0   2   0   0   3   0   0   0   0   6  73   0   1   2   1   0   0   0   0   9  1.15 0.47
   99 R   -3  4 -2 -4 -5  0 -1 -4  1 -3 -4  6 -1 -3 -4 -2 -2 -5 -3 -2    1  23   1   0   0   3   2   0   3   2   0  54   2   1   0   2   2   0   1   2  1.09 0.49
  100 V    1 -5 -5 -5  2 -4 -5 -4 -5  1 -2 -4 -1 -4 -5 -3  1 -5 -4  6   11   0   0   0   5   0   0   1   0   4   2   0   1   0   0   1   7   0   0  66  1.13 0.51
  101 Y   -5 -5 -4 -6 -4 -5 -4 -6  0 -4 -2 -5 -2  6 -6 -5 -4  1  8 -4    0   0   1   0   0   0   1   0   2   0   3   0   1  34   0   0   0   1  53   1  1.96 0.68
  102 L    1 -1 -2  2 -3 -2  4 -4 -3  1 -2 -2  1 -4 -4 -1 -2 -5 -4  2   15   2   1  13   0   0  29   0   0  10   2   1   3   0   0   2   0   0   0  17  0.40 0.31
  103 G   -3 -5 -3 -4 -6 -5 -6  7 -6 -7 -7 -5 -6 -5 -4 -1 -4 -6 -6 -7    0   0   1   1   0   0   0  89   0   0   0   0   0   1   1   3   0   0   0   0  2.11 0.75
  104 N   -1 -3  0 -3  1 -4 -2 -4 -4  3 -2 -3 -1 -2  5 -1 -1 -5 -4  3    4   1   5   1   3   0   2   1   0  16   2   0   1   1  31   3   4   0   0  22  0.64 0.35
  105 P   -4 -5 -2 -2 -7 -3  2 -6 -6 -7 -7 -5 -6 -7  8 -4 -4 -7 -7 -6    1   0   2   2   0   1  13   0   0   0   0   0   0   0  77   1   0   0   0   0  2.33 0.84
  106 Y   -2 -2 -3 -3 -5 -1  1 -5  6 -2 -3  1 -1  0 -2 -3 -2 -2  7 -2    3   2   1   1   0   1   8   0  18   2   1  11   1   3   2   1   1   0  37   2  0.89 0.46
  107 D   -2 -3  1  5 -5  0  3 -3  0 -4 -5 -1 -4 -5  3 -2 -3 -6 -4 -4    2   1   7  37   0   3  22   1   2   1   0   3   0   0  13   2   1   0   0   1  0.84 0.43
  108 E   -3  2 -2 -2 -4 -1 -1 -4  5 -2  1  4 -1  2 -4 -2 -2 -4  0 -1    1   9   1   1   0   2   3   0  17   1  13  26   1  10   0   2   2   0   2   6  0.43 0.31
  109 D    1  0 -2  1 -3  2  2 -3 -2 -2 -3  4  1 -4 -3 -1  0 -5 -3  0   11   4   1   6   1  11  16   1   0   1   1  26   4   0   1   3   5   0   1   7  0.36 0.27
  110 G    2 -1  0 -2 -5 -2 -1  2 -4 -3 -4  5 -3 -3 -2 -1 -3 -5 -4 -4   21   2   3   1   0   1   2  16   0   1   1  44   0   1   1   3   1   0   0   0  0.74 0.42
  111 E   -3  5 -3 -2 -5  4  2 -5 -3 -1 -4  2 -3 -5 -4 -3 -2 -2 -4 -2    1  36   1   2   0  20  16   0   0   3   1  13   0   0   0   0   2   1   0   3  0.88 0.45
  112 V   -2 -1 -1 -2 -2  3 -1 -4 -1  0 -1  2  6 -1 -3 -2 -1 -4 -3  3    2   2   3   1   1  13   4   0   1   4   4  15  23   2   1   2   3   0   0  20  0.47 0.33
  113 L   -3 -4 -4 -5 -1 -3 -4 -6 -5  2  1 -2 -1  1  4 -4 -3 -5 -2  5    0   1   0   0   1   1   0   0   0   8  11   2   1   6  20   1   1   0   1  47  0.84 0.44
  114 D   -2 -3 -2  1 -2  0  3 -4 -2  2 -2 -1 -1 -2 -1 -3 -2 -5 -2  4    1   1   1   8   1   3  24   0   1  12   1   4   1   2   3   1   1   0   1  35  0.52 0.35
  115 G   -1 -3 -3  1 -5 -2  1  0 -4 -2 -5  0 -4 -4  7 -2 -2 -6 -5  0    5   1   1   8   0   2   9   6   0   2   1   6   0   1  47   2   3   0   0   7  1.01 0.47
  116 T    3 -2 -1  0 -2  0  0 -2 -1  0  0 -1 -1  0 -2  1  0 -2 -2 -1   30   2   2   6   1   5   4   1   2   5  12   4   1   4   1  10   7   0   1   3  0.16 0.18
  117 S    4 -2 -1  1 -1 -1  1 -3  1 -3 -3  1 -2 -4 -3  1  0 -5 -3 -2   43   1   3   6   1   1  11   0   4   1   2   8   1   0   1   9   6   0   0   1  0.49 0.34
  118 L   -1 -4 -2 -4 -2 -2 -3 -4 -5  2  5 -3  3 -1 -5 -3 -3 -4 -2  1    6   0   2   1   1   2   1   1   0  13  52   1   6   1   0   1   1   0   1   8  0.68 0.37
  119 D   -1  4  1  2 -5 -1  0 -4  0 -3 -3  3 -2 -3 -4  1  0 -5 -2 -3    4  28   7  10   0   1   5   0   2   2   3  19   1   1   0  10   5   0   1   1  0.49 0.31
  120 R   -2  4 -1 -2 -2  1 -1 -4  1 -1 -2  2  0 -2 -3 -2 -2 -5 -2  4    1  23   2   2   1   6   4   1   3   3   2  13   2   2   1   1   2   0   1  31  0.44 0.32
  121 L   -2 -1 -1 -3 -3 -3 -3 -4 -3  1  4 -2  1 -2 -1 -3 -1 -4 -1  2    2   5   4   1   0   0   1   1   1   7  45   3   2   1   4   1   3   0   2  18  0.47 0.29
  122 S   -2 -1  0 -3 -2 -2 -2 -2 -4 -5 -4  3 -2 -5  6  2 -2 -1 -3 -3    3   3   5   0   1   1   1   3   0   0   1  18   1   0  40  18   2   1   1   2  0.94 0.47
  123 N   -2  0  3 -1 -3 -2 -2  3 -1 -2 -2 -1 -2 -4  0  1  2 -5 -3 -3    1   6  18   2   0   0   2  27   1   2   5   3   1   0   5   9  16   0   1   1  0.41 0.28
  124 I   -1  6  0 -2 -1 -2 -3 -3  2  2 -2  0 -2 -4  1 -1 -1 -5 -3 -2    4  44   5   2   1   0   1   1   6  12   3   4   0   0   7   4   4   0   1   2  0.65 0.37
  125 K   -3  3  0 -4 -6  1 -2 -3  0 -5 -5  7 -4 -6 -1 -3 -3 -3 -5 -5    2  16   5   0   0   5   2   2   2   0   1  60   0   0   3   1   0   0   0   0  1.27 0.56
  126 F   -5 -3 -4 -6 -5 -5 -6 -4  0 -4 -4 -3 -4  6 -6 -2 -2  0  8 -3    1   1   1   0   0   0   0   2   2   0   0   1   0  35   0   3   2   1  50   1  1.88 0.72
  127 V    1 -5 -5 -5  7 -5 -5 -5 -3  3 -2 -5  1 -4 -5 -2  2 -5 -4  4   12   0   0   0  23   0   0   0   1  17   2   0   4   0   0   2  14   0   0  26  0.94 0.46
  128 T   -3  0 -1 -3 -1 -1  0 -5  0 -3 -2  0 -3 -3 -3  0  5 -4  3  0    1   5   2   1   1   2   6   0   2   1   4   6   0   1   0   4  46   0  11   6  0.65 0.42
  129 L   -4 -6 -7 -7 -5 -6 -6 -7 -6  1  6 -6  0 -2 -6 -6 -4 -5 -4  3    1   0   0   0   0   0   0   0   0   6  71   0   2   1   0   0   0   0   0  20  1.44 0.60
  130 G   -1 -4 -3 -4 -6 -2  1  7 -3 -7 -5 -2 -6 -7 -6 -2 -4 -6 -4 -6    4   1   0   0   0   1   8  77   1   0   1   3   0   0   0   1   1   0   0   0  1.68 0.66
  131 E   -2  4 -1  3 -1  0  5 -5 -1 -6 -6  0 -5 -6 -4 -3 -1 -6 -5 -3    3  26   2  14   1   2  40   0   1   0   0   5   0   0   0   0   3   0   0   2  0.98 0.49
  132 I   -4 -6 -6 -7 -4 -5 -6 -7 -6  4  5 -6  1 -2 -6 -5 -4 -5 -4  3    0   0   0   0   0   0   0   0   0  19  59   0   3   0   0   0   0   0   0  19  1.26 0.53
  133 S    3 -5 -4 -4  4 -4 -4 -1 -5 -5 -1 -4 -4 -5 -4  5 -3  3 -2 -4   28   0   0   0   9   0   0   3   0   0   5   0   0   0   0  50   0   4   1   0  1.07 0.57
  134 E   -1  2  0 -2 -5  0  2 -4  6 -4 -4  3 -4 -5 -4  1  0 -5 -2 -3    4  11   3   1   0   4  11   0  21   0   1  23   0   0   0  11   7   0   1   2  0.63 0.36
  135 T   -1  0  0 -1 -2  2  4 -4  2 -1 -1  0  0  0 -4  0 -1  0  0 -2    4   5   3   2   1   8  33   0   6   4   8   4   3   4   0   6   3   1   3   2  0.33 0.25
  136 L   -3 -5 -4 -6 -4 -5 -6 -6 -6  2  4 -5  3  1 -6 -5 -3 -5 -3  5    0   0   1   0   0   0   0   0   0  10  37   0   6   7   0   0   0   0   1  38  1.02 0.46
  137 G   -4 -6 -4 -5 -7 -6 -6  8 -6 -8 -8 -6 -7 -7 -6 -4 -6 -1 -7 -7    0   0   0   0   0   0   0  99   0   0   0   0   0   0   0   0   0   1   0   0  2.66 0.86
  138 A    2 -6 -7 -7 -6 -6 -4  0 -6 -7 -6 -6 -6 -3 -7  0 -6 12  0 -6   18   0   0   0   0   0   1   7   0   0   0   0   0   0   0   6   0  65   2   0  2.88 0.90
  139 N   -4 -1  3 -3 -6 -2 -2 -4 -3 -6 -5  7 -5 -6 -5 -2  0 -7 -5 -6    0   1  14   1   0   0   0   0   0   0   1  75   0   0   0   2   6   0   0   0  1.64 0.65
  140 K   -1  2 -2 -3 -3  0 -2 -3  0  1 -1  2 -1  0 -3 -2 -1 -3  1  4    0  11   1   0   0   5   0   0   2   4   0  18   0   3   0   0   3   0   6  47  0.29 0.14
  141 T    0 -2 -1 -2  4 -1 -2 -2  5 -2 -2 -2 -2 -3 -2  1  5 -3 -1 -1    4   0   0   0  10   0   0   0  20   0   0   0   0   0   0   5  60   0   0   0  0.58 0.13
  142 W   -3 -4 -5 -5 -3 -3 -4 -3 -3 -3 -2 -4 -2  0 -5 -4 -3 12  2 -4    0   0   0   0   0   0   0   0   0   0   0   0   0   0   0   0   0 100   0   0  2.83 0.11

                      K         Lambda
Standard Ungapped    0.1367     0.3164
Standard Gapped      0.0630     0.2670
PSI Ungapped         0.2061     0.3165
PSI Gapped           0.0630     0.2670
