
Last position-specific scoring matrix computed, weighted observed percentages rounded down, information per position, and relative weight of gapless real matches to pseudocounts
           A  R  N  D  C  Q  E  G  H  I  L  K  M  F  P  S  T  W  Y  V   A   R   N   D   C   Q   E   G   H   I   L   K   M   F   P   S   T   W   Y   V
    1 T    3 -3  0 -3 -2 -2 -2 -2 -3 -3 -3 -2 -2 -4 -3  1  5 -4 -3 -2   28   0   5   0   0   0   0   0   0   0   0   0   0   0   0   9  57   0   0   0  0.84 0.36
    2 I    0 -4 -2 -5  0 -4 -3 -5 -4  3 -1 -4 -1  2 -4 -3 -2 -4 -2  6    6   0   2   0   2   0   1   0   0  12   1   0   0  10   0   0   0   0   0  66  0.85 0.38
    3 V   -1 -3 -2 -3 -1  0 -3 -4 -4 -1 -3  0 -3 -4 -2  0  7 -5 -4 -1    2   0   0   0   1   4   0   0   0   2   1   5   0   0   1   5  76   0   0   4  1.13 0.50
    4 I   -3 -5 -5 -5 -3 -5 -5 -6 -5  6  2 -4  0 -2 -1 -2 -3 -5 -4  3    0   0   0   0   0   0   0   0   0  59  18   1   1   0   4   3   0   0   0  15  1.06 0.46
    5 R   -3  6 -2 -2 -4  3  0 -4  0 -5 -3  3 -3 -3 -3 -2 -3  4 -2 -5    0  51   1   2   0  13   3   0   2   0   2  17   0   1   0   1   1   6   1   0  1.07 0.48
    6 T   -3 -4 -3 -3 -4 -4 -4 -5 -5  4 -2 -4 -2 -3 -3 -1  6 -5 -4  2    0   0   0   1   0   0   0   0   0  25   1   0   0   0   0   1  60   0   0  11  1.16 0.57
    7 K   -3  6 -2 -3 -2  0  0 -3 -3  0 -1  2 -3 -4 -4 -1  0 -2 -4 -2    0  53   1   0   1   4   6   1   0   5   5   9   0   0   0   4   7   1   0   3  0.80 0.41
    8 K   -2  1 -1 -2 -5  1  2 -4 -3 -5 -5  6 -4 -5 -4 -1 -3 -5 -4 -5    2   4   3   1   0   5  13   0   0   0   0  66   0   0   0   4   0   0   0   0  1.21 0.55
    9 I   -4 -2 -3 -1 -4 -1 -1 -5 -1  1  0 -1 -2  7 -3 -3 -2 -2  1  1    0   2   1   3   0   4   5   0   1   7   5   3   0  51   1   1   2   0   3  10  0.81 0.41
   10 L   -2  2 -2 -4 -4 -2 -3 -4 -4  2  1  3  7 -1 -4 -3 -1 -4 -3  0    1  11   1   0   0   1   0   0   0  11   9  20  35   2   0   1   3   0   0   4  0.75 0.44
   11 V   -2  0  2  0 -4  0  3 -4 -2 -1 -3 -1 -3 -4 -2  0  5 -5 -3 -1    1   6   8   4   0   2  22   0   0   3   1   3   0   0   1   5  38   0   1   5  0.58 0.40
   12 N   -5 -4  9 -2 -7 -4 -4 -5 -1 -5 -7 -2 -6 -7 -6 -2 -3 -8 -6 -7    0   1  92   1   0   0   0   0   1   1   0   2   0   0   0   1   1   0   0   0  2.66 1.00
   13 P   -2  5 -2 -3 -3  1 -1 -3 -3 -3 -3  2 -4 -4  5 -2 -3 -5 -2 -3    2  30   1   1   1   6   4   2   0   1   2  13   0   0  32   1   1   0   1   2  0.94 0.48
   14 L   -4 -3 -6 -6 -4 -4 -5 -6 -5 -1  6 -5  3 -3 -3 -5 -4 -4 -1  0    0   1   0   0   0   1   0   0   0   1  80   0   5   0   2   0   0   0   2   5  1.42 0.62
   15 L   -3 -5 -6 -6 -4 -3 -5 -6 -3  1  6 -5  1  0 -4 -5 -3 -4 -3 -1    1   0   0   0   0   1   0   0   1   5  81   0   2   3   1   0   1   0   1   2  1.42 0.63
   16 S    0 -1  3 -1  1  4 -1  1  3 -5 -4  1 -2 -2 -4  1 -2 -4 -2 -4    8   2  15   3   4  24   2   9   9   0   1  11   1   2   0   9   0   0   1   0  0.49 0.35
   17 R   -5  8 -4 -5 -3 -1 -3 -5 -4 -6 -4 -1 -3 -6 -6 -5 -5 -2 -5 -6    0  90   0   0   1   2   1   1   0   0   2   1   1   0   0   0   0   1   0   0  2.42 0.95
   18 R   -4  4 -2 -2 -5  0 -2 -4 -2 -2 -4  6 -2 -5 -4 -2  1 -6 -5 -3    0  20   1   1   0   3   1   1   1   2   1  53   1   0   0   1  11   0   0   2  1.11 0.57
   19 Q   -4 -2 -4  1 -7  7  5 -4  0 -6 -6 -2 -5 -7 -3 -4 -4 -6 -5 -6    0   1   0   6   0  46  40   1   2   0   0   1   0   0   1   0   0   0   0   0  1.62 0.78
   20 L   -4 -4 -6 -6  0 -5 -5 -6 -5  3  1 -4  7  4 -6 -5 -3 -4  0  3    0   1   0   0   2   0   0   0   0  16  12   1  28  16   0   0   1   0   3  21  1.02 0.54
   21 S   -2  1 -1 -1 -2 -2 -2 -4  0  1 -1  1 -1 -2 -4 -1  0 -2  0  5    1   7   2   4   1   1   2   1   3   7   4   8   1   1   0   4   6   0   3  42  0.40 0.33
   22 L   -1 -3 -4 -5  0 -4 -4 -3 -4  3  1 -4  0  4 -4 -4 -1 -3  1  3    5   1   1   0   2   0   0   2   0  19  13   0   2  22   0   0   3   0   4  26  0.61 0.36
   23 D   -3  0 -1  5 -5 -1  3 -3 -3 -1 -2  0 -4 -3 -4 -1 -1 -5 -1 -1    1   5   2  39   0   1  21   1   0   5   3   5   0   1   0   4   4   0   3   5  0.64 0.40
   24 V   -1 -5 -5 -5  0 -5 -5 -5 -5  4  1 -5 -1 -2 -5 -4 -2  0 -4  5    5   0   0   0   2   0   0   0   0  21  11   0   1   1   0   0   1   1   0  52  1.01 0.53
   25 L   -2 -1  0  0 -3 -1 -1 -3  1  1  3 -1  0  0 -3 -1  1 -1  1  0    2   2   4   5   0   2   3   1   4  10  36   4   1   3   0   6   8   1   5   4  0.20 0.21
   26 H   -5  0 -2 -4 -2 -2 -3 -6 10 -6 -4 -4 -5  2 -4 -5 -5 -5  2 -6    0   4   1   1   1   1   1   0  74   0   2   0   0   7   1   0   0   0   6   0  2.54 1.01
   27 P   -3 -2 -3 -1 -5 -1  2 -4 -1 -2 -2 -1 -2 -3  7 -2 -1 -2 -5 -2    1   2   1   4   0   3  15   1   2   3   5   4   1   1  50   2   4   1   0   3  1.09 0.56
   28 D   -2  1  2  1 -2 -2 -1  5 -3 -5 -3  0 -4 -5 -4 -1 -2  1 -4 -4    2   7  11   7   1   1   3  47   0   0   3   7   0   0   0   3   2   2   0   0  0.70 0.42
   29 S   -1  3  0 -1  2  1  2 -2 -1 -2 -2  4  0 -3 -2  0 -1 -4 -3 -2    5  17   3   2   5   4  12   2   1   2   4  26   2   1   2   6   2   0   0   2  0.33 0.26
   30 P    4 -2 -2 -1  0  0 -2  1 -3 -2 -3 -1 -2 -2  3  1  0 -4 -3 -1   35   1   1   2   2   5   1   8   0   1   0   2   1   2  16  11   5   0   0   4  0.43 0.34
   31 T   -2 -1  2 -3 -1  0 -3 -2 -3 -2 -4 -2 -1 -2 -2  1  6 -5 -1 -1    2   3  11   0   1   4   0   2   0   2   0   1   1   1   1  11  53   0   3   3  0.80 0.54
   32 A   -2 -3 -4 -4 -4 -4 -2 -5 -1  1 -1 -4 -1 -2  6 -2 -3 -5 -1  4    2   2   0   0   0   0   3   0   2   9   4   0   1   2  37   2   0   0   2  33  0.94 0.51
   33 S   -1 -2 -1 -2 -4 -1 -1 -2 -1 -4 -1  1 -1 -2  4  4  0 -4 -4 -3    3   1   2   1   0   1   2   3   1   0   7  10   2   1  25  34   5   0   0   0  0.59 0.41
   34 K   -2  5 -1 -3 -4  0  0 -2 -3 -1 -2  4 -3 -1 -4 -1 -1 -4 -3 -2    3  31   3   0   0   3   4   3   0   4   4  32   0   3   0   3   4   0   0   3  0.63 0.43
   35 E    0  0  0  1  0  1  1  0  0  0 -1  1  0 -2 -2  0  1 -3 -2 -1    7   3   4   8   3   8   8   5   3   5   7   9   3   0   0   6  12   0   0   3  0.04 0.12
   36 K    0 -2  0  2 -3  1  3 -1  1 -1 -1  0  0 -1 -3  0 -1  2 -2 -1    7   0   3  11   0   5  25   3   3   3   6   5   3   3   0   5   4   3   0   4  0.16 0.24
   37 I   -1 -4 -4 -4 -3 -4 -4 -2 -4  4  3 -4  1  0 -4 -2 -1 -4 -3  3    4   0   0   0   0   0   0   3   0  25  27   0   3   3   0   3   3   0   0  25  0.57 0.32
   38 R   -1  5 -2 -3  0  2 -1 -2  0 -1 -2  3  0 -4 -2 -1 -1  2 -3 -1    4  34   0   0   2  12   2   2   2   3   3  17   2   0   2   3   2   3   0   4  0.52 0.34
   39 E   -1  0  0  2 -4  0  5  0  0 -2 -3  1 -1 -4 -3 -1 -1 -4 -4 -2    5   4   5   9   0   3  41   9   2   2   2   7   2   0   0   3   4   0   0   2  0.51 0.34
   40 E    0  2  0 -1 -4  1  0 -2 -3 -1 -2  5  1 -2 -3 -1 -1  1 -3 -2    8   8   4   2   0   4   5   2   0   3   4  44   4   2   0   4   2   2   0   2  0.48 0.34
   41 L   -4 -4 -5 -5 -4 -3 -5 -2 -5  3  5 -5  0  0 -5 -4 -2 -4 -3  1    0   0   0   0   0   1   0   4   0  18  59   0   1   3   0   0   2   0   0   9  0.96 0.47
   42 A    5 -2 -4 -3  0 -2 -3 -1 -4 -2 -4 -2 -1 -2 -2  1  0 -5 -4  0   61   2   0   1   2   1   1   3   0   2   0   1   1   2   1  10   4   0   0   5  0.84 0.50
   43 K    2  0  0 -1  1  1  0 -2 -2 -3 -4  5 -2 -4 -3  0 -1 -4 -3 -2   21   4   4   3   4   5   5   3   1   1   0  36   1   0   0   6   3   0   1   2  0.49 0.35
   44 Q   -1 -1  0 -1 -4  0  0 -4  1  1  1  1  5  0 -4 -2 -1  4  0 -1    5   3   5   3   0   4   5   0   3   7  12   8  22   4   0   2   4   5   3   4  0.32 0.29
   45 L   -2 -2 -2 -2  0 -1 -1 -3  2  0  2 -1  1  2 -4 -2 -2 -2  6  0    2   2   2   2   2   2   3   2   5   4  17   3   3   7   0   2   3   0  30   7  0.50 0.35
   46 K    0  1  1  1 -3  1  1  0  2 -3 -3  1 -2 -3 -2  1  1  4 -1 -2    8   8   8   8   0   8   8   8   8   0   1   8   0   0   0   8   8   8   0   0  0.23 0.14
   47 V    2 -3 -3 -2  0 -2 -3 -4 -4  0 -1  0 -1 -4 -1  0  4 -5 -4  3   15   0   0   2   2   1   1   0   0   4   4   7   1   0   2   7  26   0   0  27  0.46 0.36
   48 D   -2 -2  2  5 -5  1  0 -2 -2 -4 -4  1 -4 -5  1  1  3 -5 -4 -4    2   1  10  33   0   6   4   2   1   1   1   8   0   0   6   8  18   0   0   1  0.65 0.41
   49 A    0 -1 -1 -1 -1 -1  0 -3 -2 -3 -2  3 -3 -5  5  0 -1 -5 -4  0    9   2   2   3   2   2   7   2   1   1   4  21   0   0  30   6   4   0   0   6  0.58 0.37
   50 R   -2  0  3  6 -5  0  3 -2 -3 -5 -5  0 -5 -6 -3  0 -2 -6 -3 -4    2   4  14  41   0   3  17   3   0   0   1   6   0   0   1   5   1   0   1   1  0.90 0.49
   51 N   -1  0  2 -2  3  1  0 -3 -1 -1  1 -1  0 -3 -3  0  1 -2 -1  2    3   5  12   1   8   7   5   1   1   1  18   2   2   0   0   6  10   1   2  16  0.20 0.22
   52 V   -3 -5 -3 -3 -1 -5 -5 -5 -1  5  1 -5 -1 -3 -5 -4 -1 -5 -4  5    0   0   1   2   1   0   0   0   2  34  10   0   1   0   0   0   4   0   0  42  1.06 0.52
   53 V   -3 -5 -3 -4 -4 -2 -3 -5 -4  3  0 -4 -1  5 -5  0 -2 -1  1  4    1   0   1   1   0   2   1   0   0  15   5   0   1  26   0   7   1   1   4  33  0.77 0.44
   54 V   -2 -5 -5 -5  3 -5 -4 -4 -5  3  2 -5 -1 -3 -3 -2 -1 -5 -4  5    3   0   0   0   6   0   1   1   0  17  15   0   1   0   2   2   3   0   0  49  0.94 0.49
   55 Y   -4  2 -2  2 -2  0 -2 -3  2 -2 -2 -1 -2  6 -5 -2 -3 -1  2 -3    1  11   1  12   1   4   2   2   4   2   2   4   1  41   0   2   1   0   5   1  0.75 0.44
   56 G   -2  0 -1  0 -2 -3  0  5  0 -5 -4  2 -1 -3 -3  0 -2  1  1 -4    1   5   3   4   1   0   5  43   2   0   1  13   2   1   1   8   2   2   5   1  0.61 0.38
   57 F   -4 -5 -2 -6  0 -4 -4 -6 -5  3  2 -5  3  6 -6 -3 -3 -3 -1  0    0   0   2   0   2   1   1   0   0  17  20   0   7  39   0   1   1   0   1   6  1.02 0.51
   58 S   -2  4 -1  1  0  1  0 -2  1 -2 -2  3  0 -1 -4 -1 -1 -4 -1  0    3  21   3   7   2   7   4   2   3   3   3  21   2   3   0   3   3   0   2   7  0.33 0.27
   59 T   -2 -4  2 -4  1  2 -1 -1 -4 -1 -4 -1 -4 -5  0  1  5 -5  0 -2    3   0   9   0   3   9   3   4   0   3   1   3   0   0   5  10  41   0   3   3  0.69 0.51
   60 Q    0  1  1 -1  0  1  2 -1  4 -2 -2  1  0 -2  0 -1 -1 -4  0 -2    7   7   7   2   3   7  17   5  12   2   4   8   3   2   4   4   2   0   3   3  0.21 0.21
   61 Y   -2 -5 -5 -5  0 -2 -5 -5 -3 -1 -1 -4 -3  7 -1 -1  0 -2  4 -2    4   0   0   0   2   2   0   1   0   2   4   0   0  53   3   4   6   0  16   2  1.25 0.56
   62 G   -3 -2 -3 -2 -5 -2 -2  7 -5 -5 -5 -4 -5 -5 -1 -2 -4  2 -5 -3    1   2   0   2   0   2   2  75   0   0   1   0   0   0   3   3   0   3   0   3  1.55 0.64
   63 G   -1 -1 -1 -1 -4 -1 -1  4 -1 -2 -2  1  2 -4 -4  1  0  3 -4 -2    3   4   2   3   0   2   3  35   1   1   4  10   7   0   0   9   6   5   0   3  0.44 0.30
   64 G   -3  1  0 -2 -1  1 -3  5  3 -5 -3 -2  0 -3  0 -2 -1  3 -2 -4    1   8   4   2   1   7   1  44   7   0   2   1   3   1   6   2   3   4   1   1  0.68 0.40
   65 K   -2  3 -2 -2 -5  0  2 -4  0 -1 -2  5 -1 -4 -4  0 -1 -5 -2  0    2  15   1   1   0   2  13   0   2   4   4  36   1   0   0   6   2   0   1   6  0.57 0.37
   66 S    1 -4 -3 -1  1 -4 -4 -3 -4 -1 -2 -2 -1 -5 -4  4  5 -5 -5 -1   10   0   0   3   2   0   0   2   0   3   4   1   2   0   0  37  31   0   0   3  0.81 0.52
   67 T   -1  1  1 -1 -4 -1  0 -4 -1  0 -1  2 -1 -2 -3  0  4 -4 -1  0    4   7   6   3   0   1   6   0   1   5   4  12   1   2   0   6  33   0   2   8  0.36 0.30
   68 G    1 -4 -4 -3  0 -4 -5  6 -2 -1 -4 -4 -4 -5 -5 -2 -3  2 -5  0   12   1   0   2   2   0   0  60   1   4   2   0   0   0   0   3   2   3   0   7  1.14 0.56
   69 F   -3 -1 -1 -3 -3 -2 -1 -5 -1 -2 -1  0 -1  6 -5 -1 -2 -2  5 -2    2   4   3   1   1   1   5   0   1   2   6   7   1  35   0   4   2   0  22   3  0.86 0.46
   70 A    4 -4 -3 -2  2 -3 -4  4 -4 -1 -2 -2 -2 -3 -4 -1 -2 -4 -4  2   38   0   0   2   4   0   0  28   0   3   2   2   1   1   0   2   1   0   0  13  0.65 0.39
   71 L   -1  0  0 -2 -2 -1 -1 -3  3  0  1  2  5  0 -2 -2 -1 -2  0  0    3   3   5   1   0   0   3   1   9   5  14  16  26   3   1   1   1   0   3   6  0.20 0.16
   72 V   -1 -3  1 -2 -2 -2 -3 -3 -2  4  1 -2  1 -1 -3 -1  0 -3  0  2    5   1   8   1   0   0   1   1   0  43   7   1   4   0   1   4   7   0   4  13  0.29 0.17
   73 Y   -3 -3 -3  0  2 -2 -3 -4  2 -2 -1 -3 -2  2 -3 -1 -2  0  8 -2    1   0   0   6   6   0   1   1   5   0   6   1   0   5   0   5   1   0  62   1  1.04 0.36
   74 D   -3 -4  1  6 -5 -1  1 -2 -1 -5 -5 -1 -5 -2 -3 -1 -1  2  0 -5    2   0   6  53   0   2  10   3   1   0   1   4   0   2   1   4   3   3   3   0  1.02 0.48
   75 N   -1 -2  2  3 -4 -1 -2 -2 -3 -3 -4 -2 -4  0 -4  5  1 -5 -2 -4    3   1  11  16   0   2   2   1   0   1   1   2   0   5   0  44   9   0   2   0  0.71 0.44
   76 Q   -1 -1 -2 -2 -3 -1  1 -3 -2  0  3  1  0  1  0 -1 -2  0 -1  1    5   3   1   2   0   2   9   2   1   2  34  11   2   6   4   3   1   1   1  10  0.19 0.19
   77 Q    0 -2  0  5 -5  0  4  0 -3 -3 -4  1 -4 -5 -2 -1 -2 -5 -3 -3    9   1   3  32   0   3  28   7   0   1   1   7   0   0   1   3   1   0   1   2  0.68 0.38
   78 Y    1  0 -1  1 -2 -1 -2 -2  0 -1  0 -1  0  1 -3  1 -1  0  5 -1   13   6   2   9   1   1   1   1   2   2   9   3   3   5   0  10   3   1  24   3  0.26 0.23
   79 L    4 -1 -4 -4  2 -1 -3 -3 -2 -1  2 -2  4 -2 -4 -2 -2 -4 -4  0   42   4   0   0   4   2   1   1   1   2  19   1  13   1   0   1   2   0   0   5  0.58 0.40
   80 L   -2  2 -1 -2 -5  0  1 -4 -2 -4 -1  6  0 -2 -4 -2 -2 -5 -4 -2    2   8   2   1   0   3   8   0   1   0   7  56   3   2   0   2   1   0   0   2  0.89 0.48
   81 K   -2  1 -1  0 -5  0  0 -4 -2 -3 -2  5  1 -4 -3 -1 -1 -4  1 -2    3   7   2   6   0   3   6   0   1   1   5  49   4   0   0   3   2   0   5   3  0.65 0.41
   82 Y   -3 -4  3 -2 -1 -3 -4 -3  0  3 -1 -2 -1  5 -4 -2 -1 -3  2  2    0   0  19   2   1   0   0   1   2  17   3   2   1  26   0   3   4   0   6  13  0.54 0.35
   83 E   -3 -3 -4 -1 -6 -1  7 -3 -3 -6 -4 -2 -5 -6 -4 -3 -4 -6 -5 -3    2   0   0   2   0   1  85   2   0   0   1   1   0   0   0   1   0   0   0   2  1.88 0.80
   84 P   -2  1 -3 -3 -3  0 -2 -5  1 -5 -3  0 -3 -4  7 -1 -2 -6 -5 -5    2   7   1   1   1   5   2   0   3   0   2   7   1   1  62   4   2   0   0   0  1.53 0.63
   85 N   -1  1  0  1 -5  0  2 -3  0 -5 -2  5 -4 -4 -2 -1 -1 -1 -3 -4    4   6   4   8   0   2  12   1   2   0   4  48   0   1   2   2   2   1   0   0  0.71 0.43
   86 Y   -4 -3 -3 -5  0 -2 -4 -5  8 -3 -4 -2 -4  1 -4 -1 -5 -3  7 -5    1   1   1   0   2   1   0   0  40   1   1   2   0   5   1   4   0   0  39   0  1.82 0.76
   87 R   -3  6 -3 -3 -2 -2 -2 -3 -4  3  0 -1  3 -4 -5 -3 -2 -5 -4  1    1  47   1   1   1   1   2   2   0  16   8   1   7   0   0   1   1   0   0  10  0.80 0.47
   88 L   -4 -3 -3 -6 -1 -3 -5 -6 -1  1  6 -3 -1 -1 -3 -4 -4 -4 -4  1    0   1   1   0   1   1   0   0   2   8  73   2   0   1   1   1   0   0   0   6  1.09 0.54
   89 R    3  1 -1 -2 -2  0  1 -2 -3  2 -1  1 -1 -3 -2 -1 -1 -4 -2  1   29   7   2   1   0   4   9   2   0  13   4   9   1   1   1   2   3   0   1  12  0.20 0.22
   90 K    1  1  0  1 -2  1  0  1 -1 -2  0  1 -1 -2 -2  1  1 -3 -2 -1   11  11   0  11   0  10   1  11   0   1  11  11   0   0   1  11  11   0   0   1  0.13 0.08
   91 V   -1  0  0  0  2  0  0 -1  2  0 -1  0  1  0  0  0 -2  3  1  0    5   5   5   5   5   5   5   5   5   5   5   5   5   5   5   5   0   5   5   5  0.06 0.11
   92 K   -1 -1  0 -1 -5  2 -1  4 -4 -1 -2  0  1 -5  1 -1  0 -5 -5 -2    4   3   4   4   0   8   4  36   0   4   4   6   3   0   7   4   5   0   0   3  0.46 0.34
   93 I   -2 -2 -2 -4  1 -1 -2  0 -1  2  3 -2  2  2  1 -2 -1  1  0 -1    3   2   2   0   4   2   3   7   2  11  30   3   4   8   8   2   3   2   3   3  0.25 0.23
   94 L    2 -1 -2 -1 -1  0  0  0 -1  0 -1  1  1 -1  0 -1  0 -3  2  0   19   3   1   3   2   5   6   8   1   5   5  10   5   2   4   2   5   0   9   6  0.10 0.16
   95 G    0 -1  0  0 -5  1  5 -2 -4 -3 -4  1 -5 -6 -1 -1  2 -6 -5 -3    7   3   4   5   0   5  38   4   0   2   2   8   0   0   3   5  12   0   0   2  0.63 0.47
   96 E    0  1 -4 -2 -6  1  2 -1 -1 -2 -3  6 -1 -2 -2 -3 -3 -6 -5 -3    6   7   0   1   0   7  13   5   2   3   2  43   2   2   2   1   1   0   0   2  0.77 0.51
   97 K   -1  0 -2 -1 -5  1  4 -2 -1 -3 -3  4 -4 -3  0 -2 -1 -5 -4 -1    4   5   1   3   0   6  25   3   1   2   3  31   0   1   5   2   3   0   0   5  0.58 0.44
   98 P   -1  1 -1 -2 -5  0  2 -3  0 -2 -3  5 -4 -2  1 -2 -2 -5 -2 -2    5   8   2   2   0   3  15   1   2   2   3  41   0   2   6   2   2   0   1   3  0.64 0.46
   99 N    1  0 -2 -1 -3  1 -1  0 -3 -2 -2  2  0 -4  2  0  3  1 -3  0   14   4   1   3   0   5   3   7   0   2   3  15   3   0   8   4  19   2   0   6  0.23 0.26
  100 T    0 -2 -2 -4 -4 -1 -2  2 -4 -2 -2 -2  0 -5  2  5  1  0 -4 -3    8   2   1   0   0   2   1  15   0   3   4   2   2   0   9  41   7   1   0   2  0.58 0.47
  101 R   -3  8 -4 -5 -2  1 -1 -4 -2 -7 -6  0 -5 -7 -6 -2 -5 -6 -6 -4    2  77   0   0   1   6   3   1   1   0   0   5   0   0   0   2   0   0   0   1  2.01 0.93
  102 R   -3  3 -2 -2 -6  3 -1 -3 -1 -6 -4  7 -2 -6 -5 -3 -4 -6 -5 -6    1  13   1   2   0  11   2   2   1   0   1  61   1   0   0   1   0   0   0   0  1.41 0.73
  103 S    0  0 -2 -3 -5  6  0 -1 -3 -2  0 -1  1 -5 -2  0 -2 -5 -4 -2    9   4   1   0   0  48   3   4   0   2   9   3   3   0   2   5   2   0   0   3  0.77 0.54
  104 F   -3  6 -2 -4 -5  1 -1 -3 -3 -1 -1  0  1 -1 -3 -3 -3  1 -1  0    1  52   1   0   0   7   3   2   0   4   5   4   4   3   1   1   1   2   2   6  0.89 0.53
  105 K   -3  1 -1 -4 -6  0 -1 -5 -1 -6 -6  7 -2 -6 -5 -2 -3 -6 -5 -6    1   4   2   0   0   3   3   0   1   0   0  80   1   0   0   2   1   0   0   0  1.83 0.85
  106 E   -3 -2 -2  0 -6  2  7 -1 -3 -6 -6 -1 -5 -6 -4 -1 -1 -6 -5 -4    1   2   1   4   0   9  66   6   0   0   0   2   0   0   0   4   3   0   0   1  1.35 0.69
  107 L   -1  6 -2 -3  3 -1 -1 -3  2 -2  0  1 -2 -2 -4 -1 -1 -5 -4 -3    5  48   1   1   6   2   3   2   5   2   8   7   1   1   0   4   3   0   0   1  0.74 0.45
  108 K   -4  3 -2 -4 -6  1 -2 -5 -4 -6 -5  7 -5 -6 -4 -1 -2 -6 -5 -5    0  11   1   0   0   4   1   0   0   0   0  73   0   0   0   4   2   0   0   0  1.62 0.74
  109 R   -4 -1  7  0 -6 -1  1 -2 -1 -3 -6  2 -5 -6 -5 -1 -3 -6 -5 -5    0   3  64   4   0   2   7   2   1   2   0  11   0   0   0   4   0   0   0   0  1.45 0.66
  110 K   -4  7  0 -4 -3  0  0 -3 -1 -6 -5  3 -4 -5 -3 -2 -3 -5 -4 -5    0  63   4   0   1   4   6   1   1   0   0  14   0   0   1   2   1   0   0   0  1.39 0.61
  111 I    1  2  1 -2  0  2 -1 -2 -3 -1 -1  1  6 -3 -4 -1 -2 -4 -1 -1   10  12   6   2   2  10   3   3   0   2   4   7  28   0   0   4   2   0   2   4  0.40 0.33
  112 K   -1  0  0 -4 -5 -1 -1 -4 -4 -5 -2  7 -2 -5 -4 -3 -3 -5 -1 -3    5   3   4   0   0   1   2   0   0   0   4  73   1   0   0   0   1   0   3   1  1.38 0.66
  113 R   -3  2 -3 -3 -5 -1  1 -4 -4 -3 -5  7 -4 -5 -4 -2 -1 -5 -5 -5    1   7   0   0   0   1   9   0   0   2   0  72   0   0   0   2   4   0   0   0  1.46 0.65
  114 T    0 -3 -4 -2 -3 -3 -2 -3 -4  2  1 -3  0  1 -4 -1  0 -4 -2  5    6   1   0   2   0   0   3   2   0  11   9   1   1   7   0   5   4   0   1  46  0.50 0.32
  115 S   -4  7 -3 -4 -5  0 -1 -1 -3 -5 -4  0 -4  1 -4 -2 -4  2 -1 -4    1  66   0   0   0   4   3   4   0   0   1   3   0   6   0   3   0   3   2   1  1.32 0.57
  116 G   -1 -1 -3 -3 -5 -4 -4  7 -4 -5 -5 -3 -5 -5 -5 -2 -1 -5 -5 -4    4   3   0   1   0   0   0  79   0   0   1   2   0   0   0   2   3   0   0   1  1.60 0.62
  117 K   -2  0 -3 -3 -2 -2 -2 -3 -4  0 -2  1 -3 -4 -1 -1  6 -5 -4  0    2   4   0   0   1   1   2   1   0   7   3   9   0   0   3   3  58   0   0   6  0.83 0.47
  118 A    4  0 -3 -2  0 -1  1 -1 -3 -4 -2  3 -2 -1 -3 -1 -1 -4 -3 -2   42   3   0   2   2   2  10   4   0   0   3  22   0   3   1   2   4   0   0   1  0.49 0.35
  119 I   -3  2 -2 -4 -6 -1 -2 -2 -4 -3 -5  7  0 -6 -2 -3 -3 -6 -5 -3    1   8   1   0   0   1   1   3   0   1   0  75   3   0   1   0   0   0   0   1  1.46 0.65
  120 T    5 -1 -1 -3 -3 -2 -3 -1 -4 -3 -4 -1 -3 -3 -2  1  3 -5 -3 -1   49   4   2   1   0   1   1   4   0   0   0   2   0   1   1   7  22   0   0   4  0.66 0.40
  121 K   -2 -1  4 -1 -5 -1 -1 -3  1 -3 -3  5  0 -5 -4  1 -1 -5 -4 -1    2   1  24   1   0   1   2   0   3   2   3  44   2   0   0   9   2   0   0   4  0.74 0.43
  122 L    2 -2 -3 -3  2 -1 -3 -1 -3  1  0  1  0 -3 -3 -2 -1 -4 -3  4   17   1   0   1   5   2   0   4   0   6   8  10   2   0   0   2   2   0   0  40  0.40 0.29
  123 L    0  1 -1 -2 -3 -2 -2  5 -1 -4 -2  1 -3 -4 -2  1 -1  1 -2 -1    7   8   2   1   0   1   1  45   2   0   4   8   0   0   2   9   3   2   1   5  0.53 0.30
  124 S    4 -2 -1  0  0 -2 -1  1 -3 -3 -2  0 -1 -4 -2  0  0 -4 -3 -2   49   1   2   4   2   1   4  12   0   1   4   6   1   0   1   6   5   0   1   2  0.47 0.33
  125 E    2 -1 -2 -1 -4 -1  0  4 -2 -4 -4  1  0 -5  0 -1 -2  2 -4 -4   20   2   0   3   0   2   7  40   1   0   0  10   3   0   4   3   2   3   0   0  0.57 0.33
  126 K   -1  2 -1 -2 -1  0 -1 -1 -3 -5 -5  6 -4 -6 -1 -1 -3 -6 -5 -4    5  10   2   2   1   3   2   4   0   0   0  64   0   0   2   3   0   0   0   1  1.10 0.54
  127 K   -2  1  1 -2 -6 -1 -1 -4 -3 -6 -5  7 -4 -6 -4 -3 -3 -6 -5 -5    2   4   5   1   0   0   2   0   0   0   0  84   0   0   0   0   0   0   0   0  1.71 0.66
  128 G    3 -1 -1 -2 -2 -1 -1  2 -2 -2 -2  1  1 -3  0  2  0 -3 -3 -2   33   0   1   0   0   0   1  17   0   0   2  15   6   0   2  19   3   0   0   0  0.29 0.13
  129 D   -1 -1  2  2 -4  1  4  0 -1 -4 -4  1 -3 -4 -2  1 -1 -4 -3 -3    3   0  11  14   0   6  35   8   0   0   0  11   0   0   1   8   0   0   0   1  0.45 0.14
  130 T    0  2  0  1  1  0  0 -2  1 -1 -2  1 -1 -3 -2  1  2 -3 -2 -1    3  15   0  12   4   0   3   0   4   4   1  11   0   0   0  17  20   0   0   5  0.17 0.05
  131 W   -2  3 -2 -2 -3 -1 -2 -3 -2  0  0 -1  0 -1 -3 -2 -1  9  0 -2    0  23   2   1   0   0   1   0   0   7   9   0   3   0   0   2   5  46   0   0  1.06 0.15
  132 A    2  4  0  1 -2  0  1 -1 -1 -3 -2  0 -2 -3 -2  0 -1 -3 -2 -2   30  37   2  12   0   0   7   2   0   0   1   0   0   0   0   6   0   0   0   0  0.32 0.07
  133 S    0 -1  2 -1 -2  0 -1  0 -1 -1 -1 -1 -1 -2 -2  2  2  3 -1  0    6   0  18   0   0   2   1   8   0   0   6   1   0   0   0  21  22   5   0   8  0.19 0.05
  134 V    0  2 -1 -1 -2  1  1 -2  0  1  1  0  0 -2 -2 -1  0 -3 -2  1    9  19   0   2   0   6  11   0   3   7  15   0   0   0   0   0   6   0   0  22  0.10 0.04
  135 Q   -1  3  1  2 -3  2  2 -2  0 -2 -3  1 -2 -3  2 -1 -1 -3 -2 -1    0  22   7  12   0  14  17   0   2   0   0   8   0   0   9   0   0   0   0   6  0.33 0.05
  136 S    0 -2  1 -1 -2 -1 -1  2 -2 -1 -2 -1 -2 -3  1  3  0 -3 -2  0    2   0   6   0   0   0   0  20   0   0   0   0   0   0   7  48   2   0   0  14  0.31 0.07
  137 K   -1  3 -1 -1 -3  2  1 -1 -1 -1 -1  3 -1 -3 -2 -1 -1 -3 -2  0    0  20   0   0   0  17   5   6   0   0   5  31   0   0   0   0   0   0   0  16  0.27 0.06
  138 K   -1  3 -1  2 -3  1  1 -2 -1 -2  0  4 -1 -3 -2 -1 -1 -3 -2 -2    0  19   0  13   0   3   9   0   0   0  14  43   0   0   0   0   0   0   0   0  0.36 0.07
  139 S    1 -1  0  1 -2  0  1  0 -1 -1 -2  0 -2 -3  3  3  0 -3 -2 -2    8   0   0   8   0   0  14   3   0   7   0   3   0   0  13  44   0   0   0   0  0.33 0.06
  140 D    1  1  0  1 -2  2  1 -1 -1 -2 -1  1 -1 -3 -1  2  1 -3 -2 -2   16  11   0   8   0  14   3   0   0   0   7  10   0   0   0  24   8   0   0   0  0.20 0.04
  141 H    0  1 -1  0 -2  1 -1 -2  4 -1 -1 -1 -1  2 -2 -1 -1  4  2  0    9   8   0   9   0  12   0   0  17   0   0   0   0  13   0   0   0   9   9  14  0.20 0.04
  142 L   -1 -2 -3 -4  5 -2 -3 -3 -3  0  3 -2  4 -1 -3  0 -1 -2 -2  0    0   0   0   0  21   0   0   0   0   0  47   0  23   0   0   9   0   0   0   0  0.42 0.08
  143 K    0  1  3  0 -2  1  0 -1 -1 -3 -3  3 -2 -3 -1  2  0 -3 -2 -3    0   0  25   0   0   0   0   0   0   0   0  48   0   0   0  28   0   0   0   0  0.39 0.03
  144 N   -1 -2  4  4 -3 -1  0  3 -1 -4 -4 -1 -3 -4 -2  0 -1 -4 -3 -3    0   0  33  38   0   0   0  29   0   0   0   0   0   0   0   0   0   0   0   0  0.59 0.03
  145 F   -2  1 -3 -3 -3 -2 -3 -3  0 -1  0 -2 -1  6 -4 -2 -2  1  5 -1    0  14   0   0   0   0   0   0   0   0   0   0   0  62   0   0   0   0  24   0  0.62 0.04
  146 V   -1 -3 -3 -4 -1 -2 -3 -4 -3  3  2 -2  3  0 -3 -2 -1 -3 -1  3    0   0   0   0   0   0   0   0   0  14  24   0  14   0   0   0   0   0   0  48  0.33 0.03
  147 A    4 -2 -1 -2 -1 -1 -1  3 -2 -2 -2 -1 -1 -3 -1  1  0 -3 -2 -1   74   0   0   0   0   0   0  26   0   0   0   0   0   0   0   0   0   0   0   0  0.42 0.01
  148 K   -1  2  0 -1 -3  3  1 -2  0 -3 -3  4 -1 -3 -1  0 -1 -3 -2 -2    0   0   0   0   0  30   0   0   0   0   0  70   0   0   0   0   0   0   0   0  0.51 0.01

                      K         Lambda
Standard Ungapped    0.1317     0.3145
Standard Gapped      0.0537     0.2670
PSI Ungapped         0.1753     0.3133
PSI Gapped           0.0537     0.2670
