
Last position-specific scoring matrix computed, weighted observed percentages rounded down, information per position, and relative weight of gapless real matches to pseudocounts
           A  R  N  D  C  Q  E  G  H  I  L  K  M  F  P  S  T  W  Y  V   A   R   N   D   C   Q   E   G   H   I   L   K   M   F   P   S   T   W   Y   V
    1 G   -1 -4 -2 -3 -4 -4 -4  7 -4 -6 -6 -3 -5 -5 -4 -2 -3 -4 -5 -5    0   0   0   0   0   0   0 100   0   0   0   0   0   0   0   0   0   0   0   0  1.88 0.34
    2 K   -2  0 -2 -1 -5  4  4 -4 -2 -5 -4  5 -3 -5 -3 -2 -1 -5 -4 -4    1   3   0   1   0  19  27   0   0   0   0  46   0   0   0   1   2   0   0   0  0.95 0.34
    3 L   -3 -4 -5 -5 -4 -4 -5 -6 -5  2  5  0  0 -2 -5 -4 -3 -4 -3 -1    0   0   0   0   0   0   0   0   0  13  78   8   1   0   0   0   1   0   0   0  1.10 0.39
    4 V   -2 -3 -1 -4 -3 -2 -3 -4 -3  1  1 -2 -1 -3 -4 -2  5 -4 -3  4    1   1   3   0   0   1   0   0   0   4  15   2   0   0   0   0  41   0   0  31  0.63 0.31
    5 I   -3 -5 -5 -5 -3 -5 -5 -6 -5  6  1 -5  0 -2 -5 -4 -3 -5 -3  5    0   0   0   0   0   0   0   0   0  48   9   0   2   0   0   0   0   0   0  42  1.16 0.39
    6 W   -6 -6 -7 -7 -6 -5 -4 -6 -6 -6 -5 -6 -5 -3 -7 -6  1 12  0 -4    0   0   0   0   0   0   1   0   0   0   0   0   0   0   0   0   9  87   2   1  3.86 0.84
    7 I   -1 -3 -2 -2  1 -2  2 -3 -3  4 -1 -2  0 -2 -3  0  2 -4 -3  3    4   0   1   1   3   0  20   1   0  29   1   0   2   0   0   6  13   0   0  20  0.37 0.23
    8 N   -2 -3  5  4 -4 -2 -2  1  4 -5 -5 -2 -4 -4 -3  2 -1 -5 -2 -4    0   0  32  24   0   0   0   8  12   0   0   0   0   0   1  20   1   0   1   0  0.82 0.33
    9 G    0 -2 -1  1 -2 -1 -1  3 -2  0 -2 -1 -2 -2 -1  0  0 -3 -3  1    8   0   2   8   0   3   4  33   1   7   2   3   0   1   2   5   7   0   0  14  0.23 0.12
   10 D   -3 -3  0  6 -5 -1  3  1 -2 -5 -5  0 -4 -5 -3 -2 -1 -5 -4 -5    1   0   3  52   0   2  20  13   0   0   0   6   0   0   0   0   3   0   0   0  1.01 0.36
   11 K   -1  1  0  0 -5 -1  0 -3 -3 -5 -4  6 -3 -5  2 -1 -1 -5 -3 -4    5   5   3   4   0   1   5   0   0   0   0  60   0   0  12   3   3   0   0   0  0.88 0.36
   12 G    0  0 -1 -1 -4  2  2  4 -2 -4 -4 -1 -3 -3 -3  2 -1 -4 -4 -4    6   4   1   2   0  13  17  39   0   1   0   0   0   1   0  15   1   0   0   0  0.60 0.26
   13 Y   -1 -2 -3 -3 -3  0 -2 -2  1  0  0 -2  0  1 -2 -2 -1 -1  6  1    4   2   0   1   0   4   2   4   4   5   9   2   2   3   2   2   3   0  39  13  0.47 0.22
   14 N    1 -1  3  3 -4  0  3 -2 -2 -4 -4  2 -3 -4  0 -1 -1 -4 -3 -3   13   2  17  18   0   3  20   1   0   0   1  14   0   0   5   2   2   0   0   1  0.43 0.19
   15 G    2 -3 -2 -3 -4 -2 -2  4 -2 -1 -3 -2 -3  0 -3 -2 -2  6  3 -3   16   0   1   0   0   1   2  42   1   4   0   2   0   4   1   0   1  12  11   1  0.72 0.28
   16 L   -3 -4 -4 -5 -3 -4 -4 -5 -4  3  4 -4  2  0 -4 -4 -1 -3  0  2    1   0   1   0   0   0   0   0   0  23  50   0   4   3   0   0   2   0   3  12  0.72 0.27
   17 A    2  2  1 -1 -4  3  2 -2 -2 -4 -3  3 -2 -4 -2 -1 -1 -4 -3 -3   25   8   8   2   0  15  12   1   0   0   0  24   0   0   1   0   2   0   0   0  0.46 0.24
   18 E    0  0 -1  2 -4  2  4 -3 -2 -4 -3  2 -3 -3  1  0 -1 -4  0 -3    8   3   1  11   0   8  35   0   0   0   1  17   0   1   6   4   2   0   4   0  0.50 0.23
   19 V    2 -3 -4 -4 -3  1 -3 -4 -4  3  0 -3  0  0 -4 -2 -2 -1  0  4   18   0   0   0   0   7   0   0   0  23   7   0   1   3   0   0   0   1   2  37  0.49 0.25
   20 G    4 -3 -3 -3 -3 -3 -3  4 -4  0 -3  1 -3 -2 -3 -1 -1 -4 -3  0   37   0   0   0   0   0   0  34   0   7   0   9   0   2   0   0   3   0   0   8  0.59 0.27
   21 K    1  1  0  2 -4  2  2  0 -2 -4 -3  4 -3 -4 -2 -1 -1 -4 -3 -3   17   5   2  11   0   9  13   7   0   0   1  31   0   0   1   2   1   0   0   0  0.42 0.21
   22 K    2  2 -1  2 -4  2  2 -2 -2 -3 -3  3 -2 -4 -3  0 -1 -1 -3 -3   18  10   1  11   0  12  13   0   0   1   1  25   0   0   0   4   3   1   0   0  0.39 0.20
   23 F   -5 -5 -6 -6 -5 -6 -6 -6 -2 -3 -2 -6 -3  8 -6 -5 -5  3  4 -4    0   0   0   0   0   0   0   0   0   0   0   0   0  82   0   0   0   4  13   0  2.23 0.58
   24 E    0 -2 -2 -1 -5  0  6  0 -3 -5 -4  0 -4 -5 -3 -1  3 -5 -4 -4    6   0   1   0   0   1  60   6   0   0   1   4   0   0   0   1  19   0   0   0  0.94 0.39
   25 K    2  0 -1 -1 -4  2  3 -3 -2 -4 -4  5 -3 -5 -3 -1 -2 -5 -4 -4   18   3   1   2   0   9  24   0   0   0   0  41   0   0   0   2   1   0   0   0  0.72 0.31
   26 D   -1  0 -1  4 -5  2  4 -3 -2 -4 -4  3 -3 -5 -3 -2 -1 -5 -4 -4    5   2   0  26   0   8  33   0   0   1   0  22   0   0   0   0   3   0   0   0  0.77 0.31
   27 T   -2 -3  4 -3 -4 -3 -2 -4  2 -3 -2 -3 -3 -1 -4  0  5 -3  4 -3    1   0  20   0   0   0   1   0   5   0   2   0   0   1   0   5  48   0  16   0  0.84 0.37
   28 G   -2 -4  1  1 -5 -3 -4  7 -4 -6 -6 -2 -5 -6 -4 -2 -4 -5 -5 -6    0   0   8   8   0   0   0  81   0   0   0   2   0   0   0   0   0   0   0   0  1.61 0.46
   29 I   -2 -3 -1 -4 -2 -4 -4 -5 -2  5 -1 -4  0 -3 -4 -3  0 -5 -2  5    0   1   4   0   0   0   0   0   1  39   0   0   1   0   0   0   5   0   1  46  0.91 0.35
   30 K   -2  0 -1 -1 -5  1  1 -4 -2 -4 -4  5 -3 -5  3 -1  1 -5 -4 -3    2   3   2   2   0   4   8   0   0   1   0  52   0   0  14   1  11   0   0   0  0.79 0.33
   31 V   -3 -5 -6 -6 -3 -5 -5 -6 -6  3 -2 -5 -2 -3 -5 -4 -2 -5 -4  7    0   0   0   0   0   0   0   0   0  12   0   0   0   0   0   0   1   0   0  87  1.59 0.51
   32 T   -2 -1  1 -1 -4  0  3 -3 -2 -1 -2  3 -2 -4 -3 -1  3 -4 -3  0    1   1   7   2   0   3  25   0   0   4   2  26   0   0   0   3  21   0   0   6  0.44 0.25
   33 V   -2 -5 -5 -5 -3 -4 -4 -5 -5  3  0 -5  1  0 -5 -4 -2 -4  0  6    1   0   0   0   0   0   0   0   0  13   5   0   2   3   0   0   0   0   3  73  1.14 0.40
   34 E    0 -1 -2 -2 -3  3  3 -3 -2 -1 -2  1 -2 -4 -3 -1  0 -4 -3  3    9   0   0   0   0  17  27   0   0   2   3  10   0   0   0   2   4   0   0  25  0.41 0.25
   35 H    0 -2  0 -1 -4  1  3 -3  5 -1 -3 -1 -1 -1  0  0  2 -4  0 -2    8   0   4   1   0   4  26   1  20   4   0   2   2   3   5   4  13   0   3   1  0.40 0.22
   36 P   -1 -2 -3 -1 -4 -1 -2 -1 -2 -1 -2  1  2 -3  5 -2 -2 -4 -2  3    2   1   0   4   0   2   1   4   1   2   1  12   6   1  34   1   0   0   1  27  0.62 0.27
   37 D   -1 -3  1  5 -4  1  2  1 -2 -4 -5 -1 -4 -5  1  0  0 -5 -3 -3    4   0   5  42   0   6  13   9   0   0   0   1   0   0   6   7   6   0   0   1  0.65 0.26
   38 K   -1 -1  1  4 -4  2  0  0  0 -3 -3  1  3 -3 -2  1 -2 -4  1 -3    5   1   4  28   0   9   3   6   1   0   0  12  14   0   1  11   0   0   5   0  0.37 0.22
   39 L    1 -3 -3 -2 -3  1 -2 -4 -3  2  3 -2  2  1 -3 -2 -1 -3 -1  0   15   0   0   2   0   9   1   0   0  17  33   1   4   8   1   1   3   0   1   4  0.29 0.18
   40 E   -1  0 -1  2 -4  2  3 -1 -2 -2 -2  1 -2 -1  1 -1  2 -4 -3 -2    3   5   0  10   0  13  21   3   0   1   2  11   1   3   8   1  14   0   0   3  0.30 0.17
   41 E   -1 -2  0  4 -4  2  4 -1 -2 -4 -4 -1 -3 -5 -1  1  0 -5 -4 -2    3   0   2  26   0  11  35   3   0   0   0   2   0   0   2   8   5   0   0   2  0.65 0.27
   42 K    1  2  2  0 -4  1  0 -3 -2 -4 -4  5 -3 -5 -3 -1 -2 -2 -4 -4   12  11   9   4   0   6   3   1   0   0   1  50   0   0   0   2   1   0   0   0  0.70 0.31
   43 F   -4 -5 -5 -6 -4 -5 -5 -6 -4 -1  4 -5  0  7 -6 -5 -4 -2  2 -2    0   0   0   0   0   0   0   0   0   2  39   0   2  51   0   0   0   0   6   1  1.30 0.41
   44 P    1  2 -2  0 -3  3  0 -3 -2  1 -1  0 -1 -3  3  1 -1 -4 -3 -1   11  13   0   5   0  18   2   0   0  10   6   5   1   1  14  12   1   0   0   2  0.26 0.17
   45 Q   -2  0 -3 -2 -4  5 -1 -4 -1 -2  3 -2  0 -3 -4 -2  2 -4 -3 -2    1   4   0   2   0  36   1   0   1   1  37   1   2   0   0   0  13   0   0   1  0.63 0.33
   46 V    3 -3 -2  5 -3 -1 -1 -1 -2 -2 -2 -2 -2 -3 -3  0 -1 -5 -2  1   27   0   0  38   0   1   1   4   1   0   4   0   0   0   0   6   3   0   1  13  0.51 0.26
   47 A    5 -4  0 -3 -1 -3 -3  4 -4 -4 -4 -3 -1 -5 -3  0 -1 -5 -4 -3   52   0   4   0   1   0   0  37   0   0   0   0   1   0   0   3   2   0   0   0  0.96 0.37
   48 A    2 -2 -2 -3 -4  2 -2 -2 -3 -4 -4 -1 -2 -5  6  0 -2 -5 -2 -4   23   1   1   0   0  10   0   2   0   0   0   3   1   0  49   7   1   0   1   0  1.13 0.37
   49 T    4 -2 -1 -2 -3  1 -1 -2 -3 -2 -3  0 -3 -4 -3  2  3 -4 -3 -1   37   1   2   1   0   8   1   0   0   1   0   5   0   0   0  16  26   0   0   3  0.53 0.28
   50 G   -1 -5 -2 -3 -5 -3 -4  7 -5 -6 -6 -4 -5 -6 -5 -1 -3 -5 -6 -6    3   0   1   1   0   1   1  91   0   0   0   0   0   0   0   3   1   0   0   0  1.89 0.51
   51 D   -1 -1  2  2 -4  3  1 -1 -2  0 -3  3 -2 -4 -3  0  1 -4 -3 -2    2   1  11  14   0  14   6   3   0   7   1  27   1   0   0   5   7   0   0   1  0.35 0.20
   52 G    2 -5 -3 -4 -4 -4 -4  7 -4 -6 -6 -4 -5 -5 -4 -2 -4 -5 -5 -4   17   0   0   0   0   0   0  81   0   0   0   0   0   0   0   1   0   0   0   1  1.67 0.47
   53 P    2 -5 -5 -4 -5 -4 -4 -5 -5 -5 -6 -4 -5 -6  8 -3 -4 -6 -6 -5   15   0   0   0   0   0   0   0   0   0   0   0   0   0  84   1   0   0   0   0  2.46 0.62
   54 D   -5 -5 -2  8 -7 -3 -1 -4 -4 -6 -7 -4 -6 -7 -4 -3 -4 -7 -6 -6    0   0   0 100   0   0   0   0   0   0   0   0   0   0   0   0   0   0   0   0  2.51 0.66
   55 I   -3 -5 -5 -5 -3 -5 -5 -6 -5  6  1 -5  0 -2 -5 -4 -3 -5 -3  4    1   0   0   0   0   0   0   0   0  52  11   0   1   0   0   0   0   0   0  36  1.14 0.38
   56 I   -3 -4 -5 -5 -3 -4 -5 -5 -4  4  1 -4  5  3 -5 -4 -2  3 -2  3    0   0   0   0   0   0   0   0   0  31   9   0  17  16   0   0   1   4   0  21  0.77 0.30
   57 F   -2 -4 -4 -4 -2 -3 -4 -4 -4  3  1 -4  4  4 -4 -2  1 -3  0  3    2   0   0   0   0   0   0   1   0  17   7   0  13  25   0   1  11   0   1  22  0.56 0.25
   58 W    1 -4 -4 -4 -4  0 -4  2 -2  1  0 -4  1  0 -4 -1 -2  9  0 -2   15   0   0   0   0   6   0  15   1   8   8   0   3   2   0   3   1  35   2   1  0.99 0.34
   59 A    5 -4 -4 -4 -4 -4 -3 -3 -4 -5 -5 -3 -4 -5  7 -1 -3 -6 -5 -4   49   0   0   0   0   0   0   0   0   0   0   0   0   0  50   1   0   0   0   0  1.63 0.50
   60 H   -4 -3  0 -4 -6  0 -3 -3 10 -6 -5 -4 -4 -1 -5 -3 -4 -4  4 -6    0   0   4   0   0   3   0   2  76   0   0   0   0   2   0   0   0   0  12   0  2.29 0.62
   61 D   -5 -5 -2  8 -7 -3 -1 -4 -4 -6 -7 -4 -6 -7 -4 -3 -4 -7 -6 -6    0   0   0  99   0   0   1   0   0   0   0   0   0   0   0   0   0   0   0   0  2.48 0.65
   62 R   -4  7  0 -4 -6  3 -2 -3  2 -5 -5  0 -4 -4 -5 -3 -4  7 -3 -5    0  60   5   0   0  13   0   1   5   0   0   1   0   0   0   0   0  15   0   0  1.44 0.47
   63 F   -2 -4 -5 -5 -3 -4 -4 -5 -4  4  2 -4  1  4 -4 -3 -1 -3  0  2    1   0   0   0   0   0   0   0   0  27  22   0   2  24   0   0   4   0   2  17  0.65 0.25
   64 G   -3 -5 -3 -4 -5 -5 -5  7 -5 -7 -7 -4 -6 -6 -5 -3 -4 -5 -6 -6    0   0   0   0   0   0   0  99   0   0   0   0   0   0   0   1   0   0   0   0  2.28 0.58
   65 G   -1 -1  1  1 -4  1  3  3 -2 -4 -4 -1 -3 -4 -1  1  1 -4 -3 -2    4   1   7   7   0   7  26  23   0   0   0   1   0   0   3  11   8   0   0   2  0.41 0.20
   66 Y    1 -4 -4 -5 -3 -3 -4 -4 -3  0  3 -4  3  1 -4 -2 -3  8  4 -1   12   0   0   0   0   0   0   0   0   3  30   0   8   5   0   1   0  21  16   3  0.83 0.31
   67 A    4 -4 -3 -4 -3 -1 -3  2 -2  1 -2 -3 -1 -3 -3 -1 -2 -1 -1  3   40   0   0   0   0   3   0  14   1   7   1   0   1   0   0   1   0   1   1  31  0.52 0.28
   68 Q    1  0  1  0 -3  4  1 -2 -2 -1 -1  2 -1 -3 -2  0  1 -4 -3  0   12   3   6   3   0  26   7   0   0   3   6  12   1   0   1   5   9   0   0   8  0.26 0.17
   69 S    3 -1  2  0 -3  4  1 -1 -2 -4 -4  0 -3 -4 -3  2 -1 -4 -3 -3   29   2  12   5   0  21  10   3   0   0   0   3   0   0   0  15   0   0   0   0  0.47 0.25
   70 G   -2 -5 -3 -4 -5 -4 -5  7 -5 -7 -6 -3 -5 -6 -5 -2 -4 -5 -6 -6    1   0   0   0   0   0   0  97   0   0   0   1   0   0   0   1   0   0   0   0  2.14 0.56
   71 L   -2 -3 -3 -5 -3  1 -4 -5  3  0  5 -4  0 -1 -4 -3 -2  1 -1  1    3   0   0   0   0   6   0   0  10   3  63   0   0   1   0   0   2   2   1   8  0.71 0.31
   72 L   -1 -4 -5 -5 -3 -4 -5 -5 -5  4  5 -4  0 -2 -5 -4 -2 -4 -3  1    5   0   0   0   0   0   0   0   0  27  61   0   0   0   0   0   1   0   0   6  0.95 0.34
   73 A    3 -1 -1  0 -3  1  2 -2 -2 -3 -2  1 -2 -4 -2  1  0 -2 -2 -2   38   2   1   5   0   7  18   0   0   0   5   7   0   0   0   8   5   1   1   1  0.36 0.22
   74 E   -2 -3 -3 -1 -5 -1  5 -4 -3 -5 -5 -2 -5 -6  6 -2 -2 -6 -5 -5    2   0   0   2   0   2  43   0   0   0   0   0   0   0  48   1   2   0   0   0  1.56 0.48
   75 I   -3 -4 -1 -5 -3 -4 -4 -5 -5  4  2 -4  3 -2 -4 -4 -2 -4 -2  5    0   0   3   0   0   0   0   0   0  29  17   0   7   0   0   0   0   0   0  43  0.82 0.32
   76 T   -1 -1  2  2 -3  1  1 -1  1 -3 -3  3 -3 -3  0  0  2 -4 -3 -3    2   1  12  10   0   6   8   4   3   1   0  22   0   1   4   5  18   0   0   0  0.32 0.17
   77 P   -2 -3 -3 -2 -4 -2 -2 -4 -4 -1  2  0 -2 -1  6 -2 -3 -4 -2  1    1   1   1   1   0   1   1   0   0   2  25   5   0   3  43   1   0   0   1  13  0.86 0.31
   78 D   -1 -2  0  3 -3 -1  0  1 -2 -4 -4 -1 -3 -2  1  4  1 -4  0 -2    3   1   2  16   0   0   5  12   0   0   0   1   0   1   6  39   7   0   5   2  0.43 0.24
   79 K    1 -1  1  3 -3  2  1 -1 -2 -2 -2  2 -1 -2  0  0 -1 -4 -3 -1   13   0   6  18   0  12   9   2   0   1   3  19   1   2   4   4   1   0   0   6  0.26 0.16
   80 A    1  0 -1  3 -3  0  3  0 -2 -1 -3  1 -2 -3 -1  1  0 -4 -2 -1   16   4   1  16   0   2  23   5   0   4   0   7   0   0   2  10   6   0   1   3  0.27 0.15
   81 F    0 -1 -1  0 -2  0  0 -2 -1  1  0 -1  0  3 -2  0  0  0  1  1    9   2   2   5   0   5   5   2   1   7   6   2   2  19   0   7   4   1   5  17  0.09 0.08
   82 Q   -1  2 -1 -2 -3  2 -1 -3 -1 -1  0  4 -1 -3 -3 -1  0 -3 -1 -1    4  13   1   1   0  10   1   0   1   3  14  38   1   0   0   2   6   0   2   4  0.38 0.21
   83 D    1 -1  2  4 -3  0  2 -1 -2 -4 -4  0 -3 -4 -3  2  0 -4 -3 -3   14   1  12  28   0   2  13   2   0   0   0   5   0   0   0  15   5   0   0   0  0.48 0.21
   84 K    0  1  0  3 -3  2  1  1 -2 -2 -3  3 -2 -4 -2  1 -1 -4 -3 -3    9   5   2  19   0  10   5  12   0   2   2  21   0   0   1   9   2   0   0   0  0.31 0.16
   85 L   -3 -3 -3 -3 -3 -4 -4 -5 -1  2  1 -2  0  5 -4 -3 -2 -1  5  0    1   1   1   1   0   0   0   0   1  14  16   3   1  32   0   0   1   0  23   5  0.71 0.27
   86 Y    0 -2  0  2 -2  0 -1 -2 -1  0  0 -2  0  1 -1  0  2 -2  1  1    7   0   5  14   0   4   2   2   1   2   7   1   3   5   2   7  17   0   8  14  0.11 0.11
   87 P   -1 -1 -1  4 -5  1  2 -2 -3 -5 -5  2 -4 -5  4 -1 -2 -5 -4 -4    3   1   1  32   0   5  16   2   0   0   0  13   0   0  24   2   1   0   0   0  0.80 0.29
   88 F    0 -2 -1 -2 -3 -1 -1 -2 -2  0 -1  0  0  4 -1  1  2 -2  0  0    9   0   2   1   0   2   2   1   0   3   4   6   2  25   2  10  20   0   1   8  0.23 0.17
   89 T    4 -3 -2  0 -2 -2 -1  0 -3 -3 -3 -2 -3 -3 -2  2  2 -4 -3 -1   51   0   0   6   0   0   2   6   0   0   1   0   0   1   1  16  13   0   0   3  0.57 0.29
   90 W   -3 -3 -5 -5 -4 -1 -4 -5 -4  3  1  0  2 -2 -5 -4 -3  9 -1  2    0   1   0   0   0   2   0   0   0  17  15   6   6   0   0   0   0  37   0  15  1.24 0.39
   91 D   -1 -1  1  5 -4  2  2 -2 -1 -4 -4  1 -3 -4 -3  0 -1 -5 -4 -4    6   1   7  36   0  12  13   2   0   0   1  11   0   0   0   6   4   0   0   0  0.60 0.24
   92 A    6 -3 -3 -4 -3  1 -3  0 -4 -4 -2 -3 -3 -4 -3  0 -2 -5 -4 -3   79   0   1   0   0   7   0   5   0   0   3   0   0   0   0   4   0   0   0   0  1.10 0.43
   93 V   -2 -4 -3 -4 -2  1 -2 -4 -4  0  0 -3  3  4 -4 -3 -1 -1 -2  5    2   0   1   0   1   8   2   1   0   0   7   0   8  18   0   0   4   1   0  49  0.61 0.30
   94 R   -2  1  0 -3 -3  0 -2 -3 -2 -2 -3  1  0 -4 -3  2  5 -4 -3 -2    0   7   3   0   0   4   1   0   0   2   1   9   3   0   0  16  53   0   0   1  0.72 0.34
   95 Y   -3 -4 -3 -5 -4 -3 -4 -5  0  1 -1 -4  1  4 -5 -2 -2  2  7  2    0   0   1   0   0   0   0   0   1   6   5   0   3  18   0   3   1   2  41  17  0.91 0.33
   96 N   -2 -1  5  5 -5  0  1  2 -2 -5 -5  1 -4 -5 -3 -2 -2 -5 -4 -5    1   1  29  32   0   4   8  17   0   0   0   7   0   0   0   0   0   0   0   0  0.82 0.31
   97 G   -2 -4  2  0 -5 -2 -3  7 -4 -6 -6 -4 -5 -6 -4 -2 -3 -5 -5 -6    0   0   9   5   0   1   1  82   0   0   0   0   0   0   0   1   1   0   0   0  1.64 0.47
   98 K   -2  2 -2 -2 -5  2  0 -4 -2 -4 -4  6 -3 -5 -3 -2  0 -5 -4 -2    3   6   1   1   0   9   3   0   1   0   0  70   0   0   0   0   5   0   0   2  1.12 0.42
   99 L   -2 -3 -4 -4 -3  0 -3 -4 -3  2  3 -3  1 -1 -4 -2  1 -3  1  2    2   1   0   0   0   6   0   0   0  14  40   0   2   0   0   1  11   0   5  18  0.45 0.22
  100 I   -4 -5 -5 -6 -5 -4 -5 -6 -2  2 -2 -5  0  3 -6 -4 -4  6  8 -1    0   0   0   0   0   0   0   0   0  13   2   0   2   8   0   0   0  10  62   3  1.67 0.50
  101 A    1 -5 -3 -4 -5 -4 -5  7 -5 -6 -6 -4 -5 -6 -5 -2 -4 -5 -5 -5   11   0   0   0   0   0   0  88   0   0   0   0   0   0   0   0   0   0   0   0  1.87 0.52
  102 Y    0 -4 -4 -5 -3 -3 -2 -5 -2  1  2 -4  0  1 -4 -3 -3 -1  7  2    8   0   0   0   0   1   2   0   0   6  21   0   2   2   0   0   0   0  42  15  0.78 0.33
  103 P   -4 -5 -5 -5 -6 -4 -4 -5 -5 -6 -6 -4 -6 -7  9 -4 -4 -7 -6 -6    0   0   0   0   0   0   0   0   0   0   0   0   0   0 100   0   0   0   0   0  3.15 0.73
  104 I    1 -2 -3 -3 -3 -1 -3 -3 -2  3  0  1  3  0 -3 -2 -1 -2  3  2   14   1   0   0   0   1   0   0   0  19   7  15  10   2   0   1   2   0  12  16  0.27 0.19
  105 A    5 -3 -2 -3 -2 -3 -3 -1 -3 -1 -3 -3 -1  1 -3  2 -1 -4 -3  1   55   0   1   0   0   0   0   2   0   2   0   0   1   8   0  17   2   0   0  13  0.61 0.30
  106 V    0 -4 -4 -4 -3 -2 -4 -4 -4  4  0 -3  2 -1 -4 -2  1 -4 -2  4    9   0   0   0   0   2   0   0   0  34   4   0   7   1   0   1   8   0   1  34  0.60 0.26
  107 E   -4 -3 -3 -1 -7  0  7 -5 -3 -6 -6 -2 -5 -6 -4 -3 -4 -6 -5 -5    0   0   0   1   0   1  98   0   0   0   0   0   0   0   0   0   0   0   0   0  2.08 0.61
  108 A    3 -3  1 -3 -3 -2 -2 -1 -3 -3 -3 -2 -3 -4 -3  3  4 -4 -3 -1   29   0   6   0   0   0   0   2   0   0   0   0   0   0   0  23  35   0   0   4  0.65 0.31
  109 L   -2 -4 -4 -4 -3 -3 -4 -5 -3  2  3 -4  0 -1  2 -3  0 -3  2  3    0   0   0   0   0   0   0   0   0  12  33   0   0   0  11   1   6   0  10  27  0.52 0.24
  110 S    3 -3 -2 -3 -2 -2 -3  2 -2  0 -2 -2 -1 -3 -3  3  0 -4 -3  2   30   0   0   0   0   0   0  15   1   3   0   0   1   1   0  25   3   0   0  22  0.44 0.24
  111 L   -4 -4 -5 -6 -3 -2 -5 -6 -5  0  6 -4  3  1 -5 -4 -3 -4 -3 -1    0   0   0   0   0   2   0   0   0   3  82   0   7   5   0   0   0   0   0   2  1.19 0.40
  112 I   -3 -5 -5 -5 -3 -4 -5 -5 -3  6  0 -4  1  3 -5 -4 -3 -3  3  2    0   0   0   0   0   0   0   0   0  54   4   0   3  14   0   0   0   0  13  12  0.94 0.33
  113 Y   -5 -1 -5 -6  0 -4 -5 -6 -1 -4 -4 -5 -4  0 -6 -5 -5  0  9 -4    0   4   0   0   2   0   0   0   0   0   0   0   0   1   0   0   0   1  93   0  2.59 0.67
  114 N   -5 -3  9 -2 -6 -3 -3 -3 -2 -6 -6 -3 -5 -6 -5 -2 -3 -7 -5 -6    0   0 100   0   0   0   0   0   0   0   0   0   0   0   0   0   0   0   0   0  2.49 0.67
  115 K   -3  1 -2 -3 -5 -1 -2 -4 -3 -5 -5  7 -4 -6 -2 -2  1 -6 -4 -5    1   3   1   0   0   1   0   0   0   0   0  86   0   0   1   0   8   0   0   0  1.57 0.51
  116 D    1 -3  0  7 -5 -2  1 -3 -3 -5 -5  2 -4 -5 -3 -1 -3 -6 -5 -5   12   0   3  64   0   0   5   0   0   0   0  14   0   0   0   2   0   0   0   0  1.19 0.39
  117 L   -3 -3 -5 -5 -3 -3 -4 -6 -3  1  5 -2  1  0 -5 -4 -3 -3  2 -1    0   1   0   0   0   1   0   0   0   7  78   3   1   2   0   0   0   0   7   0  1.01 0.38
  118 L   -1 -4 -5 -5 -3 -3 -4 -5 -5  3  2 -4  3 -1 -4 -3 -2 -4 -3  5    4   0   0   0   0   1   0   0   0  15  17   0   8   1   0   0   0   0   0  54  0.81 0.32
  119 P   -1 -2 -2  2 -4  0  1 -3 -3 -4 -4  3 -4 -3  5  0 -1 -5 -4 -4    4   0   0  11   0   4   8   1   0   0   0  25   0   1  36   8   3   0   0   0  0.85 0.31
  120 N   -2 -1  2  0 -4  2  4 -3 -1 -3 -4  1 -3 -5 -3  0  3 -5 -3 -3    2   2  12   3   0   9  37   0   1   1   0  10   0   0   0   3  21   0   0   0  0.61 0.29
  121 P    3 -4 -4 -3 -4 -3 -2 -3 -4 -4 -3 -3 -4 -5  7 -2 -2 -5 -5  0   33   0   0   0   0   0   2   0   0   0   2   0   0   0  55   1   1   0   0   7  1.42 0.44
  122 P   -3 -5 -5 -5 -6 -4 -4 -5 -5 -4 -2 -4 -5 -4  8 -4 -4 -6 -3 -4    1   0   0   0   0   0   0   0   0   0   4   0   0   1  93   0   0   0   1   1  2.71 0.66
  123 K    1  0 -1 -1 -4  1  1 -2 -3 -4 -4  5 -3 -5 -3 -1  1 -5 -4 -3   15   2   1   2   0   3  10   1   0   0   0  53   0   0   0   3  10   0   0   0  0.72 0.33
  124 T   -2 -3  2 -2 -3 -2 -3 -4 -4 -4 -4 -3 -3 -5 -3  2  7 -5 -4 -3    1   0   8   1   0   1   0   0   0   0   0   0   0   0   0  17  71   0   0   0  1.29 0.49
  125 W   -4 -5 -5 -6 -4 -4 -5 -5 -4  1  1 -5  4  5 -6 -5 -4  9  2 -2    0   0   0   0   0   0   0   0   0   8  15   0  12  30   0   0   0  30   4   0  1.42 0.42
  126 E    0 -2  0  4 -5  1  5 -3 -2 -5 -5  1 -4 -5 -2  0 -2 -5 -4 -4    9   0   3  23   0   4  49   1   0   0   0   6   0   0   1   4   0   0   0   0  0.87 0.34
  127 E   -1 -3 -2  5 -6  0  6 -3 -3 -5 -5 -2 -5 -6 -3 -1 -3 -6 -5 -5    4   0   0  30   0   2  60   2   0   0   0   0   0   0   0   2   0   0   0   0  1.31 0.45
  128 I   -3 -4 -5 -5 -3 -4 -4 -5 -4  3  4 -4  1  2 -5 -4 -3  3  0  2    0   0   0   0   0   0   0   0   0  18  46   0   3  10   0   0   0   5   2  16  0.71 0.27
  129 P    0 -2 -3 -2 -3 -1  2 -3 -1  2  1 -1  1  1  2 -2 -1 -2  2  1    9   1   0   0   0   1  19   0   1  13  12   2   4   8  10   0   1   0   9  11  0.19 0.14
  130 A    4 -1  0  1 -3  0  2 -2 -2 -3 -3  2 -3 -4 -2  0  0 -4 -3 -2   43   1   3   6   0   3  18   1   1   0   0  13   0   0   1   4   6   0   0   1  0.46 0.25
  131 L   -2 -3 -3 -4 -3 -2 -3 -4 -3  2  4 -2  2  2 -4 -3  0 -3  0  0    3   0   1   0   0   2   1   0   0  11  54   2   3  10   0   0   7   0   3   3  0.52 0.24
  132 D    3 -3  0  4 -3 -1 -1  0  2 -4 -3 -2 -3 -4 -3  2 -1 -5 -3 -3   37   0   3  24   0   2   2   7   6   0   1   0   0   0   0  16   1   0   0   1  0.52 0.26
  133 K    0  2 -1  0 -4  2  1 -3 -2 -4 -4  6 -3 -5 -2 -2 -1 -5 -4 -4    9   7   1   3   0  11   8   0   0   0   1  56   0   0   1   0   2   0   0   0  0.81 0.33
  134 E   -1  0  0  3 -4  2  3 -2 -2 -4 -4  4 -3 -4 -3 -1 -1 -4 -3 -4    6   4   2  17   0  11  24   1   0   0   0  28   0   0   0   2   4   0   0   0  0.57 0.24
  135 L   -1 -2  1 -1 -3  0 -2 -3 -1  1  3 -2  2  1 -1 -1 -1 -3  0  0    4   1   8   2   0   6   2   0   1   5  44   1   4   5   3   5   2   0   3   4  0.22 0.16
  136 K    0  3  0 -1 -3  1  0 -3 -2 -2 -2  3 -2 -4 -2  0  3 -4 -3 -1    8  17   4   2   0   5   3   0   0   2   2  24   1   0   1   6  21   0   0   3  0.34 0.19
  137 A    2 -1 -1  1 -3  0  2  0 -2 -3 -3  3 -2 -4  0  0  0 -4 -2 -3   26   0   1   8   0   1  13   5   0   0   0  27   1   0   5   5   6   0   1   0  0.35 0.20
  138 K   -1 -1  1  3 -4  2  3  1 -2 -4 -4  3 -3 -4 -1  0 -1 -4 -3 -3    5   1   8  17   0  12  19  12   0   0   0  19   0   0   1   3   2   0   0   0  0.43 0.20
  139 G   -1 -2  2  1 -4 -1  0  5 -3 -5 -5  1 -4 -4 -3 -1 -2 -4 -3 -4    2   0   9   7   0   2   5  57   0   0   0  11   0   0   0   4   1   0   1   0  0.86 0.30
  140 K   -2  0  1 -2 -4  2 -1 -3 -3 -1 -3  6 -3 -4 -3 -2  0 -5 -4  0    1   3   7   0   0   9   1   1   0   5   0  58   0   0   0   1   6   0   0   7  0.76 0.34
  141 S   -1  1 -1 -3 -3  0 -2 -3  0 -2 -2  1 -2  3 -3  1  1 -1  4 -1    4  10   3   0   0   3   1   0   2   1   1  11   0  13   0  16  10   0  21   5  0.32 0.20
  142 A    4 -4 -3 -3 -3 -2 -3  5 -4 -4 -4 -3 -4 -5  0 -1 -1 -5 -4 -3   42   0   0   0   0   2   1  47   0   0   0   0   0   0   4   2   3   0   0   0  0.98 0.36
  143 L   -4 -5 -5 -5 -4 -4 -2 -5 -4  4  1 -5  1  6 -5 -4 -3 -2  0 -1    0   0   0   0   0   0   3   0   0  33  14   0   2  45   0   0   0   0   2   1  1.06 0.37
  144 M   -2 -4 -3 -5 -3 -2 -2 -3 -4  1  4 -4  6 -2 -4 -2 -2 -4 -3  1    2   0   1   0   0   2   2   1   0   7  50   0  26   0   0   2   2   0   0   6  0.77 0.32
  145 F    3 -3 -4 -5 -3 -3 -4 -3 -3 -3 -2 -4  2  2 -4 -2 -1  9  3 -2   25   1   0   0   0   1   0   0   0   0   3   0   6   9   0   2   3  36  12   2  1.27 0.41
  146 N   -2 -1  4  5  0  0  1 -3 -2 -3 -1  2 -3 -4 -1 -1 -2 -5 -4 -3    1   2  20  37   3   3   7   0   0   0   8  14   0   0   2   2   1   0   0   1  0.59 0.26
  147 L    0 -4 -4 -4 -3 -2 -3 -2 -3  1  2 -4 -1  2 -2 -3 -1  7  4  1    7   0   0   0   0   1   1   3   0  10  20   0   0   8   2   0   3  18  17  10  0.60 0.24
  148 Q    0 -1  2  3 -3  1 -1  2 -2 -4 -3  1 -2 -4 -3  0  2 -4 -3 -3    6   2  13  17   0   8   1  19   0   0   1  12   1   0   0   4  17   0   0   0  0.36 0.19
  149 E   -3 -2  6  4 -5  1  3 -2 -2 -5 -5 -2 -4 -5 -4 -1 -1 -6 -4 -5    0   0  47  20   0   7  19   1   0   0   0   0   0   0   0   3   3   0   0   0  1.05 0.38
  150 P    1 -4 -4 -4 -3 -3 -4 -3 -3  0 -1 -3 -1  5  4 -2  1 -3 -1 -1   15   0   0   0   0   0   0   1   0   7   5   0   1  32  25   1  11   0   0   2  0.69 0.29
  151 Y   -5 -5 -5 -6 -6 -5 -5 -6 -1 -4 -4 -5 -4  1 -6 -5 -5 -1 10 -4    0   0   0   0   0   0   0   0   0   0   0   0   0   3   0   0   0   0  97   0  2.90 0.75
  152 F   -4 -4 -3 -5 -5 -3 -5 -5  2 -3 -2 -5  1  7 -4 -4 -4 -1  5 -3    1   1   1   0   0   1   0   0   6   0   1   0   3  62   1   0   0   0  24   0  1.59 0.48
  153 T    2 -3  2 -2 -3 -2 -2 -1 -3 -2 -3 -2 -3 -3 -3  3  4 -4 -3  0   16   0   9   1   0   0   0   3   0   2   1   0   0   1   0  24  38   0   0   5  0.56 0.29
  154 W   -2 -4 -2 -5 -5 -2 -4 -5  2 -3 -3 -4  0  3 -5 -3 -4  9  6 -3    3   0   3   0   0   2   0   0   6   0   0   0   3  10   0   1   0  36  35   1  1.77 0.50
  155 P   -1 -4 -3 -4 -3 -4 -4  4 -4 -5 -5 -3 -5 -3  7  0 -2 -5 -4 -5    5   0   0   0   0   0   0  34   0   0   0   0   0   2  51   7   1   0   0   0  1.44 0.43
  156 L   -1 -4 -5 -5 -3 -4 -4 -5 -4  1  3 -4  2  5 -2 -4 -3 -1  0  2    4   0   0   0   0   0   0   0   0   5  39   0   4  26   2   0   0   1   2  17  0.65 0.26
  157 I   -3 -4 -5 -5 -3 -3 -4 -5 -4  4  3 -4  3  3 -4 -4 -2 -3  1  1    1   0   0   0   0   1   0   0   0  33  32   0  10  15   0   0   1   0   3   4  0.70 0.28
  158 A    4 -2 -2 -3 -3 -2 -2  0 -3 -3 -2 -1 -1  0 -3  3  0 -4 -3 -2   52   1   1   1   0   0   0   6   0   0   2   4   2   4   0  22   5   0   0   0  0.58 0.30
  159 A    4 -4 -1 -3 -3 -2 -3  4 -4 -4 -4 -3 -4 -5 -1  1 -2 -5 -4 -3   47   0   2   0   0   1   0  37   0   0   0   0   0   0   3  11   0   0   0   0  0.90 0.35
  160 D   -1 -2  3  2 -4 -1 -2  1  0 -3 -3 -2  2  2 -4 -1 -2 -2  5 -3    5   1  18  13   0   2   1  12   1   0   1   1   8   8   0   4   0   0  27   0  0.49 0.26
  161 G   -2 -5 -3 -2 -5 -4 -5  7 -5 -6 -6 -4 -5 -6 -5 -3 -4 -5 -6 -6    0   0   0   2   0   0   0  97   0   0   0   0   0   0   0   0   0   0   0   0  2.14 0.56
  162 G    2 -4 -3 -2 -4 -4 -4  6 -4 -5 -5 -4 -4 -5 -4 -1 -3 -5 -5 -5   18   0   0   1   0   0   0  78   0   0   0   0   0   0   0   3   0   0   0   0  1.53 0.45
  163 Y   -4 -5 -2 -5 -5 -4 -3 -3 -1 -2 -4 -5 -4  1 -6 -3 -4 -1  9 -3    1   0   2   0   0   0   1   2   0   2   0   0   0   3   0   1   0   0  88   1  2.31 0.65
  164 A    2 -4 -3 -4 -2 -3 -3 -3 -4  3  0 -3 -1  0 -1  0 -1 -4 -3  4   22   0   1   0   0   0   0   1   0  15   3   0   0   4   4   6   1   0   0  44  0.51 0.27
  165 F   -2 -6 -6 -6 -5 -6 -6 -6 -4 -3 -2 -6 -3  9 -6 -5 -5 -2  2 -3    4   0   0   0   0   0   0   0   0   0   1   0   0  91   0   0   0   0   4   1  2.27 0.61
  166 K   -1  0 -1 -2 -5  1  0  4 -3 -3 -4  5 -3 -4 -3 -2 -3 -5 -4 -4    2   3   1   1   0   5   4  33   0   2   0  45   0   1   0   1   0   0   0   1  0.78 0.33
  167 Y   -2  1  2  1 -4  1  2 -2  0 -3 -2  3 -1  0 -2 -1  0 -3  1 -2    2   5  11   9   0   8  12   1   1   1   3  28   1   5   0   2   4   0   5   2  0.27 0.16
  168 E    1 -1  3  2 -3  0  1 -1 -2 -2 -3  0 -2 -3 -2  0  2 -4 -3 -1   11   2  18  15   0   3   9   4   0   1   1   6   0   0   1   3  20   0   0   6  0.28 0.16
  169 N    0 -2  4  4 -3  0  0  1 -2 -4 -4  0 -3 -4  0  0 -1 -4 -3 -3    8   1  23  32   0   3   5  12   0   1   1   4   0   0   4   3   2   0   0   1  0.54 0.21
  170 G   -1 -2  1 -1 -4 -1 -1  6 -2 -4 -4 -1 -3 -4 -3  0 -1 -4 -4 -4    2   1   8   2   0   3   5  63   1   1   1   2   0   0   1   5   4   0   0   1  0.91 0.28
  171 K    0 -2  1  0 -3 -1 -2  4 -1 -2 -3  1 -3 -4 -3  1  1 -4 -3 -1    3   1   8   6   0   1   1  41   1   1   1  10   0   0   0  10  10   0   0   5  0.45 0.20
  172 Y   -3 -4 -4 -4 -4 -3 -4 -5 -1 -2  2 -2 -1  2 -2 -3  2 -1  7 -1    0   0   0   0   0   0   0   0   1   1  22   2   1   5   2   0  13   0  51   2  1.03 0.39
  173 D   -4 -4  4  7 -6 -1 -1 -4 -3 -5 -4 -2 -5 -6 -4 -2 -3 -7 -5 -5    0   0  25  70   0   1   0   0   0   0   2   1   0   0   0   0   1   0   0   0  1.67 0.51
  174 I    1 -3 -3 -4 -3 -3 -3 -1 -4  1 -1 -1 -2 -3  5 -1  0 -5 -4  2   10   1   0   0   0   0   0   4   0   8   6   3   0   0  37   2   7   0   0  22  0.70 0.27
  175 K    0  0  2  0 -4  0  0 -1 -1 -4 -3  4 -3 -4 -3  2  1 -4 -3 -3    6   1  12   3   0   3   3   3   1   0   2  38   0   0   0  20   8   0   0   0  0.48 0.25
  176 D   -3 -2  1  7 -6  1  0 -4 -2 -5 -6  1 -5 -6 -4 -2 -2 -6 -5 -4    0   1   4  74   0   5   2   0   0   0   0   8   0   0   0   1   1   0   0   1  1.47 0.46
  177 V   -1 -4 -4 -4 -3 -4 -4 -5 -5  5  1 -4 -1 -2 -4 -2  2 -4 -3  3    4   0   0   0   0   0   0   0   0  41  13   0   0   0   0   1  15   0   0  26  0.70 0.29
  178 G   -2 -4 -3 -4 -5 -4 -5  7 -5 -4 -2 -4 -5 -5 -5 -3 -4 -5 -6 -5    1   1   0   0   0   0   0  93   0   1   4   0   0   0   0   0   0   0   0   0  1.94 0.53
  179 V   -3 -4 -5 -5 -3 -4 -5 -5 -5  3  4 -4  0 -1 -5 -4 -3 -4 -3  4    0   0   0   0   0   0   0   0   0  13  51   0   0   1   0   0   0   0   0  35  0.91 0.34
  180 D    2 -3  7  2 -4 -2 -2  1 -1 -5 -5 -3 -4 -5 -4 -1 -2 -6 -4 -4   20   0  59  10   0   0   0   9   1   0   0   0   0   0   0   1   1   0   0   0  1.13 0.42
  181 N   -2 -2  7 -1 -4 -1 -2 -1  0 -5 -5  0 -4 -5 -4  1  1 -6 -4 -4    1   0  63   1   0   1   0   4   2   0   0   6   0   0   0  10  11   0   0   0  1.14 0.42
  182 A    2 -1 -2  2 -4  0  4 -2 -2 -4 -4  1 -3 -5  4 -1 -2 -5 -4 -3   18   1   1  11   0   3  32   1   0   0   0  10   0   0  19   2   1   0   0   0  0.62 0.26
  183 G    0 -4 -3 -2 -5 -3 -1  7 -2 -5 -5 -4 -5 -5 -3 -2 -3 -5 -5 -3    7   0   0   1   0   1   5  81   1   0   0   0   0   0   1   1   1   0   0   2  1.49 0.44
  184 A    5 -3 -3 -4 -3 -3 -3  0 -4 -3 -4 -3 -3 -4 -3  2 -1 -5 -4  0   66   0   0   0   0   0   0   7   0   0   0   0   0   0   0  19   1   0   0   7  0.92 0.39
  185 K   -2 -1 -3 -2 -3  0 -1 -4 -3  4  0  2  0 -2 -4 -3 -2 -4 -2  4    1   2   0   1   0   5   3   0   0  29   3  15   2   0   0   1   0   0   1  37  0.50 0.26
  186 A    2  0 -1  0 -4  1  3 -3 -1 -4 -4  4 -3 -4 -3 -1 -2 -4 -3 -3   18   3   2   4   0   6  26   0   0   0   0  35   0   0   0   2   1   0   1   0  0.60 0.28
  187 G    4 -4 -1 -4 -4 -3 -4  6 -4 -5 -5 -3 -4 -5 -4 -1 -3 -5 -5 -4   34   0   2   0   0   0   0  61   0   0   0   0   0   0   0   2   1   0   0   0  1.27 0.42
  188 L    2 -3 -3 -4 -2 -3 -3  1 -3  2  2 -3  3  0 -3 -1 -2 -3 -2  2   26   0   0   0   0   0   0  10   0  10  23   0  11   5   0   2   0   0   1  13  0.32 0.19
  189 T    0 -1  1  0 -4  4  3 -2 -2 -4 -4  2 -3 -4 -3  1  2 -4 -3 -3    6   1   8   4   0  20  23   2   0   0   0  14   0   0   0   9  13   0   1   0  0.48 0.24
  190 F   -2 -1 -4 -4 -4 -2 -3 -3 -2 -1  1 -2  1  5 -4 -3 -2  0  5  0    3   4   0   0   0   2   1   1   0   1  16   3   4  32   0   1   2   1  25   5  0.65 0.27
  191 L    0 -4 -5 -5 -3 -4 -4 -5 -4  4  3 -4  2 -1 -4 -3 -2 -2 -1  2   10   0   0   0   0   0   0   0   0  37  36   0   4   0   0   0   1   0   2   9  0.67 0.27
  192 V    0  1  0 -1 -3  3  0 -2 -2 -1 -2  3  0 -3 -3 -1  1 -4 -3  1    7   6   5   1   0  16   2   2   0   3   2  28   3   0   0   2   7   0   0  16  0.28 0.19
  193 D   -1  1  0  4 -4  0  0 -1 -1 -4 -4  3 -3 -5 -3  1  0 -5 -4 -4    4   9   3  32   0   4   4   4   1   0   0  24   0   0   0  11   4   0   0   0  0.55 0.24
  194 L   -4 -4 -5 -6 -4 -3 -5 -5 -4 -1  4 -5  4  3 -5 -5 -4  8 -1 -2    0   0   0   0   0   1   0   0   0   2  45   0  12  15   0   0   0  25   0   1  1.29 0.41
  195 I   -3 -2 -3 -5 -3 -3 -4 -1 -1  3  0 -2 -1  4 -4 -3 -3 -1  5  2    0   2   1   0   0   0   0   5   1  17   4   2   1  20   0   0   0   0  27  19  0.62 0.27
  196 K    0  1  1  3 -4  2  2 -2 -1 -4 -4  4 -3 -5 -1 -1 -1 -5 -4 -4    6   4   5  20   0   8  14   1   1   0   0  35   0   0   2   2   3   0   0   0  0.56 0.25
  197 N   -1 -1  2  2 -4  1  3 -2 -1 -2 -3  2 -3 -3 -3  0 -1 -3  2 -3    5   1  13  12   0   6  23   1   0   3   1  18   0   0   0   7   2   0  10   0  0.36 0.20
  198 K   -2 -2  1 -1 -4 -1 -2  5 -2 -2 -3  3 -4 -4 -4 -2 -2 -4 -2 -2    1   0   7   2   0   1   1  55   0   3   2  22   0   0   0   1   1   0   1   2  0.82 0.32
  199 H   -1 -2 -2 -3 -3 -2 -2  0  2  1  2 -2  2  0 -1 -2 -1  3  1  3    1   1   1   1   0   1   2   7   7   8  20   1   6   2   2   0   2   6   4  27  0.22 0.15
  200 M   -3 -4 -4 -5 -3  0 -4 -5 -4  4  2 -3  5  1  1 -3 -2 -3 -2  2    0   0   0   0   0   5   0   0   0  29  23   0  18   6   7   0   0   0   0  12  0.59 0.27
  201 N   -1 -2  2  1 -4 -1  0 -3 -3  0 -3  1 -3 -4  6  1  0 -5 -4 -3    2   0   9   8   0   1   4   0   0   8   1  11   0   0  41  12   4   0   0   0  0.80 0.29
  202 A    2  1 -2 -2 -3  0  1  2 -2 -3 -3  2 -3 -4  2  0  1 -4 -3 -2   19   7   0   1   0   3   9  19   0   0   0  16   0   0  11   5   8   0   0   1  0.33 0.17
  203 D   -1 -3  1  4 -4 -2  2  4 -3 -4 -4 -2  1 -4 -3  0 -1 -5 -4 -4    2   0   5  28   0   0  12  34   0   0   0   1   6   0   0   8   4   0   0   0  0.66 0.27
  204 T    1 -2  0 -1 -2  1 -2 -1 -3  2  0 -1  3 -2 -2  0  1 -4 -3  2   15   0   4   4   0   7   0   3   0  13   3   1  13   0   1   7  11   0   0  17  0.18 0.16
  205 D   -1 -2  2  6 -4 -1 -1  2 -3 -5 -5 -1 -4 -5 -3  0  1 -5 -4 -4    5   1  11  48   0   1   0  15   0   0   0   2   0   0   0   5  11   0   0   0  0.83 0.32
  206 Y   -1 -3 -1 -1 -4 -2 -2  2  0 -1 -1 -3 -3  0 -1 -2 -2  0  7 -3    4   0   3   3   0   1   2  19   1   3   4   0   0   0   3   2   2   1  50   1  0.85 0.36
  207 S    1 -2  3  3 -3  1  0  2 -2 -4 -4 -1 -3 -4 -2  2  0 -4 -4 -3   10   0  17  19   0   7   3  16   0   0   0   2   0   0   1  22   4   0   0   0  0.47 0.22
  208 I    1 -2  0 -2 -2 -2 -1 -3 -3  3  0 -3  0  1 -3  0  0 -3 -1  3   15   1   6   2   0   0   3   0   0  18   5   0   1   7   0   5   5   0   1  31  0.25 0.17
  209 A    3 -3 -3 -4 -3 -1 -3 -3 -4  2  0 -2  7 -2 -4  1 -2 -4 -3  0   31   0   0   0   0   2   0   0   0  13   4   2  34   1   0  10   0   0   0   3  0.67 0.34
  210 E   -2 -2  1  5 -5  0  4 -3 -1 -2 -3  1  1 -4 -3 -1 -1 -5 -4 -3    1   1   6  36   0   3  31   0   1   3   1   7   5   0   0   1   4   0   0   1  0.71 0.29
  211 A    3 -3 -1  0 -3  0  0  3 -3 -4 -4 -1 -2 -4 -3  3  0 -4 -4 -3   24   0   2   5   0   5   4  26   0   0   0   1   1   0   0  29   5   0   0   0  0.52 0.25
  212 A    2 -1 -1 -1 -3  1 -1  0 -2 -1  2 -1  1 -2 -3  0  0 -3 -2 -1   29   2   3   3   0  10   3   6   0   0  30   2   5   0   0   4   4   0   1   0  0.21 0.18
  213 F   -5 -6 -6 -6 -5 -6 -6 -6 -4 -3 -2 -6  2  9 -6 -5 -5 -2  1 -2    0   0   0   0   0   0   0   0   0   0   0   0   6  92   0   0   0   0   1   1  2.38 0.63
  214 N   -1 -1  4  0 -3  1 -1 -2 -2 -2 -2  2 -1 -4 -3  0  3 -4 -3 -1    3   1  26   3   0   7   1   1   0   2   4  19   1   0   0   5  21   0   0   4  0.40 0.23
  215 K   -1  0  1  2 -4  2  3 -1 -2 -4 -4  3 -3 -5 -3  0 -1 -4 -3 -4    5   2   7  14   0   7  28   4   0   0   0  24   0   0   0   7   3   0   0   0  0.52 0.23
  216 G   -2 -3 -1 -4 -5 -2 -4  7 -4 -6 -6  2 -5 -6 -4 -2 -4 -5 -5 -5    0   1   2   0   0   1   0  82   0   0   0  14   0   0   0   1   0   0   0   0  1.65 0.48
  217 E   -1  1  1  0 -5  1  2 -3 -2 -4 -2  5 -3 -5 -3 -1 -2 -5 -4 -3    4   6   6   4   0   5  16   0   0   0   3  54   0   0   0   1   1   0   0   1  0.77 0.33
  218 T    3 -3 -3 -4  1 -2 -3 -3 -4  0  1 -3 -1 -3 -3  0  3 -4 -3  3   27   0   0   0   3   1   0   0   0   3  12   0   0   0   0   4  19   0   0  31  0.43 0.25
  219 A    6 -4 -4 -4 -3 -3 -3  1 -2 -3 -4 -3 -3 -5 -1 -1 -2 -5 -4 -2   84   0   0   0   0   0   0  10   1   0   1   0   0   0   2   1   0   0   0   0  1.28 0.48
  220 M    3 -4 -4 -5  0 -2 -4 -4 -4 -1  0 -3  8  2 -4 -1 -1 -4 -1 -1   25   0   0   0   2   1   0   0   0   1   5   0  47   8   0   5   3   0   1   2  0.89 0.40
  221 T   -2 -4 -3 -4 -3 -3 -4 -4 -4  4  1 -3  4  1 -4 -3  2  0  0  3    0   0   1   0   0   0   0   0   0  31   7   0  13   5   0   0  17   1   3  22  0.55 0.26
  222 I   -3 -5 -5 -6 -3 -3 -5 -6 -5  7  1 -5  2 -2 -5 -5 -3 -5 -3  2    0   0   0   0   0   1   0   0   0  77   7   0   5   1   0   0   0   0   1   9  1.37 0.45
  223 N   -3 -3  6  2 -4 -2 -2 -1 -2 -5 -5 -2 -4 -5 -4  2  2 -5 -3 -4    0   0  55  10   0   0   0   4   0   0   0   0   0   0   0  17  13   0   1   0  1.08 0.41
  224 G   -2 -5 -3 -4 -5 -5 -5  7 -5 -7 -7 -4 -6 -6 -5 -3 -4 -5 -6 -6    0   0   0   0   0   0   0 100   0   0   0   0   0   0   0   0   0   0   0   0  2.28 0.59
  225 P   -4 -5 -5 -4 -6 -4 -4 -5 -5 -4 -5 -4 -6 -7  9 -4 -4 -7 -6 -5    0   0   0   1   0   0   0   0   0   1   1   0   0   0  98   0   0   0   0   0  3.02 0.71
  226 W   -6 -6 -8 -8 -6 -6 -7 -6 -6 -6 -5 -7 -5 -3 -8 -7 -6 13 -1 -7    0   0   0   0   0   0   0   0   0   0   0   0   0   0   0   0   0 100   0   0  4.69 0.96
  227 A    4 -3  0  1 -3  0 -2 -1 -3 -3 -3 -1 -1 -4 -3  3 -1 -4 -3 -2   51   0   5   8   0   3   0   3   0   1   1   3   1   0   0  21   1   0   1   1  0.56 0.29
  228 W    1 -5 -5 -5 -4 -4 -5 -4 -4  1  0 -4  0  2 -5 -4 -1 10 -1  2   12   0   0   0   0   0   0   0   0   8   9   0   3   9   0   0   3  39   0  17  1.29 0.40
  229 S    2 -1  1  1 -3  2  1  3 -2 -4 -4  0 -3 -4  1  1 -1 -4 -3 -3   20   2   5   6   0  14   6  21   0   0   0   6   0   0   6  12   2   0   0   0  0.34 0.18
  230 N    0 -2  5  3 -4 -1  1  2 -2 -4 -4 -1 -4 -5  1  0 -1 -3 -4 -3    8   1  32  17   0   1   8  14   0   0   0   2   0   0   8   4   3   0   0   1  0.54 0.24
  231 I   -1 -3 -4 -5 -3 -4 -4 -5 -1  3  2 -4  0  3 -5 -3 -3  0  6  0    5   1   0   0   0   0   0   0   1  20  21   0   2   9   0   0   0   0  37   3  0.80 0.32
  232 D   -1  3  0  2 -5  1  2 -3 -2 -3 -4  4 -3 -5 -3 -1 -2 -5 -4 -3    3  14   3  15   0   5  16   0   0   1   0  39   0   0   0   1   1   0   0   0  0.65 0.28
  233 T   -1  0 -1  3 -5  0  3 -3 -2 -5 -5  5 -4 -5 -3 -1 -2 -5 -4 -4    5   1   1  20   0   3  20   0   0   0   0  46   0   0   0   1   2   0   0   0  0.82 0.34
  234 S    5 -3 -1 -3 -3 -2 -3 -2 -3 -3 -3 -2 -1 -4 -3  3 -1 -5 -4 -2   63   0   3   0   0   0   0   1   0   1   2   2   1   0   0  24   2   0   0   1  0.88 0.39
  235 K   -2 -2  1 -1 -5 -3 -2  6 -4 -6 -6  3 -5 -5 -4 -2 -3 -5 -5 -5    0   0   6   2   0   0   1  70   0   0   0  21   0   0   0   0   0   0   0   0  1.33 0.42
  236 V   -3 -5 -4 -2 -3 -4 -3 -5 -5  6  1 -3  1 -2 -5 -4 -2 -5 -3  4    0   0   1   3   0   0   1   0   0  58   6   1   3   0   0   0   0   0   0  27  1.02 0.37
  237 N   -4 -2  7  5 -5 -2 -1 -3 -1 -6 -6  0 -5 -6 -1 -1 -2 -6 -5 -5    0   1  58  29   0   0   2   0   1   0   0   4   0   0   4   2   1   0   0   0  1.35 0.45
  238 Y   -4 -5 -5 -6 -5 -4 -5 -6 -2  0  0 -5 -3  5 -6 -4 -4  1  8 -1    0   0   0   0   0   0   0   0   0   5   7   0   0  28   0   0   0   1  56   4  1.60 0.48
  239 G    0 -4 -3 -1 -5 -4 -4  7 -4 -5 -6 -2 -5 -5 -4 -2 -4 -5 -5 -5    7   0   0   3   0   0   0  86   0   1   0   2   0   0   0   2   0   0   0   0  1.70 0.48
  240 V   -1 -5 -5 -5 -3 -4 -5 -5 -5  4 -1 -4 -1 -2 -5 -4 -1 -5 -3  6    4   0   0   0   0   0   0   0   0  24   2   0   0   1   0   0   2   0   0  68  1.15 0.41
  241 T    5 -3 -2 -2 -3 -3 -3 -1 -4 -2 -3 -2 -2 -4 -3  1  2 -5 -3 -1   65   0   1   1   0   0   0   2   0   1   1   0   1   0   0   6  17   0   0   4  0.81 0.37
  242 V    0 -3 -2 -1 -4 -1 -1 -4 -2 -2 -1  1 -2 -4  6 -1  1 -5 -3  0    6   0   1   2   0   1   4   0   1   1   6   8   0   0  46   3  12   0   1   7  0.87 0.30
  243 L   -3 -4 -5 -5 -3 -4 -5 -5 -4  4  4 -4  3  3 -5 -4 -3 -3 -1  1    0   0   0   0   0   0   0   0   0  25  51   0   6  11   0   0   0   0   1   6  0.82 0.30
  244 P   -4 -5 -5 -5 -6 -4 -4 -5 -5 -6 -5 -4 -5 -7  9 -3 -3 -7 -6 -5    0   0   0   0   0   0   0   0   0   0   1   0   0   0  97   1   1   0   0   0  2.95 0.69
  245 T    0  0 -1 -1 -3 -1 -1  0 -3 -3 -2  3 -2 -4 -2  1  5 -4 -3 -2    5   3   2   2   0   2   3   5   0   1   2  22   1   0   1   7  44   0   0   1  0.52 0.28
  246 F   -2 -4 -4 -2 -3 -3 -4 -5 -4  2  4 -4  0  3  1 -3 -3 -3 -1  2    2   0   0   2   0   1   0   0   0  10  47   0   1  17   8   0   0   0   0  13  0.58 0.25
  247 K   -2 -2  6  3 -5 -1  0  1  0 -5 -5  0 -4 -4  2 -1 -2 -5 -4 -5    2   1  45  16   0   1   4  13   2   0   0   5   0   1   9   1   1   0   0   0  0.79 0.31
  248 G   -2 -5 -3  0 -5 -4 -3  7 -4 -6 -5 -3 -5 -6 -5 -3 -4 -5 -6 -4    2   0   0   6   0   0   1  90   0   0   1   0   0   0   0   0   0   0   0   1  1.84 0.50
  249 Q    0  1  1 -1 -4  3  3  0  0 -4 -4  4 -2 -5 -3 -1 -2 -4 -3 -3    5   3   5   1   0  12  19   7   2   0   0  39   0   0   0   2   1   0   0   2  0.56 0.26
  250 P    0 -1  0  0 -4  1  0 -3  2 -3 -3  1 -3 -4  5  0 -1 -4  0 -2    9   2   4   4   0   6   7   0   6   0   1   7   0   0  37   6   4   0   4   3  0.65 0.23
  251 S    2 -3 -2 -3 -3 -2 -3  2 -2 -2 -2 -2  4 -2  2  2 -1  2  3 -1   20   0   0   0   0   1   0  14   0   2   1   0  14   0  11  18   2   3  12   2  0.36 0.23
  252 K    0  3  0 -2 -4  2  0 -1  0 -4 -4  5 -3 -4  0  1 -1 -4 -3 -3    6  13   4   0   0   9   3   4   1   1   0  42   0   0   5   9   2   0   0   1  0.54 0.25
  253 P    1 -4 -3 -4 -4 -3 -3 -3 -4 -5 -5 -3 -4 -5  7  2  2 -6 -5 -4   10   0   0   0   0   0   0   1   0   0   0   0   0   0  61  15  13   0   0   0  1.56 0.46
  254 F   -5 -6 -6 -7 -5 -6 -6 -6 -4 -3 -2 -6  1  9 -7 -5 -5 -2  0 -4    0   0   0   0   0   0   0   0   0   0   1   0   3  96   0   0   0   0   0   0  2.53 0.65
  255 V    0 -4 -4 -4 -3 -3 -4  0 -4  1  2 -4  1  0 -4 -1 -1 -4 -3  5    5   0   0   0   0   0   0   8   0   5  17   0   4   3   0   5   1   0   0  52  0.55 0.27
  256 G   -2 -5 -3 -4 -5 -5 -5  7 -5 -7 -6 -4 -5 -6 -5 -3 -3 -5 -6 -6    0   0   0   0   0   0   0  99   0   0   0   0   0   0   0   0   1   0   0   0  2.23 0.57
  257 V   -2 -5 -4 -5 -3 -4 -5  1 -5  2 -2 -4 -2 -2 -5 -3 -2 -5 -4  6    2   0   1   0   0   0   0  12   0   9   0   0   0   1   0   1   0   0   0  75  1.11 0.42
  258 L   -3  1 -3 -3 -4  4 -1 -4 -3 -2  2  4  1 -3 -3 -2 -2  2 -2 -1    0   5   0   0   0  26   0   0   0   1  26  32   4   0   0   0   1   3   1   3  0.59 0.31
  259 S    2 -3 -2 -3 -3 -3 -3  5 -4 -4 -4 -3  0 -4 -3  2  2 -4 -4 -2   20   0   0   0   0   0   0  45   0   0   0   0   2   0   0  20  12   0   0   1  0.80 0.32
  260 A    3 -4 -4 -5 -2 -3 -4 -2 -3 -1 -1 -4 -1  3 -4 -2 -1  8  3  0   34   0   0   0   0   0   0   2   0   2   6   0   1  12   0   1   2  23  11   5  0.86 0.33
  261 G    1 -3 -1 -4 -3 -3 -3  2  1  0 -1 -3  5  1 -4 -2 -1 -2  3  2   10   0   3   0   0   0   0  18   4   3   1   0  21   6   0   1   2   0  11  18  0.36 0.23
  262 I   -1 -5 -5 -5 -3 -4 -5 -5 -5  5  1 -4  1 -2 -5 -4 -2 -5 -3  5    3   0   0   0   0   0   0   0   0  40  12   0   3   1   0   0   0   0   0  42  0.97 0.35
  263 N   -1 -3  6 -2 -4 -2 -3 -3 -3 -5 -5 -3 -4 -5  0  5  0 -6 -4 -4    3   0  44   0   0   0   0   0   0   0   0   0   0   0   4  46   3   0   0   1  1.18 0.46
  264 A    4 -1  1 -2 -3 -1 -1 -2 -2 -3 -4  0 -3 -4 -3  2  2 -4 -1 -2   47   2   8   0   0   2   3   1   1   0   0   5   0   0   0  19  12   0   2   0  0.55 0.29
  265 A    3 -1 -1 -4 -3 -2 -3 -2 -1 -3 -3  1 -3  2 -3  0 -2  3  6 -2   29   2   2   0   0   0   0   2   1   0   0  11   0  10   0   6   0   3  31   1  0.63 0.31
  266 S    0 -3 -2 -3 -3 -3 -3 -1 -4 -5 -5 -3 -4 -5 -3  6  2 -5 -4 -4    4   0   0   0   0   0   0   3   0   0   0   0   0   0   0  80  13   0   0   0  1.35 0.52
  267 P   -3 -1 -2 -2 -5  0  0 -4 -3 -5 -5  5 -4 -6  6 -2 -1 -6 -4 -5    0   1   1   1   0   3   6   0   0   0   0  48   0   0  36   0   3   0   0   0  1.25 0.43
  268 N   -4 -3  8  1 -5  0 -1 -3  2 -6 -6 -2 -5 -5 -5 -2 -3 -6  1 -5    0   0  77   5   0   4   4   0   5   0   0   0   0   0   0   0   0   0   5   0  1.67 0.53
  269 K   -1  0 -1 -1 -5  2 -1 -3  0 -4 -2  6 -2 -5  2 -2 -2 -5 -4 -4    5   3   1   3   0  11   1   0   2   1   3  56   0   0  11   1   1   0   0   0  0.81 0.35
  270 E    1 -2  0  4 -4  0  4 -3 -2 -3 -2  0 -3 -2 -2 -1  0 -4  0 -2   17   0   2  27   0   1  28   0   0   1   4   4   0   2   1   2   5   0   4   1  0.47 0.24
  271 L    2 -4 -4 -5 -3 -2 -2 -3 -4  0  4 -4  1 -1 -4 -3 -3  6 -1  0   18   0   0   0   0   1   4   1   0   3  53   0   2   1   0   0   0  11   1   5  0.66 0.30
  272 A    7 -4 -4 -4 -2 -3 -4 -3 -4 -4 -4 -3 -4 -5 -4  0 -3 -5 -5 -2   96   0   0   0   0   0   0   0   0   0   1   0   0   0   0   3   0   0   0   1  1.65 0.57
  273 K    0  0 -1 -2 -3  4  1 -3 -1  0 -2  2  0 -2 -3 -1  1  2 -2  2    6   3   1   1   0  25   6   0   1   4   1  15   1   1   0   2  11   3   0  19  0.30 0.21
  274 E   -2  0  0  2 -5  2  5 -4 -1 -4 -2  3 -2 -5 -3 -2 -2 -5 -4 -4    2   3   4   9   0   7  46   0   1   0   4  22   1   0   0   0   1   0   0   0  0.76 0.32
  275 F   -5 -5 -5 -6 -5 -5 -5 -5 -4 -2  1 -5 -2  8 -6 -5 -4  4  1 -3    0   0   0   0   0   0   0   0   0   0  13   0   0  78   0   0   0   6   1   0  1.91 0.53
  276 L    1 -4 -4 -5 -3 -3 -4 -4 -4  3  3 -4  2  0 -4 -3 -2 -4 -3  2   14   0   0   0   0   0   0   0   0  20  40   0   6   2   0   0   1   0   0  16  0.58 0.25
  277 E   -1 -1 -1  2 -4  1  5 -3 -2 -2 -2  2 -3 -4 -3 -2  0 -5 -4 -2    5   1   1  11   0   4  49   0   0   2   3  13   0   0   0   0   7   0   0   3  0.67 0.30
  278 N   -2 -1  5  0 -3 -1 -1 -2  0 -3 -3  0 -2  4 -3  0 -1  2  2 -3    1   1  36   5   0   3   4   2   1   1   1   4   1  19   1   4   4   3   8   1  0.52 0.23
  279 Y    0 -3 -4 -4 -3 -2 -4 -4  1  2  1 -3 -2  2 -4 -3 -3 -1  7  0    8   0   0   0   0   2   0   0   3  12  12   0   0   5   0   1   1   0  48   7  0.89 0.33
  280 L   -1 -3  0 -4 -3 -3 -4 -4 -4  2  4 -3  2 -1 -4 -2  3 -4 -3  1    5   0   5   0   0   0   0   0   0  10  45   0   4   1   0   1  21   0   0   9  0.50 0.25
  281 L    0 -2  3 -2 -2  0 -2 -2 -2  0  2 -2  0 -1 -1  1  1 -3 -2  0    8   0  17   0   0   5   0   2   0   2  29   0   2   2   2  10  12   0   0   7  0.19 0.16
  282 T   -1  0  1  0 -3  0  1 -3 -2 -3 -3  1 -3 -4  0  1  5 -4 -2 -2    2   4   7   5   0   3  12   0   0   0   0   7   0   0   4  10  42   0   2   2  0.48 0.26
  283 D   -1 -1  2  3 -4  1  3 -1 -2 -3 -3  2 -1 -2  1 -1 -2 -4 -1 -2    5   1   9  20   0   3  27   3   0   1   0  12   2   1   6   2   0   0   2   4  0.39 0.20
  284 E   -1 -1  3  3 -4  2  3 -3 -2 -4 -4  0  1 -4 -2 -1 -1 -4  0 -4    5   1  19  18   0   8  27   0   0   0   0   6   5   0   1   3   2   0   5   0  0.53 0.25
  285 G    2 -3  2 -2 -3  1 -2  4 -3 -3 -1 -2 -2 -4 -3  1 -1 -4 -4 -1   16   0  10   0   0   7   0  36   0   0   8   0   0   0   0  13   3   0   0   6  0.45 0.23
  286 L   -1 -2 -3 -3 -3  3 -1 -4 -3 -1  4  2  3 -2 -4 -2 -2 -3 -1 -1    5   0   0   1   0  14   3   0   0   1  46  16   9   1   0   1   0   0   1   2  0.48 0.27
  287 E    1  1 -2  0 -3  1  0 -2  0  0 -1  3 -1 -2 -1  0  0 -3  1  1   13   7   0   4   0   5   5   1   3   6   3  24   0   0   2   3   6   0   6  11  0.14 0.12
  288 A    1  3 -1 -2 -3  0 -1 -2 -1 -1  0  1  1  1 -2  0  2 -3  0 -1   14  20   0   1   0   3   2   2   1   2   8   8   5   6   0   6  15   0   2   4  0.15 0.13
  289 V   -3 -4 -5 -5 -3 -4 -4 -5 -3  2  1 -4  3  5 -5 -4 -2  2  5  2    0   0   0   0   0   0   0   0   0  11  10   0   8  29   0   0   1   2  21  18  0.80 0.30
  290 N   -3 -2  6  2 -5  0  3 -3 -1 -3 -4 -1 -4  1 -4 -1 -2 -2  3 -3    0   0  42  10   0   4  19   0   1   1   0   3   0   6   0   1   2   0  12   1  0.76 0.33
  291 K    1 -1  1  2 -3  1  1 -2 -2 -1 -1  2  0 -3 -2  0  0 -4 -2 -1   15   1   5  15   0   8   8   1   0   5   6  22   3   0   0   4   4   0   1   3  0.20 0.14
  292 D    2 -3  0  4 -3 -2 -1 -1 -3 -3 -4 -2 -1 -4 -3 -1  3 -4 -1 -1   21   0   2  32   0   1   2   5   0   1   0   0   1   0   0   2  27   0   3   3  0.55 0.28
  293 K   -1  1  2  1 -4  0  0  3 -1 -3 -3  3 -1 -4 -3 -1 -1 -4 -2  0    1   5  13   7   0   2   3  23   1   0   0  27   2   0   0   3   3   0   1   9  0.35 0.20
  294 P   -1  0 -2 -1 -5  1  3  0 -3 -4 -5 -1 -4 -5  6 -1 -2 -5 -4 -3    4   4   1   1   0   7  27   9   0   1   0   1   0   0  39   3   2   0   0   1  0.92 0.33
  295 L   -3  3 -4 -4 -3 -3 -1 -4 -4  4  3 -2  1 -1 -4 -3 -3 -4 -3  1    0  21   0   0   0   0   5   1   0  26  35   0   2   1   0   0   0   0   0  10  0.56 0.27
  296 G   -2 -4 -3 -4 -3 -4 -3  4 -4  1 -2 -4 -4 -5  6 -3 -3 -5 -5 -1    0   0   0   0   1   0   1  40   0  11   3   0   0   0  40   0   0   0   0   3  1.19 0.40
  297 A    4 -4 -4 -4 -3 -3 -3 -3 -4 -2 -3 -3 -3 -5  5 -1  0 -5 -4  1   48   0   0   0   0   0   0   0   0   2   1   0   0   0  34   1   6   0   0   9  1.05 0.40
  298 V    1 -1  2 -3 -3 -2 -3 -3 -2  0  0 -3  0 -3  2 -2 -2 -4 -3  4   12   3  13   0   0   1   0   0   1   2   9   0   1   0  10   2   0   0   0  44  0.42 0.25
  299 A    3  0  1 -2 -2  1 -1 -2 -2 -2 -1  2 -2 -2 -1  1  1 -4 -3 -1   37   3   6   1   0   6   1   1   0   1   6  13   0   1   1  10  12   0   0   3  0.31 0.21
  300 L    1  0  2  0 -2 -1  1 -2  1 -1  2  0 -1 -2 -2  1  0 -3 -2 -1   14   5  10   6   0   1   8   0   5   0  26   5   1   0   0  12   6   0   0   1  0.14 0.13
  301 K    1  0  0 -1 -3 -1  0 -2 -2  0  1  3  1 -2 -2 -1 -1 -3 -2  0   18   2   6   3   0   0   3   1   0   4  19  29   3   0   1   2   3   0   1   5  0.19 0.16
  302 S    2  1 -2  0 -2  0  0 -1 -2  0 -1 -1  2 -3 -3  3 -1 -4 -3  0   22  11   0   5   0   4   4   3   0   5   6   0   7   0   0  25   2   0   0   6  0.21 0.18
  303 Y    0  0  0  2 -3 -1  1 -3 -2 -1  0 -1  0  3 -3 -1 -1 -2  3  0   10   5   4  12   0   0  11   0   0   1  11   3   2  18   0   3   3   0  11   6  0.17 0.13
  304 E    0  0  0  3 -3  3  0 -2 -1 -2 -1  0  1  0 -3  0 -1 -3  2 -1    7   4   4  20   0  20   3   1   1   0   4   5   6   5   0   5   3   0   7   5  0.24 0.17
  305 E    2  0  0  1 -3  1  2 -3 -2 -3 -3  2 -3 -3  4 -1  0  1 -2 -2   20   3   4   6   0   7  16   0   0   1   1  12   0   1  19   1   4   2   1   2  0.37 0.19
  306 E    0  0 -2 -1 -3  1  3 -2 -2  0 -1  2  0 -3 -2 -1  1 -3 -2  1    8   4   0   2   0   6  24   2   0   7   5  13   3   0   0   2   8   0   1  14  0.19 0.14
  307 L   -1 -3 -3 -2 -3 -3 -1 -2 -4  3  3 -1  0  0 -3 -1 -2 -3 -2  2    6   0   0   2   0   0   4   4   0  21  42   4   1   3   0   3   0   0   0  11  0.37 0.20
  308 A    1  0 -1  0 -3  1  2 -1 -1 -1 -3  4  0 -3 -3  1  0 -4 -1 -2   17   1   2   4   0   5  11   3   1   4   1  34   2   0   0   9   4   0   2   1  0.33 0.21
  309 K    0 -1  4  2 -4  0  1 -1 -1 -4 -4  2 -3 -4 -3  2  0 -5 -3 -3    7   1  22  12   0   3  10   4   1   0   0  19   0   0   0  17   5   0   0   0  0.44 0.22
  310 D   -4 -4  4  7 -6 -3 -1 -2 -3 -6 -6 -3 -6 -6 -4 -1 -3 -7 -6 -6    0   0  21  74   0   0   0   2   0   0   0   0   0   0   0   3   0   0   0   0  1.79 0.54
  311 P   -2 -2 -2 -1 -5 -1  4 -3 -3 -5 -5 -1 -4 -6  7 -2 -3 -6 -5 -5    3   1   1   2   0   2  35   1   0   0   1   2   0   0  50   2   1   0   0   0  1.44 0.46
  312 R   -1  3  1  1 -3 -1 -2 -1  0  1  1  1  0 -1 -3 -2 -2 -3 -1  1    4  20   6  11   0   1   0   3   2   7  21   7   1   2   0   0   0   0   2  11  0.14 0.14
  313 I    1 -4 -4 -4 -3 -3 -4 -4 -4  4  0 -3  1 -2 -4 -2  2 -4 -2  3   15   0   0   0   0   0   0   0   0  35   7   0   3   1   0   1  14   0   1  23  0.55 0.27
  314 A    3  1  0 -1 -3  1 -1 -2 -2 -3 -2  2 -2 -4 -3  1  0 -4 -3 -1   38   7   4   3   0   5   1   1   0   0   4  18   0   0   0  12   5   0   0   3  0.36 0.22
  315 A    5 -3 -3 -4 -3 -1 -3  2  1 -4 -4 -1 -3 -5  0 -1 -2 -5 -4 -2   67   0   0   0   0   3   0  14   5   0   0   4   0   0   4   2   0   0   0   1  0.90 0.39
  316 T   -1 -4 -4 -4 -3 -4 -4 -4 -4  0 -2 -4  0  5 -4 -2  4  2 -1  3    3   0   0   0   0   0   0   0   0   2   0   0   2  30   0   1  31   3   1  27  0.81 0.36
  317 M    2 -3 -3 -4 -3 -2 -2 -1 -3  2  0 -2  5  2 -3  0  0 -2  1  0   22   0   0   0   0   1   2   4   0  13   7   1  23   8   0   7   4   0   5   3  0.31 0.22
  318 E    1  1  0  1 -4  1  4 -2 -1  0 -3  2 -2 -4 -2 -1  0 -4 -3 -1   13   5   3   7   0   5  35   1   1   6   1  11   1   0   1   0   5   0   0   3  0.37 0.21
  319 N    0 -2  4 -2 -4  6 -1 -2 -2 -4 -4 -2 -3 -3 -4  2 -1 -5 -4 -1    8   0  23   0   0  42   0   2   0   0   1   0   0   1   0  15   2   0   0   5  0.82 0.39
  320 A    4 -3 -3 -4 -3 -3 -3  0 -3  1 -3 -3 -2  1 -3  1 -1 -1  2 -1   51   0   0   0   0   0   0   7   0  10   0   0   0   8   0  11   3   1   7   3  0.54 0.30
  321 Q    1  0 -1 -1 -4  4  3 -2 -2 -3 -3  2  0 -3 -2  1 -1 -4 -1 -2   14   3   1   1   0  20  19   1   0   0   1  17   3   1   1  13   2   0   1   1  0.40 0.23
  322 K    0  1  4  0 -3  0 -1 -1  2 -2 -2  0  0  0 -3  0  1 -3  2  0    6   7  28   4   0   3   1   2   5   1   4   3   3   3   0   5   8   0  11   7  0.24 0.17
  323 G    3 -4 -3 -3 -4 -4 -4  6 -4 -5 -5 -4 -4 -5 -4  0 -3 -5 -5 -4   29   0   0   0   0   0   0  65   0   0   0   0   0   0   0   5   0   0   0   0  1.37 0.44
  324 E   -2 -1 -2  0 -3  2  4 -3 -1  1 -1 -1  0 -2 -2 -1  2 -4 -3  1    1   2   0   3   0  11  33   1   1   9   4   1   3   1   1   2  16   0   0  12  0.36 0.23
  325 I   -1 -5 -5 -4 -5 -3 -4 -5 -5  3 -1 -4 -1 -5  7 -3 -3 -6 -5 -1    5   0   0   0   0   0   0   0   0  18   6   0   1   0  65   0   1   0   0   4  1.67 0.49
  326 M   -4 -5 -5 -6 -5 -4 -5 -6 -5 -2  0 -5 10 -3 -6 -5  0 -5 -4 -3    0   0   0   0   0   0   0   0   0   0   3   0  92   0   0   0   5   0   0   0  2.74 0.78
  327 P   -4 -6 -5 -5 -6 -5 -4 -6 -6 -6 -6 -4 -6 -7  9 -4 -4 -7 -6 -6    0   0   0   0   0   0   0   0   0   0   0   0   0   0 100   0   0   0   0   0  3.19 0.77
  328 N   -1 -3  8  0 -5 -3 -3 -1 -2 -6 -6 -3 -5 -6 -4  2 -2 -6 -5 -5    4   0  76   3   0   0   0   4   0   0   0   0   0   0   0  13   0   0   0   0  1.65 0.54
  329 I   -2 -5  1 -5 -4 -5 -5 -6 -3  7 -1 -5 -1 -3 -5 -4 -3 -5 -4  3    2   0   8   0   0   0   0   0   0  70   0   0   0   0   0   0   0   0   0  20  1.30 0.46
  330 P   -2 -5 -5 -5 -6 -4 -4 -5 -5 -6 -6 -4 -6 -7  8 -1 -3 -7 -6 -4    2   0   0   0   0   0   0   0   0   0   0   0   0   0  92   4   0   0   0   1  2.76 0.69
  331 Q    0 -2 -3 -2 -6  5  6 -4 -3 -6 -5 -1 -4 -6 -4 -3 -3 -5 -4 -5    8   0   0   0   0  26  65   0   0   0   0   1   0   0   0   0   0   0   0   0  1.47 0.52
  332 M   -4 -5 -6 -7 -5 -4 -6 -6 -5 -2 -1 -5 11 -2 -6 -5 -4 -5 -4 -2    0   0   0   0   0   0   0   0   0   1   0   0  97   1   0   0   0   0   0   1  3.01 0.83
  333 S    2 -2  1 -2 -3  2 -2  3 -2 -3 -4  0  0 -4 -2  2  1 -4 -4 -3   19   1   9   0   0  11   0  28   0   0   0   5   3   0   0  17   7   0   0   0  0.45 0.23
  334 A    3  1 -2 -2 -3  1  3 -2 -2 -3 -3  1 -2 -2 -1  1  0 -1 -1 -2   32   9   0   0   0   7  22   1   0   0   1   8   0   2   1   8   3   1   2   2  0.36 0.22
  335 F   -3 -5 -5 -6 -4 -5 -5 -6 -4  1 -2 -5  0  6 -5 -4 -3 -3  2  5    0   0   0   0   0   0   0   0   0   4   0   0   1  33   0   0   0   0   5  56  1.22 0.44
  336 W   -7 -7 -8 -8 -6 -6 -7 -6 -6 -7 -6 -7 -5 -2 -8 -7 -6 13 -1 -7    0   0   0   0   0   0   0   0   0   0   0   0   0   0   0   0   0 100   0   0  4.75 0.99
  337 Y    0 -2 -1  1 -3  0  1  3 -1 -3 -4 -1 -3 -1 -3  2  2 -3  2 -3    6   0   0  10   0   2  12  23   1   1   0   3   0   3   0  17  13   0  10   0  0.33 0.20
  338 A    3 -4 -2 -4 -4 -3 -3  1 -2 -4 -2 -3 -4 -5  6  1 -2 -5 -2 -4   25   0   1   0   0   0   0  10   1   0   4   0   0   0  47   9   1   0   2   0  1.11 0.38
  339 V    3 -4 -4 -4 -3 -2  0 -3 -3  0  0 -3  7  1 -4 -2 -2  5  0 -1   29   0   0   0   0   0   8   1   0   4   4   0  34   6   0   0   1   9   2   3  0.72 0.35
  340 R    1  0  2  1 -4  1  2  3 -2 -4 -4  1 -3 -4 -3  0 -1 -4 -3 -3   14   5  11   6   0   6  17  23   0   0   0   9   0   0   0   5   4   0   0   0  0.38 0.18
  341 T    2 -2  4  2 -3  0 -1 -2 -1 -3 -3 -1 -3 -4  1  2  2 -5 -3 -3   17   1  27  11   0   3   1   0   0   1   1   3   0   0   6  17  12   0   1   0  0.46 0.24
  342 A    6 -1 -1 -4 -3 -3 -3 -2 -4 -3 -1 -2  2 -4 -3 -1 -1 -5 -4 -2   78   3   2   0   0   0   0   0   0   0   6   1   5   0   0   2   2   0   0   0  1.08 0.45
  343 V   -3 -4 -5 -5 -3 -4 -5 -5 -3  3  4 -4  3  1 -5 -3 -1 -4 -2  1    1   0   0   0   0   0   0   0   1  22  54   0   6   5   0   1   3   0   0   7  0.79 0.30
  344 I    0 -1  0 -1 -3  3  1 -1 -2  1 -1  0 -1  2 -1  0  1 -3 -1  0    9   2   5   2   0  19   8   4   0  10   2   3   0  11   2   7   9   0   0   5  0.13 0.13
  345 N   -2 -2  5  2 -4  1 -1 -1 -2 -2  1 -2 -2  1 -2 -1  0 -4 -2 -2    2   0  32  13   0   6   3   4   0   2  21   1   0   8   1   1   6   0   0   1  0.37 0.23
  346 A    3 -4 -4 -4 -3 -3 -4 -1 -4  4  0 -3  3 -3 -4  0 -2 -4 -3  2   27   0   0   0   0   0   0   3   0  35   4   0   8   0   0   9   0   0   0  14  0.53 0.28
  347 A    2 -3 -2 -3 -1 -3 -3 -1 -3  2  1 -3  1 -2 -3  0  2  2 -2  2   23   0   1   0   0   0   0   3   0  11  10   0   3   1   0   5  18   4   0  20  0.30 0.19
  348 S   -1 -2  3  2 -3  3 -1 -2 -2 -4 -4  0 -3 -4 -3  3  3 -5 -4 -3    4   0  15  10   0  17   2   0   0   0   1   3   0   0   0  28  19   0   0   0  0.57 0.29
  349 G   -2 -4 -1  0 -5  0 -2  7 -4 -6 -6 -1 -5 -5  0 -3 -4 -5 -5 -5    1   0   2   4   0   4   1  79   0   0   0   4   0   0   4   0   0   0   0   0  1.48 0.45
  350 R   -1  4  0 -1 -4  2  0 -1 -2 -4 -4  5 -3 -5 -3 -1 -1 -4 -4 -4    6  28   3   3   0   8   3   3   0   0   0  39   0   0   0   3   2   0   0   0  0.73 0.30
  351 Q    1 -1 -2  0 -4  6  0 -3 -2 -2 -3  3 -1 -4 -2  0 -1 -4 -2 -1   13   1   0   4   0  42   4   0   0   1   0  17   2   0   1   6   2   0   2   5  0.63 0.32
  352 T    0 -1  0  2 -3 -1  1 -2 -3 -1 -3 -1 -2 -4  2  2  3 -4 -3 -1    5   2   3  14   0   1   9   2   0   4   0   2   0   0   9  16  29   0   0   4  0.36 0.21
  353 V    1 -4 -4 -4 -3 -4 -4 -4 -4  1  0 -3 -2 -3  6 -3 -1 -5 -3  3   11   0   0   0   0   0   0   0   0   8   7   0   0   1  41   0   2   0   1  29  0.96 0.35
  354 D   -1  0  0  3 -5  3  3 -3 -2 -5 -4  4 -3 -5 -2 -1 -1 -5 -4 -4    4   3   2  20   0  13  18   0   0   0   0  33   0   0   1   2   3   0   0   0  0.68 0.29
  355 E    2 -1 -1  2 -4  3  3 -2 -2 -3 -4  2 -3 -4 -2  0  0 -4 -3 -2   24   1   1   9   0  13  27   1   0   0   0  12   0   0   1   2   6   0   0   2  0.47 0.25
  356 A    6 -2 -3 -4 -3 -3 -3 -1 -4 -2 -4 -3 -2 -5 -3  1  0 -5 -4 -2   80   1   1   0   0   0   0   2   0   2   0   0   1   0   0   6   5   0   0   1  1.16 0.46
  357 L    2 -4 -5 -5 -3 -4 -4 -2 -5  0  5 -4  0 -1 -4 -3 -3 -4 -3  1   18   0   0   0   0   0   0   3   0   1  67   0   1   2   0   0   0   0   0   9  0.81 0.35
  358 K   -1 -2  3  6 -5  0  1 -3 -3 -5 -5  2 -4 -5 -3 -1 -1 -6 -4 -4    5   1  15  46   0   2   7   0   0   0   0  17   0   0   0   3   4   0   0   1  0.87 0.33
  359 D    1 -2  1  5 -4  1  3 -2 -1 -4 -4 -1 -2 -5 -3  0  2 -5 -4 -3   11   0   7  35   0   5  19   1   1   0   0   3   1   0   0   4  13   0   0   0  0.61 0.26
  360 A    6 -4 -4 -4 -3 -3 -4 -3 -4  2 -2 -3  2 -4 -4 -2 -2 -5 -4 -1   77   0   0   0   0   0   0   0   0  16   1   0   5   0   0   0   0   0   0   2  1.15 0.46
  361 Q    3 -2 -1 -3 -3  1  1 -3 -2 -1 -2  0 -2 -3 -3 -1 -1 -4 -3  4   27   1   3   0   0   8   9   0   1   0   0   6   0   0   0   3   2   0   0  40  0.43 0.27
  362 T    1  1  1  1 -4  1  2  0 -2 -4 -4  4 -3 -4 -2  1  0 -4 -3 -3   12   4   5   7   0   5  11   7   0   0   0  36   0   0   0   8   6   0   0   0  0.42 0.21
  363 N   -2  5  2 -1 -4  4  0 -3 -1 -4 -4  1 -3 -5 -3 -1  2 -4 -3 -3    2  33  10   2   0  26   3   0   0   0   0   6   0   0   0   3  13   0   0   1  0.70 0.30
  364 S   -3 -5 -5 -6 -4 -5 -5 -6 -5  7  1 -5  4 -2 -5 -4 -3 -5 -4  1    0   0   0   0   0   0   0   0   0  78   6   0  13   0   0   0   1   0   0   3  1.47 0.46
  365 S    2 -2  2 -2 -2 -2 -2 -2 -3 -2 -3 -2 -2 -4 -2  2  5 -4 -3 -2   22   0   9   0   0   0   0   0   0   0   0   0   0   0   0  13  56   0   0   0  0.68 0.23

                      K         Lambda
Standard Ungapped    0.1332     0.3137
Standard Gapped      0.0529     0.2670
PSI Ungapped         0.1737     0.3127
PSI Gapped           0.0529     0.2670
