
Last position-specific scoring matrix computed, weighted observed percentages rounded down, information per position, and relative weight of gapless real matches to pseudocounts
           A  R  N  D  C  Q  E  G  H  I  L  K  M  F  P  S  T  W  Y  V   A   R   N   D   C   Q   E   G   H   I   L   K   M   F   P   S   T   W   Y   V
    1 A    4 -2 -1 -2 -1 -1 -2  1 -2 -2 -2 -1 -2 -3 -2  2  2 -3 -3 -1   62   0   0   0   0   0   0   6   0   0   0   0   0   0   0  15  17   0   0   0  0.49 0.11
    2 S    2 -2 -1  1 -2 -1 -1 -1 -2 -2 -3 -1 -1 -3  1  4  2 -4 -3 -2   18   0   0   7   0   1   0   2   0   3   0   0   1   0   7  47  14   0   0   0  0.43 0.13
    3 T    1 -2 -2 -3 -2 -2 -2 -2 -3  2  1 -1  2  0 -2  0  1 -3 -2  2   20   0   1   0   0   0   0   0   0  19  10   2  10   3   0   8  10   0   0  19  0.20 0.08
    4 A    0 -1  1  3 -3  1  2 -1 -1 -2 -3  0 -2 -4  0  2  0 -4 -3 -2    8   1   6  24   0   5  15   3   1   2   0   5   0   0   3  20   6   0   0   0  0.32 0.09
    5 N    0 -1  2  3 -3  2  1  1  0 -3 -3 -1 -2 -3  0  1  1 -4 -3 -2    5   2  11  19   0  14   6  10   2   0   1   1   0   1   3  15   9   0   0   1  0.29 0.09
    6 M   -2 -3 -4 -4 -2 -3 -3 -4  0  3  4 -3  1  0 -4 -2 -1 -3 -2  1    1   0   0   0   0   0   1   0   3  18  63   0   2   1   0   2   2   0   0   6  0.57 0.16
    7 I    1 -2 -1 -1 -1  0  1  0 -2  0 -1 -1 -1 -1 -1  1  2 -3 -2  0   17   0   2   0   1   4  12   4   0   7   4   0   1   2   2  11  24   0   0   7  0.15 0.08
    8 S    1 -1  0  0  0  2  1 -2 -2 -2 -2  1 -1 -2  1  2  1 -3 -2 -1   18   0   3   4   2  10  12   0   0   1   0   9   1   2   7  18  11   0   0   3  0.22 0.08
    9 Q    0  1  0 -2 -3  3  0 -1  0 -2  1  1  0 -2 -2  1  1 -3 -1 -2    7   6   5   0   0  25   1   2   2   0  17   9   3   0   0  12  10   0   1   0  0.20 0.10
   10 L   -1 -1 -4 -4 -2 -3 -4 -4 -3  1  4 -3  1  2 -4 -2 -1 -3 -1  2    2   3   0   0   0   0   0   0   0   2  63   0   0   8   0   3   1   0   1  16  0.52 0.15
   11 K    1 -1  1  0 -3  4  2 -1 -1 -3 -3  2 -2 -4  1  1  0 -3 -1 -3   12   0   5   4   0  28  13   2   0   0   0  11   0   0   6  14   4   0   2   0  0.36 0.12
   12 K    0  0  1 -1 -3  1  1  2  1 -3 -3  3 -2 -4 -1  2  0 -4 -2 -3    2   0   5   1   0   5   9  14   4   0   2  29   0   0   1  21   6   0   0   0  0.30 0.11
   13 L   -2 -3 -4 -4 -1 -2 -2 -4  0  0  5 -3  2  2 -4 -2 -1 -2  0  0    2   0   0   0   1   1   3   0   3   2  70   0   3   7   0   2   2   0   3   2  0.56 0.17
   14 S    0 -2  1 -1 -3  0  0  4 -2 -4 -4 -1 -3 -4 -1  3  1 -4 -3 -3    3   0   5   1   0   4   5  36   0   0   0   2   0   0   3  32   8   0   0   0  0.49 0.14
   15 I   -2 -3 -4 -4 -2 -3 -4 -4 -4  3  4 -3  2  0 -4 -3  1 -3 -2  2    0   0   0   0   0   0   0   0   0  18  53   0   4   1   0   0   9   0   0  13  0.54 0.15
   16 A    0 -1  1  1 -3  1  1  0 -2 -3 -3  0 -2 -4  3  3  1 -4 -3 -2    5   0   4   9   0   7   8   5   0   1   0   5   0   0  18  28  10   0   0   0  0.38 0.11
   17 E    0 -1  0  2 -3  2  3 -2 -1 -1 -2  1 -2 -3  1  0  1 -4 -3 -1    6   0   3  10   0  11  28   1   0   6   3   9   0   0   6   5   9   0   0   5  0.26 0.09
   18 P   -2 -3 -2 -3 -1 -2 -2 -3 -1  0  2 -1  1 -1  5 -2  0 -3 -2  2    1   0   1   0   1   1   1   0   1   3  31   2   3   1  28   1   7   0   0  16  0.46 0.13
   19 A    0 -2 -2  0 -3 -1  1 -3 -3 -3 -4  0 -3 -4  6  2  0 -4 -4 -3    7   0   0   6   0   2   8   0   0   1   0   6   0   0  48  15   6   0   0   0  0.94 0.19
   20 V    1  1  0 -1 -1  1  0 -1 -1 -1 -1  2 -1 -2  1  1  0 -3 -1  0   15   4   3   1   2   8   6   1   1   3   5  22   0   1   5   9   3   0   1   9  0.13 0.06
   21 A    0 -3 -2 -3 -3 -3 -1 -4 -1  2  1 -3  0  4 -1 -2 -2 -1  4  1    7   1   2   0   0   0   4   0   0  12  14   0   1  27   3   1   0   0  15  14  0.34 0.12
   22 K    0 -2 -3 -1 -4  1  2 -3 -3 -4 -3  0 -3 -5  7 -1 -2 -5 -4 -4    6   1   0   3   0   5  17   0   0   0   2   4   0   0  58   4   1   0   0   0  1.28 0.25
   23 D    0 -2  4  1 -3  0  0  4  0 -4 -4 -2 -3 -4 -3  0 -1 -4 -3 -3    9   1  29   8   0   5   5  37   2   0   0   0   0   0   0   2   2   0   0   1  0.57 0.16
   24 S    2 -3 -1 -2  5 -2 -1 -2 -3 -2 -3 -2 -2 -2 -2  3  3 -4 -3 -1   22   0   1   0  18   0   2   0   0   0   0   0   0   1   0  26  26   0   0   4  0.53 0.18
   25 H   -3 -1  2  3 -2 -1  1 -3  5 -3 -3 -2 -3  3 -3 -1 -2 -1  4 -3    0   1  14  22   1   1   9   0  16   0   1   0   0  14   0   2   0   1  17   0  0.51 0.16
   26 P   -3 -3 -3 -3 -4 -2 -3 -4 -4 -2 -3 -3 -3 -3  8 -3 -1 -5 -2  1    0   1   1   0   0   1   0   0   0   2   1   0   0   1  76   0   3   0   2  11  1.80 0.32
   27 D    0 -1  0  2 -3  1  3 -1 -1 -2 -2  0 -2 -2 -1  1  1 -3 -2 -1    8   0   2  14   0   5  26   3   1   2   4   4   0   1   1  15   9   0   0   5  0.23 0.09
   28 V   -1  2 -2 -3 -2 -1 -1 -3  2  1  1  0  2 -1 -3  0  0 -2  0  1    3  20   0   0   0   0   1   0   7   7  15   3   9   1   0   9   6   0   4  13  0.14 0.09
   29 N    0 -1  7  0  4 -1 -1 -2 -1 -3 -4 -2 -4 -4 -4  0 -1 -5 -2 -3    7   3  68   1   9   1   2   0   0   1   0   0   0   0   0   3   1   0   1   1  1.07 0.29
   30 I   -2 -4  0 -3 -4 -3 -3 -4 -4  1 -2 -3 -1 -3  7 -2 -1 -5 -4  2    2   0   6   0   0   0   0   0   0  11   2   0   1   1  53   1   2   0   0  21  1.10 0.25
   31 V   -2 -3 -3 -4 -2 -2 -3 -4 -2  2  2 -1  4  2 -4 -3 -1 -3 -1  3    1   0   1   0   0   1   0   0   1   8  25   6  15  10   0   0   3   0   1  28  0.39 0.16
   32 D   -4 -3  0  8 -6 -1  2 -3 -3 -5 -6 -3 -5 -6 -4 -2 -3 -6 -5 -4    0   0   3  85   0   1   9   0   0   0   0   0   0   0   0   1   0   0   0   1  1.72 0.39
   33 L    1 -2 -2 -2 -2 -2 -2 -3 -3  3  2 -1  1  0 -3  0  0 -3 -2  2   15   1   1   2   0   0   2   0   0  26  18   3   2   4   0   7   4   0   0  14  0.19 0.11
   34 M   -4 -5 -5 -6 -3 -5 -5 -6 -2 -1 -1 -4  2  7 -4 -5 -3 -1  7 -2    0   0   0   0   0   0   0   0   0   2   4   1   6  42   1   0   1   0  43   1  1.61 0.47
   35 R   -3  6 -3 -3 -6 -1 -2 -5 -3 -6 -5  6 -4 -6 -4 -3 -4 -6 -5 -5    1  50   0   0   0   0   1   0   0   0   0  47   0   0   0   0   0   0   0   0  1.59 0.50
   36 N    1  1  2 -1  0  2  1 -2 -1  0 -1  1 -1 -3 -2  1  0 -1 -2 -1   11   7  11   1   3  11  12   1   1   6   8   9   0   0   0   9   6   1   1   3  0.14 0.11
   37 Y    1 -1 -1 -1 -3  1  1 -3  4  0  0  0 -2 -1 -3  0 -2 -1  3 -1   12   1   1   2   0   6  12   0  15   7  11   7   0   1   0   8   0   1  12   3  0.21 0.16
   38 I   -2 -5 -6 -6 -2 -5 -5 -6 -5  6  1 -5 -1 -1 -5 -4 -3 -5 -2  4    3   0   0   0   1   0   0   0   0  61   9   0   0   2   0   0   0   0   1  24  1.18 0.39
   39 S    5 -3 -3 -4 -3 -3 -3 -2 -4  0 -3 -3 -3 -4 -3  1  2 -5 -3  0   66   0   0   0   0   0   0   0   0   5   0   0   0   0   0  11  11   0   1   6  0.93 0.39
   40 Q   -1 -1  2  2  0  2  3 -2 -1 -4 -3  2 -2 -4 -3  1 -1 -4 -3 -2    4   1  10  10   2  11  25   2   1   0   1  17   0   0   0  11   2   0   1   2  0.41 0.20
   41 E    1  0 -2 -2 -2  2  2 -3  0  1  1  0 -1 -2 -2 -1 -1 -4 -2  1   12   6   0   0   1  14  15   0   3  10  18   6   1   1   0   3   2   0   0   8  0.17 0.14
   42 L   -3 -5 -6 -6 -3 -4 -5 -6 -5  4  5 -5  0 -1 -5 -4 -3 -4 -3  2    0   0   0   0   0   0   0   0   0  26  58   0   1   1   0   0   0   0   0  13  1.02 0.35
   43 S    3 -2  0 -2 -2  0  0 -1  3 -3 -3  1 -3 -2 -3  3  0 -4 -1 -2   24   0   3   1   0   5   3   4   9   0   2   9   0   2   0  33   3   0   1   2  0.40 0.23
   44 K    0  1  0  1 -4  2  2 -2 -1 -3 -4  3 -3 -4  0  0  0 -4 -3 -2    9   7   5   9   0   9  15   2   0   1   0  25   0   0   4   6   5   0   0   2  0.36 0.18
   45 I    1 -3 -2 -3 -2 -1 -2 -3 -1  4  1 -3  0 -2 -3 -1 -1 -4 -2  3   13   0   2   0   0   4   1   1   2  27  14   1   1   0   0   3   3   0   1  26  0.37 0.19
   46 S    0 -3 -2 -2 -2 -2  0 -3 -3  1  2 -2 -1 -2  1  1  2  0 -3  2    5   0   1   2   0   0   8   1   0   7  22   1   0   0   8  13  18   2   0  15  0.21 0.16
   47 G   -1 -3  1  4 -5 -1  2  5 -1 -5 -5 -2 -4 -5  0  0 -2 -5 -5 -4    2   0   6  24   0   2  12  42   1   0   0   1   0   0   4   4   1   0   0   0  0.79 0.29
   48 V   -2 -4 -5 -5  2 -3 -3 -5 -5  2  4 -3  2 -1 -5 -4 -2 -4 -3  3    1   0   0   0   6   0   2   0   0  13  49   1   4   1   0   0   1   0   0  21  0.70 0.27
   49 D   -2 -3  0  5 -4 -2  2 -2 -2 -5 -5 -1 -4 -5  3  1  2 -5 -4 -4    2   0   3  36   0   0  13   3   0   0   0   2   0   0  14  13  12   0   0   0  0.72 0.29
   50 S    0  0 -1 -2 -2  1  1 -3 -1  0  0  1 -1 -1  3 -1  0 -3 -1  0   10   4   1   0   0   8  10   0   1   6  10  12   1   2  16   3   5   0   2   9  0.18 0.11
   51 S    0 -2  1  3 -5  1  5 -3 -1 -5 -4  1 -4 -5 -3  1 -1 -5 -4 -3    8   1   5  17   0   4  42   0   1   0   1   7   0   0   0  11   2   0   0   1  0.69 0.29
   52 L    0 -1  1  1 -3  2  2 -3 -2  1  0  1 -1  0 -3 -1  0 -3 -2 -1    6   1   6   8   0  14  17   0   0  13   9   9   0   4   0   2   8   0   0   2  0.18 0.14
   53 I    0 -5 -5 -5 -3 -5 -5 -5 -5  6  1 -5 -1 -3 -3 -4 -2 -5 -4  3   10   0   0   0   0   0   0   0   0  58  13   0   0   0   1   0   1   0   0  16  0.99 0.35
   54 F   -1 -2 -2 -2 -3 -2  2 -4 -1  1  0 -2 -1  3 -4 -2 -2  0  6 -1    5   1   1   1   0   1  14   0   1   8   9   2   1  13   0   3   2   1  33   4  0.50 0.24
   55 P    0  0  3  1 -4  1  1 -1 -1 -4 -3  2 -2 -4  3  1  0 -4 -3 -3   10   4  15   7   0   7  11   4   0   0   1  14   1   0  15   8   4   0   0   0  0.35 0.16
   56 A    2 -1 -2 -3 -1 -2 -3  0 -3  0  2  0  2 -2 -3  1 -1 -3 -1 -1   24   3   1   0   1   0   0   7   0   3  29   6   5   0   0  14   2   0   2   2  0.22 0.17
   57 L   -3 -5 -6 -6 -1 -5 -5 -6 -5  6  4 -5 -1 -2 -5 -5 -3 -5 -3  3    0   0   0   0   1   0   0   0   0  45  37   0   0   0   0   0   0   0   0  16  1.09 0.36
   58 E   -1 -3 -2  2 -6  3  6 -3 -1 -5 -5 -2 -3 -6 -3  0 -3 -5 -4 -5    3   0   1  10   0  13  63   1   1   0   1   0   0   0   0   7   0   0   0   0  1.19 0.43
   59 W    0  0 -1 -4 -3 -1 -3 -3 -2  2 -1  0 -1 -2 -4 -1  1  7  1  1    6   7   3   0   0   2   1   1   1  18   3   7   1   0   0   4  13  19   6  10  0.47 0.22
   60 T   -2 -4 -3 -4 -2 -4 -4  0 -4 -3 -4 -3 -4 -5  7 -1  3 -6 -5 -1    2   0   0   0   1   0   0   8   0   1   0   0   0   0  55   4  22   0   0   5  1.41 0.42
   61 N   -1 -1  2 -2 -5  2 -2 -3 -3 -3 -4  5 -3 -5  5  0 -1 -5 -4 -4    4   2  11   1   0   8   0   1   0   1   1  37   0   0  26   6   3   0   0   0  0.80 0.31
   62 T   -1 -1  3  1 -3  1 -1  0  0 -2 -3  2 -2 -2 -2  2  2 -4 -2  0    2   2  18   6   0   5   1   5   2   1   1  17   0   1   1  14  16   0   1   7  0.26 0.16
   63 M    0 -1 -1  0 -3 -1  0  0 -2 -1  2  0  0 -2  2  2  0 -3  0 -1    7   1   1   4   0   1   7   6   0   0  24   7   3   1   9  21   3   0   3   3  0.14 0.13
   64 E   -1 -1  0  5 -5  0  4 -2 -3 -5 -5  2 -4 -5 -2 -1 -1 -5 -3 -4    6   1   3  32   0   2  31   1   0   0   0  17   0   0   1   3   3   0   1   0  0.77 0.30
   65 R   -2  0  1 -3 -4  0 -2 -1  3 -1  1  3  6 -1 -4 -2 -2 -4 -2 -1    1   4   8   0   0   3   1   4  10   1  11  20  30   2   0   2   0   0   1   3  0.50 0.27
   66 G    1 -5 -3 -4 -3 -4 -4  7 -4 -5 -5 -4 -5 -5 -4 -3 -4 -5 -5 -2   11   0   0   0   1   0   1  83   0   0   0   0   0   0   0   0   0   0   0   3  1.69 0.46
   67 D   -5 -5 -2  8 -7 -4 -2 -5 -4 -7 -7 -4 -7 -7 -5 -4 -4 -8 -7 -7    0   0   0 100   0   0   0   0   0   0   0   0   0   0   0   0   0   0   0   0  2.63 0.67
   68 L   -2 -4 -5 -5 -4 -4 -5 -5 -3  1  3 -4  1  5 -5 -4 -3 -2  4  1    2   0   0   0   0   0   0   0   0   5  37   0   3  26   0   0   0   0  18   7  0.85 0.30
   69 L    4 -3 -2 -3 -3  1 -3 -2 -2  1  0 -2  1 -3 -3  1  1 -4 -3  1   49   0   1   0   0   7   0   0   1   7   7   1   3   0   0   8   8   0   0   8  0.47 0.26
   70 I   -4 -5 -6 -6 -4 -5 -5 -6 -4  1  3 -5  0  7 -6 -5 -4 -2  0  2    0   0   0   0   0   0   0   0   0   7  33   0   1  46   0   0   0   0   1  12  1.12 0.36
   71 P    2 -5 -4 -4 -3 -4 -4 -4 -5 -2 -5 -4 -5 -5  8  0 -3 -6 -5 -2   19   0   0   0   0   0   0   0   0   3   0   0   0   0  69   6   0   0   0   2  1.86 0.51
   72 I    1 -5 -4 -5  7 -4 -4 -4 -5  1  1 -4 -2 -3 -4 -2  1 -5 -4  4   13   0   0   0  28   0   0   0   0   7  10   0   0   0   0   0   9   0   0  33  0.87 0.32
   73 P    0 -5 -5 -1 -5 -5 -4 -4 -3 -4 -3 -5 -4  7  6 -4 -4 -3 -1 -4    9   0   0   4   0   0   0   0   0   0   0   0   0  49  37   0   0   0   0   0  1.54 0.47
   74 R    1  4 -2 -3 -4  2 -1 -3 -2 -1 -3  2 -2 -4 -2  2  0 -4 -3 -2   15  30   0   0   0   9   1   0   0   3   0  14   1   0   1  20   5   0   0   2  0.52 0.26
   75 L   -4 -5 -6 -6 -4 -5 -6 -6 -5  0  6 -5  0  3 -6 -5 -3 -4 -2 -1    0   0   0   0   0   0   0   0   0   2  84   0   1  11   0   0   1   0   0   2  1.38 0.44
   76 R   -3  5 -2 -2 -2  0 -2 -3 -2 -5 -4  6 -4 -5 -4 -2 -2 -5 -4 -4    0  32   1   2   1   3   1   1   1   0   1  55   0   0   0   1   1   0   0   0  1.21 0.42
   77 I    0 -2 -2 -3 -2  0 -1 -4  0  3  2 -2  0 -2 -3 -1  2 -3 -2  2    6   1   1   0   0   5   5   0   2  18  22   2   1   0   0   2  13   0   1  21  0.25 0.16
   78 K   -3 -1 -3 -2 -4 -1 -1 -3 -2 -2  2  4  2  2  1 -1 -2 -2  2 -2    0   0   0   1   0   1   3   1   1   1  23  32   7  10   8   3   0   0   9   0  0.38 0.23
   79 G   -2  5 -2 -3 -2 -1 -2  4  2 -5 -5  2 -4 -5 -4 -2 -3 -4 -4 -5    1  41   0   1   1   1   1  35   6   0   0  10   0   0   0   1   1   0   0   0  0.95 0.33
   80 A   -1  0 -1 -1 -5  1 -1 -2 -3 -2 -4  6 -3 -5 -1 -1 -1 -5 -4 -2    3   3   1   3   0   4   2   3   0   3   1  66   0   0   3   3   2   0   0   3  0.93 0.36
   81 N    4 -1  3  1 -3 -2 -2 -2 -2 -4 -4  3 -3 -4 -2  0 -2 -4 -3 -3   39   1  19  10   0   0   0   1   0   0   1  18   0   0   2   6   0   0   0   1  0.56 0.26
   82 P   -3 -5 -5 -4 -6 -4 -4 -5 -5  0 -3 -4 -2 -5  8 -4 -3 -6 -3 -1    1   0   0   0   0   0   0   0   0   5   2   0   1   0  83   0   1   0   1   5  2.32 0.59
   83 K    1 -1  3  2 -4  5 -1 -2  0 -4 -4  1 -3 -5  0 -1 -2 -5 -4 -2   15   1  18  12   0  30   1   2   2   0   0   9   0   0   5   1   1   0   0   3  0.52 0.26
   84 D    1 -2 -2  1 -4  3  3 -4 -3  1  0 -1  4 -3 -3 -2 -2 -4 -3  0   11   0   0   9   0  14  25   0   0   9   7   2  16   0   0   1   1   0   0   5  0.40 0.24
   85 L   -3 -4 -5 -5 -4  0 -4 -6 -1  6  3 -2 -1 -2 -5 -4 -3  0 -3  1    0   0   0   0   0   5   0   0   2  53  29   2   0   1   0   0   0   1   0   5  0.92 0.34
   86 A    7 -4 -4 -5  0 -3 -4 -2 -4 -4 -4 -4 -4 -3 -4 -1 -1 -5 -4 -2   88   0   0   0   1   1   0   2   0   0   0   0   0   1   0   3   2   0   0   2  1.44 0.50
   87 V    2 -1 -1 -2 -3  3  3 -1 -2 -2 -3  2 -2 -4 -2  1  0 -4 -3 -1   22   2   2   0   0  13  19   4   0   1   1  18   0   0   1   8   5   0   0   4  0.34 0.20
   88 Q   -3  1 -2  4 -6  1  5 -3 -2 -5 -5  2 -4 -4 -3 -2 -2 -5 -3 -5    0   5   0  21   0   6  49   1   0   0   0  13   0   0   0   1   2   0   1   0  0.98 0.35
   89 W   -3 -5 -5 -6 -3 -4 -5 -5 -5  4  4 -5  0 -1 -5 -4 -3  7 -2  2    2   0   0   0   0   0   0   0   0  23  43   0   1   1   0   0   0  18   1  11  1.03 0.33
   90 A    5 -3 -3 -4 -1 -2 -3 -2 -2  0 -1  1 -2 -4 -3  0 -1 -5 -4  2   56   0   0   0   1   1   0   1   1   4   4   8   0   0   0   6   1   0   0  16  0.61 0.29
   91 E    1 -2  0  2 -4  0  5 -1 -2 -4 -5  0 -4 -5 -2  1 -1 -5 -4 -4   15   0   4  10   0   1  48   5   0   1   0   4   0   0   1  10   2   0   0   0  0.70 0.29
   92 K    0  0  2 -2 -4  2  1 -2 -2 -4 -4  6 -3 -5 -3  0 -1 -5 -4 -4    8   1   9   1   0   8   8   2   0   0   1  52   0   0   0   5   3   0   0   0  0.74 0.31
   93 F   -4 -5 -5 -6 -4 -5 -5 -6 -4  5  2 -5  0  6 -5 -5 -3  1 -1  0    0   0   0   0   0   0   0   0   0  36  22   0   1  36   0   0   0   2   0   2  1.06 0.35
   94 P   -1 -1  2  3 -2  2  0 -2 -2 -3 -3  1 -3 -3  4  0 -1 -4 -3 -2    2   2   9  16   1  10   6   2   0   1   1  12   0   1  25   6   3   0   0   4  0.49 0.19
   95 C    0 -1 -1  0  3  1  2 -1  0 -2 -1  1 -2 -3  3  1  0 -3 -3 -1   10   2   1   4   8   7  13   4   2   2   5  10   0   0  13   9   7   0   0   2  0.21 0.11
   96 G   -1 -2  3  4 -3 -1  0  0 -1 -2 -2 -1 -3 -4  0  2  1 -5 -3 -2    3   0  15  25   0   1   6   8   1   2   3   2   0   0   4  21   8   0   0   2  0.39 0.19
   97 D    0 -2  1  3 -4  0  2  1 -1 -3 -4  0 -3 -4  4  0  0 -5 -4 -3    6   0   6  20   0   3  15  12   1   1   0   5   0   0  19   5   4   0   0   1  0.48 0.19
   98 F   -3 -4 -4 -4  1 -4 -3 -4 -2  0  3 -4  0  5 -5 -3 -3  3  4  0    1   0   0   1   3   0   1   1   0   4  28   1   1  31   0   2   0   4  15   6  0.69 0.26
   99 L   -1 -2 -3 -3 -1 -2 -3 -3 -3  3  1 -3  0  4 -3 -2 -2 -2  0  3    2   1   1   1   1   1   1   2   0  25  15   1   2  20   1   2   1   0   1  20  0.36 0.14
  100 E   -1 -1 -1  1 -4  1  5 -2  0 -4 -3  0 -3 -5 -2  3  1 -5 -4 -3    4   2   1   7   0   4  43   2   2   0   2   3   0   0   1  22   7   0   0   2  0.62 0.28
  101 K   -1  1 -1 -1  0  0  2 -3 -1 -5 -4  5 -3 -4  0  1 -1 -5 -4 -4    4   6   3   2   2   3  11   1   1   0   0  52   0   1   5   9   2   0   0   0  0.69 0.29
  102 V    0 -5 -5 -5  0 -4 -4 -5 -5  4 -1 -4 -1 -3  4 -3 -2 -5 -4  5    6   0   0   0   2   0   0   0   0  25   2   0   0   0  20   0   0   0   0  44  0.92 0.34
  103 E   -1 -2 -2 -1  0  1  4 -3 -2  0 -2  1 -2 -4 -3  1  2 -4 -3  2    1   0   1   2   2   6  30   0   0   4   1   7   1   0   0  12  14   0   0  19  0.37 0.22
  104 A    4 -3  1 -3 -2 -1 -3 -3  1 -2 -2 -2 -2 -3  0  0  1 -5 -3  2   43   0   9   0   0   2   0   0   4   1   1   1   0   1   4   6   6   0   0  21  0.46 0.26
  105 N    0 -1  1  0 -2  0 -1  0 -2  0  0  0  0 -1 -3  0  1 -4 -2  2    7   1   9   6   0   3   3   6   1   2   8   8   3   2   0   5  11   0   0  25  0.09 0.11
  106 G   -1 -3  1 -3 -5  0 -4  6 -4 -6 -6 -1 -5 -6 -1 -1 -3 -5 -5 -5    2   1   8   0   0   4   0  72   0   0   0   4   0   0   4   4   0   0   0   0  1.32 0.40
  107 P    2 -3 -3 -4 -4 -3 -3  2 -2  0 -4 -3 -4 -4  6 -1  0 -5 -1 -1   16   1   0   0   0   1   0  15   1   5   0   1   0   0  45   2   6   0   2   5  0.94 0.32
  108 F   -4 -5 -5 -6 -5 -5 -5 -6  3 -3 -3 -5 -3  6 -6 -3  0 -1  8 -3    1   0   0   0   0   0   0   0   6   0   0   0   0  34   0   1   6   0  51   0  1.77 0.51
  109 I   -3 -5 -5 -6 -2 -4 -5 -6 -5  4  4 -5  1 -1 -5 -4 -3 -4 -3  4    0   0   0   0   0   0   0   0   0  26  42   0   2   1   0   0   0   0   0  28  0.91 0.31
  110 Q   -3 -1  7 -2 -5  4 -2 -3  2 -6 -5 -2 -4 -5  1 -1 -2 -6 -4 -4    1   2  59   0   0  18   0   1   5   0   1   1   0   0   6   3   1   0   0   0  1.26 0.44
  111 F   -5 -6 -6 -7 -4 -6 -6 -6 -4  0 -1 -6 -1  9 -7 -5 -5 -2  1 -1    0   0   0   0   0   0   0   0   0   6   2   0   1  83   0   0   0   0   3   4  2.10 0.55
  112 F   -3 -2 -2 -5 -5 -2 -4 -5  1 -3 -3 -1 -1  7 -5 -2  0  1  3 -3    2   3   2   0   0   2   1   0   4   0   0   5   1  61   0   3   6   2   9   1  1.19 0.40
  113 F   -2 -4 -5 -5  1 -4 -4 -5 -4  3  3 -4  2  5 -5 -4 -3 -3  0  2    2   0   0   0   3   0   1   0   0  17  27   0   5  29   0   0   0   0   1  14  0.68 0.25
  114 N   -3  0  6  4 -1 -2 -1 -3 -2 -4 -5  2 -3 -5 -3  0 -1 -6 -4 -5    1   4  38  28   1   0   2   0   0   1   0  16   1   0   1   6   2   0   0   0  0.89 0.33
  115 P   -1  3 -2 -2 -5  0  0 -2  0 -4 -4  5 -3 -5  3 -1  0 -5 -4 -3    4  16   1   1   0   2   3   2   2   0   0  41   0   0  17   2   7   0   0   1  0.68 0.28
  116 Q    1 -1  0  1 -3  1  3  0  0 -2 -2  1 -2 -4 -1  1  1 -4 -2 -2   12   2   3   7   0   7  20   7   2   1   2  12   0   0   1  12   8   0   1   2  0.24 0.13
  117 F    0 -1  0 -1 -2  0 -1 -2 -2  1  0  1  0 -1  2  0  1 -3 -1  0   10   0   5   1   0   2   3   1   0   8  12  11   2   3  12   8  11   0   2   7  0.11 0.08
  118 L   -3 -4 -5 -5 -3 -3 -5 -5 -4  2  4 -4  1  4 -5 -4 -2 -3  1  1    1   0   0   0   0   1   0   0   0  10  53   0   3  19   0   0   2   0   3   9  0.80 0.29
  119 A    2 -3 -1 -3 -2 -2 -2 -2 -3  1 -2 -2 -1 -1  0  2  3 -4 -1  1   21   0   2   0   0   1   1   1   0  10   2   1   1   3   5  22  19   0   2   8  0.28 0.18
  120 K    0  2  1  0 -2  2  1 -2  1 -4 -4  4 -3 -3 -2  1 -1 -4 -2 -4    7  10   7   3   1  10  10   2   3   0   0  34   0   1   0   8   3   0   1   0  0.45 0.21
  121 L    0 -1  1  1 -3  2  1 -2  0  0  1  0  0 -2 -2  0  2 -3 -2 -1    9   1   7   7   0  10  11   2   2   4  18   4   2   1   0   6  15   0   1   3  0.12 0.10
  122 V   -2 -5 -5 -5 -3 -4 -5 -5 -5  4  0 -4  1 -3 -4 -3  2 -5 -3  5    0   0   0   0   0   0   0   0   0  20   6   0   2   0   0   1  15   0   0  56  0.95 0.35
  123 I   -4 -5 -6 -6 -3 -5 -5 -6 -5  4  5 -5  0 -2 -5 -5 -3 -4 -3  1    0   0   0   0   0   0   0   0   0  28  63   0   1   0   0   0   0   0   0   8  1.13 0.36
  124 P   -1  0  2  0 -4  2  1 -1  1 -4 -4  2 -2 -5  4  0  0 -5 -3 -4    3   3   9   4   0   9  10   4   3   0   0  16   1   0  25   7   4   0   0   0  0.52 0.20
  125 D   -1  0  0  2 -2  3  2 -3 -2 -3 -2  1  0 -1 -3  0  2 -3  1 -2    3   4   2  10   1  21  15   0   0   1   3  10   4   2   0   6  13   0   5   1  0.31 0.18
  126 I   -1 -5 -5 -5 -3 -5 -5 -6 -5  6 -1 -5 -1 -3 -5 -3 -2 -5 -4  5    3   0   0   0   0   0   0   0   0  45   1   0   0   0   0   1   1   0   0  48  1.22 0.39
  127 L   -1 -1 -2 -4 -3 -1 -3 -4  2  2  4 -3  0  2 -4 -2 -2  0  0  0    4   3   2   0   0   4   1   0   7  13  48   0   1   8   0   2   1   1   2   3  0.43 0.21
  128 T    0  0  1  2 -3  1  3 -2 -1 -3 -3  2 -3 -4 -3  1  2 -4 -3 -2    8   2   6  12   0   7  20   1   1   0   2  17   0   0   0   9  15   0   0   1  0.35 0.18
  129 R   -1  2  1  2 -4  2  3 -2  1 -4 -2  2 -2 -4 -3 -1 -1 -4 -3 -4    6  14   5   9   0  12  25   1   4   0   3  16   1   0   0   3   2   0   0   0  0.45 0.20
  130 K   -2  2 -1 -2 -5  1 -1  4 -1 -5 -4  4 -3 -5 -2 -1 -1 -5 -4 -4    1  10   2   1   0   6   2  35   1   0   0  35   0   0   1   1   4   0   0   1  0.71 0.28
  131 E    1 -1  0  2 -3  0  4 -1  0 -4 -3  0 -3 -4  1  2  0 -4 -3 -3   12   1   3  13   0   2  30   4   2   0   2   4   0   0   6  14   4   0   0   0  0.40 0.19
  132 D    0  0  3  2 -3  0  2 -2  3 -4 -2  2 -2 -4 -3  1  0 -4 -2 -3    8   2  16  15   0   3  13   1   8   0   4  13   0   0   0  10   4   0   0   0  0.34 0.17
  133 Y   -5 -5 -6 -7 -6 -5 -5 -6 -2 -4 -4 -4 -4  5 -6 -5 -5  1  9 -4    0   0   0   0   0   0   0   0   0   0   0   1   0  21   0   0   0   1  77   0  2.45 0.62
  134 G   -1 -5 -3 -4 -3 -5 -5  7 -5 -7 -7 -4 -6 -6 -5 -3 -4 -5 -6 -5    4   0   0   0   1   0   0  95   0   0   0   0   0   0   0   0   0   0   0   1  2.14 0.53
  135 S    0  1  1  1 -1  2  0 -2  1 -3 -1  2 -2 -2 -2  2  1 -3 -1 -2    5   5   6  10   1  10   2   2   3   0   5  15   0   2   0  21  10   0   2   1  0.21 0.13
  136 C   -1 -1  5 -1  0  2 -1 -2 -1 -3 -2  0 -2 -3 -3  3  0 -2 -2 -3    4   2  31   2   2  12   1   1   1   1   5   6   0   1   0  27   3   1   1   1  0.47 0.24
  137 K   -1 -1  2  3 -4  0  2 -2  1 -4 -4  1 -3 -3  3  1  1 -4 -2 -3    2   2  13  17   0   2  12   1   3   0   0  11   0   1  13  12   9   0   1   0  0.40 0.17
  138 L    0 -2 -1  0 -2 -1  1 -3 -2  2  1 -2  1  0 -2  2  0 -3 -1  0    4   0   2   5   0   1  10   0   0  17  18   1   3   4   1  21   4   0   2   6  0.14 0.12
  139 V    0 -2 -2 -3 -4 -1 -2  6 -4 -4 -2  1 -3 -3 -3 -1 -3 -4 -4 -1    4   1   1   0   0   2   2  66   0   0   5   9   0   1   1   3   0   0   0   4  0.96 0.31
  140 E   -1  0  1  0 -2  2  2  2  1 -4 -3  3 -3 -3  0 -1 -2 -4 -2 -3    4   3   8   4   1  11  15  20   3   0   1  21   0   1   5   2   0   0   1   1  0.34 0.16
  141 N   -2  2  1 -1 -5  2 -1  5 -1 -5 -5  1 -4 -5 -4 -2 -3 -5 -4 -5    1  10   7   2   0   9   3  56   1   0   0  10   0   0   0   0   0   0   0   0  0.92 0.31
  142 K   -2  2 -2 -3 -5  2  0  0 -3 -5 -5  7 -4 -5 -3 -2 -3 -5 -4 -5    2   8   0   0   0   7   3   7   0   0   0  71   0   0   0   0   0   0   0   0  1.23 0.41
  143 K   -2  3  5 -2 -4 -1 -2 -3  1 -4 -4  4 -3 -4 -3 -1  2 -5 -4 -2    1  14  30   0   0   1   0   0   3   0   1  30   0   1   0   1  16   0   0   2  0.73 0.31
  144 V    0 -4 -5 -5 -2 -4 -5 -5 -5  5  0 -4  1 -2 -5 -4 -2 -5 -3  5    6   0   0   0   0   0   0   0   0  31   4   0   3   1   0   0   1   0   0  54  1.00 0.34
  145 I   -1 -4 -4 -5  3 -4 -4 -5 -5  4  0 -4 -1 -3  2 -3  1 -5 -3  4    3   0   0   0   6   0   0   0   0  34   4   0   0   0  10   0   9   0   0  34  0.72 0.28
  146 I   -3 -5 -6 -6 -2 -5 -5 -6 -6  6  0 -5 -1 -1 -5 -4 -2 -5 -3  5    0   0   0   0   1   0   0   0   0  50   6   0   0   2   0   0   1   0   0  41  1.20 0.38
  147 E   -4 -3 -2  6 -7 -1  6 -5 -3 -6 -6 -2 -5 -6 -4 -3 -4 -6 -5 -6    0   0   0  40   0   0  60   0   0   0   0   0   0   0   0   0   0   0   0   0  1.68 0.50
  148 F   -5 -5 -5 -6 -5 -5 -5 -6 -3 -3 -1 -5  5  7 -6 -5 -4 -2  6 -3    0   0   0   0   0   0   0   0   0   0   3   0  18  54   0   0   0   0  25   0  1.71 0.48
  149 S   -2 -4 -2 -3 -1 -3 -3 -3 -4 -6 -6 -3 -5 -6 -4  7 -2 -6 -5 -5    0   0   0   0   1   0   0   0   0   0   0   0   0   0   0  98   0   0   0   0  1.92 0.61
  150 S    0 -4 -2 -3 -4 -3 -3 -3 -4 -5 -6 -3 -5 -6 -4  7 -2 -6 -5 -5    4   0   0   0   0   0   0   0   0   0   0   0   0   0   0  96   0   0   0   0  1.86 0.59
  151 P   -4 -5 -5 -5 -6 -5 -4 -5 -6 -4 -6 -4 -6 -7  9 -4 -2 -7 -6 -3    0   0   0   0   0   0   0   0   0   1   0   0   0   0  94   0   2   0   0   2  2.87 0.65
  152 N   -5 -4  9 -2 -6 -3 -4 -4 -3 -7 -7 -3 -6 -6 -5 -3 -3 -7 -6 -6    0   0 100   0   0   0   0   0   0   0   0   0   0   0   0   0   0   0   0   0  2.65 0.68
  153 I   -4 -6 -6 -6 -4 -6 -6 -7 -6  8 -1 -6 -2 -3 -6 -5 -4 -6 -4  1    0   0   0   0   0   0   0   0   0  94   0   0   0   0   0   0   0   0   0   6  2.02 0.55
  154 A    7 -4 -5 -5 -3 -4 -4 -3 -5 -4 -4 -4 -4 -5 -4 -2 -3 -6 -5 -3   99   0   0   0   0   0   0   0   0   0   0   0   0   0   0   0   0   0   0   1  1.84 0.56
  155 K   -4 -1 -3 -4 -6 -1 -2 -5 -4 -6 -6  8 -5 -6 -4 -3 -4 -6 -5 -6    0   0   0   0   0   1   0   0   0   0   0  99   0   0   0   0   0   0   0   0  2.20 0.61
  156 P   -3 -4 -2 -4 -6 -2  1 -5 -5 -6 -5  0 -5 -7  8 -2 -3 -7 -6 -5    0   0   2   0   0   1   8   0   0   0   0   6   0   0  79   3   1   0   0   0  2.19 0.54
  157 F   -5 -6 -6 -7 -5 -6 -6 -6 -4  0 -2 -6  3  9 -7 -5 -5 -2  0 -3    0   0   0   0   0   0   0   0   0   5   0   0   9  86   0   0   0   0   0   0  2.29 0.58
  158 H   -4 -3 -2 -4 -6 -3 -3 -3 10 -6 -6 -4 -5 -5 -5  3 -4 -6 -2 -6    0   0   0   0   0   0   0   2  73   0   0   0   0   0   0  25   0   0   0   0  2.34 0.62
  159 A    4 -4 -4 -5 -3 -3 -4 -3 -4  3 -1 -4  5 -2 -4 -2 -2 -4 -2  3   38   0   0   0   0   0   0   0   0  20   1   0  19   1   0   0   0   0   1  21  0.73 0.32
  160 G   -2 -5 -3 -4 -6 -5 -5  7 -5 -7 -7 -5 -6 -6 -5 -3 -5 -6 -6 -6    1   0   0   0   0   0   0  99   0   0   0   0   0   0   0   0   0   0   0   0  2.32 0.56
  161 H   -5 -4 -3 -5 -7 -3 -4 -6 11 -7 -7 -4 -5 -5 -6 -5 -5 -6 -2 -7    0   0   0   0   0   0   0   0 100   0   0   0   0   0   0   0   0   0   0   0  3.53 0.78
  162 L   -4 -5 -6 -6 -4 -4 -6 -6 -6  2  6 -5  0 -2 -6 -5 -4 -4 -4 -1    0   0   0   0   0   0   0   0   0   9  91   0   0   0   0   0   0   0   0   0  1.52 0.45
  163 R   -5  8 -4 -5 -4 -2 -3 -5 -3 -6 -5 -1 -4  0 -3 -4 -4 -5 -4 -6    0  92   0   0   0   0   0   0   0   0   0   0   0   5   2   0   0   0   0   0  2.15 0.59
  164 S   -2 -4 -2 -3 -4 -3 -3 -3 -4 -5 -5 -3 -4 -5 -4  7  2 -6 -5 -4    0   0   0   0   0   0   0   0   0   0   0   0   0   0   0  91   9   0   0   0  1.71 0.56
  165 T   -3 -4 -3 -4 -4 -4 -4 -5 -5 -4 -4 -4 -4 -5 -4 -2  8 -6 -5 -3    0   0   0   0   0   0   0   0   0   0   0   0   0   0   0   0 100   0   0   0  2.23 0.65
  166 I   -1 -5 -5 -5 -3 -5 -5 -6 -5  6 -1 -5  1 -3 -5 -3 -3 -5 -4  5    5   0   0   0   0   0   0   0   0  52   0   0   3   0   0   1   0   0   0  39  1.18 0.38
  167 I   -4 -6 -6 -6 -4 -6 -6 -7 -6  8 -1 -6 -2 -3 -6 -5 -4 -6 -4  0    0   0   0   0   0   0   0   0   0  97   1   0   0   0   0   0   0   0   0   2  2.10 0.56
  168 G   -2 -5 -3 -4 -6 -5 -5  7 -5 -7 -7 -5 -6 -6 -5 -3 -5 -6 -6 -6    1   0   0   0   0   0   0  99   0   0   0   0   0   0   0   0   0   0   0   0  2.30 0.56
  169 G    2 -3  6  2 -4 -3 -2  3  0 -5 -5 -3 -3 -5 -4  0 -2 -5 -4 -4   16   0  44  11   0   0   0  23   2   0   0   0   0   0   0   4   0   0   0   0  0.92 0.33
  170 F    2 -4 -3 -4 -4 -4 -4 -4 -2 -3 -3 -4 -3  6 -4  3 -2 -2  2 -2   20   0   0   0   0   0   0   0   1   0   0   0   0  43   0  30   0   0   5   2  0.97 0.37
  171 L   -4 -5 -6 -6 -4 -5 -5 -6 -5  5  5 -5  0 -2 -3 -5 -3 -4 -3  0    0   0   0   0   0   0   0   0   0  32  65   0   0   0   1   0   0   0   0   1  1.20 0.38
  172 A    4 -1 -1 -3 -1 -2 -2  0 -2 -3 -4  0 -3 -2 -3  3 -2 -3  4 -2   42   2   2   1   1   0   1   5   0   0   0   5   0   0   0  23   0   0  17   1  0.58 0.29
  173 N   -4  1  7 -2 -5 -1 -1 -3  2 -5 -3  3 -4 -2 -4 -2 -2 -5 -2 -5    0   7  58   0   0   2   3   0   4   0   3  19   0   2   0   1   0   0   1   0  1.12 0.39
  174 L   -3 -5 -5 -6 -3 -5 -5 -6 -5  5  4 -5  1 -1 -5 -4 -2 -4 -3  1    0   0   0   0   0   0   0   0   0  41  49   0   3   1   0   0   2   0   0   4  1.05 0.34
  175 Y   -1 -3 -4 -5 -2 -3 -3 -5  4 -2  0  0  1  3 -5 -3 -2 -1  7 -2    4   0   0   0   1   0   0   0  11   1  10   6   4  13   0   1   2   0  47   1  1.01 0.35
  176 E    0  0  0  1 -4  1  5 -2 -1 -4 -4  3 -3 -5 -3  0  0 -5 -4 -3    5   4   3   5   0   4  40   2   1   0   0  21   0   0   0   7   5   0   0   2  0.59 0.25
  177 K    2  0 -1 -3 -3 -1 -1  0  0 -3 -3  4 -2  2 -3  1 -1 -3 -1 -2   21   2   2   0   0   0   1   6   2   1   1  33   0  13   0  12   3   0   1   3  0.35 0.21
  178 L    0 -2  1 -3  3  0 -1 -3 -2  1  3 -2  4 -1 -4 -1 -1 -3 -2  1    8   1   8   0   9   5   4   0   1   4  32   0  15   1   0   2   2   0   0   8  0.30 0.18
  179 G   -2 -5 -1 -3 -5 -4 -5  7 -5 -6 -6 -4 -5 -6 -5 -2 -4 -5 -6 -6    2   0   2   1   0   0   0  94   0   0   0   0   0   0   0   1   0   0   0   0  2.07 0.51
  180 W   -5 -5 -5 -6 -5 -4 -5 -6  3 -5 -4 -5 -4  2 -6 -4 -5 10  8 -5    0   0   0   0   0   0   0   0   6   0   0   0   0   5   0   1   0  39  48   0  2.49 0.59
  181 E   -3 -1  4  4 -5  2  2 -3  1 -5 -5  2 -4 -5 -3 -1 -1 -5 -4 -4    0   1  26  26   0  10  13   0   3   0   0  14   0   0   0   3   3   0   0   0  0.72 0.27
  182 V   -1 -4 -4 -5  3 -4 -4 -5 -5 -1 -2 -4 -2 -4  3 -1  2 -5 -4  5    2   0   0   0   7   0   0   0   0   0   0   0   0   0  17   3  13   0   0  57  0.91 0.35
  183 I   -2 -3 -4 -4 -3 -2 -2 -5 -2  5  0 -2 -1 -2 -4 -2  2 -4 -3  4    0   0   0   0   0   2   3   0   1  38   4   2   0   1   0   1  17   0   0  31  0.69 0.28
  184 R    0  5 -2 -3 -5 -1 -2  2 -3 -5 -4  4 -3 -5 -4  1 -2 -5 -4 -4    6  42   0   0   0   0   0  14   0   0   0  26   0   0   0   9   1   0   0   0  0.86 0.32
  185 M   -3 -5 -5 -4 -3 -4 -5 -6 -5  6  1 -5  5 -2 -5 -3 -3 -4 -2  2    0   0   0   1   0   0   0   0   0  61   7   0  19   0   0   1   0   0   1   9  1.17 0.38
  186 N   -5 -4  9 -1 -6 -3 -3 -4 -3 -6 -7 -3 -5 -6 -5 -2 -3 -7 -5 -6    0   0  98   1   0   0   0   0   0   0   0   0   0   0   0   0   0   0   0   0  2.55 0.65
  187 Y   -5 -4 -4 -5 -6 -3 -4 -6  8 -5 -5 -4 -4 -1 -6 -4 -5  0  8 -5    0   0   0   0   0   0   0   0  44   0   0   0   0   1   0   0   0   1  53   0  2.31 0.59
  188 L   -4 -5 -6 -6 -4 -5 -5 -6 -5  1  6 -5  0 -2 -5 -5 -4 -4 -4 -1    0   0   0   0   0   0   0   0   0   4  94   0   0   0   0   0   0   0   0   0  1.58 0.46
  189 G   -3 -5 -3 -4 -5 -5 -5  7 -5 -7 -7 -4 -6 -6 -5 -3 -4 -5 -6 -6    0   0   0   0   0   0   0  99   0   0   0   0   0   0   0   0   0   0   0   0  2.30 0.55
  190 D   -5 -5 -2  8 -7 -3 -1 -4 -4 -6 -7 -4 -6 -7 -5 -3 -4 -7 -6 -6    0   0   0  99   0   0   0   0   0   0   0   0   0   0   0   0   0   0   0   0  2.51 0.62
  191 W   -6 -6 -7 -8 -6 -6 -7 -6 -5 -6 -5 -7 -5 -2 -8 -7 -6 13  4 -7    0   0   0   0   0   0   0   0   0   0   0   0   0   0   0   0   0  89  11   0  4.20 0.84
  192 G   -3 -5 -3 -3 -5 -5 -5  7 -5 -7 -7 -4 -6 -6 -5 -3 -4 -5 -6 -6    0   0   0   1   0   0   0  98   0   0   0   0   0   0   0   0   0   0   0   0  2.25 0.55
  193 K   -3  0 -3 -3 -4 -2 -2 -3 -4 -3 -3  5  2 -5 -4 -1  5 -5 -4 -3    0   3   0   0   0   0   0   1   0   0   1  39   6   0   0   1  48   0   0   0  1.04 0.41
  194 Q   -4 -2 -2 -4 -6  9 -1 -5 -3 -6 -6 -2 -4 -7 -5 -3 -4 -5 -5 -6    0   0   1   0   0  98   0   0   0   0   0   0   0   0   0   0   0   0   0   0  2.55 0.70
  195 F   -5 -6 -6 -6 -5 -6 -6 -6 -3 -3 -3 -6 -1  9 -6 -5 -5 -2  5 -4    0   0   0   0   0   0   0   0   0   0   0   0   1  82   0   0   0   0  16   0  2.29 0.56
  196 G   -2 -5 -3 -4 -5 -5 -5  7 -5 -7 -7 -4 -6 -6 -5 -3 -4 -5 -6 -6    1   0   0   0   0   0   0  98   0   0   0   0   0   0   0   0   0   0   0   0  2.26 0.55
  197 L   -3 -2 -3 -4 -4 -2 -3 -5 -4  0  4  5  3 -3 -4 -3 -2 -4 -2  0    0   0   1   0   0   0   0   0   0   3  41  39   9   0   0   0   1   0   1   5  0.71 0.31
  198 L   -4 -5 -6 -6 -4 -4 -5 -6 -5  0  6 -5  2 -2 -5 -5 -4  0 -3 -1    0   0   0   0   0   0   0   0   0   3  88   0   4   0   0   0   0   1   0   2  1.40 0.42
  199 A    4 -4 -4 -4 -3 -4 -4  0 -4  5 -1 -4  1 -3 -2 -1 -2 -5 -4 -1   39   0   0   0   0   0   0   7   0  45   1   0   4   0   1   2   0   0   0   0  0.79 0.34
  200 V    0 -3 -1 -4  0 -3 -2 -4 -4  1  0 -3 -1 -2 -4 -1  1 -4  0  5    6   0   4   0   2   0   2   0   0   6   8   0   0   0   0   5  11   0   4  51  0.50 0.25
  201 G    5 -4 -3 -4 -4 -3 -3  5 -4 -5 -5 -3 -4 -5 -4 -2 -3 -5 -5 -4   52   0   0   0   0   0   0  47   0   0   0   0   0   0   0   0   0   0   0   0  1.26 0.41
  202 F   -5 -5 -5 -6 -5 -5 -5 -6 -2 -2 -3 -5 -3  6 -6 -5 -5  5  8 -4    0   0   0   0   0   0   0   0   0   2   0   0   0  32   0   0   0   8  57   0  2.03 0.52
  203 E   -2  1 -1  1 -5  3  3 -3 -2 -5 -4  5 -3 -5 -3 -2 -3 -5 -4 -4    1   4   2   6   0  13  24   1   0   0   2  46   0   0   0   1   0   0   0   0  0.88 0.33
  204 R   -2  4 -1 -3 -3  0 -2 -4  0 -3  1  5  1 -4 -4 -2 -2 -4 -3 -3    2  25   1   0   1   2   1   0   2   0  17  42   4   0   0   0   2   0   1   0  0.68 0.29
  205 Y   -5 -5 -5 -7 -5 -5 -6 -6 -3 -4 -4 -6 -4  5 -6 -5 -5 11  6 -5    0   0   0   0   0   0   0   0   0   0   0   0   0  20   0   0   0  49  29   0  2.57 0.59
  206 G   -2 -5 -3 -4  0 -5 -5  7 -5 -6 -6 -3 -5 -6 -5 -3 -4 -5 -6 -3    0   0   0   0   2   0   0  94   0   0   0   1   0   0   0   1   0   0   0   2  2.05 0.51
  207 N   -2 -3  4  5 -3 -2 -1 -2 -2 -4 -5 -2 -4 -4 -3  4 -1 -5  0 -3    0   0  23  31   0   0   1   1   0   0   0   0   0   0   0  36   1   0   4   1  0.89 0.34
  208 E   -3  0 -2  0 -6  1  6 -3 -2 -5 -5  2 -3 -6 -3 -2 -3 -5 -4 -4    1   3   1   4   0   5  67   1   0   0   0  14   0   0   1   0   0   0   0   1  1.21 0.40
  209 E    0 -2 -2  1 -5  1  6 -4 -3 -5 -5  0 -4 -5 -3 -2 -2 -5 -2 -4   10   0   1   7   0   5  68   0   0   0   0   5   0   0   0   1   1   0   1   0  1.16 0.40
  210 A    3 -1 -2  1 -3  0  3 -2 -2 -3 -1  2 -2 -4 -2 -1 -1 -4 -3 -1   32   1   0   7   0   3  22   0   0   0   8  18   0   0   1   1   2   0   0   3  0.39 0.22
  211 L   -3 -4 -5 -5 -3 -4 -5 -5 -5  2  4 -4  0  2 -5 -4 -3 -4 -2  4    0   0   0   0   0   0   0   0   0   9  52   0   0   7   0   0   0   0   0  31  0.87 0.30
  212 V   -1  1 -1 -1 -4  3  4 -3 -2 -3 -2  3 -3 -4 -2 -1 -1 -4 -3 -1    5   5   3   2   0  13  31   0   0   1   5  26   0   0   0   3   2   0   0   5  0.50 0.23
  213 K    2  1  0 -1 -4  1  2 -2 -2 -4 -4  4 -3 -5 -3  1  0 -5 -4 -3   21   4   3   1   0   6  14   0   0   0   0  37   0   0   0   8   4   0   0   0  0.55 0.25
  214 D   -3 -3  4  6 -5  0  2 -3  0 -5 -6 -2 -5 -6 -4 -1 -3 -6 -4 -5    2   0  25  51   0   3  13   0   2   0   0   1   0   0   0   4   0   0   0   0  1.19 0.37
  215 P   -1 -5 -5 -4 -6 -4 -3 -1 -5 -6 -6 -4 -6 -7  8 -3 -3 -7 -6 -5    6   0   0   1   0   0   1   4   0   0   0   0   0   0  87   1   1   0   0   0  2.52 0.59
  216 I   -4 -6 -6 -6 -4 -3 -6 -6 -6  7  1 -5  0 -3 -5 -5 -3 -5 -4  1    0   0   0   0   0   1   0   0   0  83  11   0   1   0   0   0   0   0   0   4  1.61 0.47
  217 H    0  1  4  1 -4  2 -1 -2  0 -4 -4  3 -1 -4  0  0 -1 -5 -2 -4    6   7  24   9   0  12   1   2   2   0   0  26   2   0   3   3   2   0   1   0  0.48 0.22
  218 H   -3 -3  0 -2 -6 -2  5 -5  9 -6 -6 -2 -4 -5 -4 -2  0 -5 -1 -5    0   0   3   0   0   0  37   0  49   0   0   2   0   0   0   2   5   0   1   0  1.60 0.48
  219 L   -4 -5 -6 -7 -4 -5 -6 -7 -6 -1  6 -5  0 -2 -6 -5 -4 -4 -4 -2    0   0   0   0   0   0   0   0   0   1  99   0   0   0   0   0   0   0   0   0  1.72 0.50
  220 F   -4 -4 -4 -5 -4 -2 -5 -5 -3 -1  4 -5  1  6 -5 -4 -3 -2  3  0    0   0   1   0   0   1   0   0   0   0  43   0   2  36   0   1   1   0  11   4  0.99 0.33
  221 D   -2  3  1  4 -5  1  3 -3  1 -5 -5  3 -4 -5 -3 -1 -2 -5 -3 -4    2  14   5  22   0   6  21   0   3   0   0  24   0   0   0   2   1   0   0   0  0.66 0.25
  222 V   -3 -4 -5 -5 -3 -4 -5 -6 -4  3  3 -4 -1 -2 -5 -4 -2 -3  2  4    0   0   0   0   0   0   0   0   0  15  33   0   0   0   0   0   1   0   9  41  0.83 0.30
  223 Y   -5 -5 -6 -7 -6 -5 -6 -7 -2 -5 -5 -5 -4  0 -6 -5 -5 -1 10 -5    0   0   0   0   0   0   0   0   0   0   0   0   0   0   0   0   0   0  99   0  3.08 0.73
  224 V   -1 -5 -5 -6 -3 -3 -5 -6 -6  1 -2 -5 -2 -4 -5 -4 -1 -6 -4  7    4   0   0   0   0   1   0   0   0   3   0   0   0   0   0   0   2   0   0  89  1.58 0.49
  225 R   -3  5 -2 -2 -5  3  0 -4  0 -5 -4  6 -3 -5 -4 -2 -3 -5 -3 -5    1  28   0   1   0  12   4   0   2   0   0  51   0   0   0   1   0   0   0   0  1.12 0.38
  226 I   -3 -5 -5 -6 -4 -5 -5 -6 -4  5 -1 -5 -1  6 -5 -5 -3 -3  1  2    1   0   0   0   0   0   0   0   0  46   0   0   1  37   0   0   0   0   3  12  1.21 0.38
  227 N   -4 -3  7 -2 -6 -3 -3 -4  8 -6 -6 -3 -5 -5 -5 -2 -2 -6 -3 -6    0   0  59   0   0   0   0   0  37   0   0   0   0   0   0   2   2   0   0   0  1.96 0.54
  228 K    1  0  0  1 -4  2  3 -2 -2 -4 -4  4 -3 -4 -3 -1  0 -4 -3 -3   15   3   4   8   0   8  22   1   0   0   0  31   0   0   0   3   5   0   0   1  0.49 0.22
  229 D   -1 -2 -1  4 -5  0  6 -4 -3 -3 -1  0 -3 -4 -3 -2 -3 -5 -4 -2    4   0   1  22   0   2  55   0   0   1   6   4   0   0   0   0   1   0   0   4  0.90 0.33
  230 I    5 -2 -2 -1  0 -1 -2 -2 -3  0 -1 -2  2 -1 -3 -1 -2 -4 -3  1   57   1   1   4   2   2   2   1   0   5   3   2   7   2   0   0   1   0   0  10  0.52 0.26
  231 E    1  0 -2  1 -4  0  5 -3 -2 -3 -3  2 -3 -4 -3  1  0 -4 -4 -2   11   3   0   6   0   1  45   0   0   1   1  14   0   0   0   9   6   0   0   3  0.60 0.26
  232 E    1 -1  1  1 -3  0  4 -2 -2 -3 -3  3 -3 -4 -1  0  0 -4 -3 -2   13   1   6   8   0   3  31   1   0   0   1  23   0   0   2   3   5   0   0   2  0.44 0.19
  233 E   -1 -1  3  1 -2  2  4 -1  2 -2 -2  1 -2 -2 -1 -1 -1 -2 -1 -2    3   2  15   8   1   8  30   3   6   2   3   8   1   1   2   3   2   0   2   2  0.34 0.11
  234 G    0 -1 -1  0 -2  0  1  1 -1 -2 -2  2 -2 -2  5 -1 -1 -2 -2 -2    6   2   2   4   1   5  12  10   1   2   3  14   1   1  28   3   3   0   1   2  0.41 0.11
  235 D   -1 -1  0  3 -2  0  5 -1 -1 -2 -2  0 -2 -2 -1 -1 -1 -2 -2 -2    4   3   5  15   1   2  43   4   1   3   4   3   1   1   2   3   2   0   1   3  0.44 0.13
  236 S    0  0  0  0 -1  1  1  0  0  0 -1  1  0 -1  0  0  0 -1 -1  0   10   4   4   5   1   6   9   6   1   5   7   9   3   2   5   8   6   1   2   6  0.04 0.01
  237 I    0  0  0 -1 -1  0  0  0 -1  1  0  0  0  0  0  0  0 -1 -1  0   11   3   3   3   1   3   5   7   1  13   9   6   3   3   4   9   7   1   2   4  0.01 0.01
  238 P    0  0  0  1 -1  0  1  0  0 -1 -1  1 -1 -1  1  0  0 -1 -1 -1    9   3   4   7   1   4  12   6   1   4   7  12   2   2   6   7   6   1   2   5  0.06 0.01
  239 L    0  0  0  0 -1  0  1 -1 -1  0  0  1  0 -1  0  0  0 -1 -1  0    6   4   3   4   1   4  13   5   1   7  13  10   1   2   5   6   6   1   2   6  0.03 0.01
  240 E   -1  0  1  5 -2  0  2 -1 -1 -2 -2  0 -2 -2 -1  0 -1 -2 -2 -2    4   4   4  37   1   3  13   5   1   3   3   6   1   1   2   5   3   0   1   2  0.38 0.11
  241 Q    0  0  0  1 -1  0  2 -1 -1 -2 -2  1 -2 -2  3  0  0 -2 -2 -2    6   4   4   6   1   3  20   3   1   2   3  12   1   1  17   9   4   0   1   3  0.28 0.08
  242 S    1 -1  1 -1 -2  0  0  1 -1 -2 -2  1 -2 -2 -1  3  1 -2 -2 -2   10   1   6   2   1   3   6  10   1   1   3   7   1   1   1  32  11   0   1   2  0.24 0.11
  243 T   -3 -4 -4 -4 -3 -4 -3 -4 -4  3  4 -4  2 -1 -4 -3  0 -4 -2  2    1   0   0   0   0   0   1   1   0  15  55   0   4   0   0   0   6   0   1  13  0.70 0.26
  244 N   -2 -1  3  5 -4 -1  3 -3  3 -4 -3  1 -2 -2 -3 -1 -1 -4  0 -3    2   2  13  34   0   0  18   1   9   0   3   9   1   2   0   2   2   0   3   1  0.58 0.23
  245 G    0 -2  0  5 -5  0  4 -1 -3 -4 -4  0 -4 -3 -3 -2 -2 -5 -4 -2    8   1   2  43   0   3  28   4   0   0   1   5   0   1   0   1   0   0   0   3  0.82 0.29
  246 K   -1 -1 -1  0 -5  4  5 -4 -2 -3 -2  2 -3 -5 -3 -1 -2 -5 -4 -4    3   1   1   2   0  19  50   0   0   1   4  12   0   0   0   3   1   0   0   0  0.87 0.33
  247 A    6  0 -4 -4  1 -3 -4  2 -4 -4 -4 -3 -4 -5 -4 -1 -3 -5 -4 -3   75   5   0   0   3   0   0  17   0   0   0   0   0   0   0   0   0   0   0   1  1.17 0.42
  248 R   -1  8  0 -4 -6 -1 -3 -5  1 -6 -5  1 -4 -6 -5 -3 -4 -6 -4 -5    4  82   5   0   0   1   0   0   3   0   0   5   0   0   0   0   0   0   0   0  1.77 0.51
  249 E    3  1 -1  1 -3  1  3 -1 -1 -3 -2  1  0 -4 -3  0 -2 -4 -2 -2   32   9   2   7   0   6  19   2   1   0   3   7   3   0   0   4   1   0   1   0  0.33 0.19
  250 Y   -3 -5 -3 -6 -5 -5 -3 -6 -1 -3 -4 -5 -4  5 -6 -5 -4 10  6 -3    2   0   2   0   0   0   2   0   1   1   0   0   0  21   0   0   1  40  29   2  2.05 0.51
  251 F   -6 -6 -6 -7 -6 -7 -7 -7 -5 -3 -2 -7 -3  9 -7 -6 -5 -2  0 -4    0   0   0   0   0   0   0   0   0   0   1   0   0  99   0   0   0   0   0   0  2.80 0.66
  252 K   -2  3 -2 -3 -3  1 -1 -4 -1 -4 -4  6 -3 -4 -4 -3 -1 -5 -4 -2    3  15   1   0   1   4   1   0   1   0   1  67   0   0   0   0   2   0   0   4  1.14 0.40
  253 R   -1  5  0 -2 -5 -1 -1 -2 -1 -5 -4  5 -3 -5 -4 -1 -3 -5 -4 -4    5  29   3   1   0   1   2   3   1   0   1  49   0   0   0   5   0   0   0   0  0.93 0.34
  254 M   -4 -5 -6 -6 -4 -4 -5 -6 -5  0  5 -5  8 -2 -6 -5 -4 -4 -4 -2    0   0   0   0   0   0   0   0   0   2  51   0  48   0   0   0   0   0   0   0  1.65 0.49
  255 E   -4 -3 -2 -1 -6  0  7 -5 -3 -6 -6 -2 -5 -6 -4 -3  0 -6 -5 -3    0   0   1   0   0   2  89   0   0   0   0   0   0   0   0   0   6   0   0   2  1.84 0.55
  256 D   -1 -3  3  6 -5  1  2 -3 -1 -5 -3 -2 -2 -4 -4 -2 -2 -6 -5 -5    4   0  12  57   0   6  11   1   1   0   3   1   1   0   0   0   1   0   0   0  1.08 0.35
  257 G   -3  0  0 -3 -5 -3 -4  7 -1 -6 -6 -2 -5 -6 -5 -3 -4 -5 -4 -6    0   6   3   0   0   1   0  85   1   0   0   2   0   0   0   0   0   0   0   0  1.70 0.46
  258 D   -4 -4  1  8 -4 -2  2 -4 -4 -6 -6 -2 -6 -6 -4 -2 -4 -7 -6 -6    1   0   6  80   0   0  10   0   0   0   0   2   0   0   0   1   0   0   0   0  1.83 0.50
  259 E    0 -2 -3  0 -5  1  5 -4 -3 -4 -4  1 -2 -5  4 -2 -1 -5 -4 -3    8   0   0   2   0   6  50   0   0   0   0   8   1   0  20   1   2   0   0   1  0.90 0.33
  260 E   -1 -2 -1  2 -5  2  6 -3 -1 -5 -5  0 -4 -4 -3 -1 -1 -5 -3 -4    4   0   1  10   0   8  61   1   1   0   0   5   0   1   0   3   4   0   1   0  1.01 0.36
  261 A    6 -4 -3 -4  0 -3  0 -3 -4 -4 -4 -3 -3 -5 -3 -1 -1 -5 -1 -2   84   0   1   0   2   0   5   0   0   0   0   0   0   0   1   1   2   0   2   2  1.26 0.45
  262 L   -3 -3 -3 -4 -3 -2 -3 -5 -1  2  4 -2  1 -1 -4 -3  1 -1 -1  2    0   0   0   0   0   1   1   0   2  10  47   2   2   0   0   0  11   1   2  19  0.53 0.23
  263 K    3  1 -1  0 -3  1  2 -1  0 -3 -3  2 -3 -3 -2  1 -1 -4 -2 -2   27   8   2   5   0   4  16   2   2   0   0  17   0   1   0  13   2   0   1   2  0.34 0.18
  264 I   -3 -3 -1 -4 -4  0 -3 -5 -4  2  5 -2  1 -1 -5 -4 -2 -4 -3 -1    0   0   3   1   0   6   1   0   0  12  70   2   2   1   0   0   1   0   0   1  0.86 0.32
  265 W   -7 -7 -8 -8 -6 -6 -7 -7 -6 -7 -6 -7 -5 -3 -8 -7 -7 13 -2 -7    0   0   0   0   0   0   0   0   0   0   0   0   0   0   0   0   0 100   0   0  4.80 0.92
  266 K   -2  3  0 -2 -5  4  1 -3 -1 -5 -4  5 -3 -5 -3  0  0 -5 -4 -4    2  16   4   0   0  25   5   1   1   0   0  36   0   0   0   5   5   0   0   0  0.79 0.31
  267 R   -4  5 -3 -5 -6 -1 -3 -4 -1 -4 -3  2 -3 -2 -5 -4 -4 10 -1 -3    0  37   1   0   0   2   1   1   2   0   1  12   0   1   0   0   0  40   0   2  1.77 0.48
  268 F   -5 -6 -6 -7 -2 -6 -6 -6 -4 -1 -2 -6 -1  9 -7 -6 -5  4  0 -4    0   0   0   0   1   0   0   0   0   3   1   0   2  90   0   0   0   4   0   0  2.39 0.59
  269 R   -4  8 -3 -4 -3 -2 -3 -5 -3 -6 -5  2 -4 -6 -5 -3 -4 -6 -3 -3    0  85   0   0   1   0   0   0   0   0   0  11   0   0   0   1   0   0   1   2  1.96 0.54
  270 E   -2 -3  0  7 -6 -2  3 -3 -1 -6 -6 -1 -5 -6 -4  0 -2 -6 -4 -5    2   0   2  62   0   0  22   0   1   0   0   4   0   0   0   5   2   0   0   0  1.32 0.40
  271 F   -3 -3 -4 -3 -3 -2  3 -5 -4  2  4 -3  1  0 -4 -3 -2 -4 -1  1    0   0   0   0   0   0  23   0   0  14  46   0   2   3   0   0   1   0   1  10  0.57 0.26
  272 S   -2 -4 -2 -3 -4 -3 -3 -3 -4 -6 -6 -3 -5 -6 -4  7 -1 -6 -5 -5    1   0   0   0   0   0   0   0   0   0   0   0   0   0   0  98   1   0   0   0  1.92 0.61
  273 I   -4 -5 -6 -6 -4 -5 -5 -6 -5  6  4 -5  1 -1 -5 -5 -3 -4 -3  0    0   0   0   0   0   0   0   0   0  48  46   0   2   1   0   0   0   0   0   2  1.15 0.36
  274 E   -2  0 -1  0 -4  1  4 -3 -1 -2 -3  4 -2 -4 -3 -2 -1 -5 -3  1    2   2   1   3   0   4  29   0   1   2   1  36   1   0   0   1   3   0   0  13  0.55 0.26
  275 K   -2  3 -2  0 -6  0  5 -4 -1 -5 -5  4 -4 -5 -3 -2 -3 -5 -4 -4    3  14   1   3   0   1  50   0   1   0   0  25   0   0   0   2   0   0   0   0  0.99 0.36
  276 Y   -5 -5 -5 -6 -3 -5 -5 -6 -2 -3 -1 -5 -2  7 -6 -5 -5 -1  8 -3    0   0   0   0   1   0   0   0   0   0   5   0   0  46   0   0   0   0  47   1  1.92 0.51
  277 I   -1  0  3  0 -4  1  1 -2 -1  2 -2  3  0 -3 -3  0 -1 -4 -3 -1    3   3  18   3   0   5   9   1   1  16   0  26   3   0   0   6   3   0   0   4  0.30 0.18
  278 D   -2  5 -1  1 -5  2  2 -2 -1 -4 -4  3 -3 -5 -3  0 -2 -5 -3 -4    2  32   1   8   0  10  17   2   1   1   0  19   0   0   0   6   0   0   0   0  0.65 0.25
  279 T   -2 -4 -3 -3 -3 -3 -2 -5 -4  4  0 -4  0 -3 -4 -2  4 -5 -3  3    1   0   0   1   0   0   3   0   0  32   5   0   1   0   0   1  34   0   0  23  0.71 0.30
  280 Y   -5 -5 -6 -7 -6 -5 -6 -7 -2 -5 -4 -5 -4  0 -7 -5 -5 -1 10 -5    0   0   0   0   0   0   0   0   0   0   1   0   0   0   0   0   0   0  99   0  3.06 0.73
  281 A    3 -1  0  4 -4  0  1 -1 -2 -4 -4  3 -3 -5 -3  0 -1 -5 -4 -3   29   1   4  25   0   2   9   4   0   0   0  19   0   0   0   5   1   0   0   0  0.50 0.23
  282 R   -3  6 -3 -3 -5  0  0 -5 -3 -1  2  1  4 -3 -4 -3 -2 -4 -4 -2    0  50   0   1   0   3   4   0   0   2  19   6  12   0   0   0   1   0   0   1  0.84 0.33
  283 L   -4 -5 -6 -7 -4 -5 -6 -7 -6 -1  6 -5  1 -2 -6 -5 -4 -4 -4 -2    0   0   0   0   0   0   0   0   0   0  98   0   2   0   0   0   0   0   0   0  1.70 0.49
  284 N   -3 -3  6  2 -5 -2 -1  4 -1 -6 -6 -2 -5 -6 -4 -2 -3 -6 -5 -5    0   0  50  11   0   0   3  32   1   0   0   2   0   0   0   1   0   0   0   0  1.23 0.39
  285 I   -3 -5 -6 -6 -4 -5 -5 -6 -6  6 -1 -5  0 -3 -5 -4 -3 -5 -4  5    0   0   0   0   0   0   0   0   0  54   0   0   1   0   0   1   0   0   0  44  1.39 0.42
  286 K   -1  0  0  2 -3  1  2 -2  5 -4 -4  2 -3 -4 -2  1  1 -3 -1 -3    4   4   2  13   0   4  17   1  16   0   0  18   0   0   0   8  10   0   2   1  0.43 0.20
  287 Y   -5 -6 -6 -7 -6 -6 -6 -6 -4 -3 -3 -6 -3  9 -7 -5 -5 -2  4 -4    0   0   0   0   0   0   0   0   0   0   0   0   0  88   0   0   0   0  12   0  2.48 0.60
  288 D   -5 -5 -2  8 -7 -3 -1 -4 -4 -6 -7 -4 -6 -7 -5 -3 -3 -8 -6 -6    0   0   0  98   0   0   0   0   0   0   0   0   0   0   0   0   1   0   0   0  2.45 0.62
  289 V   -1 -2  0  0 -3 -1  3 -3  0  0 -3 -2 -3 -3 -3  4 -1 -4 -1  2    1   0   4   3   0   0  19   0   3   4   1   1   0   0   0  41   1   0   3  19  0.46 0.27
  290 Y   -5 -5 -4 -6 -6 -5 -5 -6 -2 -4 -1 -5 -2  3 -6 -5 -4  2  9 -4    0   0   0   0   0   0   0   0   0   0   5   0   1  11   0   0   1   2  81   0  2.33 0.60
  291 S    1 -2  4 -1 -2 -1 -2 -2  1 -4 -3 -1 -2 -4 -3  4  1  0 -3 -3   12   1  25   1   1   2   0   1   4   0   1   2   1   0   0  40   9   2   0   1  0.63 0.29
  292 G   -3 -5 -3 -4 -6 -5 -5  7 -5 -7 -7 -5 -6 -6 -5 -3 -5 -6 -6 -6    0   0   0   0   0   0   0 100   0   0   0   0   0   0   0   0   0   0   0   0  2.36 0.57
  293 E   -4 -3 -3 -1 -7 -1  8 -5 -3 -7 -6 -2 -5 -7 -4 -3 -4 -6 -5 -6    0   0   0   0   0   0 100   0   0   0   0   0   0   0   0   0   0   0   0   0  2.29 0.63
  294 S    3 -4 -2 -3 -3 -3 -3 -3 -4 -5 -5 -3 -4 -5 -3  6 -1 -5 -4 -4   28   0   0   0   0   0   0   0   0   0   0   0   0   0   0  71   0   0   0   0  1.34 0.48
  295 Q   -1 -1 -1 -1 -2  4  1 -1 -1 -1 -1  0  0  3 -1 -1  0 -1  0 -1    5   2   3   2   1  30   6   3   1   2   6   6   2  15   2   4   7   1   2   3  0.25 0.10
  296 V   -3 -5 -5 -6 -4 -5 -5 -6 -3  0 -2 -5 -1  6 -5 -4 -2 -2  4  4    0   0   0   0   0   0   0   0   0   2   0   0   1  42   0   0   1   0  14  39  1.23 0.39
  297 S   -2  0 -2 -2 -2 -2 -3 -2  0 -4 -3  1 -3 -1  1  3 -1 -2  7 -4    1   4   1   1   1   1   0   3   2   0   1  11   0   0   6  25   3   0  41   0  0.78 0.33
  298 K   -1  1  5  0 -3  2  1 -2 -1 -3 -3  2 -3 -4  1  0 -1 -1 -3 -3    2   7  35   2   0   9  10   1   1   1   3  12   0   0   7   5   1   1   0   2  0.47 0.19
  299 E   -2 -3 -1  6 -6  0  4 -4 -2 -5 -5  0 -5 -6 -3 -1 -3 -6 -5 -5    3   0   1  52   0   3  33   0   0   0   0   4   0   0   0   3   1   0   0   0  1.24 0.39
  300 S   -1 -1 -1 -1 -4 -1 -1 -2 -2 -4 -2  5 -1 -2 -3  2  1 -1 -2 -3    4   0   2   2   0   1   0   3   0   0   3  53   1   2   0  16   9   1   1   0  0.64 0.30
  301 M   -3 -4 -5 -6 -2  0 -5 -6 -5  1  0 -4  9 -3 -5 -1 -2 -5 -4  1    0   0   0   0   1   4   0   0   0   6   5   0  71   0   0   5   1   0   0   7  1.74 0.53
  302 L    0 -1  1  5 -4  2  2 -2 -1 -4 -4  0 -3 -5  1 -1 -1 -3 -4 -3   10   2   5  38   0  11  15   1   1   0   1   4   0   0   7   2   2   0   0   1  0.61 0.24
  303 K    1  1 -1  1 -4  0  3 -2 -1 -3 -3  3 -2 -4  0 -1 -1 -3 -3 -2   17   9   1   9   0   2  28   1   1   1   1  18   1   0   3   2   2   0   1   3  0.37 0.18
  304 A    3 -4 -4 -4 -3 -3 -3 -2 -4  2 -1 -4 -1 -1 -3 -1  0 -5 -3  5   26   0   0   0   0   0   1   2   0  10   1   0   1   2   0   3   3   0   0  50  0.65 0.29
  305 I    0 -3 -3 -4 -3 -3  0 -2 -4  3  2 -3  1 -1 -4 -2 -1 -3  0  4    8   0   1   0   0   0   7   2   0  19  21   0   2   1   0   1   2   0   4  32  0.39 0.19
  306 D   -1  0  1  3 -5  2  3 -3 -2 -4 -4  3 -3 -5 -3 -1 -1 -5 -4 -3    3   4   8  20   0   9  24   1   0   0   0  22   0   0   0   3   4   0   0   1  0.57 0.23
  307 L   -2  0 -3 -1 -3  0  3 -4 -2  2  2  0  3 -2 -3 -1  0 -2 -2  0    2   6   0   2   0   4  23   0   0  18  20   6   9   0   0   2   5   0   0   3  0.25 0.17
  308 F   -4 -4 -6 -6 -1 -4 -5 -6 -5  1  5 -5  4  1 -5 -5 -3 -4 -2 -1    0   0   0   0   1   0   0   0   0   6  73   0  13   5   0   0   0   0   0   1  1.17 0.38
  309 K   -1  1 -1  2 -5  2  4 -3 -1 -4 -3  4 -3 -5 -3 -1 -1 -1 -3 -3    4   7   2   9   0   8  36   1   1   0   2  26   0   0   0   1   2   1   1   1  0.64 0.26
  310 E   -1 -1  0  3 -5  1  5 -3 -2 -5 -4  1 -3 -5 -3  0 -2 -5 -4 -4    5   1   3  17   0   4  51   1   0   0   0   9   0   0   0   6   2   0   0   0  0.86 0.31
  311 K   -1  1 -2 -2 -2 -1 -2 -4 -2 -4 -2  7  2 -5 -4 -1 -2 -5 -4 -4    3   3   1   1   1   1   0   0   1   0   4  74   7   0   0   3   1   0   0   1  1.18 0.42
  312 G   -2 -3  4  0 -3 -2 -3  6  2 -6 -6  0 -5 -5 -4 -2 -3 -5 -4 -5    0   0  20   5   0   1   1  61   6   0   0   6   0   0   0   0   0   0   0   0  1.18 0.36
  313 L   -3 -5 -6 -6 -2 -4 -5 -6 -5  3  5 -4  0 -1 -5 -4 -2 -4 -3  2    0   0   0   0   0   0   0   0   0  17  68   0   0   1   0   0   1   0   0  12  1.06 0.35
  314 T   -1 -4 -4 -4  1 -3 -4 -4 -4  1  4 -4  0 -2 -4  1  1 -3  1  0    3   0   0   0   3   0   0   0   0   6  57   0   1   0   0  12   8   0   6   6  0.58 0.26
  315 H   -2  0 -2 -1 -1  3  4 -4  3 -1 -3  3 -2 -4 -3 -1  1 -4 -1  1    0   2   0   1   2  14  28   0   7   2   0  18   0   0   0   3   9   0   1  13  0.44 0.23
  316 E   -3 -2 -1  2 -5  0  6 -4 -3 -2 -4  1 -1 -5 -2 -2 -1 -5 -3 -2    0   1   2  11   0   2  63   0   0   2   0   9   2   0   1   1   2   0   0   3  1.01 0.37
  317 D   -2 -2  1  4 -4 -2 -1 -3  0 -4 -5 -2 -4 -5 -3  5  1 -6 -4 -4    1   1   5  24   0   0   2   0   2   1   0   1   0   0   0  58   6   0   0   0  0.96 0.38
  318 K   -3  2  3  2 -5  4  3 -3 -2 -5 -5  3 -3 -5 -3 -2 -2 -5 -4 -4    0  10  14  13   0  19  21   1   0   0   0  21   0   0   0   0   1   0   0   0  0.71 0.27
  319 G   -3 -5 -3 -4 -6 -3 -5  7 -5 -7 -7 -4 -6 -6 -5 -3 -4 -6 -6 -6    0   0   0   0   0   1   0  98   0   0   0   0   0   0   0   1   0   0   0   0  2.24 0.55
  320 A    6 -4 -3 -4 -1 -3 -3 -3 -4 -4 -3 -3 -3 -5 -3  0  1 -5 -4 -3   85   0   1   0   1   0   0   0   0   0   1   0   0   0   0   4   8   0   0   0  1.35 0.46
  321 V   -1  0 -2 -2 -3  3  1 -2 -1 -1  1  2  2 -2 -3 -1  0  4 -1  0    3   2   1   1   0  20   7   2   1   3  17  16   7   0   0   1   5   6   1   9  0.24 0.16
  322 L   -3 -4 -5 -5 -3 -5 -4 -6 -5  5  2 -5 -1 -2 -5 -4 -2 -5 -3  4    1   0   0   0   0   0   1   0   0  45  18   0   0   0   0   0   0   0   0  35  1.02 0.33
  323 I   -2 -5 -6 -6 -1 -5 -5 -6 -6  4 -1 -5 -1 -3 -5 -4 -3 -5 -4  6    2   0   0   0   1   0   0   0   0  23   0   0   0   0   0   0   0   0   0  74  1.41 0.44
  324 D   -4 -2  3  7 -6 -2 -1 -4 -3 -5 -5 -2  1 -6 -4 -2 -3 -7 -5 -5    0   2  14  73   0   0   1   0   0   0   0   2   5   0   0   1   1   0   0   0  1.60 0.46
  325 L   -4 -5 -6 -6 -4 -5 -5 -6 -5 -1  6 -5  1  4 -6 -5 -4 -3 -2 -2    0   0   0   0   0   0   0   0   0   1  77   0   2  20   0   0   0   0   0   0  1.34 0.41
  326 T   -1 -2 -1  2 -4  0  4 -3 -2 -4 -4  1 -2 -4 -3  3  2 -5 -4 -3    3   0   2  13   0   1  30   1   0   0   0   7   1   0   0  24  17   0   0   1  0.57 0.26
  327 K    0  0 -2  0 -4  1  3 -1 -2 -4 -4  5 -3 -5 -1 -2 -2 -5 -4 -3    6   1   0   5   0   3  23   5   1   0   0  49   0   0   3   1   1   0   0   1  0.74 0.29
  328 F   -3 -3 -1 -3 -4 -2  0 -4  6 -2 -3 -1 -3  3 -3 -3 -2  4  7 -3    1   0   2   1   0   0   8   0  19   2   2   3   0  10   1   0   1   5  43   1  1.05 0.34
  329 N   -2 -2  5  3 -3 -1 -1  4 -2 -4 -4 -1 -3 -4 -3  0 -2 -4 -3 -4    1   1  29  17   0   1   2  34   1   1   1   3   0   1   1   5   1   0   0   1  0.71 0.23
  330 K    0  1  0  1 -1  0  1 -1 -1  0 -1  3 -1 -1  0  0 -1 -1 -1 -1    8   4   2   9   1   2   7   4   1   7   6  28   1   2   5   4   3   1   2   3  0.12 0.05
  331 K   -1  1  1  0 -2  0  1 -1 -1 -2 -1  4 -1 -2  1  0 -1 -2 -2 -2    3   8   6   4   1   2   7   5   1   2   7  32   1   1   7   6   3   1   1   2  0.22 0.08
  332 L   -3 -4 -4 -5 -3 -3 -3 -5 -4  0  5 -3  6 -2 -4 -1 -3 -4 -3 -1    1   0   0   0   0   0   2   0   0   2  64   1  22   0   0   6   0   0   0   0  0.99 0.34
  333 G   -1 -3  2  0 -4 -2  1  4  0 -4 -4 -3 -4 -4  5  0 -1 -5 -4 -4    2   0  12   4   0   0   9  31   3   0   1   0   0   0  29   5   4   0   0   0  0.78 0.27
  334 K   -3  1 -3 -4 -5 -2 -3 -4 -4 -1 -3  4 -4 -3  7 -2 -1 -5 -4 -1    1   7   0   0   0   1   0   0   0   4   2  26   0   1  49   1   3   0   0   6  1.17 0.36
  335 A    5 -4 -4 -4  7 -4 -4 -3 -4 -3 -3 -4 -3 -5  1 -1  0 -5 -4  0   55   0   0   0  25   0   0   0   0   0   0   0   0   0   6   3   5   0   0   5  1.08 0.38
  336 I   -3 -4 -5 -5 -3 -4 -5 -5 -5  4  4 -4  2 -2 -3 -4  0 -4 -3  3    0   0   0   0   0   0   0   0   0  32  39   0   4   0   1   0   6   0   0  18  0.79 0.28
  337 V   -2 -5 -5 -5 -3 -5 -5 -6 -5  6  1 -5  0 -3 -5 -4 -3 -5 -3  5    2   0   0   0   0   0   0   0   0  53   6   0   1   0   0   0   0   0   0  37  1.18 0.37
  338 Q   -2  4 -2 -3 -4  2  0 -3 -2  0  0  4  2 -4 -3 -2 -1 -4 -3  0    0  23   0   0   0  12   4   1   0   6   7  30   7   0   0   0   3   0   0   8  0.49 0.23
  339 K   -3  3  0 -3 -6 -1 -2 -3 -3 -5 -5  7 -4 -6 -4 -3 -2 -6 -4 -5    0  16   3   0   0   0   0   2   0   0   0  77   0   0   0   0   2   0   0   0  1.52 0.47
  340 S    0  3 -1 -2 -4 -1 -2 -2 -3 -4 -4  3 -2 -5 -3  5  1 -5 -3 -4    4  15   2   1   0   1   0   2   0   0   0  21   1   0   0  47   6   0   0   0  0.70 0.31
  341 D   -4 -4  0  8 -6 -3 -1 -2 -4 -3 -6 -4 -6 -6 -4 -3 -2 -7 -6 -6    1   0   3  89   0   0   0   3   0   2   0   0   0   0   0   0   2   0   0   0  2.06 0.54
  342 G   -3 -4 -3 -3 -5 -5 -5  7 -5 -7 -7 -4 -6 -6 -5 -3 -4 -5 -6 -6    0   0   0   1   0   0   0  98   0   0   0   1   0   0   0   0   0   0   0   0  2.23 0.54
  343 T    3 -3 -3 -3 -3 -3 -3 -1 -4 -3 -4 -3 -3 -5 -3  2  6 -5 -4 -3   32   0   0   0   0   0   0   3   0   0   0   0   0   0   0  14  51   0   0   0  0.99 0.39
  344 T    0 -3 -2 -3 -3 -3 -3 -3 -4 -4 -4 -3 -3 -5  1  4  6 -5 -4 -3    7   0   1   0   0   0   0   0   0   0   1   0   0   0   6  30  55   0   0   0  1.07 0.41
  345 L   -3 -4 -5 -5 -3 -4 -5 -6 -5  3  5 -4  0 -2 -5 -4  1 -4 -3 -1    2   0   0   0   0   0   0   0   0  19  69   0   0   0   0   0   9   0   0   0  1.04 0.35
  346 Y   -5 -5 -5 -6 -6 -5 -5 -6 -1 -5 -4 -5 -4  0 -6 -5 -5 -1 10 -5    0   0   0   0   0   0   0   0   0   0   0   0   0   0   0   0   0   0  99   0  3.04 0.72
  347 L    2 -4 -5 -5 -3 -4 -4 -4 -2  4  4 -4  2 -2 -3 -3 -2 -4 -3  0   24   0   0   0   0   0   0   0   1  27  41   0   4   0   1   0   0   0   0   1  0.67 0.28
  348 T   -3 -4 -3 -4 -4 -4 -4 -5 -5 -3 -1 -4 -3 -5 -4 -1  8 -5 -5 -2    0   0   0   0   0   0   0   0   0   0   6   0   0   0   0   1  91   0   0   1  1.85 0.57
  349 R   -5  8 -4 -5 -7 -2 -3 -5 -3 -6 -5 -1 -5 -6 -5 -4 -4 -6 -5 -6    0  99   0   0   0   0   0   0   0   0   0   0   0   0   0   0   0   0   0   0  2.47 0.63
  350 D   -4 -5 -2  8 -7 -3 -1 -4 -4 -6 -7 -4 -6 -7 -5 -3 -4 -7 -6 -6    0   0   0  99   0   0   0   0   0   0   0   0   0   0   0   0   0   0   0   0  2.50 0.62
  351 V   -3 -5 -5 -5 -3 -4 -5 -6 -5  5  4 -5  1 -1 -5 -4 -3 -4 -3  2    0   0   0   0   0   0   0   0   0  43  44   0   2   1   0   0   0   0   0  10  1.02 0.33
  352 G    5 -4 -3 -4  0 -3 -3  3 -4 -4 -4 -3 -3 -5 -3  0  0 -5 -4 -3   64   0   0   0   1   0   0  22   0   0   0   0   0   0   1   6   6   0   0   0  0.98 0.36
  353 A    6 -3 -3 -3 -2 -3  1  0 -4 -4 -4 -3 -3 -5 -3  0  1 -5 -4 -3   68   0   0   0   0   0  12   7   0   0   0   0   0   0   0   2  10   0   0   0  0.93 0.37
  354 A    6 -4 -3 -4 -3 -3 -4 -2 -4  1  0 -3 -2 -4 -3 -2 -2 -5 -4  0   78   0   1   0   0   0   0   0   0   9   7   0   0   0   0   0   0   0   0   4  1.10 0.41
  355 M   -2 -3 -3 -4 -2 -3 -1 -5 -2  4  3 -2  3  1 -4 -3 -2 -3 -1  1    2   1   1   0   1   0   4   0   1  33  28   3   9   7   0   1   1   0   1   7  0.46 0.20
  356 D   -3 -3  0  2 -5  0  3 -2  0 -4 -4 -1 -4  0 -4 -2 -3  1  7 -4    1   0   4  12   0   3  22   2   2   0   0   3   0   1   0   1   0   2  46   0  0.97 0.35
  357 R   -4  8 -3 -5 -7 -2 -3 -5 -3 -6 -5  0 -4 -6 -5 -4 -4 -6 -5 -6    0  97   0   0   0   0   0   0   0   0   0   2   0   0   0   0   0   0   0   0  2.40 0.62
  358 Y   -2 -1 -3 -1 -5  1  1 -4  3 -3 -3  5  2 -1 -4 -2 -3 -1  5 -2    3   0   0   3   0   4   7   0   9   0   0  38   8   2   0   0   0   1  22   3  0.66 0.30
  359 E   -3  3  3  2 -4  0  5 -3 -2 -5 -5  3 -4 -5 -3 -2 -2 -5 -4 -4    0  17  13  10   0   2  39   0   0   0   0  17   0   0   0   0   2   0   0   1  0.79 0.30
  360 K   -1 -1  1 -2 -4  0  0 -4  0 -3 -4  4 -1 -5 -3 -1  5 -5 -4 -3    2   2   6   0   0   3   5   0   2   0   0  33   1   0   0   0  44   0   0   1  0.79 0.34
  361 Y   -5 -5 -5 -6 -6 -5 -5 -6  1 -4 -3 -5 -4  2 -6 -4 -5  0 10 -4    0   0   0   0   0   0   0   0   2   0   1   0   0   7   0   0   0   0  88   0  2.61 0.65
  362 H   -3 -1  4  4 -5  1  0 -1  5 -5 -5  2 -4 -5 -4 -1 -3 -5 -3 -5    1   1  24  29   0   4   4   3  15   0   0  15   0   0   0   3   0   0   0   0  0.81 0.29
  363 F   -5 -6 -6 -7 -2 -6 -6 -6 -4 -3 -3 -6 -3  9 -1 -6 -5  0  0 -4    0   0   0   0   1   0   0   0   0   0   0   0   0  95   3   0   0   1   0   0  2.54 0.62
  364 D    1 -4 -1  6 -4 -3  0 -3  0 -4 -5 -2 -4 -3 -4 -1 -3 -5  2  0   11   0   0  60   0   0   3   0   2   0   0   1   0   0   0   3   0   0   8   9  1.01 0.36
  365 K   -3  0 -3 -3 -6  2 -1 -4  2 -5 -5  7 -2 -6 -4 -2  0 -5 -4 -5    0   3   0   0   0   9   2   0   5   0   0  75   1   0   0   1   5   0   0   0  1.37 0.45
  366 M    0 -4  2 -3  4 -3 -4 -4 -1 -2 -2 -3  8 -3 -4  2 -2 -5 -4 -3    9   0  11   0   8   0   0   0   2   1   0   0  47   0   0  21   0   0   0   0  1.07 0.42
  367 I   -4 -5 -5 -6 -4 -5 -6 -6 -5  7  3 -5 -1 -1 -5 -5 -3 -4 -1  1    0   0   0   0   0   0   0   0   0  67  25   0   0   2   0   0   1   0   1   4  1.26 0.39
  368 Y   -5 -5 -6 -7 -6 -5 -6 -7 -2 -3 -5 -5 -4  0 -7 -5 -5  0 10 -5    0   0   0   0   0   0   0   0   0   1   0   0   0   0   0   0   0   0  99   0  3.05 0.73
  369 V   -2 -6 -6 -6 -2 -5 -5 -6 -6  0 -2 -5 -2 -2 -5 -5 -3 -6 -4  7    1   0   0   0   1   0   0   0   0   1   1   0   0   1   0   0   0   0   0  95  1.79 0.53
  370 I   -2 -5 -5 -5 -3 -5 -5 -6 -6  3 -2 -5 -2 -3 -5 -4  2 -5 -4  6    2   0   0   0   0   0   0   0   0  11   0   0   0   0   0   0  11   0   0  76  1.32 0.43
  371 A    4 -4 -2  1 -3 -2 -3  5 -4 -5 -5 -3 -4 -5 -3  1 -2 -5 -4 -4   39   0   0   8   0   1   0  41   0   0   0   0   0   0   0  12   0   0   0   0  0.91 0.33
  372 S    1 -2  2 -2  0  1 -2 -1  0 -3 -2  0 -1 -3 -2  4  1 -4 -1 -3   14   0  12   0   2   5   0   4   2   0   3   7   1   0   1  35   9   0   2   0  0.36 0.21
  373 Q    0 -2 -2  1 -5  6  5 -1 -2 -5 -5 -1 -4 -6 -1 -2 -3 -5 -4 -5    6   0   0   5   0  42  37   5   0   0   0   0   0   0   3   2   0   0   0   0  1.06 0.39
  374 Q   -4 -2 -3 -4 -7  9 -1 -5 -3 -6 -6 -2 -4 -7 -5 -4 -4 -6 -5 -6    0   0   0   0   0 100   0   0   0   0   0   0   0   0   0   0   0   0   0   0  2.67 0.73
  375 D    0 -1  2  5 -4 -1  0 -3 -3 -2 -4  0 -3 -5 -3  2  0 -5 -4 -4    9   3  11  39   0   2   2   0   0   2   0   6   0   0   0  20   5   0   0   0  0.63 0.26
  376 L   -1 -2  1 -4 -3 -2 -2 -3 -1 -1  5 -2  0 -1 -4 -2 -1 -4  0 -1    4   2   8   0   0   1   3   1   2   0  66   2   1   2   0   2   2   0   3   2  0.60 0.27
  377 H   -5 -4 -3 -5 -7 -3 -4 -6 11 -7 -6 -4 -5 -4 -6 -4 -5 -5  4 -6    0   0   0   0   0   0   0   0  88   0   0   0   0   0   0   0   0   0  12   0  3.06 0.71
  378 A   -4 -5 -6 -6  0 -5 -6 -6 -4 -2  2 -5  1  8 -6 -5 -2 -2  0 -1    1   0   0   0   2   0   0   0   0   0  20   0   3  68   0   0   3   0   0   4  1.52 0.44
  379 A    2  1  0 -2 -4  4 -1 -3 -1 -4 -4  5 -3 -5 -3 -1 -2 -5 -4 -2   22   6   4   1   0  22   1   0   1   0   0  38   0   0   0   3   1   0   0   2  0.70 0.30
  380 Q   -4  1 -2 -4 -6  9 -1 -5  0 -6 -6 -1 -4 -7 -5 -3 -4 -5 -5 -6    0   6   1   0   0  90   1   0   1   0   0   0   0   0   0   0   0   0   0   0  2.26 0.65
  381 F   -3 -4 -5 -6 -3 -4 -5 -6 -5  0  5 -5  1  4 -5 -4 -3  4 -2  2    0   0   0   0   0   0   0   0   0   2  57   0   3  17   0   0   0   5   0  16  0.92 0.32
  382 F   -4 -3 -4 -5 -5 -4 -4 -5 -4 -3 -2  4 -2  8 -6 -4 -4 -1  1 -4    0   0   1   0   0   0   0   0   0   1   1  25   0  69   0   0   0   1   2   0  1.67 0.49
  383 E    2  0 -2 -2 -4  2  1 -3 -3 -4 -4  5 -1 -5 -3 -1  0 -5 -3 -3   23   1   1   0   0   8   8   0   0   0   1  49   1   0   0   1   6   0   1   0  0.71 0.31
  384 I   -2 -5 -5 -5 -3 -4 -5 -5 -5  5 -1 -4  1 -3 -4 -3  2 -5 -3  5    2   0   0   0   0   0   0   0   0  33   1   0   3   0   0   0  15   0   0  47  0.97 0.35
  385 L   -3 -4 -5 -5 -3 -4 -4 -6 -4  3  5 -4  1 -1 -5 -4 -1 -4 -3  2    1   0   0   0   0   0   1   0   0  15  67   0   1   1   0   0   3   0   0  11  0.95 0.32
  386 K   -2  0 -1  0 -5  1  5 -3 -1 -5 -4  5 -4 -5 -3 -1 -3 -5 -4 -5    1   1   1   4   0   3  45   1   1   0   1  38   0   0   0   3   0   0   0   0  1.00 0.36
  387 Q   -3 -2 -4 -3 -4  0  2 -5 -2  1  4  2  0 -2 -4 -3 -2 -4 -3 -2    0   1   0   0   0   5  15   0   1   6  52  18   1   0   0   0   1   0   0   0  0.58 0.28
  388 M   -1 -5 -5 -6 -4 -3 -5 -6 -5 -1  2 -5 10 -3 -6 -4 -4 -5 -4 -2    4   0   0   0   0   1   0   0   0   1  18   0  75   0   0   1   0   0   0   1  2.03 0.58
  389 G   -3 -5 -1 -1 -5 -2 -2  7 -4 -7 -6 -3 -5 -6 -5 -2 -4 -5 -6 -6    0   0   3   3   0   1   3  88   0   0   0   1   0   0   0   1   0   0   0   0  1.82 0.48
  390 F   -4  0 -2 -4 -2 -3 -2 -5  3 -3 -2 -2 -2  5 -4 -4 -4  0  7 -3    0   5   2   0   1   0   2   0   8   0   3   3   1  24   0   0   0   1  48   1  1.26 0.39
  391 E   -2 -3 -1  6 -5 -1  4 -3 -2 -5 -5 -2 -5 -6  2 -1 -1 -6 -5 -5    3   0   1  52   0   1  25   1   0   0   0   1   0   0  11   2   3   0   0   0  1.15 0.37
  392 W   -5 -6 -5 -7 -5 -5 -6 -6 -5  2 -1 -6 -4  0 -5 -5 -3 12  1 -3    0   0   1   0   0   0   0   0   0  11   6   0   0   2   0   1   2  73   3   2  3.00 0.66
  393 A    6 -3 -3 -4 -3 -2 -3 -2 -2 -3 -4 -3 -3 -3 -3  2 -2 -3  1  0   67   0   0   0   0   1   0   0   1   0   0   0   0   0   0  17   1   0   5   6  0.93 0.38
  394 K   -1 -1  1  5 -5  0  2 -2 -2 -5 -5  4 -4 -5 -3  0 -2 -5 -4 -4    5   1   6  33   0   3  14   1   0   0   0  31   0   0   0   5   1   0   0   0  0.75 0.28
  395 D   -3  3  2  5 -5  0  1 -1 -2 -5 -5  3 -4 -5 -3 -1 -2 -3 -4 -5    0  15  11  35   0   2   6   4   0   0   0  23   0   0   0   2   1   0   0   0  0.75 0.28
  396 L   -3 -5 -5 -6  8 -4 -5 -5 -5  2  3 -5  5 -2 -5 -4 -3 -4 -4  0    0   0   0   0  36   0   0   0   0  12  32   0  15   1   0   0   0   0   0   4  1.27 0.38
  397 Q   -2 -2 -1 -2 -4  4  2 -4  4  1 -1  0 -2 -3 -3 -1  0 -4 -1  2    1   0   2   0   0  25  14   0  12   8   3   4   0   0   0   3   7   0   2  20  0.39 0.22
  398 H   -5 -4 -3 -5 -7 -3 -4 -6 11 -7 -7 -4 -5 -5 -6 -4 -5 -6 -1 -7    0   0   0   0   0   0   0   0 100   0   0   0   0   0   0   0   0   0   0   0  3.50 0.78
  399 V   -3 -5 -6 -6 -3 -5 -5 -6 -6  6 -1 -5 -1 -3 -5 -5 -3 -5 -4  6    0   0   0   0   0   0   0   0   0  43   0   0   0   0   0   0   0   0   0  57  1.44 0.44
  400 N   -1 -3  6 -1 -5 -1 -3  0 -3 -5 -5 -3 -4 -5  5  1 -2 -6 -5 -5    5   0  39   1   0   2   0   6   0   0   0   0   0   0  34  11   1   0   0   0  1.13 0.37
  401 F   -5 -6 -4 -7 -6 -6 -6 -6 -4 -3 -2 -6 -3  9 -7 -5 -5 -2  3 -4    0   0   1   0   0   0   0   0   0   0   0   0   0  90   0   0   0   0   9   0  2.48 0.60
  402 G   -3 -5 -3 -4 -6 -5 -5  7 -5 -7 -7 -5 -6 -6 -5 -3 -5 -6 -6 -6    0   0   0   0   0   0   0 100   0   0   0   0   0   0   0   0   0   0   0   0  2.36 0.57
  403 M   -4 -3 -5 -6 -4 -3 -4 -6 -5  0  4  0  7 -1 -5 -4 -2 -4 -3  0    0   1   0   0   0   0   0   0   0   1  49   7  37   1   0   0   1   0   0   3  1.16 0.40
  404 V   -3 -5 -6 -6 -3 -5 -5 -6 -6  4 -1 -5  0 -3 -5 -4 -3 -5 -3  7    0   0   0   0   0   0   0   0   0  21   0   0   2   0   0   0   0   0   0  76  1.47 0.45
  405 Q   -1  1 -1 -3 -4  4 -1 -3 -1 -3  1  4  1 -4 -3  1 -2 -4 -3 -3    4   7   2   0   0  23   1   0   1   0  14  31   4   0   0  12   1   0   0   0  0.49 0.25
  406 G   -2 -2 -2 -3 -5 -2 -3  5 -4 -5 -5  5 -4 -5 -4 -2  1 -5 -5 -4    1   0   0   0   0   0   0  49   0   0   0  39   0   0   0   1   9   0   0   0  1.10 0.38
  407 M   -4 -5 -6 -6 -4 -4 -5 -6 -5 -1  4 -5  9 -2 -6 -5 -4 -4 -4 -2    0   0   0   0   0   0   0   0   0   1  35   0  64   1   0   0   0   0   0   0  1.91 0.55
  408 S   -1 -2 -2 -3 -4 -2 -3 -2 -4 -5 -5  0 -4 -5 -4  7 -1 -6 -5 -5    1   1   0   0   0   1   0   1   0   0   0   6   0   0   0  88   2   0   0   0  1.55 0.53
  409 T   -3 -4 -3 -4 -4 -4 -4 -5 -5 -4 -4 -4 -4 -5 -4  1  8 -6 -5 -3    0   0   0   0   0   0   0   0   0   0   0   0   0   0   0   8  92   0   0   0  1.96 0.60
  410 R   -5  8 -4 -5 -7 -1 -3 -6 -3 -6 -5 -1 -5 -6 -5 -4 -4 -6 -5 -6    0  98   0   0   0   2   0   0   0   0   0   0   0   0   0   0   0   0   0   0  2.44 0.63
  411 K   -3  3 -1 -3 -5  0 -1 -4  0 -5 -1  6 -3 -5 -4  0 -3 -5 -4 -4    1  12   2   0   0   3   1   0   3   0   7  67   0   0   0   5   0   0   0   0  1.10 0.39
  412 G   -3 -5 -3 -4 -6 -5 -5  7 -5 -7 -7 -5 -6 -6 -5 -3 -5 -6 -6 -6    0   0   0   0   0   0   0 100   0   0   0   0   0   0   0   0   0   0   0   0  2.36 0.57
  413 T   -2  2  4  1 -4 -1  0 -3 -1 -4 -4  2 -3 -5 -3 -1  4 -5 -4 -3    2  11  22   8   0   2   4   0   1   0   0  12   0   0   0   1  36   0   0   0  0.63 0.28
  414 V    0 -5 -5 -5 -3 -5 -5 -5 -5  3 -1 -5 -1 -3 -5 -3 -2 -5 -4  6    9   0   0   0   0   0   0   0   0  12   1   0   0   0   0   1   0   0   0  77  1.28 0.42
  415 V   -3 -3 -4 -5 -3 -3 -3 -5 -5  4 -1  3 -2 -3 -4 -3  0 -5 -3  5    0   0   0   0   0   1   0   0   0  23   0  19   0   0   0   0   4   0   0  52  0.87 0.34
  416 F   -4 -4 -4 -6 -4 -4 -5 -6 -2 -1  3 -3 -1  7 -6 -4 -4 -2  2 -2    1   1   1   0   0   0   0   0   1   2  31   2   0  56   0   1   0   0   5   0  1.28 0.39
  417 L   -3 -5 -6 -6 -4 -5 -6 -6 -6 -1  6 -5  1 -2 -6 -5 -4 -4 -4 -2    2   0   0   0   0   0   0   0   0   0  96   0   1   0   0   0   0   0   0   0  1.63 0.48
  418 D   -2 -3  0  5 -6 -1  6 -2 -3 -5 -5 -1 -5 -6 -4  0 -3 -6 -5 -5    1   0   4  33   0   1  51   2   0   0   0   1   0   0   0   5   0   0   0   0  1.18 0.39
  419 N   -4 -2  2  6 -5  1  2 -3 -1 -5 -5 -1 -4 -6  1 -2 -1 -6 -5 -5    0   1   7  58   0   6  15   0   1   0   0   2   0   0   6   1   3   0   0   0  1.14 0.36
  420 I   -3 -5 -5 -5 -3 -4 -5 -5 -5  5  1 -4  0 -2 -5 -3  0 -5 -3  4    0   0   0   0   0   0   0   0   0  45   9   0   1   0   0   1   6   0   0  38  1.00 0.33
  421 L   -4 -5 -6 -6 -4 -5 -5 -6 -5  2  6 -5  1 -2 -5 -5 -4 -4 -4 -1    0   0   0   0   0   0   0   0   0  10  86   0   2   0   0   0   0   0   0   1  1.41 0.42
  422 E   -1  2  5  3 -5  0  2 -3 -1 -5 -4  1 -4 -5 -3 -1 -1 -5 -4 -4    5  14  33  18   0   4  12   0   1   0   1   9   0   0   0   2   2   0   0   0  0.65 0.25
  423 E   -2 -1 -1  4 -5  1  6 -3 -3 -4 -5  2 -4 -5 -3 -2 -2 -5 -4 -3    2   2   1  23   0   5  52   1   0   1   0  10   0   0   0   0   1   0   0   1  0.99 0.34
  424 T    5 -4 -3 -4  3 -3 -3 -2 -4 -1 -3 -3 -3 -4 -3  1  1 -5 -4  2   58   0   0   0   6   0   0   0   0   3   0   0   0   0   0   9   7   0   0  17  0.77 0.33
  425 K    0  1 -3 -3 -2  0 -2  1 -1  3 -1  2 -1 -3 -3 -2 -1 -4 -3  2    9   8   0   0   0   4   0  12   1  28   0  14   0   0   0   1   3   0   0  18  0.26 0.18
  426 E    0 -1  2  4 -4  0  4 -2 -2 -4 -3  0 -3 -4 -3  2 -1 -5 -4 -3    7   2   8  25   0   3  28   1   0   0   3   4   0   0   0  15   2   0   0   1  0.53 0.22
  427 K   -1  3 -1 -2 -2  0 -1 -3  0 -2  1  4 -1 -2 -3 -1 -1 -4 -1  0    5  16   1   0   1   2   3   0   2   1  13  38   1   1   0   4   3   0   1   7  0.37 0.20
  428 M    3 -4 -4 -5 -3 -3 -4 -4 -4 -1 -1 -3  8 -3 -4 -2  2 -4 -4  0   26   0   0   0   0   0   0   0   0   2   0   0  48   0   0   1  16   0   0   6  1.11 0.42
  429 H   -2  1 -1 -3 -4  0 -2 -3  7 -3  2  2 -1 -3 -4 -2 -3 -4 -1 -3    2   8   1   0   0   3   1   2  38   0  24  16   1   0   0   1   1   0   1   0  0.79 0.31
  430 E   -1 -1  0  2 -4  3  5 -2 -1 -4 -3  0 -3 -4 -2 -1 -2 -4 -3 -3    4   1   2  12   0  15  50   2   1   1   2   4   0   0   1   2   1   0   0   1  0.78 0.26
  431 V   -1 -2  2 -2 -2  1 -2 -3 -2  3 -1 -2 -1 -2 -3 -2  0 -3 -2  4    3   1  11   1   0  10   1   1   1  22   2   1   0   1   1   2   6   0   0  35  0.35 0.18
  432 M   -3 -3 -4 -4 -3 -2 -3 -4 -3  4  0 -3  8 -2 -3 -3 -2 -3 -3 -1    1   1   1   1   0   2   1   1   0  28   5   1  52   1   1   1   1   0   0   2  1.21 0.36
  433 K    1  3  1 -1 -3  1  0 -2 -1 -2 -2  4 -1 -3 -2  0 -1 -3 -2 -2   13  19   8   2   0   6   2   1   0   2   3  31   1   1   1   5   3   0   1   1  0.37 0.16
  434 K    0  1  0 -1 -2  3  0 -1 -1 -2 -2  4 -2 -2 -1  1  0 -2 -2 -2    7   4   4   2   1  19   3   3   1   2   3  31   1   1   1  11   4   0   1   2  0.32 0.13
  435 N   -1 -1  6  0 -2 -1 -1 -2 -1  3 -2 -1 -2 -2 -2 -1 -1 -3 -2 -1    4   4  44   3   1   1   2   2   1  23   3   2   1   1   1   3   2   0   1   2  0.55 0.19
  436 E    0 -1 -1  1 -4  2  5 -3 -2 -3 -3  1 -3 -4  0 -1 -1 -3 -3 -2    6   1   2   5   0   8  54   1   0   1   1   8   0   1   4   2   4   0   1   2  0.71 0.24
  437 N    2 -2  0  1 -4  0  5 -3 -2 -3 -3 -1 -2 -4 -3 -1  1 -5 -4 -1   18   0   3   8   0   3  43   1   1   0   0   3   1   0   0   2  12   0   0   6  0.56 0.26
  438 K   -4  1 -3 -4 -6 -1 -2 -4 -4 -5 -5  8 -4 -6 -4 -3  0 -6 -5 -5    0   3   0   0   0   1   0   0   0   0   0  89   0   0   0   0   6   0   0   0  1.80 0.54
  439 Y   -3 -3  6 -2 -2 -2 -3 -2  0 -2 -3 -3 -3  0 -4 -2 -3 -2  7 -4    0   0  43   1   1   1   0   3   1   2   2   0   1   2   0   2   1   0  39   0  1.21 0.39
  440 A    2 -2 -1 -2 -4 -1  1 -3 -3 -4 -4  1 -4 -5  6  1 -2 -5 -4 -3   19   1   3   1   0   2   8   0   0   0   0  10   0   0  44  10   1   0   0   1  0.97 0.31
  441 Q   -1 -2  3  3 -5  5  2 -2 -1 -5 -4  0 -3 -5 -3 -1 -1 -5 -4 -4    4   0  15  17   0  37  14   2   0   0   1   4   0   0   0   3   2   0   0   1  0.76 0.30
  442 I   -2 -4 -5 -5 -3 -4 -5 -5 -5  4  4 -4  1 -2 -5 -4 -2 -4 -3  3    1   0   0   0   0   0   0   0   0  22  47   0   2   0   0   0   1   0   0  26  0.87 0.30
  443 E    1 -2 -1  1 -5  0  6 -3 -2 -5 -5  1 -3 -5  2 -1 -2 -5 -4 -3   12   0   2   5   0   3  59   0   0   0   0   7   0   0   9   1   1   0   0   2  0.93 0.35
  444 H   -4 -3  7  5 -6 -1 -1 -3 -1 -6 -6 -2 -5 -6 -4 -2 -3 -7 -5 -6    0   0  58  35   0   1   2   1   1   0   0   2   0   0   0   0   0   0   0   0  1.58 0.47
  445 P   -2 -1 -4 -4 -5 -1 -2 -4 -4 -2 -4  5 -4 -6  7 -3 -3 -6 -5 -3    2   2   0   0   0   2   0   0   0   3   1  39   0   0  49   0   0   0   0   2  1.47 0.44
  446 E   -1 -2 -2  4 -5  1  6 -3 -2 -4 -3 -1 -2 -5 -3 -2 -3 -5 -2 -2    4   1   0  20   0   5  58   1   0   0   2   1   1   0   0   0   0   0   1   3  0.99 0.36
  447 E    2  0 -2  0 -4  2  5 -2 -2 -4 -4  1 -2 -4 -3 -1  0 -2 -2 -3   18   4   1   4   0   7  47   2   0   0   0   7   1   1   0   1   5   1   1   1  0.62 0.27
  448 V   -1 -4 -4 -5 -3 -4 -4 -5 -5  2 -1 -4 -2 -3 -4 -3  4 -5 -4  6    2   0   0   0   0   0   0   0   0   9   3   0   0   0   0   0  28   0   0  59  1.03 0.38
  449 A    7 -4 -4 -4 -3 -3 -4 -3 -4 -4 -4 -3 -4 -5 -4  2 -2 -5 -5 -3   89   0   0   0   0   0   0   0   0   0   0   0   0   0   0  11   0   0   0   0  1.54 0.50
  450 D   -2  2 -1  5 -5  1  2 -4  3 -5 -4  3 -4 -5 -3 -2 -3 -5 -3 -5    1  12   1  37   0   4  13   0   8   0   2  21   0   0   0   0   0   0   0   0  0.78 0.29
  451 L    0  0 -2 -1 -3  3  1 -3 -2  2  0  2  1 -3 -3 -1  1 -4 -3  0    9   3   0   2   0  18  10   0   0  15   6  15   3   0   0   1   9   0   0   7  0.22 0.15
  452 V   -3 -5 -5 -6 -3 -5 -5 -6 -6  3  2 -5 -1 -3 -5 -4 -3 -5 -4  6    0   0   0   0   0   0   0   0   0  17  17   0   0   0   0   0   0   0   0  65  1.19 0.38
  453 G   -1 -5 -3 -4 -5 -5 -5  7 -5 -7 -7 -4 -6 -6 -5 -3 -5 -6 -6 -6    2   0   0   0   0   0   0  98   0   0   0   0   0   0   0   0   0   0   0   0  2.25 0.55
  454 I   -2 -4 -5 -5 -3 -3 -5 -6 -5  6  1 -3  1 -2 -5 -3 -2 -5 -3  4    1   0   0   0   0   1   0   0   0  51   8   2   2   0   0   1   1   0   0  32  0.98 0.33
  455 S    0 -4 -2 -3 -4 -3 -3  5 -4 -5 -5 -3 -4 -5 -4  3  3 -5 -4 -4    6   0   0   0   0   0   0  49   0   0   0   0   0   0   0  27  17   0   0   0  1.00 0.35
  456 A    6 -4 -4 -4 -3 -3 -3  0 -4 -4 -4 -3 -4 -5 -3  1 -2 -5 -4 -3   84   0   0   0   0   0   0   5   0   0   0   0   0   0   0  10   0   0   0   0  1.38 0.46
  457 V   -3 -5 -5 -6 -3 -5 -5 -6 -6  4  0 -5 -1 -3 -5 -4 -2 -5 -4  6    0   0   0   0   0   0   0   0   0  26   6   0   1   0   0   0   1   0   0  66  1.27 0.40
  458 M   -3 -2 -4 -4 -4 -3 -3 -5 -4  4  0  3  6 -2 -4 -3 -3 -4 -3  2    0   1   0   0   0   0   0   0   0  29   3  22  28   1   0   0   0   0   0  16  0.82 0.33
  459 I   -2 -5 -5 -6 -4 -5 -5 -5 -4  4 -1 -5 -2  7 -5 -4 -3 -3  0  3    3   0   0   0   0   0   0   0   0  28   0   0   0  48   0   0   0   0   1  19  1.20 0.38
  460 Q   -3 -2  1 -2 -5  7 -1 -3  6 -5 -5 -2 -3 -4 -4 -2  0 -4  2 -5    0   0   6   1   0  58   0   2  18   0   0   0   0   0   0   1   6   0   7   0  1.33 0.46
  461 D   -4 -4 -2  8 -6 -3  2 -4 -4 -6 -6 -3 -6 -4 -4 -3 -4 -6  1 -6    1   0   0  83   0   0   9   0   0   0   0   0   0   1   0   0   0   0   6   0  1.92 0.52
  462 M   -4 -4 -4 -6 -4 -4 -5 -6 -5 -1  5 -5  7  2 -5 -3 -3 -4 -2 -2    0   0   1   0   0   0   0   0   0   0  52   0  37   8   0   1   0   0   1   0  1.31 0.43
  463 Q    0  1 -1 -3 -4  1 -1 -2 -2 -4 -3  4 -1 -1 -3  3  0 -4  1 -3    8   5   2   0   0   7   0   1   0   0   0  36   1   3   0  23   6   0   7   0  0.47 0.25
  464 G    1 -3  6 -2 -4 -3 -3  4 -2 -5 -5 -3 -4 -5 -4  1  0 -5 -4 -4   10   0  42   0   0   0   0  32   0   0   0   0   0   0   0   8   7   0   0   0  0.97 0.34
  465 K   -2  0  1  3 -4  1  1 -2 -2 -4 -2  5 -3 -3 -3  1 -1 -4 -2 -4    0   3   8  17   0   4   7   1   0   0   4  42   0   1   0   9   2   0   1   0  0.55 0.24
  466 R   -4  8 -3 -5 -6 -2 -3 -5 -3 -5 -1 -1 -3 -5 -5 -4 -4 -6 -5 -5    0  92   0   0   0   0   0   0   0   0   6   0   1   0   0   0   0   0   0   0  2.09 0.57
  467 I   -2 -2 -2 -2 -3 -2 -1 -4 -3  5  2 -3  2 -2 -4 -2  0 -4 -3  1    1   2   2   1   0   1   6   1   0  52  14   0   6   0   0   2   5   0   0   5  0.59 0.26
  468 N   -3  0  7  0 -5 -2 -2 -3  2 -5 -5  4 -3 -5 -4  0 -2 -6 -4 -5    0   2  56   3   0   0   0   0   4   0   0  26   1   0   0   6   1   0   0   0  1.20 0.40
  469 N   -3 -3  6  5 -5 -3 -2  1 -2 -6 -6 -3 -5 -5 -4 -1 -2 -6 -5 -5    0   0  45  36   0   0   1  12   0   0   0   0   0   0   0   3   1   0   0   0  1.26 0.39
  470 Y   -4 -5 -5 -6 -5 -4 -3 -6 -2  2 -3 -5 -3  3 -5 -4 -3 -1  8  0    0   0   0   0   0   0   1   0   0  15   0   0   0  12   0   1   1   0  65   5  1.67 0.47
  471 E   -2 -2  0  4 -4  1  2 -3 -2 -1 -3  0 -2 -4  0  0  2 -4 -3  1    1   0   4  25   0   6  16   0   0   4   0   4   0   0   4   3  17   0   0  14  0.38 0.19
  472 F   -5 -6 -6 -7 -6 -6 -6 -6 -4 -3 -3 -6 -3  9 -7 -6 -5 -2  1 -4    0   0   0   0   0   0   0   0   0   0   0   0   0  98   0   0   0   0   1   0  2.71 0.63
  473 K   -2 -3  5  5 -4 -1 -1 -3 -2 -5 -5  1 -4 -5 -3  3 -1 -6 -4 -3    2   0  26  36   0   1   1   0   0   0   0   8   0   0   0  22   2   0   0   2  0.88 0.32
  474 W   -5 -3 -6 -6 -4 -5 -5 -6 -5  1  3 -5  3 -2 -5 -5 -4 11 -2 -2    0   1   0   0   0   0   0   0   0   9  31   0   9   0   0   0   0  48   0   1  1.98 0.50
  475 E   -1 -2  1  5 -5  0  5 -3 -3 -5 -5  1 -4 -5 -3  0 -1 -5 -4 -4    4   0   4  37   0   1  38   0   0   0   0   6   0   0   0   5   3   0   0   0  0.94 0.32
  476 R    1  5 -1  1 -5  0  3 -3 -2 -4 -4  2 -2 -5 -3 -2 -1 -5 -4 -3   11  39   2   6   0   2  21   0   0   0   0  13   1   0   0   0   4   0   0   1  0.68 0.27
  477 M   -1 -4 -5 -5  0 -2 -5 -5 -4  1 -1 -4  9 -2 -5 -4  0 -4 -4  3    4   0   0   0   2   1   0   0   0   5   1   0  58   0   0   0   6   0   0  22  1.38 0.46
  478 L   -3 -4 -4 -4 -1 -4 -4 -5 -3 -1  4 -3 -1  1 -4 -3  4 -4 -3  2    0   0   0   0   1   0   0   0   1   0  45   1   0   6   0   0  27   0   0  19  0.67 0.29
  479 S   -1  2  2 -1 -4  1 -2 -3 -3 -5 -5  0 -4 -5 -3  5  0 -5 -4 -4    1  12  10   2   0   7   0   0   0   0   0   4   0   0   0  58   3   0   0   0  0.84 0.35
  480 F   -4 -6 -5 -6 -5 -6 -6 -6 -4 -3 -3 -6 -3  9 -6 -1 -4 -2  0 -4    0   0   0   0   0   0   0   0   0   0   0   0   0  92   0   6   0   0   0   0  2.38 0.59
  481 E   -4  1 -1  2 -6  0  7 -5 -3 -6 -6 -2 -5 -6 -4 -2 -3 -6 -5 -5    0   6   2  10   0   1  80   0   0   0   0   0   0   0   0   1   0   0   0   0  1.61 0.49
  482 G   -3 -5 -3 -3 -5 -5 -5  7 -5 -7 -7 -4 -6 -6 -5 -3 -4 -5 -6 -6    0   0   0   1   0   0   0  98   0   0   0   0   0   0   0   0   0   0   0   0  2.26 0.55
  483 D   -4 -3 -2  6 -6 -2  5 -4 -3 -6 -6 -2 -5 -6 -4 -3 -3 -6 -3 -5    0   0   0  51   0   0  46   0   0   0   0   0   0   0   0   0   1   0   1   0  1.58 0.46
  484 T   -3 -4 -3 -4 -4 -4 -4 -5 -5 -4 -4 -4 -4 -2 -4 -1  8 -5 -4 -3    0   0   0   0   0   0   0   0   0   0   0   0   0   2   0   2  95   0   0   0  2.01 0.60
  485 G   -2 -5 -3 -3 -5 -5 -5  7 -5 -6 -6 -4 -5 -6 -5 -2 -4 -5 -6 -6    1   0   0   1   0   0   0  96   0   0   0   0   0   0   0   1   0   0   0   0  2.15 0.53
  486 P   -4 -5 -5 -5 -2 -5 -4 -6 -6 -5 -6 -4 -5 -4  9 -4 -4 -7 -6 -1    0   0   0   0   1   0   0   0   0   0   0   0   0   1  92   0   0   0   0   6  2.79 0.64
  487 Y   -5 -5 -6 -7 -6 -5 -6 -7 -2 -4 -4 -5 -4  3 -6 -5 -5 -1 10 -3    0   0   0   0   0   0   0   0   0   0   0   0   0   9   0   0   0   0  90   1  2.72 0.67
  488 L   -2 -5 -5 -6 -2 -4 -5 -6 -5  1  4 -5  0 -2 -5 -4 -2 -4 -3  5    2   0   0   0   0   0   0   0   0   6  48   0   1   0   0   0   0   0   0  43  0.97 0.34
  489 Q   -4 -2 -3 -4 -6  9  0 -5 -3 -6 -6 -2 -4 -7 -5 -3 -4 -5 -5 -6    0   0   0   0   0  97   2   0   0   0   0   0   0   0   0   1   0   0   0   0  2.53 0.70
  490 Y   -5 -5 -6 -7 -6 -5 -6 -7 -2 -5 -5 -5 -4  0 -7 -5 -5 -1 10 -5    0   0   0   0   0   0   0   0   0   0   0   0   0   1   0   0   0   0  99   0  3.08 0.73
  491 A    4 -3 -1 -3 -1 -3 -3 -2 -4 -2 -4 -3 -3 -4 -3  2  5 -5 -4 -2   43   0   2   0   1   0   0   1   0   1   0   0   0   0   0  14  36   0   0   1  0.84 0.35
  492 H   -5 -2  1 -4 -6 -3 -3 -5 10 -6 -6 -3 -5 -2 -6 -4 -5 -4  4 -6    0   2   5   0   0   0   0   0  76   0   0   1   0   1   0   0   0   0  15   0  2.48 0.62
  493 S    6 -4 -4 -4 -1 -3 -3 -3 -4 -3 -4 -3 -3 -5 -3  2 -2 -1 -4  1   76   0   0   0   1   0   0   0   0   0   0   0   0   0   0  12   0   1   0  11  1.16 0.43
  494 R   -5  8 -4 -5 -7 -2 -3 -6 -3 -4 -5 -1 -5 -6 -5 -4 -4 -6 -5 -6    0  99   0   0   0   0   0   0   0   1   0   0   0   0   0   0   0   0   0   0  2.46 0.64
  495 L    3 -4 -4 -5  3 -4 -4 -1 -4  2  4 -4  0 -2 -4 -2 -1 -4 -3  0   27   0   0   0   6   0   0   4   0  12  44   0   1   0   0   0   2   0   0   4  0.55 0.25
  496 R    0  0  0 -3  8  2 -1 -4  2 -3 -3  1  1 -4 -4  0 -2 -4 -2 -3    6   6   6   0  40   9   3   0   5   0   1   9   5   0   0   7   1   0   1   0  0.88 0.31
  497 S   -1 -3 -2 -3 -4 -2 -3 -2 -4 -5 -5 -3 -4 -5 -4  7 -1 -6 -5 -5    1   0   0   0   0   1   0   1   0   0   0   0   0   0   0  96   0   0   0   0  1.80 0.58
  498 V   -3 -5 -5 -5 -3 -5 -5 -6 -5  6  2 -5  2 -2 -5 -4 -3 -5 -3  3    0   0   0   0   0   0   0   0   0  54  17   0   4   0   0   0   0   0   0  23  1.08 0.34
  499 E   -2 -1 -3 -3 -3  0  3 -2 -3  0  4 -1  1 -2 -3 -2  0 -4 -2 -1    1   3   0   0   0   5  22   2   0   4  48   2   4   1   1   1   5   0   1   2  0.42 0.23
  500 R   -3  7 -1 -3 -6  0  1 -4 -3 -6 -5  1 -4 -6 -5 -3 -3 -6 -4 -5    1  77   2   1   0   2   9   0   0   0   0   5   0   0   0   1   1   0   0   0  1.61 0.47
  501 N   -3  2  1 -3 -6 -1 -2 -4 -3 -5 -4  7 -1 -6 -4 -2  0 -6 -4 -5    0   9   6   0   0   1   0   0   0   0   0  76   2   0   0   1   5   0   0   0  1.40 0.45
  502 A    5 -3  1 -3  0 -2 -2  0 -1 -2 -2 -2 -2  0 -2  1 -1 -4 -2  0   57   0   8   1   1   0   1   7   2   0   3   0   1   4   1   6   1   0   0   6  0.53 0.25
  503 S    0 -2  3  2 -4  0  2  3 -2 -4 -4  0 -3 -4  0  1 -1 -4 -4 -4    5   0  17  10   0   5  13  29   0   0   0   5   0   0   5   9   1   0   0   0  0.47 0.19
  504 G    0 -1  1  1  1  0  0  0  0  0  0 -1 -1  2 -1 -1 -1 -1  1  0    6   1   8   8   4   3   7   9   3   4   7   3   1  15   3   3   2   1   5   7  0.03 0.04
  505 I    0 -1 -1 -1 -1  0 -1 -1 -2  2  1 -1  1  1 -1  0  1 -1  0  1    5   1   1   4   1   4   3   6   0  16  18   3   2   6   2   4  10   1   3   8  0.05 0.05
  506 T   -1 -1 -1  1 -2 -1  0 -1 -2 -1 -1 -1 -1 -2  4  1  2 -3 -1 -1    4   2   2  10   0   1   6   4   0   5   6   3   1   1  21  11  14   0   3   3  0.26 0.10
  507 Q    0 -1  0  2 -2  0  1 -1  0  0  0 -1  0 -1  2  0  0 -2 -1  0    8   2   4  14   0   4   9   5   2   5  10   2   2   2  10   8   5   0   1   6  0.09 0.04
  508 E    0 -1  0  2 -3  0  3 -1 -1 -3 -2  0 -2 -3  2  1 -1 -3 -2 -2    8   2   5  15   0   3  25   4   0   1   4   5   0   1  11   9   3   0   1   2  0.31 0.13
  509 K   -1 -1  0  3 -3  1  3 -2 -1 -1 -2  1 -1 -2  1  0  0 -3 -1 -1    4   1   3  21   0   5  21   2   1   4   4   8   2   1   7   3   4   0   2   5  0.24 0.11
  510 W    0 -1 -1 -1 -1 -1 -1 -2 -2  1  2 -1  1  1  1 -1  0  0  0  0    9   2   4   2   1   2   3   2   0   8  25   4   2   6   7   4   7   2   2   7  0.06 0.04
  511 I    1 -1  0  0 -2  0  1  0 -1  0 -1  0 -1 -2  0  1  1 -2 -2  0   18   1   5   5   0   3   8   6   2   4   7   5   1   1   3  11  10   0   1   9  0.08 0.05
  512 N    0 -1  3  2 -3  0  1 -1  1 -2 -3  1 -2 -2 -2  1  1 -3  0 -2    5   1  17  13   0   3   8   4   3   1   2   7   1   0   1  14  12   0   5   2  0.23 0.11
  513 A    4 -3 -3 -3  0 -2 -2 -2 -3  3  0 -2 -1 -1 -2 -1 -1 -3 -2  2   40   1   0   1   2   1   2   2   0  20   6   1   1   2   1   3   2   0   1  14  0.34 0.18
  514 D   -3 -2  4  6 -4 -1  0 -2 -1 -4 -4 -1 -3 -4 -2 -1 -1 -4 -4 -3    1   1  21  54   0   2   2   1   1   1   1   3   0   0   2   3   4   0   0   1  1.00 0.29
  515 F   -1 -3 -2 -2 -1 -2 -2 -3 -1  0  2 -3 -1  4 -1 -2  1  0  4  0    4   1   2   2   1   1   2   1   1   3  21   1   0  23   3   2  11   0  17   4  0.34 0.15
  516 S    1 -2  0  1 -2 -1  0 -1 -2 -3 -2 -1 -2 -3 -2  4  1 -3 -2 -2   11   1   3   8   0   1   6   3   0   1   3   3   0   1   1  47   8   0   1   1  0.45 0.21
  517 L   -1 -2 -2 -2  2 -1 -2 -2  0  0  3  1  0  0 -2 -1 -1 -1 -1  0    5   1   2   1   6   2   2   2   2   3  47  10   1   3   1   4   2   1   2   4  0.24 0.13
  518 L   -3 -5 -6 -4 -4 -4 -5 -6 -5  2  6 -5  0 -2 -5 -5 -3 -4 -3 -1    2   0   0   1   0   0   0   0   0   9  85   0   0   0   0   0   0   0   0   2  1.30 0.40
  519 K    0 -2  3  1 -2  2  0 -2 -2 -3 -3  1 -3 -4 -3  1  4 -4 -3 -1    6   0  14   8   0   9   3   1   0   1   1  10   0   0   0  11  31   0   0   5  0.39 0.21
  520 E   -3 -3  0  5 -5 -1  5 -2 -3 -5 -4 -2 -4 -5 -3  1 -2 -5 -3 -4    0   0   3  33   0   1  47   2   0   0   1   0   0   0   0  10   2   0   1   0  1.06 0.36
  521 P    0 -2 -1  2 -4  0  2 -2 -3 -4 -4  1 -4 -4  6  0 -1 -5 -4 -3    7   1   1  13   0   4  12   2   0   1   0  10   0   0  37   8   3   0   0   1  0.76 0.25
  522 A    0 -2 -1  1  0  2  4 -2  6 -3 -3  0 -2 -4 -3  0 -2  1  0 -3    9   0   2   9   2   9  29   1  21   1   1   5   1   0   0   5   1   2   3   0  0.53 0.24
  523 A    5 -3 -3 -3  0 -2  2 -2 -3 -3 -3 -3 -3 -4 -3  3 -1 -5 -4 -2   56   0   0   0   1   0  12   1   0   1   1   0   0   0   0  24   3   0   0   1  0.80 0.34
  524 K   -2  0 -3 -4 -3 -2 -2 -4 -1  2  0 -3  0  2 -4 -3 -1  8  2  2    3   7   0   0   0   2   2   0   1  17   6   1   2  10   0   1   5  23   5  14  0.65 0.23
  525 L    0 -2  3  4 -4  0  4 -2 -2 -4 -3 -1 -3 -4 -2  1 -2 -5 -4 -4    9   1  17  22   0   1  33   1   0   0   2   1   0   0   1  10   1   0   0   0  0.63 0.26
  526 L   -3 -4 -5 -5 -3 -4 -5 -5 -5  4  4 -4  0 -2 -5 -4 -1 -4 -3  3    1   0   0   0   0   0   0   0   0  31  42   0   1   0   0   0   4   0   0  21  0.85 0.29
  527 I    0 -4 -5 -5  1 -4 -5 -5 -5  4  3 -4  0 -2 -4 -3 -2 -4 -3  4    8   0   0   0   2   0   0   0   0  32  24   0   1   0   0   0   1   0   0  32  0.74 0.27
  528 R   -3  5 -2 -3 -5  1 -1 -4 -2 -3 -3  5  1 -1 -4 -1 -1 -2 -1 -3    0  34   0   1   0   6   1   0   0   1   1  39   4   3   0   2   4   1   2   1  0.82 0.32
  529 L   -1 -2 -2 -2 -2 -1 -1 -4  3  1  4 -2  2 -1 -4 -1  0 -3 -1  0    5   1   2   2   0   3   3   0   8   5  47   2   4   0   0   4   7   0   1   6  0.31 0.18
  530 L   -4 -5 -6 -6 -3 -4 -5 -6 -5  4  5 -5  3 -2 -5 -5 -3 -4 -3  0    0   0   0   0   0   0   0   0   0  22  68   0   6   0   0   0   0   0   0   4  1.15 0.36
  531 G    3 -2  1 -2 -3  2  0  1 -1 -3 -1 -1 -1 -3 -3  1 -1 -3  1 -2   36   0   6   1   0  12   6  11   1   0   6   1   1   0   0  12   0   0   7   1  0.31 0.20
  532 Q    0  2  1  1 -3  5  0  0 -1 -3 -2  1 -2 -4 -3  1  0 -4 -3 -3    5  14   7   9   0  31   3   6   1   1   3   5   0   0   0  10   4   0   0   0  0.43 0.21
  533 Y   -5 -5 -6 -6 -5 -5 -6 -6 -3 -3 -2 -5 -3  7 -6 -5 -5  7  6 -3    0   0   0   0   0   0   0   0   0   0   2   0   0  50   0   0   0  14  32   1  1.92 0.50
  534 P   -2 -4  0  1 -5 -1 -2 -2 -3 -6 -6 -1 -5 -6  8 -2 -2 -6 -5 -5    2   0   5   7   0   2   2   3   1   0   0   3   0   0  72   1   3   0   0   0  1.83 0.47
  535 D   -1  0  1  6 -5  0  3 -3 -1 -5 -5  0 -4 -5 -3 -1 -1 -6 -4 -5    6   5   4  52   0   3  17   1   1   0   0   5   0   0   0   2   3   0   0   0  0.94 0.31
  536 V    0 -3 -3 -4 -2 -3 -4 -4 -3  3 -1 -2  1 -3 -4 -2  2 -5 -3  5    6   1   1   0   0   0   0   0   1  13   1   2   4   0   0   2  13   0   0  56  0.73 0.30
  537 L   -2 -5 -5 -5 -3 -4 -5 -5 -5  4  2 -4 -1  0 -5 -4 -1 -4 -3  5    1   0   0   0   0   0   0   0   0  30  19   0   0   3   0   0   4   0   0  43  0.87 0.30
  538 R    0  2  0 -2 -1  2  1 -3 -1  0  0  3  0 -1 -3 -1 -1 -3  1  0    5  10   3   1   2  11   7   0   1   4  12  22   3   2   0   4   3   0   6   6  0.14 0.11
  539 N   -1  3  4  1 -4  2 -1 -2 -1 -3 -2  1 -1 -3 -3  0  1 -4 -2 -2    5  23  22   7   0   9   1   1   0   0   4  10   1   1   0   6   9   0   1   2  0.38 0.19
  540 A    6 -4 -3 -4 -2 -3 -3 -2 -4 -4 -3 -3 -3 -5 -3  2  3 -5 -4 -2   70   0   0   0   0   0   0   0   0   0   1   0   0   0   0  11  17   0   0   1  1.10 0.41
  541 I    1 -2 -2 -3  1 -2 -2 -2 -1  1  2 -2  2  2 -3  1 -1  0  1  0   18   1   0   0   3   0   1   2   2   6  24   2   7   9   0  14   2   1   6   2  0.18 0.13
  542 K   -2  1  1  3 -5  2  3 -3 -1 -4 -3  4 -3 -4 -3 -1 -1 -5 -3 -4    2   7   8  16   0   8  19   0   1   0   2  34   0   0   0   1   3   0   0   0  0.60 0.25
  543 T   -2  0  2  1 -4  0  0 -2 -2 -4 -3  4 -3 -2 -3 -1  4 -5 -3 -3    2   3  12   8   0   3   5   2   0   0   1  31   0   2   0   1  31   0   0   0  0.57 0.27
  544 H   -3 -1  1 -3 -2  0 -3 -4  4 -2  3 -3  0  2 -5 -2 -3 -2  5 -2    0   3  10   1   1   5   0   0  11   0  37   0   1   8   0   2   0   0  23   0  0.61 0.27
  545 E   -4 -3 -3  1 -7  2  7 -5 -3 -6 -6 -1 -5 -6 -4 -3 -4 -6 -5 -5    0   0   0   5   0   8  86   0   0   0   0   1   0   0   0   0   0   0   0   0  1.84 0.54
  546 P   -2 -6 -5 -5 -6 -5 -4 -5 -6 -6 -6 -4 -6 -7  9 -4 -3 -7 -6 -6    2   0   0   0   0   0   0   0   0   0   0   0   0   0  97   0   1   0   0   0  3.02 0.68
  547 T    0 -1  0 -3  1 -2 -3 -3  1 -3 -4 -1 -3 -1 -3  5  3 -4  1 -3    4   3   2   0   3   0   0   0   3   1   0   3   0   2   0  56  17   0   5   0  0.74 0.34
  548 T   -1 -3 -1 -3 -3 -1 -3 -2  3  3 -1 -2  0 -1 -4 -1  4 -4 -1  2    3   0   2   0   0   2   1   4   8  22   4   1   1   2   0   1  35   0   1  14  0.42 0.23
  549 V   -3 -5 -6 -6 -3 -5 -5 -6 -6  6  1 -5  0 -3 -5 -4 -2 -5 -4  4    0   0   0   0   0   0   0   0   0  57  10   0   1   0   0   0   1   0   0  32  1.23 0.38
  550 V    3 -3 -3 -4 -2 -3 -3 -2 -4  0  2 -3 -1 -3 -3  0  2 -4 -3  3   28   0   0   0   0   0   0   1   0   3  18   0   0   0   0   5  15   0   0  29  0.44 0.23
  551 T   -2  4 -1 -3 -4 -1 -2 -3 -2 -4 -4  4 -3 -5 -3  1  5 -5 -4 -3    0  24   1   0   0   0   0   1   1   0   1  26   0   0   0   9  38   0   0   0  0.85 0.35
  552 Y   -5 -5 -4 -6 -6 -4 -4 -6  4 -4 -4 -4 -4  4 -6 -5 -5  2  9 -4    0   0   0   0   0   0   1   0  10   0   0   0   0  14   0   0   0   2  73   0  2.16 0.56
  553 L    2 -4 -4 -5  2 -3 -4 -4 -4  1  4 -4  0 -2 -4 -1 -1 -4 -3  2   23   0   0   0   4   0   0   0   0   6  48   0   0   0   0   3   2   0   0  12  0.56 0.25
  554 F   -4 -5 -5 -5 -4 -5 -5 -5 -4  4  2 -5  1  6 -5 -4 -1 -1  0  1    0   0   0   0   0   0   0   0   0  25  20   0   2  42   0   0   3   1   0   7  0.96 0.32
  555 K   -2  3  1  3 -5  0  2 -3  1 -4 -4  3 -3 -5 -3  0  0 -5 -3 -4    1  21   6  19   0   3  12   1   3   0   0  25   0   0   0   5   7   0   0   0  0.57 0.23
  556 L   -3 -4 -5 -6 -3 -4 -5 -6 -3  2  5 -5  4 -2 -5 -4 -3 -4 -3  2    0   0   0   0   0   0   0   0   1   7  67   0  12   0   0   0   0   0   0  12  1.08 0.35
  557 T    5 -4 -3 -4  2 -3 -3 -2 -4 -3 -4 -3 -3 -5 -3  2  4 -5 -4 -2   49   0   0   0   5   0   0   1   0   0   0   0   0   0   0  18  26   0   0   1  0.87 0.36
  558 H   -4  0 -2 -4 -6  5 -2 -5  9 -6 -5  3 -4 -5 -4 -3 -4 -5 -2 -5    0   4   0   0   0  28   0   0  48   0   0  19   0   0   0   1   0   0   0   0  1.63 0.49
  559 Q    4 -2 -1 -2 -1  2 -1 -2 -2 -1  0 -1 -1 -3 -3  1  0 -4 -3  0   44   0   3   1   1  12   2   1   0   2  10   2   1   0   0   9   5   0   0   5  0.35 0.21
  560 V    0 -5 -5 -5 -4 -5 -5 -5 -4  2  1 -5 -1  7 -5 -4 -3 -2  0  2    7   0   0   0   0   0   0   0   0  13  14   0   0  49   0   0   0   0   1  16  0.98 0.33
  561 S    0 -3  6 -2 -4 -3 -3 -2 -3 -5 -5 -3 -3 -5 -4  5 -2 -6 -5 -5    7   0  48   0   0   0   0   2   0   0   0   0   0   0   0  43   0   0   0   0  1.28 0.45
  562 S   -1  1 -2 -3 -4  0 -2 -3 -2 -4 -4  5 -2 -5 -3  4 -1 -5 -4 -1    3   5   0   0   0   3   0   1   1   0   0  43   0   0   0  37   2   0   0   5  0.80 0.35
  563 C    2 -4 -4 -4  4 -4 -4 -1 -2 -3 -2 -4 -3  5 -4  1 -2 -2  5 -3   20   0   0   0  11   0   0   4   0   0   2   0   0  24   0  13   0   0  26   0  0.78 0.31
  564 Y   -5 -5 -5 -6 -6 -4 -5 -6  4 -4 -4 -5 -4  0 -6 -5 -5  6  9 -5    0   0   0   0   0   0   0   0   9   1   1   0   0   1   0   0   0   9  79   0  2.45 0.62
  565 D    2 -1  3  4 -4 -1  2 -1  3 -4 -4  1 -4 -4 -3 -1 -2 -5 -2 -4   22   1  15  26   0   1  12   3   9   0   0   7   0   0   0   3   1   0   1   0  0.52 0.23
  566 V    0 -2  2  0 -3  0  0 -3  6 -1 -2 -1 -1 -2 -3  0  2 -4 -2  2    7   1  12   5   0   4   4   0  22   3   1   2   1   2   0   4  13   0   0  18  0.34 0.20
  567 L   -2 -3  1 -3  2 -3 -2 -4  2  1  3 -3  0 -2 -4  0  1 -4 -2  2    0   0   8   0   5   0   1   0   6   4  37   0   0   0   0   6  12   0   0  19  0.35 0.20
  568 W   -3  4 -1 -3 -5  3 -1 -4  1 -1 -3  3 -2 -3  2 -1 -2  6 -2 -2    0  22   2   0   0  14   0   0   3   5   1  25   0   0   9   4   1  11   0   2  0.63 0.27
  569 V   -3 -5 -6 -3 -2 -5 -5 -6 -6  6 -1 -5 -1 -3 -5 -4 -3 -5 -4  5    0   0   0   1   1   0   0   0   0  49   0   0   1   0   0   0   0   0   0  49  1.36 0.42
  570 A    0 -1 -1 -3 -3 -2 -3 -4 -2  1  3  2  2 -2 -3 -1 -1 -4 -2  1    7   2   3   1   0   0   0   0   0   8  40  16   5   0   0   3   2   0   1  13  0.32 0.18
  571 G    0 -3  2  2 -4 -2 -1  5 -2 -3 -4 -2 -3 -4 -3 -1  0 -4 -3  1    5   0  10  11   0   1   4  43   1   0   0   1   0   0   0   3   7   0   0  14  0.56 0.23
  572 Q    0  0 -1  3 -4  3  4 -3 -2 -5 -4 -1 -4 -5 -2  3 -1 -5 -4 -4    6   3   0  16   0  12  33   0   0   0   0   1   0   0   0  25   3   0   0   0  0.67 0.28
  573 T   -2 -3  1  5 -5 -1  4 -3 -2 -5 -5 -1 -4 -5  1  1 -1 -6 -4 -4    2   0   7  36   0   0  34   0   1   0   0   1   0   0   6   8   4   0   0   0  0.87 0.31
  574 E   -1  0 -1  2 -5  1  4 -3  0 -4 -4  1 -3 -5  5 -1 -2 -5 -3 -3    5   5   2  13   0   4  28   1   2   0   1   9   0   0  26   3   1   0   0   2  0.66 0.24
  575 E   -1 -1  0  3 -5  2  5 -1 -2 -5 -5  1 -4 -5 -2 -1 -2 -5 -4 -4    6   2   4  13   0   9  51   4   0   0   0   7   0   0   1   2   0   0   0   0  0.81 0.31
  576 L   -2 -2 -3 -2 -2 -2 -1 -3 -3  2  3 -1  1 -1 -3 -2 -1 -3 -2  3    1   1   1   1   0   1   4   2   0  10  37   6   2   1   1   1   3   0   1  27  0.35 0.16
  577 A    3  2 -2 -3 -3  1 -2 -3 -3 -3 -2  4  3 -4 -3 -1 -1 -4 -3 -3   30  12   1   0   0   5   0   0   0   0   3  32  10   0   0   1   2   0   0   0  0.55 0.26
  578 T   -1  1  2  1 -3  1  1 -1 -1 -1  0  2 -1 -3 -1 -1 -1 -4 -2 -2    5   5  13  10   0   8  10   4   1   4  10  21   1   0   2   0   3   0   1   2  0.18 0.11
  579 A    6 -4 -3 -3 -3 -2 -2 -2 -4 -4 -4 -3 -3 -4 -2  2 -1 -5 -4 -2   76   0   1   1   0   1   1   1   0   0   0   0   0   0   1  15   2   0   0   1  1.17 0.43
  580 R   -5  8 -4 -5 -7 -2 -3 -6 -1 -6 -4  0 -4 -6 -5 -4 -4 -6 -4 -6    0  94   0   0   0   0   0   0   1   0   2   2   0   0   0   0   0   0   0   0  2.28 0.61
  581 L   -2 -4 -6 -6 -3 -4 -5 -6 -5  0  6 -5  5 -1 -5 -3 -3 -4 -3 -1    3   0   0   0   0   0   0   0   0   3  75   0  15   1   0   1   0   0   0   2  1.20 0.39
  582 A    5 -3 -1 -4 -1 -2 -3 -2  2 -3 -2 -1  0  0 -3 -1 -2  3  0 -2   63   1   2   0   1   1   0   1   5   0   3   3   3   4   0   2   1   5   3   1  0.69 0.32
  583 L   -4 -5 -6 -6 -4 -5 -6 -6 -5  0  6 -5  2 -2 -6 -5 -4 -4 -4  0    0   0   0   0   0   0   0   0   0   2  90   0   4   0   0   0   0   0   0   4  1.49 0.45
  584 Y   -2 -4 -4 -5  3 -4 -4 -5 -2 -1 -2 -4 -2  3 -5 -1 -1 -2  6  4    2   0   0   0   7   0   0   0   0   1   1   0   0  14   0   4   4   0  33  34  0.90 0.34
  585 G    0  0 -1  1 -2  0  2 -2  1 -2 -1  2 -1 -1 -3 -1 -1  1  4 -1    6   5   1   8   1   4  16   3   3   2   4  13   2   1   0   3   3   1  22   4  0.23 0.15
  586 A    5 -3 -3 -4  4 -2 -3  0 -4 -3 -3 -3 -3 -5 -3  3 -1 -5 -4 -2   58   1   0   0  10   1   0   6   0   1   1   0   0   0   0  20   2   0   0   0  0.88 0.36
  587 A    4 -4 -3 -4  1 -3 -3 -3 -4 -1 -2 -3 -2 -3 -3  0  3 -5 -4  3   38   0   0   0   3   0   0   0   0   1   1   0   0   0   0   4  23   0   0  29  0.69 0.32
  588 R    0  5 -2 -3  0  0 -2 -2 -2 -4 -3  3 -3 -5 -3  1  1 -5 -4 -3    9  44   0   1   2   2   0   2   1   1   2  18   0   0   0   9   9   0   0   1  0.69 0.29
  589 Q   -2 -1 -1  1 -2  4 -1 -4 -1  3 -1 -1 -1 -2 -3  0  2 -4 -1  1    1   1   2   8   0  28   2   0   1  19   4   2   1   1   0   4  14   0   2  10  0.34 0.22
  590 V   -1 -5 -5 -6  0 -5 -5 -5 -6  1 -1 -5 -2 -4 -5 -4  0 -6 -4  7    3   0   0   0   2   0   0   0   0   4   2   0   0   0   0   0   6   0   0  82  1.38 0.45
  591 L   -4 -5 -6 -6 -4 -5 -6 -6 -6  3  6 -5  0 -2 -5 -5 -4 -4 -4 -1    0   0   0   0   0   0   0   0   0  18  81   0   0   0   0   0   0   0   0   1  1.39 0.43
  592 Y    1  0  1 -2 -3 -1  1  1  1 -4 -4  4 -3 -3 -3  0 -1 -2  1 -3   14   2   7   0   0   1   9  10   4   0   0  36   0   0   0   6   4   0   6   0  0.39 0.21
  593 N   -1 -3  6  0 -4 -1  3 -3 -1 -3 -5 -2 -3 -5 -4  1  0 -6 -3 -3    4   0  52   2   0   2  23   0   1   1   0   1   0   0   0   7   4   0   1   1  1.01 0.37
  594 G    3 -4 -3 -1 -3 -4 -4  6 -4 -5 -5 -3 -4 -5 -4  0 -3 -5 -5 -4   27   0   0   4   0   0   0  61   0   0   1   0   0   0   0   7   0   0   0   0  1.21 0.38
  595 M   -3 -5 -6 -6 -4 -4 -5 -6 -5 -1  5 -5  8 -2 -6 -5 -4 -4 -4 -2    1   0   0   0   0   0   0   0   0   0  56   0  43   0   0   0   0   0   0   0  1.58 0.49
  596 R    0  6  0 -1 -4 -1 -1 -1 -1 -4 -4  2 -3 -4 -4  0 -1 -2 -1 -3    7  53   5   3   0   0   3   4   1   0   0  13   0   0   0   5   3   0   2   1  0.80 0.30
  597 L   -4 -5 -6 -6 -4 -5 -6 -6 -5  2  6 -5  1 -2 -5 -5 -3 -4 -4 -1    0   0   0   0   0   0   0   0   0   8  87   0   1   0   0   0   1   0   0   2  1.42 0.43
  598 L   -4 -5 -6 -6 -4 -5 -6 -6 -6  1  6 -5  0 -1 -6 -5 -4 -4 -4 -1    0   0   0   0   0   0   0   0   0   7  91   0   1   1   0   0   0   0   0   1  1.52 0.46
  599 G   -2 -5 -3 -4 -5 -4 -5  7 -5 -6 -6 -4 -5 -6 -5  0 -1 -5 -6 -6    0   0   0   0   0   0   0  90   0   0   0   0   0   0   0   6   4   0   0   0  1.96 0.51
  600 L   -3 -4 -5 -5 -3 -4 -5 -6 -5  5  4 -4  2  0 -5 -4 -3 -4 -3  3    0   0   0   0   0   0   0   0   0  33  38   0   5   4   0   0   0   0   0  20  0.87 0.29
  601 T   -1  0  1  0 -3  1  2 -2  1 -3 -3  2 -2 -4 -3  1  3 -4 -3 -2    3   4   5   5   0   7  18   2   4   1   0  13   0   0   0  10  26   0   0   2  0.37 0.19
  602 P    4 -4 -4 -4  0 -4 -4 -4 -5 -4 -4 -3 -1 -5  7 -2 -1 -6 -5 -1   37   0   0   0   2   0   0   0   0   0   0   0   1   0  49   1   4   0   0   5  1.37 0.42
  603 V   -3 -5 -5 -5 -4 -4 -4 -5 -5  0  1 -4 -2 -4  6 -4 -3 -5 -4  4    0   0   0   0   0   0   0   0   0   2  16   0   0   0  43   0   0   0   0  39  1.27 0.40
  604 E   -3 -2  1  3  1  0  6 -4 -2 -5 -5  0 -4 -6 -4 -1 -1 -6 -5 -4    1   0   6  17   3   2  60   0   0   0   0   5   0   0   0   2   3   0   0   0  1.11 0.38
  605 R   -2  6 -2 -3 -6  2  3 -4 -2 -5 -5  3 -4 -5 -4 -2 -3 -5 -4 -5    2  50   0   0   0   8  20   0   0   0   0  18   0   0   0   1   0   0   0   0  1.14 0.38
  606 M   -5 -5 -6 -7 -5 -4 -6 -6 -5 -2 -1 -5 11 -4 -6 -5 -4 -5 -5 -3    0   0   0   0   0   0   0   0   0   0   0   0 100   0   0   0   0   0   0   0  3.18 0.77

                      K         Lambda
Standard Ungapped    0.1363     0.3192
Standard Gapped      0.0581     0.2670
PSI Ungapped         0.1895     0.3158
PSI Gapped           0.0581     0.2670
