
Last position-specific scoring matrix computed, weighted observed percentages rounded down, information per position, and relative weight of gapless real matches to pseudocounts
           A  R  N  D  C  Q  E  G  H  I  L  K  M  F  P  S  T  W  Y  V   A   R   N   D   C   Q   E   G   H   I   L   K   M   F   P   S   T   W   Y   V
    1 G   -3 -5 -3 -4 -5 -5 -5  7 -5 -7 -7 -4 -6 -6 -5 -3 -4 -5 -6 -6    0   0   0   0   0   0   0 100   0   0   0   0   0   0   0   0   0   0   0   0  2.30 0.59
    2 R   -3  6 -3 -4 -6 -1 -2 -4  2 -5 -5  6 -4 -5 -3 -2 -3 -5 -4 -5    0  42   0   0   0   0   0   0   5   0   0  51   0   0   1   1   1   0   0   0  1.42 0.47
    3 R   -3  5 -2 -4 -4 -2 -3 -4  0  1 -2  0 -2 -3 -2 -2 -1 -5 -2  4    0  38   2   0   0   1   0   0   3   6   1   5   0   0   2   2   2   0   1  37  0.68 0.32
    4 I   -4 -5 -5 -5 -4 -5 -5 -6 -3  7  2 -5 -1 -2 -1 -4 -1 -5 -4  1    0   0   0   0   0   0   0   0   1  69  21   0   0   0   3   0   4   0   0   3  1.21 0.42
    5 Q   -3  6 -3 -4 -4 -1 -3 -5 -3  3  1  0 -1 -3 -4 -2 -2 -5 -4 -1    0  53   0   0   0   1   0   0   0  17  17   2   1   0   0   2   2   0   0   4  0.86 0.36
    6 G    2 -2  1 -2 -2  1 -2  2 -2 -1 -3 -1 -2 -4  1  2  0 -4 -3  1   22   0   6   0   0  10   0  14   1   2   0   3   0   0   5  20   5   0   0  13  0.27 0.18
    7 Q   -4  0 -3 -4  0  9 -1 -5 -2 -4 -5 -2 -4 -6 -5 -3 -4 -5 -5 -3    0   4   0   0   2  91   0   0   0   1   0   0   0   0   0   0   0   0   0   1  2.18 0.69
    8 R   -3  8  3 -4 -6 -2 -3 -5 -3 -6 -5 -1 -4 -6 -5 -2 -4 -6 -5 -5    1  81  16   0   0   0   0   0   0   0   0   0   0   0   0   2   0   0   0   0  1.90 0.60
    9 R    0  5 -2 -3 -5  1 -2 -4  0 -3 -3  5 -1 -5 -4 -2 -3 -5 -4 -4    8  39   1   0   0   4   0   0   2   1   1  43   1   0   0   0   0   0   0   0  1.05 0.40
   10 G   -2 -3 -3 -4 -4 -4 -5  7 -5 -6 -5 -4 -5 -6 -5 -1 -4 -5 -6 -6    0   1   0   0   0   0   0  91   0   0   1   0   0   0   0   5   0   0   0   0  1.98 0.56
   11 R    2  6 -1 -3 -4 -1 -2 -1  2 -4 -4  3 -3 -4  0 -2 -3 -4 -3 -4   18  46   3   0   0   1   0   3   5   0   0  17   0   0   4   1   0   0   0   0  0.79 0.33
   12 G   -1 -4 -3 -4 -4 -3 -4  6 -4  1 -4 -3 -4 -2 -4 -1 -3 -4 -4 -2    4   0   0   0   0   0   0  73   0  11   1   1   0   1   0   4   0   0   0   2  1.27 0.41
   13 T   -1 -1  1 -1 -2 -1 -1  3 -2 -2 -2 -1 -2 -2 -2  2  3 -2 -2 -2    3   3   5   2   1   1   3  26   1   1   3   3   1   1   1  16  27   0   1   2  0.35 0.15
   14 S   -1 -2 -1 -2 -3 -2 -2 -2 -2 -1 -1 -1 -1 -2  5  4  2 -4 -3 -2    2   1   2   0   0   0   1   3   1   4   6   2   1   2  26  37  11   0   0   2  0.60 0.28
   15 T   -2  2  0 -3 -3  1 -3 -4 -1  3 -2  0 -2 -3 -2 -2  3 -4 -3  3    1  15   4   0   0   8   0   0   1  18   0   4   0   0   1   0  21   0   0  26  0.41 0.26
   16 F   -5 -4 -1 -5 -5 -5 -5 -5  4 -3 -3 -4 -3  8 -6 -5 -5 -1  6 -4    0   0   3   0   0   0   0   0  12   0   0   1   0  60   0   0   0   0  23   0  1.76 0.54
   17 R   -3  6 -3 -4 -1  1 -2 -3 -3 -1 -4  4 -2 -5 -4 -2  1 -5 -4 -3    0  49   0   0   2   5   0   2   0   4   0  27   1   0   0   0   9   0   0   1  1.03 0.41
   18 A    4 -3  0 -3 -2 -1 -2  2 -3 -3 -3 -3 -3 -4 -3  3 -1 -5 -4  0   43   0   3   0   1   1   1  12   0   0   1   0   0   0   0  30   2   0   0   6  0.68 0.34
   19 P   -2  0  0 -3 -5 -2 -3  1  7 -4 -5 -2 -4 -4  5 -1 -2 -5 -2 -3    3   5   4   0   0   1   0  12  32   1   0   1   0   0  34   4   2   0   0   1  1.14 0.41
   20 S   -1 -3  0 -1 -3 -2 -2  2 -3 -2 -4 -1 -3 -4 -2  4  4 -5 -4  0    1   0   3   2   0   1   1  17   0   2   0   3   0   0   1  36  26   0   0   8  0.56 0.31
   21 H   -4  1 -1 -4 -5 -2 -3 -4  9 -5 -5  3 -2 -3 -4 -1 -1  5 -2 -4    0   8   1   0   0   1   0   0  53   0   0  17   1   1   0   4   4   8   0   1  1.47 0.50
   22 R   -3  4 -2 -3 -5 -1 -2 -1  6 -2  0  3 -3 -4 -4 -3 -1 -4 -1 -4    0  29   1   0   0   1   0   4  23   2  12  23   0   0   0   0   3   0   1   0  0.78 0.35
   23 Y   -3  6  0 -4 -5 -2 -2 -3  3 -4 -4  1 -4  1 -5 -3 -3 -3  4 -5    1  53   5   0   0   0   1   2   9   0   0   8   0   6   0   0   0   0  15   0  1.09 0.42
   24 K    0  1 -3 -2 -4  0 -1 -4 -3  1 -1  5 -2 -4  0 -2 -3 -5 -2  0    9   5   0   2   0   2   1   0   0   9   5  53   0   0   4   0   0   0   1   8  0.63 0.33
   25 A    3 -4 -1 -3 -4 -3 -3  5 -3 -5 -5 -3 -4 -3 -4 -1 -2 -4  3 -3   28   0   2   1   0   0   1  52   0   0   0   0   0   0   0   3   2   0  11   1  1.02 0.39
   26 D    2  2 -2  1 -4 -1  1 -3 -3 -3 -3  2 -2 -4  4  0 -1 -5 -4 -2   25  13   1   7   0   2   9   0   0   1   1  11   1   0  23   3   1   0   0   1  0.52 0.25
   27 L    4 -3 -1 -4 -3 -3 -3 -2 -4  1  1 -3  0 -3  0 -1 -1 -4 -3  3   39   0   2   0   0   0   0   1   0   9  16   0   1   0   5   2   3   0   0  21  0.42 0.25
   28 E   -1  4 -2 -3 -1  2 -1 -3 -3  1 -3  5 -3 -4 -3  0 -2 -5 -4 -3    4  24   1   0   2   7   2   1   0  12   0  40   0   0   0   6   0   0   0   1  0.68 0.32
   29 H   -4 -4 -2  1 -4 -3 -3 -5  5 -1  3 -4 -1  3 -4 -4 -3 -2  5 -2    0   0   1  11   0   0   0   0  17   3  27   0   1  12   0   0   0   0  26   1  0.80 0.34
   30 R   -3  6 -3 -4 -5 -2 -3 -4 -3 -2 -2  0 -2  2  5 -3 -3 -4 -2 -2    1  45   0   0   0   0   0   0   0   2   4   5   0  11  28   1   0   0   0   2  1.04 0.40
   31 K    2  3  1 -2 -2  0 -2 -1  0 -2 -3  1 -2 -4  2  1  1 -4 -3 -2   17  19   7   1   1   2   0   3   3   3   1  10   0   0  11  12   8   0   0   1  0.29 0.17
   32 V   -2  1 -2 -2 -3 -2 -2 -3 -2  2  2 -2  1  2 -2 -2 -1 -2  1  2    1  12   1   2   0   1   1   1   0  10  26   1   3   8   2   2   3   0   6  20  0.23 0.15
   33 E   -2 -3  2  6 -5 -1  2 -2  1 -4 -4 -1 -4 -4 -1  0 -1 -3 -2 -3    1   0   9  49   0   1  11   1   4   1   1   4   0   1   3   7   3   0   1   1  0.79 0.31
   34 D   -2 -1  0  3 -4 -1  1 -1 -1 -2 -1 -1 -2  4 -2 -2 -2 -2  4 -2    3   2   4  20   0   2   9   5   1   1   4   4   0  22   2   2   1   0  17   2  0.37 0.20
   35 G    3 -1  0  0 -2 -1  0  1  0 -2 -3  2 -2 -3 -1  1  0 -1 -2 -2   34   0   3   4   1   1   6  11   2   2   1  16   1   1   2   9   3   1   0   2  0.27 0.17
   36 D   -3 -2  0  3 -5  0  6 -1  0 -5 -4  0 -4 -5 -3 -1 -1 -5 -4 -3    1   1   3  18   0   1  57   5   2   0   1   4   0   0   1   2   2   0   0   1  0.95 0.35
   37 V   -2 -2 -2 -3 -3 -1 -3  1  0 -1 -1 -1 -1  1 -3 -1  1 -1  6  0    1   1   1   0   0   3   1  13   1   2   4   4   1   3   0   4  11   0  40   8  0.58 0.26
   38 I   -2 -2 -3 -3 -1 -3 -3 -3  0  5  1 -3  1 -1 -3 -3 -1 -3 -1  3    1   2   1   1   1   1   1   1   3  38  11   1   3   2   1   1   3   0   1  27  0.51 0.21
   39 A   -1  3  0 -2 -3  0  0 -2 -2 -2 -2  4 -2 -3  1  0  0 -3 -1 -1    3  21   3   1   0   2   6   2   0   2   2  33   0   1   8   6   5   0   2   5  0.39 0.19
   40 G    2 -2 -3 -4 -4 -4 -4  6 -4 -5 -5 -3 -4 -5 -4 -2 -3 -4 -2 -4   17   2   0   0   0   0   0  76   0   0   0   1   0   0   0   1   0   0   1   0  1.46 0.43
   41 T   -2 -1 -2 -3 -2 -1  0 -4 -2  3  0  3 -1 -2 -3 -2  1 -4 -1  3    1   3   0   0   1   1   7   0   1  18   5  22   0   0   0   2   9   0   2  29  0.32 0.21
   42 V   -3 -5 -6 -6 -3 -5 -5 -6 -6  4 -1 -5 -2 -3 -5 -4 -3 -5 -4  7    0   0   0   0   0   0   0   0   0  20   1   0   0   0   0   0   0   0   0  79  1.54 0.50
   43 V    1  0 -2 -3 -3  0  0 -3 -3  1 -2  4 -2 -4 -3 -1  0 -4 -3  2   11   3   0   0   0   3   6   0   0  12   1  39   0   0   0   3   6   0   0  16  0.40 0.24
   44 D   -2 -3 -1  6 -5 -1  3 -2  4 -5 -5  0 -4 -5 -3 -1 -2 -5 -4 -5    2   0   1  51   0   1  24   2  11   0   0   5   0   0   0   2   1   0   0   0  1.10 0.38
   45 I   -4 -5 -6 -6 -4 -5 -5 -6 -5  7  2 -5 -1  0 -5 -5 -3 -5 -3  1    0   0   0   0   0   0   0   0   0  76  14   0   1   4   0   0   0   0   0   4  1.41 0.45
   46 E   -3 -3 -4 -3 -3 -2  3 -5 -2  4  1 -3  0 -1 -4 -3 -2 -4 -2  3    0   1   0   0   0   0  21   0   1  34  10   1   2   2   0   0   1   0   1  26  0.57 0.27
   47 H   -5 -2 -3 -4 -6 -1 -3 -5 10 -4 -6 -3 -5 -3 -5 -3 -4 -4  4 -6    0   1   0   0   0   1   0   0  82   1   0   1   0   0   0   2   0   0  11   0  2.63 0.69
   48 D   -1 -4  0  7 -3 -2  3 -4 -3 -5 -5 -3 -5 -6 -4 -1 -3 -6 -5 -4    5   0   3  70   1   0  15   0   0   0   0   0   0   0   0   3   0   0   0   1  1.47 0.46
   49 P   -1  1 -4 -4 -5 -4 -4 -5 -5 -5 -4 -3 -5 -6  8  0 -1 -6 -5 -5    3   8   0   0   0   0   0   0   0   0   2   0   0   0  77   6   3   0   0   0  2.10 0.56
   50 A    1 -4  2 -3 -4 -4 -4  6 -4 -4 -5 -4 -4 -4 -4 -1 -3 -5 -5 -3   13   0  11   0   0   0   0  70   0   1   0   0   0   1   0   2   0   0   0   2  1.32 0.42
   51 R   -4  8 -3 -5 -6 -2 -3 -5  2 -5 -3  0 -1 -5 -5 -4 -4 -6 -4 -4    0  87   0   0   0   0   0   0   5   0   3   1   2   0   0   0   0   0   0   1  1.97 0.59
   52 S   -2 -3  2 -1 -2 -3 -2  5  0 -4 -4 -2 -4 -4 -4  1  3  1 -1 -3    0   0   9   3   1   0   2  44   3   0   1   1   0   0   0  11  20   2   3   1  0.67 0.29
   53 A    6 -4 -4 -4 -1 -3 -2 -1 -4 -4 -4 -3 -3 -5 -3  0 -1 -5 -4 -1   86   0   0   0   1   0   1   2   0   0   0   0   0   0   0   3   2   0   0   4  1.36 0.50
   54 P   -3  1 -2 -4 -6 -4 -4 -5 -4 -6 -6 -3 -5 -6  8 -4 -4 -6 -6 -5    1   9   2   0   0   0   0   0   0   0   0   0   0   0  86   0   0   0   0   0  2.52 0.64
   55 V   -3 -4 -5 -5 -3 -4 -5 -6 -5  4  5 -4  0 -2 -5 -4 -3 -4 -3  3    1   0   0   0   0   0   0   0   0  21  57   0   1   0   0   0   0   0   0  20  0.97 0.35
   56 A    6 -4 -4 -4  0 -3 -4 -2 -4 -2 -2 -3 -1 -5 -4 -1 -2 -5 -4 -1   86   0   0   0   2   0   0   1   0   1   4   0   1   0   0   1   0   0   0   2  1.36 0.50
   57 A   -1  3 -2 -3 -4  0  0 -4  0  0  1  4 -1 -3 -3 -2 -2 -4 -2  0    3  20   0   0   0   2   4   0   2   4  20  34   1   0   0   1   1   0   1   7  0.44 0.24
   58 V   -2 -5 -5 -5 -3 -4 -5 -5 -5  3  2 -4  0 -3 -5 -4 -2 -5 -3  6    2   0   0   0   0   0   0   0   0  18  17   0   1   0   0   0   1   0   0  60  1.03 0.37
   59 E    0  1 -1 -1 -3  1  1 -3  4 -1 -2  2 -1 -3 -3  0  1 -4 -2  1    8   8   1   2   0   5  12   0  14   1   1  16   1   0   0   4   9   0   0  17  0.26 0.17
   60 F   -3 -4 -3 -4 -4 -5 -5 -4 -3 -2  1 -5  1  8 -3 -4 -3  0  4 -2    1   0   1   1   0   0   0   1   0   1  12   0   3  62   1   1   1   0  11   2  1.33 0.42
   61 E    0  5 -1  1 -4  0  3 -3 -1 -4 -3  1 -3 -3 -1 -1 -1 -4 -3 -2    7  34   2   8   0   2  24   0   1   0   2   6   0   1   2   2   4   0   0   3  0.53 0.25
   62 D   -4 -2  5  6 -4 -2 -1 -3  2 -5 -6  0 -5 -5 -4 -1 -1 -6 -5 -4    0   1  27  53   0   1   2   1   4   0   0   5   0   0   0   2   3   0   0   1  1.23 0.42
   63 G   -1 -3 -1 -1 -5 -2 -3  5 -3 -5 -3 -2 -3 -4  5 -2 -2 -5 -5 -3    2   1   2   3   0   1   1  48   0   0   3   2   0   0  32   2   2   0   0   1  1.07 0.36
   64 D   -1 -1 -1  1 -2  0  3 -4 -1 -3 -3  0 -2 -1 -4  0  0 -2  6 -2    3   3   1   9   1   2  26   0   0   1   2   5   0   0   0   6   5   0  33   2  0.57 0.29
   65 R   -3  3 -1 -2 -2  1  2 -2 -2 -3 -4  5 -2 -4 -3 -2 -1 -5 -2 -1    0  19   2   0   1   6  11   2   0   2   0  46   0   0   0   1   3   0   1   5  0.70 0.31
   66 R   -1  3 -1 -1 -4  1  4 -2 -1 -2 -2  0 -1  2 -3  0 -1 -3  1 -1    3  22   2   0   0   3  34   2   0   1   1   3   2  11   0   5   2   0   4   4  0.43 0.23
   67 L   -3 -3 -2 -4 -3 -3 -4 -4  1 -1  3 -3  0  2 -4 -2  2 -1  6 -1    0   1   2   0   0   0   0   0   3   1  36   1   1   5   0   3  14   0  30   1  0.65 0.29
   68 I   -3 -4 -2 -4 -2 -1 -4 -5 -3  4  0 -4  4  5 -4 -3 -1 -2  0  2    1   0   3   0   1   3   1   0   0  25   5   0  12  31   0   0   2   0   1  15  0.65 0.27
   69 L   -2 -4 -5 -5 -2 -3 -4 -5 -4  5  2 -4  0 -2  2 -4 -2 -2 -2  2    3   0   0   0   1   1   0   0   0  45  22   0   0   1  10   0   0   0   1  15  0.71 0.28
   70 A    6 -4 -4 -4  0 -3 -3 -2 -4 -2 -3 -3 -3 -4 -2 -1 -2 -5 -4  0   87   0   0   0   1   0   0   0   0   2   1   0   0   0   1   2   0   0   0   5  1.34 0.48
   71 P    2 -3 -1 -3 -1 -3 -3 -3 -1 -1 -2 -3 -3 -1  5  0  2 -4 -3  1   20   0   4   0   1   0   0   0   2   2   1   0   0   4  35   4  15   0   0  12  0.68 0.27
   72 E   -2 -2  1  0 -6  1  7 -4 -2 -5 -3  0 -4 -5 -4 -2 -2 -5 -4 -4    1   1   6   3   0   4  75   0   0   0   3   3   0   0   0   0   2   0   0   1  1.29 0.44
   73 G   -2 -2 -1 -3 -5 -4 -4  7 -4 -6 -6 -1 -5 -6 -4 -1 -3 -5 -5 -5    0   1   2   0   0   0   0  87   0   0   0   5   0   0   0   3   0   0   0   0  1.75 0.48
   74 V   -1 -4 -3 -5 -2 -3 -4 -5 -4  3  3 -3  7 -2 -4 -3 -1 -4 -3  1    6   0   1   0   0   0   0   0   0  20  25   0  34   0   0   1   3   0   0   9  0.78 0.31
   75 G   -1  0 -2 -3 -3 -1 -2  0  5 -3 -3  0 -2  2 -4  0 -1 -1  6 -2    6   4   1   0   0   2   1   8  14   1   1   7   1   8   0   8   2   0  34   2  0.57 0.26
   76 V   -2 -3 -3 -3 -3  2 -2 -4 -4  1 -2 -2 -2 -4 -3 -1  5 -4 -3  4    1   1   0   0   0  11   2   0   0   7   1   1   0   0   0   2  43   0   0  30  0.69 0.33
   77 G   -2 -5 -1 -2 -5 -4 -4  7 -4 -6 -6 -3 -5 -5 -4 -2 -4 -5 -6 -5    0   0   3   2   0   0   0  92   0   0   0   1   0   0   1   1   0   0   0   0  1.94 0.51
   78 D   -2 -2 -1  3 -5  7  1 -3 -2 -5 -5 -1 -1 -5 -4 -1 -2 -5 -4 -5    2   0   2  19   0  61   5   1   0   0   0   2   1   0   0   4   2   0   0   0  1.24 0.45
   79 E   -1 -1 -1 -2 -3 -1  1 -4 -1 -1 -1  1 -1  5 -2  0  1 -2  1  0    2   3   2   0   0   2  12   0   1   3   1  10   1  35   2   6   9   0   2   8  0.33 0.20
   80 L   -3 -5 -5 -5 -2 -5 -5 -5 -5  6  1 -3  0 -2 -5 -4 -3 -5 -3  4    0   0   0   0   1   0   0   0   0  53   8   1   1   0   0   0   0   0   0  36  1.12 0.37
   81 Q    0 -2 -1 -2 -3  2  3 -4  1 -3 -3 -2 -3  1 -4 -1 -2 -1  6 -2    7   1   2   0   0  10  24   0   2   0   1   1   0   6   0   4   2   0  38   3  0.72 0.31
   82 V    1 -4 -1 -4  8 -4 -4 -3 -4  2 -2 -4 -2  2 -4  0 -2  2 -1  0   11   0   4   0  39   0   0   1   0  17   0   0   1   9   0   8   0   3   2   5  0.89 0.32
   83 G   -2 -5 -3 -4 -5 -4 -3  7 -5 -6 -6 -4 -5 -6 -5 -2 -3 -5 -6 -6    1   0   0   0   0   0   1  95   0   0   0   0   0   0   0   1   1   0   0   0  2.03 0.51
   84 V    0  0 -1  1 -3  0  1 -2 -2 -1 -1  4 -2 -3  2 -1 -1 -4 -2  0    8   3   2   6   0   2   8   1   1   4   5  36   0   0  12   3   2   0   1   6  0.32 0.17
   85 D   -1  1  3  1 -4  0  0  0 -2 -3 -4  4 -3 -4 -3  1 -1 -4 -3 -3    3   5  15   7   0   1   5   8   0   1   1  39   0   0   0  10   2   0   0   1  0.47 0.22
   86 A    6 -3 -3 -2 -3 -3 -2 -2 -4 -3 -4 -3 -3 -4 -3  0 -1 -5 -4  0   81   0   0   3   0   0   1   1   0   1   0   0   0   0   0   4   3   0   0   5  1.11 0.41
   87 E    0 -1  1  2 -3  2  2 -2 -1 -3 -3  1 -3 -4  3  1  1 -4 -3 -3    8   2   8  14   0  10  14   1   1   0   0   6   0   0  16   8  11   0   0   1  0.39 0.16
   88 I   -2 -3 -4 -5 -3 -4 -4 -5 -4  4  4 -4  1 -2  1 -2 -2 -4 -3  1    2   1   1   0   0   0   0   0   0  32  46   0   1   0   7   2   0   0   0   7  0.69 0.26
   89 A    1  1  2 -1 -2  2  0 -2  1 -2 -3  3 -1 -3 -2  1  1 -4 -2 -1   12   6  12   2   0   8   5   1   3   1   0  25   1   0   0  10   9   0   1   3  0.28 0.15
   90 P   -2 -4  1 -2 -3 -3 -2 -4 -3  4 -1 -2 -1 -2  5 -2  0 -4 -3  2    2   0   7   1   0   0   2   0   1  31   2   1   0   1  28   1   5   0   0  18  0.63 0.25
   91 G   -2 -2 -2 -3 -5 -4 -4  7 -4 -6 -6 -4 -5 -5 -4 -2 -4 -5 -5 -5    1   2   1   0   0   0   0  93   0   0   0   0   0   0   0   2   0   0   0   0  1.90 0.47
   92 N   -4 -3  8 -1 -5 -3 -3 -3  0 -5 -6 -3 -4 -5 -4 -1 -1 -6 -4 -5    0   0  90   1   0   0   0   0   2   0   0   0   0   0   0   2   2   0   0   0  2.03 0.54
   93 T   -1 -3  1 -3  1 -3 -3 -4 -4  4 -1 -3 -1 -2 -3 -1  2 -4 -3  4    3   0  10   0   3   0   0   0   0  26   0   0   0   0   0   3  16   0   0  36  0.53 0.24
   94 L   -3 -3 -4 -5 -1 -3 -4 -5 -4  1  5 -3  3 -1 -4 -3  1 -3 -3  0    1   1   0   0   1   0   0   0   0   4  69   1   6   0   0   0  10   0   0   5  0.80 0.29
   95 P   -2 -3 -4 -3 -3 -2 -1 -4 -3 -4 -4 -1 -3 -4  8 -1 -2 -5 -1 -2    1   1   0   0   1   1   3   0   1   1   1   3   1   0  75   5   2   0   3   2  1.84 0.45
   96 L   -2 -4 -5 -5 -3 -4 -4 -4 -4  3  5 -4  1 -1 -4 -4 -2 -3 -3  3    2   0   0   0   0   0   0   1   0  14  59   0   3   0   0   0   0   0   0  19  0.78 0.27
   97 A    1  2 -1 -2 -3  0 -1  4 -1 -4 -4  1 -3 -3 -3  1 -2 -4 -3 -3   11  15   2   1   0   3   2  42   1   1   0   8   0   1   0  13   0   0   0   0  0.56 0.21
   98 E   -1 -1  4  0 -3  2  2 -2 -1 -3 -3  2 -2 -3 -2  2  1 -4 -3 -2    4   1  24   3   0   9  15   0   0   0   1  12   1   1   0  17   9   0   0   1  0.39 0.19
   99 I   -2 -4 -4 -5  0 -3 -4 -5 -4  5  1 -4  5 -2 -4 -4 -2 -4 -3  2    1   0   0   0   1   0   0   0   0  50  11   0  23   0   0   0   0   0   0  12  0.89 0.30
  100 P   -3 -5 -4 -4 -5 -4 -3 -5 -5 -4 -5 -3 -5 -6  9 -3 -2 -6 -5 -5    0   0   0   0   0   0   1   0   0   1   0   0   0   0  94   0   3   0   0   0  2.71 0.56
  101 E   -2 -2 -2  2 -5  0  6 -4 -2 -4 -4 -1 -4 -5 -3 -2  0 -5 -4 -1    2   0   1   8   0   0  74   0   0   1   1   0   0   0   1   0   6   0   0   6  1.18 0.38
  102 G   -2 -5 -3 -4 -5 -4 -4  7 -4 -6 -6 -4 -5 -5 -4 -2 -4 -5 -5 -5    0   0   0   0   0   0   0  97   0   0   0   0   0   0   0   1   0   0   0   0  2.03 0.47
  103 V   -1 -3 -2 -3  1 -3 -3 -3 -4  0 -2 -3  0 -3 -3  1  6 -4 -3  1    4   0   0   0   3   0   0   1   0   4   1   0   2   1   0   8  68   0   0   8  0.92 0.35
  104 P   -1 -3 -3 -3 -2 -1 -2 -4 -3  4  0 -2  1  0  2 -2  0 -3  2  3    4   1   0   0   0   4   2   0   0  29   3   0   3   2  12   2   6   0   8  23  0.34 0.17
  105 V   -2 -3 -5 -5  0 -4 -4 -5 -5  5  0 -4 -1 -2 -4 -4 -2 -4 -3  5    1   1   0   0   2   0   0   0   0  36   2   0   0   0   0   0   0   0   0  56  1.02 0.33
  106 C   -2 -4 -1 -4  9 -3 -4 -3  5 -4 -3 -4 -3  0 -4  1 -1 -3  3 -3    1   0   3   0  52   0   0   1  14   0   0   0   0   5   0  10   2   0  10   0  1.41 0.38
  107 N    0 -3  7 -1  4 -2 -3 -2 -2 -4 -4 -2 -2 -5 -4  1 -1 -5 -4 -4   10   0  66   1  11   0   0   1   0   0   0   0   1   0   0   7   1   0   0   1  1.23 0.38
  108 V   -2 -4 -5 -5 -1 -4 -4 -5 -5  4  2 -4  0 -2 -4 -3 -2 -4 -3  5    1   0   0   0   1   0   0   0   0  28  19   0   1   0   0   0   0   0   0  49  0.83 0.28
  109 E   -3 -3 -3 -1 -6 -1  7 -5 -3 -6 -5 -2 -4 -6 -4 -3 -3 -5 -4 -5    0   0   0   0   0   0  97   0   0   0   0   0   0   0   0   0   0   0   0   0  1.96 0.53
  110 S    0  0  0 -1 -2  0  3 -1  1 -1  1  1 -1 -2 -2  1  0 -3 -1 -2    9   4   3   1   1   1  29   3   3   3  17   8   1   1   0  11   3   0   1   0  0.19 0.13
  111 S   -2  4  0 -2 -4  1 -1 -3  3 -2 -3  5 -1 -4 -3 -1 -2 -4 -2 -2    2  24   4   0   0   6   1   0   8   3   1  41   1   0   0   4   1   0   1   2  0.61 0.24
  112 P   -1 -2 -2 -3 -2 -2 -2 -3 -3 -1 -2 -2 -1 -1  7 -1  0 -4 -1  0    4   2   1   0   1   1   1   1   0   3   3   1   2   3  58   3   6   0   3   7  1.14 0.30
  113 G   -2 -3  1 -3 -5 -4 -4  7 -4 -5 -5 -3 -3 -4 -4 -2 -3 -2 -3 -5    1   1   6   0   0   0   0  87   0   0   1   0   1   0   0   0   1   1   1   0  1.65 0.41
  114 D   -3 -3 -1  7 -5 -3 -1  1 -2 -5 -6 -3 -5 -5 -4 -2 -3 -6 -5 -5    2   1   1  83   0   0   0  11   1   0   0   0   0   0   0   1   0   0   0   0  1.67 0.44
  115 G   -2  5 -2 -3 -1 -2 -3  5 -3 -6 -5 -1 -4 -5 -3 -2 -3 -5 -5 -5    0  38   1   0   2   1   0  57   0   0   0   1   0   0   1   0   0   0   0   0  1.26 0.37
  116 G    1 -5 -3 -3 -5 -4 -4  7 -4 -6 -6 -4 -5 -5 -4 -2 -4 -5 -5 -5   12   0   0   1   0   0   0  88   0   0   0   0   0   0   0   0   0   0   0   0  1.77 0.44
  117 K    1  3 -1 -3 -1  0 -1 -3 -2 -4 -4  6 -3 -5 -3  0  0 -5 -4 -2   12  12   1   0   1   2   1   0   0   0   0  57   0   0   0   4   7   0   0   2  0.76 0.30
  118 F   -3 -4 -5 -5 -2 -4 -5 -5 -3  3  4 -4  1  4 -5 -4 -3 -2  2  0    0   0   0   0   1   0   0   0   0  16  48   0   3  24   0   0   0   0   6   3  0.77 0.26
  119 A    5 -4 -4 -4  1 -3 -3  1 -4 -1 -3 -3 -2 -4 -2 -1 -2 -5 -4  2   69   0   0   0   3   0   0   7   0   2   0   0   1   0   1   1   0   0   0  15  0.83 0.33
  120 R   -4  8 -3 -4 -6  0 -2 -5 -3 -4 -4  2 -1 -5 -4 -3 -3 -5 -4 -4    0  85   0   0   0   3   0   0   0   0   0   9   2   0   0   0   1   0   0   1  1.75 0.47
  121 A    4 -3 -2 -3  2 -2 -2 -1 -3 -3 -3 -2 -3 -4 -3  4  3 -4 -3 -2   38   0   0   0   5   1   0   2   0   0   0   0   0   0   0  33  19   0   0   1  0.68 0.29
  122 S    3 -2 -1 -3 -1 -2 -2  1 -3 -4 -4 -2 -3 -4 -1  5 -1 -5 -3 -3   26   1   1   0   1   0   0   9   0   0   0   0   0   0   2  59   1   0   0   0  0.84 0.34
  123 G   -2 -2 -3 -4 -5 -4 -4  7 -4 -6 -6 -4 -5 -6 -5 -3 -4 -5 -5 -6    0   2   0   0   0   0   0  97   0   0   0   0   0   0   0   0   0   0   0   0  2.03 0.48
  124 V    0 -2  5  1  2 -2 -1 -1 -2 -2 -3 -2 -2 -4 -3  1  2 -5 -3  1    9   0  33   7   5   0   1   3   0   0   0   0   1   0   0  11  18   0   0  11  0.45 0.22
  125 N   -3 -1  0 -3 -2 -1 -3 -3  0 -4 -3 -3 -3  2 -4  2 -3 -1  8 -4    0   3   5   0   1   3   0   1   1   0   0   0   0   7   0  20   0   0  60   0  1.25 0.40
  126 A    5 -4 -3 -4  3 -3 -3  0 -4  0 -3 -3 -2 -4 -3  0 -1 -4 -4  1   66   0   0   0   8   0   0   4   0   5   0   0   0   0   0   4   1   0   0  13  0.79 0.32
  127 Q   -2 -2 -2 -1 -3  3 -2 -3  0  2  0 -2  0 -1 -3 -1  4 -4 -3  1    0   1   0   2   0  15   0   0   2  13   9   0   1   2   0   2  42   0   0   9  0.43 0.24
  128 L   -2 -4 -5 -5 -3 -4 -5 -5 -5  4  2 -4  0 -2 -4 -4 -2 -4 -3  5    0   0   0   0   0   0   0   0   0  22  23   0   0   0   0   0   0   0   0  56  0.95 0.31
  129 L   -2 -4 -5 -4 -3 -4 -3 -5 -5  5  1 -4  0  0 -4 -3 -2 -4 -3  4    1   0   0   1   0   0   2   0   0  43   8   0   2   4   0   1   1   0   0  39  0.80 0.28
  130 T    2 -3  0 -2 -3 -2 -2  3 -3 -3 -4 -2 -3 -3 -3  4  2 -4 -3 -3   21   0   4   1   0   1   0  25   0   1   0   0   0   1   0  35  11   0   0   0  0.58 0.25
  131 H   -3  2 -2 -3 -5  1 -2 -4  9 -5 -4  3 -3 -4 -4 -3 -3 -4 -1 -5    0  10   0   0   0   5   0   0  63   0   1  17   0   0   0   0   0   0   1   0  1.61 0.42
  132 D   -1 -2  1  5 -4 -1  4 -1 -2 -2 -3 -1 -1 -4 -2  0 -1 -4 -3 -2    2   1   4  39   0   0  29   5   0   2   2   1   2   0   1   5   3   0   0   2  0.62 0.21
  133 R    0  1  0  1 -3 -1  1  3 -2 -2 -3 -1 -2 -3 -1  0  2 -3 -3 -1    5   7   4   7   0   0  14  29   0   1   2   3   0   0   2   3  19   0   0   5  0.29 0.14
  134 N   -1  0  3  3 -3  0  0  3  0 -4 -3  2 -3 -4  0  0 -1 -4 -3 -3    2   2  15  16   0   2   4  23   2   1   1  17   0   0   5   5   3   0   0   0  0.37 0.14
  135 V   -1  2 -2 -2 -3  0  0 -1 -1 -2 -2  4 -1 -1 -3 -1  0 -3  2 -1    3  13   0   0   0   2   3   5   1   1   1  41   1   2   0   1   7   0  11   6  0.39 0.19
  136 A    2 -3 -2 -3 -2 -2 -2 -3 -3 -1 -2 -2 -2 -3 -3  1  5 -4 -3  2   16   0   0   0   0   0   0   1   0   2   1   0   0   0   0  10  50   0   0  18  0.64 0.27
  137 V   -1  5 -2 -3 -3  1 -2 -2 -2  1  0  0 -1 -2 -3 -1  1 -3 -2  1    3  39   0   0   0   9   0   2   0  11   6   3   0   0   0   2   9   0   1  13  0.36 0.18
  138 V   -2 -4 -4 -4 -2 -4 -4 -4 -4  4  3 -4  0 -2 -4 -3 -2 -3 -1  4    0   0   0   0   0   0   0   0   0  26  24   0   0   0   0   0   0   0   2  43  0.73 0.25
  139 K   -2  5 -2 -2 -4  3  0 -3 -2 -4 -3  5 -3 -4 -3 -1 -2 -4 -3 -3    1  33   0   0   0  12   4   0   0   0   2  41   0   0   0   2   1   0   0   1  0.86 0.28
  140 L   -3 -4 -4 -5 -3 -3 -4 -5 -4  1  5 -4  5 -1 -4 -4 -3 -3 -3 -1    0   0   0   0   0   0   0   0   0   3  72   0  19   1   0   0   0   0   0   0  1.07 0.33
  141 P   -2 -3 -4 -4 -5 -3 -3 -4 -4 -5 -5 -3 -4 -5  8 -2 -2 -5 -5 -4    2   1   0   0   0   0   0   0   0   0   1   0   0   0  90   1   2   0   0   0  2.53 0.52
  142 S   -1 -3 -2 -2 -3 -2 -2 -3 -3 -3 -4 -2 -4 -4 -2  7 -1 -5 -4 -4    0   0   0   0   0   0   0   0   0   2   1   0   0   0   1  93   0   0   0   0  1.47 0.47
  143 G   -2 -2 -2 -2 -4 -3 -3  7 -4 -5 -5 -1 -4 -5 -4 -2 -3 -4 -5 -5    0   2   0   1   0   0   1  86   0   0   1   4   0   0   0   1   1   0   0   0  1.57 0.38
  144 E    2  1 -1 -1 -2  1  3 -2 -1 -2 -2  3 -2 -2 -2  1  0 -3 -2 -2   18   4   1   0   0   5  23   1   1   3   1  20   0   2   1  13   3   0   1   2  0.27 0.14
  145 M   -2  1 -1 -2 -3  0 -1 -3 -1  2  0  4  2  1 -2 -2  0 -3 -2  0    1   4   2   1   0   2   1   0   1  17   7  40   7   6   1   1   4   0   0   5  0.30 0.18
  146 K   -2  3 -2 -3 -3 -1 -1 -3 -2 -1 -2  6 -1 -4 -3 -2 -1 -4 -3 -1    2  17   0   0   1   0   2   0   0   3   2  62   1   0   0   1   2   0   0   4  0.86 0.30
  147 R   -1  1  1  0 -2  0  1 -2 -2  0 -1 -1 -1 -2 -2  0  2  4 -1  2    3   9   8   4   0   2  12   1   0   4   4   1   0   1   0   5  19   6   1  20  0.17 0.12
  148 L   -2 -2 -4 -4 -2 -3 -4 -4 -4  3  3 -3  0  2 -4 -3 -2 -3 -1  4    0   2   0   0   0   0   0   0   0  17  26   0   1  11   0   0   0   0   1  38  0.57 0.21
  149 D   -1 -2  3  3 -3 -1 -1 -2  1 -4 -3 -1 -3 -4  4  3 -1 -4 -3 -3    2   0  14  22   0   2   1   2   4   1   2   3   0   0  22  25   0   0   0   1  0.60 0.22
  150 P    1 -3  0 -2 -3 -1 -2  0 -3 -2 -3 -2 -3 -4  4  4 -1 -4 -3  0    9   0   3   1   0   1   1   6   0   1   1   1   0   0  22  45   1   0   0   8  0.59 0.25
  151 Q    1  3  2  1 -3  1  0 -1 -1 -3 -2  1  0 -3 -2  1  0 -3 -2 -2   16  21  11   8   0   4   5   3   0   0   3  10   2   1   0   7   7   0   0   1  0.23 0.12
  152 C    1 -4  3 -3  9 -3 -4 -2 -4 -3 -4 -4 -3 -4 -4  0 -2 -4 -4 -2   14   0  18   0  54   0   0   2   0   0   0   0   0   0   0   8   0   0   0   2  1.45 0.39
  153 R   -4  8 -3 -4 -5 -1 -2 -5 -3 -5 -2  0 -2 -3 -4 -3 -3 -5 -4 -4    0  88   0   0   0   0   0   0   0   0   5   2   1   1   0   0   0   0   0   0  1.75 0.47
  154 A    6 -3 -3 -4  1 -3 -3  1 -4 -3 -4 -3 -3 -4 -3 -1 -2 -4 -4 -2   87   0   0   0   2   0   0   7   0   0   0   0   0   0   0   1   0   0   0   1  1.23 0.40
  155 T   -2 -3 -3 -4 -2 -2 -3 -4 -4  1 -1 -3  6 -2 -3  0  5 -4 -3  1    1   0   0   0   0   1   0   0   0   7   1   0  26   1   0   3  48   0   0  12  0.81 0.33
  156 I   -2 -4 -5 -5 -3 -4 -4 -5 -5  6  0 -4  0 -2 -4 -4 -2 -4 -3  5    0   0   0   0   0   0   0   0   0  50   2   0   1   0   0   0   0   0   0  44  1.06 0.32
  157 G   -2 -4 -3 -3 -5 -4 -4  7 -4 -6 -5 -4 -5 -5 -4 -2 -4 -4 -5 -5    0   0   0   0   0   0   0  96   0   0   0   0   0   0   0   0   0   0   0   0  1.97 0.45
  158 V   -2 -3 -3 -3 -2 -1  1 -4 -3  4  0 -2  0 -2 -3 -3  0 -4 -3  4    1   0   0   0   0   3  12   0   0  33   6   1   1   1   0   0   4   0   0  37  0.52 0.22
  159 V   -1 -4 -4 -5 -2 -4 -4 -5 -5  2  0 -4 -1 -3 -3 -3 -2 -4 -3  6    2   0   0   0   0   0   0   0   0  10   6   0   0   0   1   0   1   0   0  77  1.06 0.34
  160 G    6 -3 -3 -3 -2 -3 -3  2 -3 -3 -4 -3 -3 -4 -3  0 -2 -4 -4 -2   78   0   0   0   0   0   0  14   0   0   0   0   0   0   0   5   0   0   0   0  1.06 0.36
  161 G   -1 -4  2 -3 -3 -3 -4  7 -3 -5 -5 -3 -4 -5 -4 -1 -3 -4 -5 -5    2   0  12   0   0   0   0  81   0   0   0   0   0   0   0   2   0   0   0   0  1.51 0.38
  162 G    1 -4 -2 -3 -4 -3 -3  6  0 -5 -5 -3 -4 -4 -3  0 -2 -4 -4 -4   12   0   0   0   0   0   0  73   3   0   0   0   0   0   0   8   1   0   0   0  1.26 0.33
  163 G   -2 -4 -1 -1 -4 -3  1  7 -4 -5 -5 -3 -4 -5 -4 -2 -3 -4 -5 -5    0   0   1   2   0   1  10  83   0   0   0   0   0   0   0   1   0   0   0   0  1.51 0.38
  164 R   -2  7 -3 -4 -4  3 -2 -4  0 -2 -3  1 -3 -4 -4 -2 -3 -5 -4 -1    3  68   0   0   0  13   0   0   2   3   1   3   0   1   0   0   0   0   0   4  1.17 0.38
  165 T   -1 -1 -1 -1 -2 -2 -2 -2 -1  3  0  1  0 -2 -2  1  3 -4 -2  1    2   1   1   2   0   0   0   3   2  31   5   9   1   0   1  12  24   0   1   5  0.25 0.17
  166 D   -3 -3  3  6 -6 -1  5 -4 -2 -5 -5 -2 -5 -6 -3 -2 -3 -6 -5 -5    0   0  12  48   0   0  39   0   0   0   0   0   0   0   0   1   0   0   0   0  1.29 0.38
  167 K   -3  1 -3 -3 -5 -1 -2 -4 -3  2 -4  7 -2 -5 -3 -3 -3 -5 -4 -3    0   4   0   0   0   0   0   0   0  13   0  81   1   0   1   0   0   0   0   0  1.33 0.44
  168 P   -3 -3  2 -4 -6 -4 -4 -5 -4 -6 -6 -3 -5 -4  8 -2 -4 -6 -5 -5    0   1   9   0   0   0   0   0   0   0   0   0   0   1  88   1   0   0   0   0  2.50 0.55
  169 F   -3 -4 -5 -5 -3 -4 -5 -5 -4  3  3 -4  4  4 -5 -4 -3  6  0  0    0   0   0   0   0   0   0   0   0  20  30   0  14  20   0   0   0  12   1   4  0.79 0.26
  170 V   -2 -3 -4 -5 -2 -4 -4  1 -4  0  5 -4  3 -2 -4 -4 -2 -4 -3  2    1   1   0   0   0   0   0  12   0   0  65   0   6   0   0   0   0   0   0  13  0.74 0.28
  171 K   -3  0 -3 -3 -6 -1 -2 -4 -3 -5 -5  8 -4 -6 -4 -2 -2 -6 -4 -5    0   1   0   0   0   0   0   0   0   0   0  96   0   0   0   2   1   0   0   0  1.83 0.52
  172 A    7 -4 -4 -4  1 -3 -3 -2 -4 -4 -4 -3 -3 -5 -3 -1 -2 -5 -4 -3   97   0   0   0   2   0   0   0   0   0   0   0   0   0   0   1   0   0   0   0  1.56 0.48
  173 G   -2 -5 -3 -4 -5 -4 -4  7 -4 -6 -6 -4 -5 -6 -4  0 -4 -5 -5 -6    0   0   0   0   0   0   0  93   0   0   0   0   0   0   0   7   0   0   0   0  1.94 0.47
  174 N    0  5  4 -2 -4 -1 -2 -2 -2 -3 -3  3 -3 -4 -3 -2  0 -5 -3 -1    7  44  21   0   0   0   0   1   0   1   1  16   0   0   0   0   4   0   0   5  0.74 0.29
  175 K    4  0  1 -2 -2 -1 -1 -2  0 -3 -3  3 -1 -3 -2  1 -1 -4 -3 -2   47   4   7   1   0   1   1   1   3   0   1  22   1   0   0   8   1   0   0   2  0.47 0.22
  176 H   -2 -2 -3 -4 -4 -3 -3 -4  4 -1 -2 -1 -2  3 -4 -3 -3  3  7 -2    2   1   1   1   0   0   1   1  10   3   1   4   1  12   1   1   1   4  54   2  1.15 0.32
  177 H   -3 -1 -2 -3 -4 -2 -2 -4  9 -3 -3 -1 -3  1 -4 -3 -3  3  5 -4    1   3   1   1   0   0   1   1  52   1   2   3   0   5   1   1   1   5  22   1  1.38 0.37
  178 K    0  2 -1 -2 -4 -1 -1 -3  0 -2 -2  6 -2 -3 -2 -1 -2 -1  0 -3    7   9   1   1   0   0   1   1   2   2   3  62   1   0   1   2   1   1   4   1  0.76 0.28
  179 M    0 -4 -3 -5 -3 -2 -3 -4 -2 -2  0 -3  6  3 -4 -2 -3  3  7 -2    8   0   1   0   0   1   1   0   0   0   6   1  24  12   0   1   0   3  40   1  0.97 0.34
  180 K   -1  5 -1 -3 -5  1 -1 -4 -2 -5 -4  6 -3 -5 -3 -1 -3 -5 -4 -4    5  34   2   0   0   3   0   0   0   0   1  52   0   0   0   2   0   0   0   0  1.08 0.36
  181 A    4 -2 -1 -3 -2 -3 -3 -1 -3 -2 -3 -2 -2 -3 -2  2  0  6 -2  2   45   1   2   0   0   0   0   3   0   0   0   0   0   0   0  15   4  11   0  19  0.58 0.27
  182 R   -3  4 -2 -3 -5  0 -2 -4  0 -5 -3  7 -3 -5 -3 -2 -2 -5 -4 -4    0  19   0   0   0   1   0   0   2   0   2  74   0   0   0   1   1   0   0   0  1.34 0.42
  183 G    2  5  0 -3 -4 -2 -2  3 -1 -4 -4  0 -3 -4 -2 -1 -2 -4 -4 -4   20  39   3   0   0   0   0  29   1   0   0   2   0   0   1   3   0   0   0   0  0.72 0.28
  184 T   -1  1  5 -1 -4  0 -1 -2  1 -3 -4  3 -3 -3 -3 -1  0  2 -2 -1    3   8  37   0   0   3   1   1   3   1   0  25   0   1   0   2   6   3   1   6  0.55 0.25
  185 K   -1  2  0 -3  6 -1 -1 -3 -2 -2 -2  3 -2 -2 -2  0 -1 -3 -1 -1    3  15   6   0  23   0   1   0   1   2   3  27   0   1   2   9   2   0   2   3  0.48 0.22
  186 W   -3 -4 -3 -5 -4 -4 -4 -4 -2 -4 -3 -4 -2  1 -1 -3 -4 11  5 -4    2   1   1   1   0   0   1   1   1   1   1   1   1   5   3   1   1  62  17   1  2.41 0.48
  187 P   -4 -5 -5 -4 -6 -4 -4 -5 -5 -4 -5 -3 -2 -3  8 -4 -4 -6  0 -3    0   0   0   0   0   0   0   0   0   0   0   1   1   1  92   0   0   0   4   2  2.64 0.58
  188 N   -2  4 -1 -2 -3  0 -1 -3  0  0 -2  4 -2 -4 -3 -1  2 -4 -3  0    0  30   2   0   0   3   0   0   2   6   1  28   0   0   0   3  19   0   0   6  0.53 0.24
  189 V   -2 -5 -4 -5 -3 -4 -5 -5 -5  0 -2 -4 -2 -3 -2 -2  1 -5 -4  7    0   0   0   0   0   0   0   0   0   1   0   0   0   0   1   1  10   0   0  86  1.33 0.44
  190 R   -4  8 -2 -4 -3 -1 -2 -5 -3 -6 -5  1 -4 -5 -5  0 -3 -5 -4 -5    0  88   1   0   1   0   0   0   0   0   0   4   0   0   0   6   0   0   0   0  1.84 0.50
  191 G   -2 -5 -3 -4 -2 -4 -5  7 -5 -4 -6 -4 -5 -6 -5 -3 -4 -5 -6 -6    0   0   0   0   1   0   0  98   0   1   0   0   0   0   0   0   0   0   0   0  2.08 0.50
  192 V   -2 -5 -5 -5 -3 -4 -5 -4 -5  1 -1 -2 -2 -2 -5 -4 -2 -5 -3  7    0   0   0   0   0   0   0   1   0   2   1   4   0   1   0   0   0   0   0  91  1.41 0.45
  193 A    6 -3 -4 -4  0 -3 -3 -2 -4 -3 -3 -1 -3 -4 -3 -1 -2 -5 -2  0   84   0   0   0   2   0   0   0   0   0   0   4   0   0   0   1   0   0   1   7  1.14 0.42
  194 M   -4 -2 -5 -6 -4  0 -5 -6 -4 -2 -1 -3 10 -3 -5 -4 -2 -4 -4 -2    0   2   0   0   0   4   0   0   0   0   1   1  89   0   0   0   2   0   0   0  2.30 0.64
  195 N   -2 -3  8 -1 -5 -3 -3 -2 -2 -6 -6 -3 -5 -5 -5 -1 -3 -6 -3 -3    3   0  89   0   0   0   0   2   0   0   0   0   0   0   0   2   0   0   1   1  1.92 0.54
  196 A    3 -4 -4 -4 -4 -3 -3 -4 -4 -4 -4 -2 -4 -5  7 -2 -3 -6 -5  0   29   0   0   0   0   0   0   0   0   0   0   1   0   0  62   0   0   0   0   7  1.62 0.43
  197 V    0 -4 -5 -5 -3 -4 -3 -5 -4  2 -1 -4 -1 -3 -4 -3 -1 -4  1  6    5   1   0   0   0   0   1   0   0   6   0   0   0   0   0   1   1   0   5  78  1.07 0.38
  198 D   -2 -2  2  6 -5 -1  4 -3 -2 -4 -5 -2 -4 -4 -3  0 -2 -5 -2 -2    3   1   9  50   0   0  26   0   0   0   0   0   0   1   0   5   0   0   1   3  0.96 0.32
  199 H   -5 -3 -2 -4 -6 -2 -3 -5 11 -6 -6 -4 -5 -4 -5 -3 -5 -5 -1 -6    0   0   0   0   0   0   0   0  97   0   0   0   0   0   0   0   0   0   0   0  3.08 0.69
  200 P   -3 -4 -5 -4 -4 -4 -4 -5 -5 -3 -5 -3 -5 -6  8 -3 -4 -6 -6 -4    1   1   0   0   0   0   0   0   0   1   0   1   0   0  93   0   0   0   0   1  2.68 0.58
  201 F   -4 -3 -2 -4 -5 -3 -3 -5  9 -4 -4 -4 -3  5 -5 -4 -4  0  0 -5    1   0   1   0   0   0   0   0  68   0   0   0   0  26   0   0   0   1   1   0  2.02 0.52
  202 G   -2 -2 -3 -3 -5 -3 -2  7 -4 -6 -6  0 -5 -5 -4 -2 -4 -5 -5 -5    0   2   0   0   0   0   2  88   0   0   0   5   0   0   0   0   0   0   0   0  1.66 0.43
  203 G   -2 -4 -2 -3 -4 -4 -4  7 -4 -5 -5 -4 -5 -5 -4 -2  0 -5 -5 -5    1   0   0   1   0   0   0  87   0   0   0   0   0   0   0   1   7   0   0   0  1.64 0.42
  204 G   -2 -4 -2 -3 -4 -4 -4  7 -4 -5 -5 -2 -4 -5 -4  0 -3 -3 -5 -4    0   0   0   0   0   0   0  85   0   0   0   2   0   0   0   8   0   0   0   1  1.58 0.41
  205 G   -1  1  6 -1 -4 -2  0  2 -1 -4 -3 -1 -3 -4 -3  1 -2 -5 -3 -4    4   8  54   0   0   0   4  16   1   0   2   1   0   0   0   8   0   0   0   0  0.81 0.29
  206 R   -3  1 -2 -3 -5 -1 -3  1 10 -5 -3 -2 -4 -4 -4 -3 -4  0 -1 -5    1   7   0   0   0   1   0  11  73   0   2   2   0   0   0   0   0   1   0   0  1.82 0.48
  207 Q   -3  2 -2 -3 -5  7 -1 -4  1 -5 -4  1 -3 -5 -1 -2 -2 -4 -3 -4    0  10   0   0   0  74   0   0   3   0   0   6   0   0   3   1   1   0   0   0  1.40 0.44
  208 H   -2 -1 -1 -3 -5 -2 -2 -4 10 -5 -5 -1 -4 -2 -4 -1 -1 -5 -1 -5    3   3   1   0   0   0   0   0  79   0   0   3   0   1   0   4   4   0   0   0  2.03 0.50
  209 P   -2 -4 -4 -4  0 -3 -3 -1 -2  5 -1 -3  0 -2  4 -2 -1 -4 -3  3    1   0   0   0   2   0   1   4   1  45   0   0   1   0  21   3   2   0   0  18  0.65 0.25
  210 G   -2 -4 -2 -3 -4 -4 -4  7  0 -5 -5 -3 -5 -5 -4  0 -3 -5 -5 -4    0   0   0   0   0   0   0  89   2   0   0   1   0   0   0   5   0   0   0   1  1.69 0.42
  211 K   -2  4 -1 -2 -4  1 -1  0  5 -3 -4  4 -2 -3 -3 -1  0 -4 -2 -3    1  22   1   0   0   5   0   7  16   1   0  37   1   1   0   2   5   0   0   1  0.63 0.25
  212 P    2 -1 -4 -4 -4 -2 -3 -3 -4 -5 -4 -3 -4 -5  8  0 -2 -6 -5 -4   16   3   0   0   0   1   0   0   0   0   1   0   0   0  72   7   1   0   0   0  1.82 0.44
  213 K   -1 -2  0 -2 -3 -1  1 -2  0 -4 -4  1 -3 -1 -2  5  2 -2 -3 -3    1   0   3   0   0   1   8   1   3   0   0  11   0   3   0  54  13   1   0   0  0.59 0.27
  214 S   -2 -3 -2 -3  0 -3 -3  0 -4 -3 -3 -3 -3 -4  0  1  6 -4 -4 -2    0   0   0   0   1   0   0   8   0   0   0   0   0   0   4  10  73   0   0   1  1.11 0.40
  215 I   -2  0 -4 -5 -3 -4 -4 -5 -3  4 -1 -3 -1 -2 -4 -3 -1 -5 -3  6    1   7   0   0   0   0   0   0   1  23   1   0   0   0   0   0   2   0   0  63  0.90 0.33
  216 S    1  2 -1 -2 -3  0 -2  0  0 -4 -4  1 -3 -4  0  4  1 -4 -3 -3   12  12   0   0   0   2   0   7   2   0   0   7   0   0   4  46   6   0   0   0  0.49 0.24
  217 R   -4  8 -3 -4 -5 -1 -2 -4 -3 -4 -4  2 -4 -5 -3 -3 -3 -5 -4 -5    0  86   0   0   0   0   1   0   0   1   0   9   0   0   1   0   0   0   0   0  1.76 0.48
  218 N   -2  1  3  3 -4 -1 -1  1  2 -3 -3  0 -2 -2 -2  0  1  0  0 -3    1   8  19  24   0   1   1  12   7   0   1   5   1   1   1   4   8   1   5   0  0.36 0.16
  219 A    5 -1 -1 -2 -1 -2 -2 -2 -2 -2 -3 -2 -2 -4 -1  1  3 -4 -3 -2   60   3   2   1   1   0   1   1   1   1   0   1   0   0   3   5  19   0   0   0  0.65 0.29
  220 P   -1 -2 -1 -3 -2 -3 -3 -3 -3 -4 -4  0 -4 -5  7  2 -2 -6 -5 -1    4   2   3   0   1   0   0   0   0   0   0   4   0   0  64  17   1   0   0   5  1.49 0.40
  221 P    2 -2 -4 -3 -4  0 -2 -3 -2 -5 -5 -1 -4 -5  7 -1 -3  2 -2 -4   22   1   0   1   0   5   0   0   1   0   0   3   0   0  61   2   0   3   1   0  1.47 0.40
  222 G   -1 -4 -1 -3 -5 -4 -2  7 -4 -6 -5 -3 -5 -5 -4  0 -3 -2 -5 -5    3   0   1   0   0   0   2  87   0   0   0   0   0   0   0   5   0   1   0   0  1.65 0.43
  223 R   -1  6 -2  0 -5  5 -1 -4 -2 -5 -4  1 -3 -5 -4  0 -3 -5 -4 -4    6  49   0   4   0  32   0   0   0   0   0   4   0   0   0   5   0   0   0   0  1.06 0.37
  224 K   -3  0 -1 -1 -5  0 -1 -4 -3 -5 -5  7 -4 -5 -3 -2 -2 -5 -4 -5    1   1   1   3   0   3   1   0   0   0   0  88   0   0   0   0   1   0   0   0  1.54 0.47
  225 V    0 -3 -4 -4 -2 -3 -2 -4 -5  1  0 -2  0 -3 -4 -2 -2 -5 -3  6    7   1   0   0   0   0   3   0   0   3   4   3   1   0   0   1   1   0   0  75  0.89 0.34
  226 G   -2 -4 -2 -3 -4 -4 -4  7 -4 -5 -3 -3 -2 -4 -4 -2 -3 -4 -5 -5    0   0   0   1   0   0   0  90   0   0   3   0   1   1   0   1   0   0   0   0  1.68 0.42
  227 D   -2  0 -1 -1 -3 -1 -3 -4  4  2  3 -2  0  0 -4 -1 -2 -3 -1 -1    0   5   3   4   0   2   0   0  15  13  45   0   1   3   0   7   0   0   1   0  0.37 0.20
  228 I   -3 -4 -5 -5 -3 -5 -5 -6 -5  7  0 -4 -1 -2 -5 -4 -2 -4 -1  3    0   1   0   0   0   0   0   0   0  74   5   0   0   0   0   0   0   0   2  18  1.21 0.38
  229 A    5  2 -3 -3 -3 -2 -3  1 -3 -4 -4 -2 -3 -4 -3  1 -2 -5 -4 -2   68  15   0   0   0   0   0  11   0   0   0   0   0   0   0   6   0   0   0   0  0.87 0.35
  230 S    5  2 -3 -3 -3 -2 -2 -2 -3 -4 -4 -2 -3 -4  2  1 -1 -5 -4 -2   63  13   0   0   0   0   0   0   0   0   0   0   0   0  11  10   3   0   0   0  0.81 0.33
  231 K   -3  7 -3 -4 -6 -1 -2 -2 -3 -5 -4  2 -4 -5 -4 -1 -3 -5 -4 -5    0  82   0   0   0   0   0   2   0   0   0  12   0   0   0   3   0   0   0   0  1.64 0.46
  232 R   -3  7 -2 -4  0 -1 -2 -2 -1 -5 -5  2 -4 -5 -4 -2 -3 -5 -4 -5    0  82   1   0   3   1   0   2   1   0   0  10   0   0   0   1   0   0   0   0  1.60 0.45
  233 T   -2 -2 -2 -3 -2 -3 -3 -4 -4 -3 -4 -3 -3 -5 -2  0  7 -5 -4 -2    0   1   0   0   1   0   0   0   0   0   0   0   0   0   1   4  92   0   0   0  1.63 0.50
  234 G   -2 -4 -2 -4 -5 -4 -4  7 -4 -6 -6 -2 -5 -6 -4 -2 -4 -5 -5 -6    0   0   1   0   0   0   0  97   0   0   0   2   0   0   0   0   0   0   0   0  1.99 0.46
  235 R   -3  7 -2 -3 -4 -1 -2 -4 -2 -4 -4  4 -3 -5 -4 -3 -2 -5 -4 -4    0  74   0   0   0   0   0   0   0   0   0  24   0   0   0   0   1   0   0   0  1.47 0.39
  236 G    0 -2 -1 -2 -3 -3 -3  6 -3 -5 -4 -2 -4 -3 -3 -1 -2 -3 -1 -4    4   3   0   0   0   0   0  88   0   0   0   0   0   0   0   1   0   0   4   0  1.23 0.17
  237 G    0 -3 -1 -2 -3 -2 -3  6 -3 -5 -4 -2 -3 -4 -3 -1 -2 -3 -4 -4    0   0   0   0   0   0   0 100   0   0   0   0   0   0   0   0   0   0   0   0  1.34 0.10

                      K         Lambda
Standard Ungapped    0.1371     0.3150
Standard Gapped      0.0624     0.2670
PSI Ungapped         0.2024     0.3119
PSI Gapped           0.0624     0.2670
