
Last position-specific scoring matrix computed, weighted observed percentages rounded down, information per position, and relative weight of gapless real matches to pseudocounts
           A  R  N  D  C  Q  E  G  H  I  L  K  M  F  P  S  T  W  Y  V   A   R   N   D   C   Q   E   G   H   I   L   K   M   F   P   S   T   W   Y   V
    1 M   -3 -3 -4 -5 -3 -2 -4 -5 -3 -1  0 -3 10 -2 -4 -3 -2 -3 -3 -1    0   0   0   0   0   0   0   0   0   0   0   0 100   0   0   0   0   0   0   0  1.89 0.31
    2 R   -3  8 -2 -3 -5  0 -2 -4 -2 -5 -4  1 -3 -4 -4 -2 -3 -4 -3 -4    0 100   0   0   0   0   0   0   0   0   0   0   0   0   0   0   0   0   0   0  1.66 0.25
    3 T    0 -2 -1 -2 -2 -2 -2 -2 -2 -3 -3 -2 -2 -4 -2  4  5 -4 -3 -2    0   0   0   0   0   0   0   0   0   0   0   0   0   0   0  53  47   0   0   0  0.83 0.18
    4 E   -3 -2  1  0 -4  1  1 -3  8  0 -2 -2 -1 -3 -3 -2 -2 -4  0 -1    0   0   7   6   0   5   9   0  58   8   1   0   2   0   0   0   1   0   0   4  0.88 0.17
    5 Y   -3 -3 -3 -5 -2 -3 -4 -5  0 -3 -2 -3 -3  2 -5 -3 -3  1  9 -3    0   1   1   0   1   0   0   0   0   0   2   0   0   0   0   0   0   0  96   0  1.92 0.27
    6 C   -2 -5 -5 -5 11 -5 -6 -4 -5 -3 -3 -5 -3 -4 -5 -2 -3 -4 -4 -3    0   0   0   0 100   0   0   0   0   0   0   0   0   0   0   0   0   0   0   0  2.76 0.31
    7 G   -1 -4 -2 -3 -4 -3 -3  7 -3 -5 -5 -3 -4 -5 -4 -2 -3 -4 -5 -5    0   0   0   0   0   0   1  99   0   0   0   0   0   0   0   0   0   0   0   0  1.69 0.21
    8 Q    0  0  1  2 -3  4  2 -1  2 -3 -2  0 -2 -3 -2  0 -1 -3 -2 -2    9   2   5  12   0  36  14   2   6   0   3   2   0   1   0   3   1   0   0   3  0.36 0.09
    9 L   -2 -3 -4 -4 -2 -3 -4 -5 -4  3  4 -3  1  0 -4 -3 -1 -3 -2  3    0   0   0   0   0   0   0   0   0  15  61   0   0   1   0   0   1   0   0  22  0.62 0.12
   10 R   -2  1  6  2 -2 -1 -1 -1 -1 -4 -4 -1 -3 -4 -3  0  2 -5 -3 -3    0   9  62   7   1   0   2   1   0   0   0   1   0   0   0   4  14   0   0   0  0.79 0.15
   11 L    1  1 -1  0 -3  1  3 -2 -1 -2  0  1 -1 -3 -2  1  0 -3 -2 -1   12   7   0   1   0   2  34   1   0   1  15  13   0   0   0  11   3   0   0   2  0.24 0.07
   12 S    2 -1  0  0 -2  0  1 -1 -1 -3 -3 -1 -2 -3 -2  4  2 -4 -3 -2   16   1   2   3   0   2   7   2   0   0   0   2   0   0   0  56  10   0   0   1  0.47 0.12
   13 H   -2 -2  1  0 -3  0 -1 -3  7 -2  1 -2  0  1 -3 -1 -2 -3  1 -2    0   0   8   5   0   4   2   0  43   0  24   0   1   5   0   2   0   0   5   2  0.54 0.13
   14 V    0 -3 -3  0 -2 -2 -1 -3 -3  3  2 -3  0 -1 -3 -2 -1 -3 -2  3    7   0   0   6   0   0   5   0   0  31  16   0   0   0   0   0   0   0   0  34  0.32 0.09
   15 G   -1 -3  0  4 -4 -2  0  5 -3 -5 -5 -2 -4 -4 -3 -1 -2 -4 -4 -4    0   0   3  31   0   0   4  61   0   0   0   0   0   0   0   2   0   0   0   0  0.97 0.15
   16 Q   -2  0 -1 -1 -4  7  2 -3  0 -4 -3  0 -2 -5 -3 -1 -2 -4 -3 -4    0   3   1   1   0  81  10   0   1   0   0   2   0   0   0   1   1   0   0   0  1.20 0.22
   17 Q   -1 -1 -1  1 -3  2  5 -3 -1 -3 -3  1 -2 -4 -2  0  3 -4 -3 -2    1   0   1   3   0  12  49   0   0   0   1   5   0   0   0   3  25   0   0   0  0.60 0.13
   18 V   -1 -4 -4 -5 -2 -4 -4 -5 -4  3  0 -4  0 -2 -4 -3 -1 -4 -2  6    0   0   0   0   0   0   0   0   0  13   0   0   0   0   0   0   0   0   0  87  0.95 0.19
   19 T   -1 -2 -1 -2 -1 -1  2 -2 -3 -1 -2 -1 -1 -3 -2  0  6 -4 -3  0    0   0   0   0   1   1  14   1   0   2   0   1   0   0   0   2  74   0   0   4  0.74 0.17
   20 L   -2 -3 -5 -5 -2 -3 -4 -5 -4  1  5 -4  1  0 -4 -4 -2 -3 -2  1    0   0   0   0   0   0   0   0   0   5  89   0   0   1   0   0   0   0   0   5  0.87 0.16
   21 C   -1 -4 -3 -4 10 -4 -4 -4 -4 -2 -3 -4 -2 -3 -4  0 -2 -4 -2  0    1   0   1   0  78   0   0   0   0   0   0   0   0   1   0   9   1   0   2   8  1.77 0.23
   22 G   -1 -4 -2 -3 -4 -3 -4  7 -3 -5 -5 -3 -4 -5 -4 -2 -3 -4 -5 -5    0   0   0   0   0   0   0 100   0   0   0   0   0   0   0   0   0   0   0   0  1.70 0.21
   23 W   -5 -5 -6 -6 -4 -4 -5 -5 -4 -5 -4 -5 -3 -1 -6 -5 -5 12  0 -5    0   0   0   0   0   0   0   0   0   0   0   0   0   0   0   0   0 100   0   0  3.82 0.36
   24 V   -1 -4 -4 -5 -2 -3 -4 -4 -4  2  0 -4  0 -2 -4 -3 -1 -4 -2  6    1   0   0   0   0   0   0   0   0   6   0   0   2   0   0   0   0   0   0  91  0.96 0.19
   25 N   -3 -2  5  2 -4  0 -1 -2  7 -5 -4 -2 -3 -3 -3 -1 -2 -4 -1 -4    0   0  45  10   0   1   0   0  41   0   0   0   0   0   0   2   0   0   0   0  1.08 0.18
   26 R   -3  7 -2 -3 -5  0 -1 -4 -2 -4 -4  2 -3 -4 -3 -2 -2 -4 -3 -4    0  89   0   0   0   0   0   0   0   0   0  11   0   0   0   0   0   0   0   0  1.42 0.22
   27 R   -2  7 -2 -3 -5  0 -1 -4 -2 -4 -3  1 -3 -4 -3 -1 -2 -4 -3 -3    2  91   0   0   0   2   0   0   0   0   0   0   0   0   0   3   0   0   0   2  1.34 0.21
   28 R   -3  8 -2 -3 -5  0 -2 -4 -2 -5 -4  1 -3 -4 -4 -2 -3 -4 -3 -4    0 100   0   0   0   0   0   0   0   0   0   0   0   0   0   0   0   0   0   0  1.65 0.24
   29 D   -3 -3  2  7 -5 -2  0 -3 -2 -5 -5 -2 -5 -5 -3 -2 -2 -6 -5 -5    0   0   6  94   0   0   0   0   0   0   0   0   0   0   0   0   0   0   0   0  1.61 0.22
   30 L   -3 -2 -2 -3 -3 -2 -2 -4  7 -1  4 -3  0 -1 -4 -3 -3 -3 -1 -2    0   0   0   0   0   0   0   0  46   0  54   0   0   0   0   0   0   0   0   0  0.94 0.19
   31 G   -1 -4 -2 -3 -4 -3 -4  7 -3 -5 -5 -3 -4 -5 -4 -2 -3 -4 -5 -5    0   0   0   0   0   0   0 100   0   0   0   0   0   0   0   0   0   0   0   0  1.70 0.22
   32 S   -1 -2 -1 -2 -4 -3 -3  6 -3 -5 -5 -2 -4 -4 -3  0 -2 -4 -4 -4    1   2   0   0   0   0   0  88   0   0   0   1   0   0   0   8   0   0   0   0  1.34 0.18
   33 L   -2 -3 -4 -4 -2 -3 -4 -4 -4  2  3 -3  2  0 -4 -3 -1 -3 -2  4    0   0   0   0   0   0   0   0   0   1  37   0   4   2   0   0   0   0   0  55  0.61 0.13
   34 I   -3 -4 -5 -5 -3 -4 -5 -5 -5  7  0 -4  0 -1 -4 -4 -2 -4 -3  2    0   0   0   0   0   0   0   0   0  96   0   0   0   0   0   0   1   0   0   3  1.17 0.21
   35 F   -4 -4 -5 -5 -4 -5 -5 -5 -3 -2 -1 -5 -1  8 -5 -4 -4  0  2 -2    0   0   0   0   0   0   0   0   0   0   0   0   0 100   0   0   0   0   0   0  1.84 0.25
   36 I   -2 -4 -4 -4 -2 -3 -4 -5 -4  5  3 -4  1 -1 -4 -3 -2 -3 -2  2    0   0   0   0   0   0   0   0   0  56  33   0   2   1   0   0   0   0   0   8  0.67 0.13
   37 D   -2 -3  0  7 -5  0  0 -3 -2 -5 -5 -2 -4 -5 -3 -2 -2 -6 -4 -4    2   0   0  94   0   3   0   0   0   0   0   0   0   0   0   0   0   0   0   0  1.57 0.22
   38 M   -2 -3 -4 -4 -2 -2 -4 -4 -3  2  4 -3  6 -1 -4 -3 -2 -3 -2  1    0   0   0   0   0   0   0   0   0   6  45   0  40   0   0   0   0   0   0   7  0.74 0.15
   39 R   -3  8 -2 -3 -5  0 -2 -4 -2 -5 -4  1 -3 -4 -4 -2 -3 -4 -3 -4    0  99   0   0   0   0   0   0   0   0   0   0   0   0   0   0   0   0   0   0  1.63 0.25
   40 D   -3 -3  0  8 -5 -2  0 -3 -3 -5 -5 -2 -5 -5 -3 -2 -3 -6 -5 -5    0   0   0  99   0   0   0   0   0   0   0   0   0   0   0   0   0   0   0   0  1.75 0.24
   41 R   -3  7 -2 -3 -1  0 -2 -4  0 -4 -3  1 -3 -3 -4 -2 -2 -4 -3 -3    0  93   0   0   2   0   0   0   2   0   0   1   0   1   0   0   0   0   0   1  1.41 0.22
   42 E   -1 -1 -1  3 -4  1  6 -3 -1 -4 -4  0 -3 -4 -2 -1 -1 -4 -3 -3    5   0   1  13   0   1  74   0   0   0   0   1   0   0   0   2   3   0   0   0  0.94 0.17
   43 G   -1 -4 -2 -3 -4 -3 -3  7 -3 -5 -5 -3 -4 -5 -4 -2 -3 -4 -4 -5    0   0   0   0   0   0   0  99   0   0   0   0   0   0   0   0   0   0   0   0  1.68 0.21
   44 I   -2 -4 -4 -4 -2 -3 -4 -5 -4  5  3 -4  1 -1 -4 -3 -2 -3 -2  2    0   0   0   0   0   0   0   0   0  54  37   0   2   0   0   0   0   0   0   6  0.68 0.13
   45 V    1 -3 -4 -4 -2 -3 -3 -4 -4  2  0 -3  0 -2 -3 -1  0 -4 -2  5   11   0   0   0   0   0   0   0   0   3   5   0   1   0   0   2   2   0   0  76  0.63 0.15
   46 Q   -2 -1 -2 -2 -5  8  0 -3 -1 -4 -4  0 -2 -5 -3 -2 -2 -4 -3 -4    0   0   0   0   0  99   0   0   0   0   0   0   0   0   0   0   0   0   0   0  1.67 0.28
   47 V   -1 -4 -4 -5 -2 -4 -4 -5 -4  2  0 -4 -1 -2 -4 -3 -1 -4 -2  6    0   0   0   0   0   0   0   0   0   2   0   0   0   1   0   0   0   0   0  97  1.05 0.21
   48 F   -2 -4 -4 -4  2 -4 -4 -4 -3  1  0 -4 -1  4 -4 -3 -2 -2  0  5    0   0   0   0   4   0   0   0   0   0   0   0   0  25   0   0   0   0   2  68  0.70 0.16
   49 F   -3 -4 -4 -5  0 -4 -4 -4 -2  0  0 -4 -1  7 -4 -3 -3 -1  3  1    0   0   0   0   3   0   0   0   0   4   1   0   0  71   0   0   0   0   6  14  1.04 0.17
   50 D   -3 -3  1  7 -5 -1  0 -3 -2 -5 -5 -2 -5 -5 -3 -2 -2 -6 -5 -5    0   0   5  95   0   1   0   0   0   0   0   0   0   0   0   0   0   0   0   0  1.64 0.23
   51 P   -2 -4 -4 -3 -4 -3 -1 -3 -4 -4 -4 -2 -4 -5  8 -2 -3 -5 -5 -4    1   0   0   0   0   0   3   1   0   0   1   0   0   0  94   0   0   0   0   0  2.38 0.25
   52 D   -3 -1  0  7 -5 -1  1 -3 -2 -4 -5  0 -4 -5 -3 -1 -1 -5 -4 -4    1   1   1  82   0   0   6   0   0   0   0   6   0   0   0   0   2   0   0   0  1.27 0.19
   53 R   -1  3 -1  0 -3  1 -1 -2  1 -1  0  0  1 -1 -2 -1  2 -2  0 -1    5  24   1   5   0   9   1   1   5   1  10   2   6   3   0   0  21   0   3   4  0.16 0.07
   54 A    2 -1 -1 -1 -3  3  2 -1 -1 -2 -3  1 -2 -4  3  0 -1 -3 -3 -1   27   1   1   1   0  17  16   1   0   1   0  12   0   0  17   2   1   0   0   3  0.39 0.09
   55 D    0 -2  0  4 -4  1  5 -2 -1 -4 -3 -1 -3 -4 -2  0 -1 -4 -3 -3    8   0   2  26   0   2  55   2   0   0   1   0   0   0   0   2   1   0   0   0  0.74 0.14
   56 A    3 -2 -1 -2 -1 -2 -2 -2  0  1  1 -1  0 -1 -1  1  0 -3 -1  2   39   0   2   0   1   0   0   0   3   5  12   1   1   1   2   9   4   0   1  19  0.19 0.07
   57 L   -3 -4 -4 -5 -4 -4 -4 -5 -1 -1  0 -4  0  8 -5 -4 -2  0  2 -2    0   0   0   0   0   0   0   0   1   1   7   0   2  85   0   0   2   0   2   0  1.37 0.21
   58 K    3 -1  1  1 -2  0  2 -1 -2 -2 -2  1 -2 -3 -1  1  1 -4 -3 -1   41   1   6   7   0   3  17   0   0   1   0  10   0   0   0   5   8   0   0   0  0.29 0.08
   59 L   -1  1 -1 -2  0  1 -1 -3 -2  1  2  1  0 -2 -2 -1  2 -3 -2  1    4   9   2   1   1   8   1   0   0   6  28   9   1   0   0   0  18   0   0  11  0.12 0.05
   60 A    6 -3 -3 -3 -2 -2 -2 -1 -3 -3 -3 -2 -2 -4 -2  0 -1 -4 -3 -1  100   0   0   0   0   0   0   0   0   0   0   0   0   0   0   0   0   0   0   0  1.09 0.21
   61 S    0 -2  3  4 -2  0  2 -2 -1 -4 -4 -1 -3 -3 -2  2 -1 -4 -1 -3    7   0  15  31   0   0  18   0   0   0   0   0   0   0   0  26   0   0   2   0  0.51 0.11
   62 E    0  3 -1  0 -3  2  2 -1 -1 -3 -3  2 -2 -4 -2  1  1 -3 -2 -3    3  22   0   1   0  13  18   2   1   0   0  14   0   0   0  15  10   0   0   0  0.38 0.08
   63 L    0 -3 -4 -4 -1 -3 -3 -4 -4  1  4 -3  1 -1 -3 -2 -1 -3 -2  3    9   0   0   0   1   0   0   0   0   2  50   0   0   0   0   0   0   0   0  38  0.50 0.12
   64 R   -3  8 -2 -3 -5  0 -2 -4 -2 -5 -4  1 -3 -4 -4 -2 -3 -4 -3 -4    0  99   0   0   0   0   0   0   0   0   0   1   0   0   0   0   0   0   0   0  1.62 0.24
   65 N   -1 -2  5  0 -3  0 -1  0 -1 -4 -4 -1 -3 -4 -1  3  0 -4 -3 -3    3   0  49   1   0   3   0   5   0   0   0   0   0   0   3  36   1   0   0   0  0.70 0.15
   66 E   -2 -2 -2  0 -5  1  7 -4 -2 -5 -4 -1 -4 -5 -3 -2 -2 -4 -4 -4    0   0   0   0   0   0 100   0   0   0   0   0   0   0   0   0   0   0   0   0  1.50 0.24
   67 F   -2 -4 -4 -5 -4 -4 -4 -4 -1 -2 -1 -4 -2  7 -5 -3 -3  2  6 -2    2   0   0   0   0   0   0   0   0   0   0   0   0  60   0   0   0   2  36   0  1.34 0.20
   68 C   -2 -4 -4 -5  9 -4 -4 -4 -5  0 -1 -4 -1 -3 -4 -3 -2 -4 -3  4    0   0   0   0  52   0   0   0   0   0   0   0   0   0   0   0   0   0   0  48  1.31 0.21
   69 I   -2 -3 -4 -4 -2 -3 -4 -5 -4  4  3 -3  1 -1 -4 -3 -1 -3 -2  3    0   0   0   0   0   0   0   0   0  39  35   0   1   0   0   0   0   0   0  26  0.60 0.11
   70 Q   -1  3 -1 -2 -4  6  1 -3 -1 -4 -3  4 -2 -4 -2 -1 -2 -4 -3 -3    1  13   0   0   0  50   3   0   0   0   0  31   0   0   0   1   0   0   0   0  0.84 0.16
   71 V   -2 -4 -4 -4 -2 -3 -4 -5 -4  5  2 -3  1 -1 -4 -3 -1 -3 -2  3    0   0   0   0   0   0   0   0   0  52  17   0   2   1   0   0   0   0   0  28  0.65 0.13
   72 T   -1  1 -1 -2 -2  0  0 -3 -1 -2 -2  2 -2 -3 -2  1  5 -4 -3  0    2   6   0   0   0   4   4   0   1   0   0  20   0   0   0   4  56   0   0   4  0.50 0.13
   73 G   -1 -4 -2 -3 -4 -3 -4  7 -3 -5 -5 -3 -4 -5 -4 -2 -3 -4 -5 -5    0   0   0   0   0   0   0 100   0   0   0   0   0   0   0   0   0   0   0   0  1.70 0.21
   74 T   -1  3 -1 -1 -3  1  1 -3 -1  0  0  2  0 -2 -2 -1  1 -3 -2  0    0  29   1   0   0   3  14   0   0   8   9  14   2   0   0   0  14   0   0   6  0.25 0.07
   75 V   -1 -4 -4 -5 -2 -4 -4 -5 -5  2  0 -4 -1 -2 -4 -3 -1 -4 -3  6    0   0   0   0   0   0   0   0   0   2   0   0   0   0   0   0   0   0   0  98  1.08 0.21
   76 R   -3  7 -1 -3 -3  1 -1 -4 -2 -1 -3  1 -2 -4 -3 -2 -2 -4 -3 -3    0  86   1   0   0   4   0   0   0   6   0   2   0   0   0   0   0   0   0   0  1.22 0.20
   77 A    4  1 -2 -2 -2 -1 -1 -1 -1 -2  0  0  0 -3  1  0 -1 -3 -2 -1   58  11   1   1   0   0   1   1   2   0  10   2   2   0   7   0   2   0   0   1  0.34 0.11
   78 R   -3  8 -2 -3 -5  0 -2 -4 -2 -5 -4  1 -3 -4 -4 -2 -3 -4 -3 -4    0 100   0   0   0   0   0   0   0   0   0   0   0   0   0   0   0   0   0   0  1.65 0.24
   79 D   -1 -3 -2  2 -4 -1 -1 -2 -3 -4 -4 -2 -4 -4  7 -1 -2 -4 -1 -4    2   0   0  11   0   2   1   1   0   0   0   0   0   0  74   5   1   0   3   0  1.66 0.19
   80 E    1 -1 -1  3 -4  1  5 -2  0 -4 -4 -1 -3 -4 -1 -1 -2 -4 -3 -3   15   0   0  20   0   1  55   2   2   0   0   0   0   0   2   1   0   0   0   1  0.66 0.13
   81 K    1 -1  1  0 -3 -1  0  4 -1 -4 -4  0 -3 -4 -2  3 -1 -4 -3 -3    8   1   5   5   0   0   3  41   1   0   0   7   0   0   0  29   1   0   0   0  0.50 0.10
   82 N    0 -1  1 -2 -3  5  0 -2 -1 -3 -3  0 -1 -4 -2  0  4 -3 -3 -2    6   0   6   0   0  44   0   1   0   0   0   2   1   0   0   2  37   0   0   2  0.62 0.16
   83 I   -1  0 -3 -2 -2  0  1 -3 -3  3  0 -1  0 -1 -3 -2 -1 -3 -2  3    2   5   0   1   0   3  11   1   0  31   1   3   0   1   0   0   2   0   0  39  0.29 0.09
   84 N   -3 -2  8  0 -4 -1 -2 -2 -1 -5 -5 -2 -4 -5 -4 -1 -2 -5 -4 -5    0   0 100   0   0   0   0   0   0   0   0   0   0   0   0   0   0   0   0   0  1.72 0.26
   85 R    1  0 -1 -1 -3  0  0 -2  0 -3 -3  3 -2 -4  4  1  0 -4 -3 -2   16   3   1   2   0   4   1   1   2   0   0  27   1   0  27  11   4   0   0   1  0.51 0.09
   86 D   -2 -1  4  5 -4  0  2 -1 -1 -4 -4  0 -3 -4 -2 -1 -1 -5 -3 -4    2   1  32  38   0   2  16   2   0   0   0   5   0   0   0   1   1   0   0   0  0.71 0.12
   87 M   -3 -3 -4 -5 -3 -2 -4 -4 -3  0  2 -3  9 -1 -4 -3 -2 -3 -3 -1    0   0   0   0   0   0   0   0   0   1  17   0  82   0   0   0   0   0   0   0  1.39 0.25
   88 A    3  1 -1 -2 -1 -1 -1 -1 -2 -2 -2  0 -2 -3  3  0  0 -4 -3 -1   49   7   1   1   0   0   0   1   1   1   1   7   0   1  15   4   5   0   0   4  0.37 0.09
   89 T   -1 -2 -1 -2 -2 -2 -2 -3 -3 -2 -3 -2 -2 -4 -2  2  6 -4 -3 -2    0   0   0   0   0   0   0   0   0   0   0   0   0   0   0  13  87   0   0   0  1.09 0.21
   90 G   -1 -4 -2 -3 -4 -3 -4  7 -3 -5 -5 -3 -4 -5 -4 -2 -3 -4 -5 -5    0   0   0   0   0   0   0 100   0   0   0   0   0   0   0   0   0   0   0   0  1.70 0.21
   91 E    1  0 -1  1 -3  2  5 -2 -1 -3 -3  1  0 -4 -2  0 -1 -4 -3 -3   13   2   0   3   0  10  53   2   1   0   1   7   5   0   0   1   3   0   0   0  0.52 0.12
   92 I   -2 -4 -4 -4 -2 -4 -4 -5 -4  5  1 -4  0 -1 -4 -3 -1 -4 -2  4    0   0   0   0   0   0   0   0   0  52   2   0   0   0   0   0   0   0   0  46  0.80 0.15
   93 E   -2 -2 -2  0 -5  1  7 -4 -2 -5 -4 -1 -4 -5 -3 -2 -2 -4 -4 -4    0   0   0   0   0   0 100   0   0   0   0   0   0   0   0   0   0   0   0   0  1.50 0.24
   94 V   -2 -4 -4 -4 -2 -3 -4 -4 -4  4  1 -3  0 -1 -4 -3 -1 -4 -2  5    0   0   0   0   0   0   0   0   0  26  10   0   1   0   0   0   0   0   0  63  0.71 0.14
   95 L   -2 -3 -4 -5 -2 -3 -4 -4 -2  1  4 -3  1  3 -4 -3 -2 -1  2  0    0   0   0   0   0   0   0   0   0   3  68   0   1  16   0   0   0   0   8   2  0.62 0.12
   96 A    4 -3 -2 -3 -2 -2 -2  5 -3 -3 -3 -2 -3 -4 -2  0 -2 -4 -3 -1   45   0   0   0   0   0   0  50   0   0   0   0   0   0   0   1   0   0   0   3  0.80 0.14
   97 S   -1  1 -1 -1 -3  1  0 -2  1 -2  0  3 -1 -2 -2  0  2 -3  1 -2    0   5   1   1   0   4   4   0   4   0  11  35   0   0   0   6  23   0   5   0  0.25 0.09
   98 S    0 -1  0  2 -3  2  4  1 -1 -4 -4  1 -3 -4 -2  1 -1 -4 -3 -3    9   1   2  10   0   8  41  13   0   0   0   7   0   0   0  10   1   0   0   0  0.44 0.09
   99 L   -2 -3 -4 -5 -2 -3 -4 -5 -4  2  5 -4  1 -1 -4 -3 -2 -3 -2  2    0   0   0   0   0   0   0   0   0  10  80   0   1   0   0   0   0   0   0  10  0.77 0.14
  100 T   -1 -1  1  0 -3  0  4 -3 -2 -2 -2  0 -2 -3 -2  1  3 -4 -3 -1    0   1   5   2   0   1  44   0   0   1   1   1   1   0   0   6  30   0   0   6  0.47 0.12
  101 I   -2 -4 -4 -4 -2 -4 -4 -5 -4  6  1 -4  0 -1 -4 -3 -2 -4 -2  4    0   0   0   0   0   0   0   0   0  72   2   0   0   0   0   0   0   0   0  26  0.88 0.17
  102 I   -2 -3 -4 -4 -2 -3 -4 -5 -3  4  4 -3  1  1 -4 -3 -2 -2  1  1    0   0   0   0   0   0   0   0   0  32  56   0   0   5   0   0   0   0   6   2  0.60 0.12
  103 N   -2 -2  8  0 -4 -1 -2 -2 -1 -5 -5 -2 -4 -5 -3  0 -1 -5 -4 -4    3   0  93   0   0   0   0   0   0   0   0   0   0   0   0   5   0   0   0   0  1.49 0.23
  104 R    1  4  0 -1 -1  1  1 -2 -1 -3 -3  2 -2 -3 -2  1  1 -3 -2 -2   18  34   2   0   1   5   8   1   1   0   0  13   0   0   0   8   8   0   0   2  0.34 0.08
  105 A    4 -2 -1 -2 -2 -2 -2 -1 -2 -3 -3 -2 -2 -3 -2  4  0 -4 -3 -2   53   0   0   0   0   0   0   0   0   0   0   0   0   0   0  47   0   0   0   0  0.72 0.16
  106 D    2 -1 -1  2 -3  1  5 -2 -1 -3 -3  0 -3 -4 -1 -1 -1 -4 -3 -2   21   0   0  12   0   4  54   0   0   0   1   4   0   0   2   0   1   0   0   2  0.61 0.13
  107 V    0 -3 -2 -2 -2 -2 -2 -3 -3 -1 -2 -2 -2 -3  5  0  4 -4 -3  1    6   0   0   0   0   0   0   0   0   1   0   0   0   0  35   2  44   0   0  12  0.81 0.15
  108 L   -2 -3 -4 -4 -3 -3 -3 -4 -4 -1  4 -3  0 -1  6 -2 -2 -3 -3 -1    0   0   0   0   0   0   0   0   0   0  52   0   0   1  44   0   1   0   0   0  1.01 0.16
  109 P   -2 -4 -4 -3 -5 -3 -3 -4 -4 -5 -5 -3 -4 -5  8 -2 -3 -5 -5 -4    0   0   0   0   0   0   0   0   0   0   0   0   0   0 100   0   0   0   0   0  2.66 0.27
  110 L   -3 -3 -4 -5 -2 -3 -4 -5 -4  2  5 -4  1  3 -4 -4 -2 -2 -1  0    0   0   0   0   0   0   0   0   0   9  77   0   0  14   0   0   0   0   0   0  0.76 0.14
  111 D   -3 -3  0  7 -5  1  0 -3 -2 -5 -5 -2 -4 -5  1 -1 -2 -5 -4 -4    0   0   0  86   0   7   1   0   0   0   0   0   0   0   6   0   0   0   0   0  1.38 0.20
  112 S    0 -1  0  1 -3  0  2 -1 -1 -2  0 -1 -1  3 -2  1  0  2  0 -2    4   1   3   5   0   1  25   3   0   1   8   1   1  23   0  18   3   3   0   0  0.19 0.07
  113 N   -3 -1  6  2 -4 -1 -1 -2  6 -4 -4 -2 -3 -2 -3 -1 -1 -3  2 -4    0   0  56   9   0   0   1   0  23   0   0   0   0   1   0   1   0   0   7   0  0.92 0.17
  114 H   -1 -1 -1 -1 -3  5  2 -1  3 -1 -2  0 -2 -3 -2  0  1 -3 -2 -1    2   0   0   1   0  48  12   5   8   3   1   1   0   0   0   6   9   0   0   3  0.48 0.12
  115 V   -1 -1  3  3 -3  1  1 -1  1 -1 -2  1 -2 -3 -1  0  1 -4 -2  0    3   0  22  17   0   7  10   1   3   3   1   9   0   0   1   6   9   0   0   9  0.24 0.06
  116 N   -1 -2  6 -1 -3 -2 -2 -2 -2  0 -2 -2 -2 -3 -3 -1 -1 -5 -3  3    4   0  54   0   0   0   0   0   0   2   0   0   0   0   0   0   1   0   0  39  0.67 0.16
  117 T    0 -2  1 -1 -2 -1 -2  3 -2 -3 -3 -1 -2 -3 -2  3  3 -4 -3 -2    0   0   7   0   0   0   0  31   0   0   0   0   0   0   0  38  22   0   0   0  0.55 0.12
  118 E   -2 -2 -2  0 -5  1  7 -4 -2 -5 -4 -1 -4 -5 -3 -2 -2 -4 -4 -4    0   0   0   0   0   0 100   0   0   0   0   0   0   0   0   0   0   0   0   0  1.50 0.24
  119 E   -2 -2 -1  4 -5  0  6 -3 -2 -5 -4 -1 -4 -5 -2 -1 -2 -5 -4 -4    0   0   0  23   0   0  77   0   0   0   0   0   0   0   0   0   0   0   0   0  1.19 0.20
  120 A    1  0 -1 -2 -2  4 -1 -3 -1  1  0 -1  0 -2 -2 -1  1 -3 -2  2   11   2   3   0   0  32   0   0   1   7   5   0   2   0   0   0   9   0   0  28  0.26 0.10
  121 R   -3  7 -2 -3 -2  0 -2 -4 -2 -5 -4  1 -3 -4 -4 -2 -3 -4 -3 -4    0  98   0   0   1   0   0   0   0   0   0   0   0   0   0   1   0   0   0   0  1.57 0.24
  122 L   -3 -3 -5 -5 -3 -3 -4 -5 -4  0  6 -4  1 -1 -4 -4 -2 -3 -2  0    0   0   0   0   0   0   0   0   0   0 100   0   0   0   0   0   0   0   0   0  1.06 0.19
  123 K   -2  4 -1 -2 -4  0 -1 -3 -1 -4 -4  6 -3 -4 -2 -1 -1 -4 -3 -3    0  31   0   0   0   0   0   0   1   0   0  66   0   0   0   0   3   0   0   0  0.96 0.17
  124 Y   -3 -3 -1 -4 -4 -3 -3 -4  3 -3 -3 -3 -2  3 -4 -3 -3  1  8 -3    0   0   3   0   0   0   0   0   7   0   0   0   0   6   0   0   0   0  83   0  1.60 0.24
  125 R   -3  8 -2 -3 -5  0 -2 -4 -2 -5 -4  1 -3 -4 -4 -2 -3 -4 -3 -4    0 100   0   0   0   0   0   0   0   0   0   0   0   0   0   0   0   0   0   0  1.65 0.24
  126 Y   -3 -3 -4 -5 -4 -3 -4 -5  0 -3 -2 -4 -2  4 -5 -3 -3  1  9 -2    0   0   0   0   0   0   0   0   0   0   0   0   0  12   0   0   0   0  87   1  1.78 0.25
  127 L   -2 -3 -4 -4 -2 -3 -4 -5 -4  3  4 -3  3 -1 -4 -3 -2 -3 -2  1    0   0   0   0   0   0   0   0   0  21  61   0  11   0   0   0   0   0   0   7  0.64 0.12
  128 D   -3 -3  0  8 -5 -2  0 -3 -3 -5 -5 -2 -5 -5 -3 -2 -3 -6 -2 -5    0   0   0  99   0   0   0   0   0   0   0   0   0   0   0   0   0   0   1   0  1.72 0.24
  129 L   -3 -3 -5 -5 -2 -3 -4 -5 -4  1  5 -4  2 -1 -4 -4 -2 -3 -2  0    0   0   0   0   0   0   0   0   0   2  96   0   2   0   0   0   0   0   0   0  1.00 0.18
  130 R   -3  8 -2 -3 -5  0 -2 -4 -2 -5 -4  1 -3 -4 -4 -2 -3 -4 -3 -4    0 100   0   0   0   0   0   0   0   0   0   0   0   0   0   0   0   0   0   0  1.65 0.24
  131 R   -3  8 -2 -3 -5  0 -2 -4 -2 -5 -4  1 -3 -4 -4 -2 -3 -4 -3 -4    0 100   0   0   0   0   0   0   0   0   0   0   0   0   0   0   0   0   0   0  1.65 0.24
  132 P   -2 -3 -3 -3 -4 -2 -2 -3 -2 -3 -3 -2 -4 -5  8 -2 -1 -5 -4 -3    0   0   1   0   0   1   1   0   1   1   1   1   0   0  89   1   2   0   0   1  2.16 0.23
  133 E   -1 -1 -1  1 -4  1  6 -3 -1 -2 -2  0 -2 -4 -2 -1 -2 -4 -3 -1    3   0   0   5   0   2  79   0   0   2   2   0   0   0   0   1   0   0   0   5  0.91 0.17
  134 M   -2 -3 -4 -5 -3 -2 -4 -5 -3  0  0 -3  9 -2 -4 -3 -2 -3 -3 -1    0   0   0   0   0   0   0   0   0   2   0   0  96   0   0   0   0   0   0   1  1.74 0.29
  135 A    3 -1 -1 -2 -2  4 -1 -2 -2 -1  0 -1 -1 -3 -2  2  0 -3 -2 -1   31   0   2   0   0  29   0   0   0   4  12   0   0   0   0  15   5   0   0   2  0.29 0.10
  136 Q    0  0  1  3 -4  4  3 -2  0 -4 -3  1 -2 -4 -2  0 -1 -4 -3 -3    7   4   8  16   0  26  26   1   1   0   0   5   0   0   0   2   2   0   0   0  0.47 0.09
  137 R   -2  6  1 -2 -4  0 -1 -3  0 -4 -3  3 -3 -3 -3 -1 -2 -4 -2 -4    0  67   8   0   0   0   0   0   1   0   0  20   0   1   0   2   0   0   0   0  0.97 0.17
  138 L   -2 -3 -4 -5 -2 -3 -4 -5 -4  2  5 -3  3  1 -4 -3 -2 -3 -2  0    0   0   0   0   0   0   0   0   0  13  75   0   7   5   0   0   0   0   0   0  0.73 0.14
  139 K   -2  4 -1 -2 -4  2  0 -3 -1 -1 -2  4  0 -3 -2 -1 -2 -4 -2 -1    0  33   0   0   0   9   0   0   0   6   1  44   2   0   0   0   0   0   0   5  0.60 0.13
  140 T   -1 -3 -2 -3 -2 -3 -3 -3 -3  0  2 -3  1  5 -3 -1  3 -2  0 -1    2   0   0   0   0   0   1   0   0   1  26   0   4  32   0   1  31   0   0   1  0.43 0.12
  141 R   -3  8 -2 -3 -5  0 -2 -4 -2 -5 -4  1 -3 -4 -4 -2 -3 -4 -3 -4    0 100   0   0   0   0   0   0   0   0   0   0   0   0   0   0   0   0   0   0  1.65 0.24
  142 A    4 -1 -2 -2 -2 -1 -2 -1 -2 -3 -3 -1 -2 -3 -2  3  0 -4 -3 -2   60   2   0   0   0   0   0   1   1   0   0   0   0   0   0  36   1   0   0   0  0.65 0.15
  143 K   -2  4 -1 -1 -4  2  0 -3 -1 -4 -3  5 -2 -4 -2 -1 -2 -4 -3 -3    1  28   0   2   0   7   0   0   0   0   0  60   1   0   0   1   0   0   0   0  0.84 0.16
  144 I    1 -4 -4 -4 -2 -3 -4 -4 -4  4  1 -3  0 -1 -3 -2 -1 -4 -2  4   11   0   0   0   0   0   0   0   0  43   3   0   0   0   0   0   0   0   0  42  0.58 0.13
  145 T   -1 -2 -1 -2  0 -2 -2 -3 -3 -2 -3 -2 -2 -4 -2  3  6 -4 -3 -2    1   0   0   0   1   0   0   0   0   0   0   0   0   0   0  21  76   0   0   0  0.93 0.19
  146 S    1  1  1 -1 -2  0 -1  0  2 -3 -3 -1 -2 -3 -2  4  1 -4 -2 -3    7   7   7   1   0   2   0   6   5   0   1   0   0   0   0  58   3   0   1   0  0.45 0.12
  147 L    1 -2 -1 -3 -2 -1 -2 -2 -1  0  0 -2  0  5 -3  0  0 -1  2  0   18   1   2   0   0   2   1   1   0   2   8   0   1  39   0  10   5   0   4   5  0.29 0.09
  148 V   -1 -3 -4 -4 -2 -3 -4 -4 -4  3  2 -3  2 -1 -4 -3 -1 -4 -2  5    0   0   0   0   0   0   0   0   0  20  12   0   7   0   0   0   0   0   0  60  0.63 0.13
  149 R   -3  8 -2 -3 -5  0 -2 -4 -1 -5 -4  1 -3 -4 -4 -2 -3 -4 -3 -4    0  99   0   0   0   0   0   0   1   0   0   0   0   0   0   0   0   0   0   0  1.62 0.24
  150 R   -1  6  3 -2 -4  1 -1 -2  0 -4 -3  1 -2 -4 -3  0 -1 -4 -3 -3    5  63  17   0   0   3   1   1   1   0   0   1   0   0   0   7   1   0   0   0  0.78 0.15
  151 F   -3 -4 -4 -5 -4 -4 -4 -4  0 -2 -1 -4 -2  7 -5 -2 -3  0  6 -2    0   0   0   0   0   0   0   0   1   0   0   0   0  67   0   2   0   0  29   0  1.33 0.20
  152 M   -2 -3 -4 -5 -2 -3 -4 -5 -4  0  5 -3  6  0 -4 -3 -2 -3 -2  0    0   0   0   0   0   0   0   0   0   0  65   0  33   1   0   0   0   0   0   0  0.88 0.17
  153 D   -3 -2  0  7 -5 -1  3 -3 -1 -4 -5 -1 -4 -5 -3 -1 -2 -5 -4 -4    0   0   1  75   0   0  23   0   1   0   0   0   0   0   0   1   0   0   0   1  1.26 0.19
  154 D    0 -1  1  4 -3  0  3  1  0 -4 -4  0 -3 -4 -2  1  0 -4 -3 -3    5   2   4  33   0   1  21  11   1   0   0   3   0   0   0  14   5   0   0   0  0.45 0.08
  155 H   -2  0  5  0 -4  3  2 -2  6 -4 -4  0 -3 -4 -3 -1 -2 -4 -1 -4    2   2  37   2   0  14  15   0  25   0   1   1   0   0   0   0   0   0   0   0  0.69 0.14
  156 G   -1 -3 -1  0 -4 -3 -2  6 -3 -5 -4 -3 -4 -4 -3 -1 -3 -4 -4 -4    1   0   0   6   0   0   1  90   0   0   1   0   0   0   0   0   0   0   0   0  1.40 0.19
  157 F   -4 -4 -5 -5 -4 -5 -5 -5 -3 -2 -1 -5 -1  8 -5 -4 -4  0  2 -2    0   0   0   0   0   0   0   0   0   0   0   0   0 100   0   0   0   0   0   0  1.84 0.25
  158 L   -3 -3 -4 -5 -2 -3 -4 -5 -4  1  5 -4  3 -1 -4 -4 -2 -3 -1  0    0   0   0   0   0   0   0   0   0   4  87   0   6   0   0   0   0   0   2   1  0.86 0.16
  159 D   -3 -3  0  7 -5 -2  1 -3 -3 -5 -5 -2 -5 -5 -3 -2 -2 -6 -5 -5    0   0   0  97   0   0   3   0   0   0   0   0   0   0   0   0   0   0   0   0  1.70 0.23
  160 I   -2 -4 -4 -4 -2 -4 -4 -5 -4  6  1 -4  0 -1 -4 -3 -1 -4 -2  3    0   0   0   0   0   0   0   0   0  75   1   0   0   0   0   0   2   0   0  21  0.88 0.17
  161 E   -2 -2 -2  0 -5  1  7 -4 -2 -5 -4 -1 -4 -5 -3 -2 -2 -4 -4 -4    0   0   0   0   0   0 100   0   0   0   0   0   0   0   0   0   0   0   0   0  1.50 0.24
  162 T   -1 -3 -1 -3 -2 -2 -2 -3 -3 -2 -3 -2 -2 -4 -3  0  7 -4 -3 -1    0   0   0   0   0   0   0   0   0   0   0   0   0   0   0   0 100   0   0   0  1.34 0.25
  163 P   -2 -4 -4 -3 -5 -3 -3 -4 -4 -5 -5 -3 -4 -5  8 -2 -3 -5 -5 -4    0   0   0   0   0   0   0   0   0   0   0   0   0   0 100   0   0   0   0   0  2.66 0.27
  164 M   -2 -3 -4 -4 -2 -3 -4 -4 -4  5  1 -3  6  0 -4 -3 -1 -3 -2  2    0   0   0   0   0   0   0   0   0  47   0   0  38   2   0   0   1   0   0  11  0.77 0.17
  165 L   -3 -3 -5 -5 -3 -3 -4 -5 -4  0  6 -4  1 -1 -4 -4 -2 -3 -2  0    0   0   0   0   0   0   0   0   0   0  99   0   1   0   0   0   0   0   0   0  1.04 0.19
  166 T   -1 -3 -1 -2 -1 -2 -2 -3 -3 -2 -3 -2 -2 -4 -3  0  7 -4 -3 -1    0   0   1   0   1   0   0   0   0   0   0   0   0   0   0   0  97   0   0   0  1.26 0.24
  167 K   -2  5 -1 -2 -4  0 -1 -3 -2 -4 -4  5 -3 -4 -3 -1 -2 -4 -3 -4    1  36   0   0   0   0   0   0   0   0   0  63   0   0   0   0   0   0   0   0  1.00 0.18
  168 A    6 -3 -3 -3 -2 -2 -2 -1 -3 -3 -3 -2 -2 -4 -2  1 -1 -4 -3 -1   94   0   0   0   0   0   0   0   0   0   0   0   0   0   0   6   0   0   0   0  0.97 0.20
  169 T   -1 -3 -1 -3 -2 -2 -2 -3 -3 -2 -3 -2 -1 -4 -3  0  7 -4 -3 -1    0   0   0   0   0   0   0   0   0   0   0   0   1   0   0   0  99   0   0   0  1.30 0.24
  170 P   -2 -4 -4 -3 -4 -3 -3 -4 -4 -4 -4 -3 -4 -5  8 -2 -3 -5 -5 -4    0   0   0   0   0   0   0   0   0   0   1   0   0   0  99   0   0   0   0   0  2.59 0.26
  171 E   -2 -2 -2  0 -5  1  7 -4 -2 -5 -4 -1 -4 -5 -3 -2 -2 -4 -4 -4    0   0   0   0   0   0 100   0   0   0   0   0   0   0   0   0   0   0   0   0  1.50 0.24
  172 G   -1 -4 -2 -3 -4 -3 -4  7 -3 -5 -5 -3 -4 -5 -4 -2 -3 -4 -5 -5    0   0   0   0   0   0   0 100   0   0   0   0   0   0   0   0   0   0   0   0  1.70 0.21
  173 A    6 -3 -3 -3 -2 -2 -2 -1 -3 -3 -3 -2 -2 -4 -2  0 -1 -4 -3 -1  100   0   0   0   0   0   0   0   0   0   0   0   0   0   0   0   0   0   0   0  1.09 0.21
  174 R   -3  8 -2 -3 -5  0 -2 -4 -2 -5 -4  1 -3 -4 -4 -2 -3 -4 -3 -4    0 100   0   0   0   0   0   0   0   0   0   0   0   0   0   0   0   0   0   0  1.65 0.24
  175 D   -3 -3  0  8 -5 -2  0 -3 -3 -5 -5 -2 -5 -5 -3 -2 -3 -6 -5 -5    0   0   0 100   0   0   0   0   0   0   0   0   0   0   0   0   0   0   0   0  1.77 0.24
  176 Y   -3 -3 -4 -5 -4 -3 -4 -5  0 -3 -3 -4 -3  2 -5 -3 -3  1  9 -3    0   0   0   0   0   0   0   0   0   0   0   0   0   1   0   0   0   0  99   0  2.05 0.28
  177 L   -3 -3 -5 -5 -2 -3 -4 -5 -4  1  5 -4  1 -1 -4 -4 -2 -3 -2  0    0   0   0   0   0   0   0   0   0   2  98   0   0   0   0   0   0   0   0   0  1.02 0.18
  178 V   -1 -4 -4 -5 -2 -4 -4 -5 -5  2  0 -4 -1 -2 -4 -3 -1 -4 -3  6    0   0   0   0   0   0   0   0   0   1   0   0   0   0   0   0   0   0   0  99  1.10 0.21
  179 P   -2 -4 -4 -3 -5 -3 -3 -4 -4 -5 -5 -3 -4 -5  8 -2 -3 -5 -5 -4    0   0   0   0   0   0   0   0   0   0   0   0   0   0 100   0   0   0   0   0  2.66 0.27
  180 S    0 -2 -1 -2 -2 -1 -2 -2 -2 -4 -4 -2 -3 -4 -2  6  0 -4 -3 -3    0   0   0   0   0   0   0   0   0   0   0   0   0   0   0 100   0   0   0   0  1.18 0.24
  181 R   -3  8 -2 -3 -5  0 -2 -4 -2 -5 -4  1 -3 -4 -4 -2 -3 -4 -3 -4    0 100   0   0   0   0   0   0   0   0   0   0   0   0   0   0   0   0   0   0  1.65 0.24
  182 V   -1 -3 -2 -3 -2 -2 -3 -3 -3  0 -1 -2 -1 -3 -3 -1  5 -4 -3  4    0   0   0   0   0   0   0   0   0   0   1   0   1   0   0   0  55   0   0  44  0.69 0.17
  183 H   -3 -1 -1 -3 -5  0 -2 -4 10 -5 -4 -2 -3 -3 -4 -2 -3 -4  2 -5    0   1   1   0   0   2   0   0  91   0   0   0   0   0   0   1   0   0   4   0  1.99 0.27
  184 K    0  0  0 -1 -4  1  1 -2 -1 -4 -4  4 -3 -4  4 -1 -2 -4 -3 -3    7   0   3   2   0   4  10   0   1   0   0  50   0   0  23   1   0   0   0   0  0.66 0.13
  185 G   -1 -4 -1 -3 -4 -3 -3  7 -1 -5 -5 -3 -4 -4 -3 -1 -3 -4 -4 -5    0   0   1   0   0   0   0  95   1   0   0   0   0   0   0   2   0   0   0   0  1.54 0.20
  186 K   -1  1  0 -1 -2  3  2 -2  0 -4 -3  4 -2 -4 -2  3 -1 -4 -2 -3    0   1   3   1   0  14  13   0   2   0   0  35   0   0   0  29   0   0   0   0  0.47 0.11
  187 F   -4 -4 -5 -5 -1 -5 -5 -5 -3 -2 -1 -5 -1  8 -5 -4 -4  0  2 -2    0   0   0   0   1   0   0   0   0   0   0   0   0  99   0   0   0   0   0   0  1.78 0.25
  188 Y   -3 -4 -4 -5 -4 -4 -4 -5 -1 -2 -1 -4 -2  7 -5 -3 -3  0  7 -2    0   0   0   0   0   0   0   0   0   0   0   0   0  57   0   0   0   0  43   0  1.43 0.21
  189 A    6 -3 -3 -3 -2 -2 -2 -1 -3 -3 -3 -2 -2 -4 -2  0 -1 -4 -3 -1   99   0   0   0   0   0   0   0   0   0   0   0   0   0   0   1   0   0   0   0  1.08 0.21
  190 L   -3 -3 -5 -5 -3 -3 -4 -5 -4  0  6 -4  1 -1 -4 -4 -2 -3 -2  0    0   0   0   0   0   0   0   0   0   0  99   0   1   0   0   0   0   0   0   0  1.04 0.19
  191 P   -2 -4 -4 -3 -4 -3 -3 -4 -4 -4 -5 -3 -4 -5  8 -2 -3 -5 -5 -4    0   0   0   0   0   0   0   0   0   0   0   0   0   0  99   1   0   0   0   0  2.60 0.26
  192 Q   -2 -1 -2 -2 -5  8  0 -4 -1 -5 -4  0 -2 -5 -3 -2 -2 -4 -3 -4    0   0   0   0   0 100   0   0   0   0   0   0   0   0   0   0   0   0   0   0  1.69 0.28
  193 S    0 -2 -1 -2 -2 -1 -2 -2 -2 -4 -4 -2 -3 -4 -2  6  0 -4 -3 -3    0   0   0   0   0   0   0   0   0   0   0   0   0   0   0 100   0   0   0   0  1.18 0.24
  194 P   -2 -4 -4 -3 -5 -3 -3 -4 -4 -5 -5 -3 -4 -5  8 -2 -3 -5 -5 -4    0   0   0   0   0   0   0   0   0   0   0   0   0   0 100   0   0   0   0   0  2.66 0.27
  195 Q   -2 -1 -2 -2 -5  8  0 -4 -1 -5 -4  0 -2 -5 -3 -2 -2 -4 -3 -4    0   0   0   0   0 100   0   0   0   0   0   0   0   0   0   0   0   0   0   0  1.69 0.28
  196 L   -3 -3 -5 -5 -3 -3 -4 -5 -4  1  6 -4  1 -1 -4 -4 -2 -3 -2  0    0   0   0   0   0   0   0   0   0   0 100   0   0   0   0   0   0   0   0   0  1.05 0.19
  197 F   -4 -4 -5 -5 -4 -5 -5 -5 -3 -2 -1 -5 -1  8 -5 -4 -4  0  2 -2    0   0   0   0   0   0   0   0   0   0   0   0   0  99   0   0   0   0   1   0  1.82 0.25
  198 K   -2  1 -2 -2 -5  0 -1 -3 -2 -4 -4  7 -3 -5 -2 -2 -2 -5 -3 -4    0   0   0   0   0   0   0   0   0   0   0 100   0   0   0   0   0   0   0   0  1.34 0.23
  199 Q   -2 -1 -2 -2 -5  8  0 -4 -1 -5 -4  0 -2 -5 -3 -2 -2 -4 -3 -4    0   0   0   0   0 100   0   0   0   0   0   0   0   0   0   0   0   0   0   0  1.69 0.28
  200 L   -3 -3 -5 -5 -2 -3 -4 -5 -4  1  6 -4  2 -1 -4 -4 -2 -3 -2  0    0   0   0   0   0   0   0   0   0   1  98   0   1   0   0   0   0   0   0   0  1.03 0.18
  201 L   -3 -3 -5 -5 -3 -3 -4 -5 -4  0  6 -4  1 -1 -4 -4 -2 -3 -2  0    0   0   0   0   0   0   0   0   0   0 100   0   0   0   0   0   0   0   0   0  1.06 0.19
  202 M   -3 -3 -4 -5 -3 -2 -4 -5 -3 -1  0 -3 10 -2 -4 -3 -2 -3 -3 -1    0   0   0   0   0   0   0   0   0   0   0   0 100   0   0   0   0   0   0   0  1.88 0.31
  203 M   -2 -3 -4 -5 -3 -2 -4 -4 -3  1  0 -3  8 -2 -4 -3 -2 -3 -2  3    0   0   0   0   0   0   0   0   0   5   0   0  64   0   0   0   0   0   0  32  1.03 0.21
  204 S    2 -2 -1 -2 -2 -1 -1  0 -2 -3 -4 -1 -3 -4 -2  5  0 -4 -3 -3   17   0   0   0   0   0   0   3   0   0   0   0   0   0   0  80   0   0   0   0  0.84 0.19
  205 G   -1 -4 -2 -3 -4 -3 -4  7 -3 -5 -5 -3 -4 -5 -4 -2 -3 -4 -5 -5    0   0   0   0   0   0   0 100   0   0   0   0   0   0   0   0   0   0   0   0  1.70 0.21
  206 F   -3 -4 -4 -5 -3 -3 -4 -4 -3  0  1 -4  4  7 -5 -3 -3 -1  1  0    0   0   0   0   0   0   0   0   0   2   9   0  19  65   0   0   0   0   1   4  1.01 0.17
  207 D   -3 -3  0  8 -5 -2  0 -3 -3 -5 -5 -2 -5 -5 -3 -2 -3 -6 -5 -5    0   0   0  99   0   0   1   0   0   0   0   0   0   0   0   0   0   0   0   0  1.75 0.24
  208 R   -3  7 -2 -3 -5  0 -1 -4 -2 -5 -4  1 -3 -4 -4 -2 -3 -4 -3 -4    0  97   0   0   0   0   0   0   0   0   0   3   0   0   0   0   0   0   0   0  1.58 0.24
  209 Y   -4 -3 -4 -5 -4 -3 -4 -5  0 -3 -3 -4 -3  2 -5 -3 -3  1  9 -3    0   0   0   0   0   0   0   0   0   0   0   0   0   0   0   0   0   0 100   0  2.09 0.29
  210 Y   -3 -3 -4 -5 -4 -3 -4 -5  0 -3 -3 -4 -3  2 -5 -3 -3  1  9 -3    0   0   0   0   0   0   0   0   0   0   0   0   0   1   0   0   0   0  99   0  2.06 0.28
  211 Q   -2 -1 -2 -2 -5  8  0 -4 -1 -5 -4  0 -2 -5 -3 -2 -2 -4 -3 -4    0   0   0   0   0 100   0   0   0   0   0   0   0   0   0   0   0   0   0   0  1.69 0.28
  212 I   -3 -4 -5 -5 -2 -4 -5 -5 -5  7  0 -4  0 -1 -4 -4 -2 -4 -2  2    0   0   0   0   0   0   0   0   0  91   0   0   0   2   0   0   0   0   0   7  1.08 0.20
  213 V    3 -3 -3 -4 -2 -3 -3 -3 -4  1 -1 -3 -1 -2 -3 -1  0 -4 -2  5   35   0   0   0   0   0   0   0   0   0   0   0   0   0   0   0   3   0   0  62  0.59 0.15
  214 K   -2  4 -1 -2 -5  0 -1 -3 -2 -4 -4  6 -3 -4 -2 -2 -2 -4 -3 -4    0  19   0   0   0   0   0   0   0   0   0  81   0   0   0   0   0   0   0   0  1.10 0.20
  215 C   -2 -5 -5 -5 11 -5 -6 -4 -5 -3 -3 -5 -3 -4 -5 -3 -3 -4 -4 -3    0   0   0   0 100   0   0   0   0   0   0   0   0   0   0   0   0   0   0   0  2.76 0.31
  216 F   -4 -4 -5 -5 -4 -5 -5 -5 -3 -2 -1 -5 -1  8 -5 -4 -4  0  2 -2    0   0   0   0   0   0   0   0   0   0   0   0   0 100   0   0   0   0   0   0  1.84 0.25
  217 R   -3  8 -2 -3 -5  0 -2 -4 -2 -5 -4  1 -3 -4 -4 -2 -3 -4 -3 -4    0 100   0   0   0   0   0   0   0   0   0   0   0   0   0   0   0   0   0   0  1.65 0.24
  218 D   -3 -3  0  8 -5 -2  0 -3 -3 -5 -5 -2 -5 -5 -3 -2 -3 -6 -5 -5    0   0   0 100   0   0   0   0   0   0   0   0   0   0   0   0   0   0   0   0  1.77 0.24
  219 E   -2 -2 -2  0 -5  1  7 -4 -2 -5 -4 -1 -4 -5 -3 -2 -2 -4 -4 -4    0   0   0   0   0   0 100   0   0   0   0   0   0   0   0   0   0   0   0   0  1.50 0.24
  220 D   -3 -3  0  8 -5 -2  0 -3 -3 -5 -5 -2 -5 -5 -3 -2 -3 -6 -5 -5    0   0   0 100   0   0   0   0   0   0   0   0   0   0   0   0   0   0   0   0  1.77 0.24
  221 L   -3 -3 -5 -5 -3 -3 -4 -5 -4  0  6 -4  1 -1 -4 -4 -2 -3 -2  0    0   0   0   0   0   0   0   0   0   0 100   0   0   0   0   0   0   0   0   0  1.06 0.19
  222 R   -3  8 -2 -3 -5  0 -2 -4 -2 -5 -4  1 -3 -4 -4 -2 -3 -4 -3 -4    0 100   0   0   0   0   0   0   0   0   0   0   0   0   0   0   0   0   0   0  1.65 0.24
  223 A    6 -3 -3 -3 -2 -2 -2 -1 -3 -3 -3 -2 -2 -4 -2  1 -1 -4 -3 -1   96   0   0   0   0   0   0   0   0   0   0   0   0   0   0   3   1   0   0   0  0.99 0.20
  224 D   -3 -3  0  8 -5 -2  0 -3 -3 -5 -5 -2 -5 -5 -3 -2 -3 -6 -5 -5    0   0   0 100   0   0   0   0   0   0   0   0   0   0   0   0   0   0   0   0  1.77 0.24
  225 R   -3  8 -2 -3 -5  0 -2 -4 -2 -5 -4  1 -3 -4 -4 -2 -3 -4 -3 -4    0 100   0   0   0   0   0   0   0   0   0   0   0   0   0   0   0   0   0   0  1.65 0.24
  226 Q   -2 -1 -2 -2 -5  8  0 -4 -1 -5 -4  0 -2 -5 -3 -2 -2 -4 -3 -4    0   0   0   0   0 100   0   0   0   0   0   0   0   0   0   0   0   0   0   0  1.69 0.28
  227 P   -2 -4 -4 -3 -5 -3 -3 -4 -4 -5 -5 -3 -4 -5  8 -2 -3 -5 -5 -4    0   0   0   0   0   0   0   0   0   0   0   0   0   0 100   0   0   0   0   0  2.66 0.27
  228 E   -2 -2 -2  0 -5  1  7 -4 -2 -5 -4 -1 -4 -5 -3 -2 -2 -4 -4 -4    0   0   0   0   0   0 100   0   0   0   0   0   0   0   0   0   0   0   0   0  1.50 0.24
  229 F   -4 -4 -5 -5 -4 -5 -5 -5 -3 -2 -1 -5 -1  8 -5 -4 -4  0  2 -2    0   0   0   0   0   0   0   0   0   0   0   0   0 100   0   0   0   0   0   0  1.84 0.25
  230 T   -1 -3 -1 -3 -2 -2 -2 -3 -3 -2 -3 -2 -2 -4 -3  0  7 -4 -3 -1    0   0   0   0   0   0   0   0   0   0   0   0   0   0   0   0 100   0   0   0  1.34 0.25
  231 Q   -2 -1 -2 -2 -5  8  0 -4 -1 -5 -4  0 -2 -5 -3 -2 -2 -4 -3 -4    0   0   0   0   0 100   0   0   0   0   0   0   0   0   0   0   0   0   0   0  1.69 0.28
  232 I   -2 -4 -5 -4 -2 -4 -4 -5 -4  6  2 -4  0 -1 -4 -4 -2 -4 -2  2    0   0   0   0   0   0   0   0   0  80  15   0   0   0   0   0   0   0   0   5  0.91 0.17
  233 D   -3 -3  0  8 -5 -2  0 -3 -3 -5 -5 -2 -5 -5 -3 -2 -3 -6 -5 -5    0   0   0 100   0   0   0   0   0   0   0   0   0   0   0   0   0   0   0   0  1.77 0.24
  234 V   -2 -4 -4 -4 -2 -4 -4 -5 -4  5  1 -4  1 -1 -4 -3 -1 -4 -2  4    0   0   0   0   0   0   0   0   0  61   8   0   3   0   0   0   0   0   0  29  0.74 0.14
  235 E   -2 -2 -2  0 -5  1  7 -4 -2 -5 -4 -1 -4 -5 -3 -2 -2 -4 -4 -4    0   0   0   0   0   0 100   0   0   0   0   0   0   0   0   0   0   0   0   0  1.50 0.24
  236 T    1 -2 -2 -3 -2 -2 -2 -3 -3 -2 -2 -2  1 -3 -2  0  6 -4 -3  0   10   0   0   0   0   0   0   0   0   0   1   0   5   0   0   0  81   0   0   3  0.88 0.19
  237 S    0 -2 -1 -2 -2 -1 -2 -2 -2 -4 -4 -2 -3 -4 -2  6  1 -4 -3 -3    2   0   0   0   0   0   0   0   0   0   0   0   0   0   0  94   4   0   0   0  1.05 0.22
  238 F   -4 -4 -5 -5 -4 -5 -5 -5 -3 -2 -1 -5 -1  8 -5 -4 -4  0  2 -2    0   0   0   0   0   0   0   0   0   0   0   0   0 100   0   0   0   0   0   0  1.84 0.25
  239 M   -2 -3 -4 -5 -3 -2 -4 -4 -3  1  3 -3  8 -1 -4 -3 -2 -3 -2  1    1   0   0   0   0   0   0   0   0   5  22   0  61   0   0   0   1   0   0  10  0.91 0.19
  240 T   -1 -2  1  4 -3 -1  1 -1 -2 -3 -3 -1 -2 -4 -2  2  4 -4 -3 -2    0   0   6  30   0   0   6   2   0   0   0   0   0   0   0  18  39   0   0   0  0.55 0.12
  241 A    3 -2 -1  0 -3  1  4 -1 -2 -3 -3 -1 -2 -4 -2  1 -1 -4 -3 -2   43   0   0   3   0   4  41   0   0   0   0   0   0   0   0   9   0   0   0   0  0.55 0.13
  242 P   -1 -1  1  3 -4  1  4 -1 -1 -4 -4  0 -3 -4  2  0 -1 -4 -3 -3    5   1   4  23   0   3  41   2   0   0   0   2   0   0  11   5   1   0   0   1  0.56 0.10
  243 Q   -1 -1  0  3 -4  5  3  0 -1 -3 -3  0 -2 -4 -2 -1 -1 -4 -3 -3    4   0   1  19   0  40  24   7   0   1   0   1   1   0   0   0   1   0   0   0  0.61 0.13
  244 V   -2 -4 -4 -4 -2 -3 -4 -5 -4  4  1 -3  0 -1 -4 -3 -1 -4 -2  5    0   0   0   0   0   0   0   0   0  35   8   0   0   1   0   0   0   0   0  56  0.71 0.14
  245 R   -2  5 -3 -4 -3 -1 -2 -4 -2 -1  0  0  7 -2 -4 -2 -2 -3 -3 -1    0  40   0   0   0   0   0   0   0   1   0   1  57   0   0   0   1   0   0   0  1.01 0.21
  246 E    2 -1  1  2 -3  0  3  2 -1 -3 -3  0 -2 -4 -2  1  0 -4 -3 -2   20   0   5  10   0   1  28  19   1   0   0   3   0   0   0   9   4   0   0   1  0.34 0.07
  247 V   -2 -3 -4 -4 -2 -3 -3 -4 -3  4  2 -2  2 -1 -3 -3  0 -3 -2  3    0   0   0   0   0   0   0   0   1  33  26   4   6   0   0   0   3   0   0  29  0.44 0.09
  248 M   -1 -3 -1 -3 -2 -2 -3 -3 -3  0  0 -2  7 -2 -3 -1  5 -3 -3 -1    2   0   3   0   0   0   0   0   0   1   0   0  43   0   0   0  49   0   0   1  0.79 0.19
  249 E   -2 -2 -2  0 -5  1  7 -4 -2 -5 -4 -1 -4 -5 -3 -2 -2 -4 -4 -4    0   0   0   0   0   1  99   0   0   0   0   0   0   0   0   0   0   0   0   0  1.48 0.24
  250 A    0  2  1  0 -3  2  2  2 -1 -3 -3  2 -2 -4 -2  0  0 -3 -3 -3    5  16   5   2   0   8  14  16   0   0   0  22   0   0   0   6   5   0   0   0  0.32 0.06
  251 L   -3 -3 -4 -5 -3 -2 -4 -4 -3  0  3 -3  8 -1 -4 -3 -2 -3 -2 -1    0   0   0   0   0   0   0   0   0   0  25   0  75   0   0   0   0   0   0   0  1.27 0.23
  252 V   -1 -4 -4 -4 -2 -3 -4 -4 -4  5  1 -3  2 -1 -4 -3 -1 -4 -2  4    3   0   0   0   0   0   0   0   0  56   1   0   5   2   0   0   3   0   0  31  0.64 0.13
  253 R   -2  6 -1 -3 -1  1 -1 -3  3 -3 -3  1 -2 -4 -3 -1 -1 -4 -2 -1    0  73   1   0   2   3   0   0   8   0   0   4   0   0   0   1   4   0   0   5  0.93 0.17
  254 H   -1  0  1  2 -3  2  3  2  1 -3 -3  1 -2 -4 -2  1  0 -3 -2 -3    3   2   9  12   0  11  23  16   3   0   1   9   0   0   0   8   3   0   0   0  0.32 0.06
  255 L   -2 -3 -4 -5 -2 -3 -4 -5 -4  1  5 -3  4 -1 -4 -3 -2 -3 -2  1    0   0   0   0   0   0   0   0   0   3  81   0  12   0   0   0   1   0   0   4  0.80 0.15
  256 W   -4 -4 -5 -5 -4 -4 -5 -4 -3 -2 -2 -5 -1  7 -5 -4 -4  9  2 -3    0   0   0   0   0   0   0   0   0   0   0   0   1  60   0   0   0  38   1   0  1.87 0.23
  257 L    0  2  0 -1 -3  3  0 -2  0 -2  1  3  0 -2 -2  0 -1 -3 -2 -2    6  10   4   2   0  18   3   0   2   0  18  29   3   0   0   3   2   0   0   1  0.24 0.07
  258 E   -2 -1  1  3 -4  2  5 -3  0 -4 -4  1 -3 -4 -2  0 -1 -4 -3 -3    1   1   6  20   0   6  51   0   2   0   0   7   0   0   0   4   3   0   0   0  0.67 0.12
  259 V   -1 -2 -3 -3 -2 -2 -2 -4  0  3  2 -2  2 -1 -3 -2  0 -3 -2  3    0   2   1   0   0   1   2   0   3  18  26   1   8   1   0   0   5   0   0  34  0.31 0.08
  260 K   -2 -1 -2 -3 -2 -1 -2 -4 -3  1  4  2  2 -1 -3 -2 -1 -3 -2  0    2   1   1   0   0   1   0   0   0   4  61  21   6   0   0   0   2   0   0   1  0.41 0.11
  261 G   -1 -2  4  3 -4 -1  0  4 -1 -4 -4 -1 -3 -4 -3  0 -2 -4 -4 -4    0   0  30  21   0   2   5  39   0   0   0   0   0   0   0   3   0   0   0   0  0.70 0.12
  262 V   -1 -4 -4 -4 -2 -2 -2 -4 -4  3  0 -3  0 -2 -4 -3 -1 -4 -2  6    0   0   0   0   0   1   2   0   0  14   1   0   0   0   0   0   1   0   0  80  0.79 0.17
  263 D   -2 -2  0  6 -4  0  4 -3 -2 -4 -4  0 -4 -5 -1 -1 -1 -5 -4 -4    2   0   1  61   0   0  28   0   0   0   0   3   0   0   2   1   2   0   0   0  0.98 0.16
  264 L   -3 -3 -5 -5 -3 -3 -4 -5 -4  1  5 -4  1  2 -4 -4 -2 -2 -1  0    0   0   0   0   0   0   0   0   0   1  90   0   0  10   0   0   0   0   0   0  0.90 0.17
  265 G   -1 -3 -2  0 -4 -3 -2  6 -2 -5 -5 -2 -4 -4  4 -1 -2 -4 -4 -4    1   0   0   4   0   0   2  67   1   0   0   0   0   0  24   1   0   0   0   0  1.12 0.16
  266 D   -1 -1  1  4 -1  1  3 -2 -1 -3 -3  1 -2 -4 -1  0  1 -4 -3 -2    5   1   6  29   1   3  27   0   0   0   0  12   0   0   2   2   9   0   0   3  0.42 0.08
  267 F   -4 -4 -5 -5 -4 -5 -5 -5 -3 -1  0 -5 -1  8 -5 -4 -4  0  2 -2    0   0   0   0   0   0   0   0   0   1   3   0   0  95   0   0   0   0   1   0  1.67 0.24
  268 P   -2 -2 -3 -3 -4  0 -2 -4 -3 -4 -4 -2 -4 -5  8 -2 -2 -5 -4 -4    1   2   0   0   0   4   1   0   0   0   0   0   0   0  91   1   0   0   0   0  2.28 0.24
  269 V   -2  4 -1 -2 -2  1 -1 -3  3  1 -1  1  0 -2 -3 -1  0 -3 -2  1    0  39   0   0   1   9   0   0  10  13   0   3   1   0   0   2   5   0   0  16  0.35 0.10
  270 M   -3 -3 -4 -5 -3 -2 -4 -5 -3  1  1 -3  9 -2 -4 -3 -2 -3 -3 -1    0   0   0   0   0   0   0   0   0   5   5   0  90   0   0   0   0   0   0   0  1.56 0.27
  271 T   -1 -2 -1 -2 -2 -2 -2 -2 -3 -2 -3 -1 -2 -4  4  2  5 -4 -3 -2    2   1   0   0   0   0   0   0   0   1   0   1   0   0  25  12  58   0   0   0  0.82 0.16
  272 F   -3 -3 -4 -5 -4 -3 -4 -4  1 -2 -2 -4 -2  5 -5 -3 -3  6  7 -3    0   0   0   0   0   0   0   0   2   0   1   0   0  32   0   0   0  12  53   0  1.35 0.19
  273 A    4 -2  0  0 -2  0  1 -1  2 -3 -3 -1 -2 -3 -2  2  0 -2 -2 -2   53   0   2   5   0   3  10   0   7   0   1   0   0   0   0  18   1   0   1   0  0.40 0.11
  274 E   -2 -1 -1  3 -5  1  6 -3 -1 -5 -4  0 -3 -5 -2 -1 -2 -4 -4 -4    0   0   0  13   0   1  85   0   0   0   0   1   0   0   0   0   0   0   0   0  1.22 0.20
  275 A    6 -3 -3 -3 -2 -2 -2 -1 -3 -3 -3 -2 -2 -4 -2  0 -1 -4 -3 -1   96   0   0   0   0   0   0   0   0   0   0   0   0   0   0   1   1   0   0   1  1.00 0.20
  276 E   -2 -3 -4 -4 -3 -1 -2 -4 -3  1  1 -3  9 -2 -4 -3 -2 -3 -3  0    1   0   0   1   0   1   3   0   0   8   0   0  85   0   0   0   0   0   0   2  1.35 0.25
  277 R   -1  5  0  0 -4  2  1 -3  1 -4 -3  1 -2 -3 -3  0  0 -4 -2 -3    5  52   3   5   0   7  10   0   4   0   1   2   0   0   0   6   5   0   0   0  0.54 0.11
  278 R   -3  7 -2 -1 -5  0 -1 -4 -1 -4 -2  2 -2 -4 -3 -2 -2 -4 -3 -3    0  85   0   3   0   0   0   0   0   0   3   7   0   0   0   0   1   0   0   1  1.20 0.20
  279 Y   -3 -4 -4 -5 -4 -4 -4 -5 -1 -2 -1 -4 -2  6 -5 -3 -3  0  7 -2    0   0   0   0   0   0   0   0   0   0   0   0   0  51   0   0   0   0  49   0  1.44 0.21
  280 G    0 -4 -2 -3 -4 -3 -3  7 -3 -5 -5 -3 -4 -5 -3 -1 -3 -4 -4 -4    3   0   0   0   0   0   0  97   0   0   0   0   0   0   0   0   0   0   0   0  1.60 0.20
  281 S    0 -2 -1 -2 -2 -1 -2 -2 -2 -3 -4 -2 -3 -4 -2  6  1 -4 -3 -3    0   0   0   0   0   0   0   0   0   1   0   0   0   0   0  97   2   0   0   0  1.09 0.23
  282 D   -3 -3  0  8 -5 -2  0 -3 -3 -5 -5 -2 -5 -5 -3 -2 -3 -6 -5 -5    0   0   0 100   0   0   0   0   0   0   0   0   0   0   0   0   0   0   0   0  1.77 0.24
  283 K   -2  2 -2 -2 -5  0 -1 -3 -2 -4 -4  7 -3 -5 -2 -2 -2 -4 -3 -4    0   7   0   0   0   0   0   0   0   0   0  93   0   0   0   0   0   0   0   0  1.23 0.22
  284 P   -2 -4 -4 -3 -5 -3 -3 -4 -4 -5 -5 -3 -4 -5  8 -2 -3 -5 -5 -4    0   0   0   0   0   0   0   0   0   0   0   0   0   0 100   0   0   0   0   0  2.66 0.27
  285 D   -3 -3  0  8 -5 -2  0 -3 -3 -5 -5 -2 -5 -5 -3 -2 -3 -6 -5 -5    0   0   0 100   0   0   0   0   0   0   0   0   0   0   0   0   0   0   0   0  1.77 0.24
  286 L   -3 -3 -5 -5 -2 -3 -4 -5 -4  1  5 -4  2 -1 -4 -4 -2 -3 -2  0    0   0   0   0   0   0   0   0   0   0  96   0   4   0   0   0   0   0   0   0  1.00 0.18
  287 R   -3  8 -2 -3 -5  0 -2 -4 -2 -5 -4  1 -3 -4 -4 -2 -3 -4 -3 -4    0 100   0   0   0   0   0   0   0   0   0   0   0   0   0   0   0   0   0   0  1.65 0.24
  288 N   -2 -2  6 -1 -2 -2 -2 -3 -2  4 -1 -2 -1 -2 -4 -1 -1 -4 -2  1    0   0  53   0   0   0   0   0   0  40   1   0   0   0   0   0   1   0   0   5  0.68 0.16
  289 P   -2 -4 -3  0 -4 -3 -2 -4 -4 -4 -5 -2 -4 -5  8 -2 -3 -5 -5 -4    1   0   0   4   0   0   0   0   0   0   0   1   0   0  93   1   0   0   0   0  2.37 0.25
  290 M   -2 -3 -4 -5 -2 -3 -4 -5 -4  1  5 -3  5  0 -4 -3 -2 -3 -2  0    0   0   0   0   0   0   0   0   0   0  74   0  23   1   0   0   1   0   1   0  0.83 0.16
  291 E   -2 -1 -2  0 -5  1  7 -4 -1 -4 -4  0 -3 -4 -2 -1 -2 -4 -3 -3    0   0   0   0   0   3  90   0   0   0   0   3   0   1   0   0   1   0   0   1  1.24 0.21
  292 L   -3 -3 -4 -5 -2 -3 -4 -5 -4  1  5 -4  3  1 -4 -3 -2 -3 -2  0    0   0   0   0   0   0   0   0   0   5  84   0   7   4   0   0   0   0   0   0  0.82 0.15
  293 T   -1 -4 -4 -4 -2 -2 -3 -4 -4  3  0 -3  0 -2 -3 -2  1 -4 -2  5    0   0   0   0   0   1   0   0   0  12   0   0   0   0   0   0   8   0   0  78  0.74 0.16
  294 D   -3 -3  0  7 -5 -1  2 -3 -2 -4 -5 -2 -4 -5 -3  0 -1 -5 -4 -4    0   0   0  83   0   0   9   0   0   0   0   0   0   0   0   5   4   0   0   0  1.31 0.19
  295 V   -1 -4 -4 -4 -2 -3 -4 -5 -4  4  1 -4  0 -2 -4 -3 -1 -4 -2  5    0   0   0   0   0   0   0   0   0  22   5   0   0   0   0   0   0   0   0  74  0.80 0.16
  296 A    4 -2 -1  2 -2 -1 -1  1 -2 -3 -3  0 -2 -3 -2  1  0 -4 -3 -2   62   1   1  12   0   1   1   8   0   0   0   6   0   0   0   6   3   0   0   0  0.46 0.12
  297 D   -3 -3  0  7 -5 -1  1 -3 -3 -5 -5 -2 -5 -5 -3 -1 -2 -6 -5 -5    0   0   0  97   0   0   1   0   0   0   0   0   0   0   0   1   0   0   0   0  1.69 0.23
  298 L   -2 -3 -4 -4 -2 -1 -4 -5 -4  2  5 -3  1  0 -4 -3 -2 -3 -2  1    1   0   0   0   0   4   0   0   0  11  79   0   1   1   0   0   0   0   0   4  0.71 0.14
  299 L   -2 -3 -4 -4 -2 -2 -4 -4 -3  1  3 -3  6 -1 -4 -3 -2 -3 -2  3    0   0   0   0   0   0   0   0   0   1  35   0  34   0   0   0   0   0   0  29  0.64 0.14
  300 K    1  1  0 -1 -3  2  0 -1 -2 -3 -3  5 -2 -4 -2 -1  1 -4 -3 -2   12   1   2   2   0  13   3   2   0   0   0  55   0   0   0   0   8   0   0   0  0.52 0.12
  301 S    0 -2  2  5 -4  0  2  1 -1 -4 -4 -1 -3 -4 -2  0 -1 -4 -3 -3    8   0  11  46   0   4  13  10   1   0   1   0   0   0   0   6   1   0   0   0  0.58 0.10
  302 V   -1 -4 -4 -4 -1 -4 -4 -5 -4  3  0 -4  0 -2 -4 -3 -1 -4 -2  6    0   0   0   0   1   0   0   0   0  11   0   0   0   0   0   1   0   0   0  87  0.92 0.18
  303 E   -2 -1  0  5 -5  0  5 -2 -2 -4 -4 -1 -4 -5 -2 -1 -2 -5 -4 -4    0   1   0  37   0   0  59   1   0   0   0   0   0   0   0   1   0   0   0   0  1.03 0.17
  304 F   -4 -4 -5 -5 -4 -5 -5 -5 -3 -2  0 -5 -1  8 -5 -3 -4  0  2 -2    0   0   0   0   0   0   0   0   0   0   3   0   0  96   0   1   0   0   0   0  1.70 0.24
  305 A    0  1  0 -1 -4  1  0 -3 -2 -4 -4  6 -3 -4 -1 -1 -2 -4 -3 -3    6   1   4   1   0   3   0   0   0   0   0  81   0   0   2   2   0   0   0   0  0.87 0.18
  306 V   -1 -4 -4 -5 -2 -4 -4 -5 -5  2  0 -4  0 -2 -4 -3 -1 -4 -3  6    0   0   0   0   0   0   0   0   0   2   1   0   0   0   0   0   0   0   0  96  1.05 0.20
  307 F   -4 -4 -5 -5 -4 -5 -5 -5 -3 -2 -1 -5 -1  8 -5 -4 -4  0  2 -2    0   0   0   0   0   0   0   0   0   0   1   0   0  99   0   0   0   0   0   0  1.79 0.25
  308 A    3 -1  1 -2 -2 -1 -1 -1 -2 -3 -3 -1 -2 -3 -2  4  0 -4 -3 -2   34   2   5   0   0   1   0   0   0   0   0   1   0   0   0  56   1   0   0   0  0.60 0.15
  309 G    0 -3 -1 -1 -3 -2  0  6 -3 -4 -4 -2 -3 -4 -3 -1 -2 -4 -4 -2    6   0   2   2   0   1   6  77   0   0   0   0   0   0   0   2   1   0   0   2  1.01 0.15
  310 P   -1 -4 -4 -3 -4 -3 -3 -4 -4 -4 -4 -3 -4 -3  8 -2 -3 -5 -4 -4    3   0   0   0   0   0   0   0   0   0   0   0   0   1  96   0   0   0   0   0  2.47 0.26
  311 A    6 -3 -2 -3 -2 -2 -2 -1 -3 -3 -2 -2 -2 -4 -2  0 -1 -4 -3 -1   97   0   2   0   0   0   0   0   0   0   1   0   0   0   0   0   0   0   0   0  1.01 0.21
  312 N   -2 -1  7  0 -4  0 -1 -2 -1 -4 -4  2 -3 -4 -3  0  0 -5 -3 -3    2   0  73   2   0   4   2   0   0   0   0  12   0   0   0   1   3   0   0   1  0.98 0.18
  313 D   -1 -3  1  7 -5 -2  0 -2 -2 -4 -5 -2 -4 -5 -3 -1 -2 -6 -4 -4    4   0   4  89   0   0   0   1   0   0   0   0   0   0   0   3   0   0   0   0  1.43 0.21
  314 P    1 -3 -2  0 -3 -1  1 -1 -3 -2 -3 -1 -3 -4  7  0 -2 -4 -4 -2   14   0   0   3   0   0  13   3   0   2   0   2   0   0  57   4   0   0   0   2  1.13 0.15
  315 K   -1  1  2  1 -4  1  2 -2  0 -4 -3  5 -1 -4 -2 -1 -1 -4 -3 -3    3   4   9   9   0   2  10   0   1   0   1  58   2   0   0   1   0   0   0   0  0.56 0.12
  316 G   -1 -3 -2 -3  2 -3 -3  6 -3 -5 -5 -3 -4 -4 -3  0 -2 -4 -4 -4    0   0   0   0   6   0   0  86   0   0   0   0   0   0   0   8   0   0   0   0  1.32 0.18
  317 R   -3  8 -2 -3 -5  0 -2 -4 -2 -5 -4  1 -3 -4 -4 -2 -3 -4 -3 -4    0 100   0   0   0   0   0   0   0   0   0   0   0   0   0   0   0   0   0   0  1.65 0.24
  318 V   -1 -4 -4 -5 -2 -4 -4 -5 -5  2  0 -4  0 -2 -4 -3 -1 -4 -2  6    0   0   0   0   0   0   0   0   0   7   0   0   0   0   0   0   0   0   0  93  1.01 0.20
  319 A    5 -3 -3 -3 -2 -2 -2 -1 -3 -1 -2 -2 -2 -3 -2  0  1 -4 -3  1   80   0   0   0   0   0   0   0   0   2   0   0   0   0   0   0   7   0   0  10  0.70 0.16
  320 A    5 -3 -3 -3 -2 -2 -2 -1 -3 -1 -2 -2 -1 -3 -2  0 -1 -4 -3  2   79   0   0   0   0   0   0   1   0   0   1   0   0   0   0   0   1   0   0  18  0.71 0.17
  321 L   -2 -3 -4 -5 -2 -3 -4 -5 -4  3  5 -4  2 -1 -4 -4 -2 -3 -2  0    0   0   0   0   0   0   0   0   0  23  75   0   2   0   0   0   0   0   0   0  0.79 0.15
  322 R   -2  6 -1 -3  5  0 -1 -3 -1 -4 -3  3 -2 -4 -3 -1 -2 -4 -3 -3    0  57   0   0  15   0   0   0   1   0   1  24   0   0   0   1   1   0   0   0  0.87 0.16
  323 V   -1 -4 -4 -4 -2 -3 -4 -4 -4  2  1 -3  1 -2 -4 -3 -1 -4 -2  6    0   0   0   0   0   0   0   0   0   5  10   0   3   0   0   0   0   0   0  83  0.82 0.17
  324 P   -2 -4 -3 -2 -4 -3 -2 -4 -4 -4 -4 -2 -4 -5  8 -2 -1 -5 -4 -4    0   0   0   1   0   0   2   0   0   0   0   1   0   0  93   1   3   0   0   0  2.34 0.25
  325 G   -1 -2  2 -2 -4 -1 -2  6 -1 -5 -5  0 -4 -4 -3 -1 -2 -4 -4 -4    1   1  11   0   0   2   0  75   1   0   0   9   0   0   0   0   1   0   0   0  1.04 0.15
  326 G    0 -4 -2 -3 -4 -2 -3  7 -3 -5 -5 -3 -4 -4 -3 -1 -3 -4 -4 -4    7   0   0   0   0   1   0  92   0   0   0   0   0   0   0   0   0   0   0   0  1.46 0.19
  327 A    5 -2  1 -2  0 -2 -1  2 -2 -2 -3 -1 -2 -3 -2  1 -1 -4 -3 -2   68   0   7   1   2   0   1  15   1   0   0   1   0   0   0   3   1   0   0   0  0.55 0.13
  328 S    1  0  0  1 -3  2  2 -1 -1 -3 -3  2 -2 -3 -2  2  1 -3 -2 -2   10   0   1   5   0  15  18   2   1   0   0  18   0   0   0  23   6   0   0   1  0.32 0.08
  329 L   -2 -3 -4 -5 -2 -3 -4 -5 -4  2  5 -3  3  0 -4 -3 -1 -3 -2  1    0   0   0   0   0   0   0   0   0  15  73   0   7   2   0   0   1   0   0   3  0.69 0.13
  330 T    0 -2 -1 -2 -1 -1 -2 -2 -2 -3 -3 -1 -2 -4  1  5  4 -4 -3 -2    0   0   0   0   1   0   0   0   0   0   0   0   0   0   5  58  36   0   0   0  0.73 0.17
  331 R   -3  8 -2 -3 -5  0 -2 -4 -2 -5 -4  1 -3 -4 -4 -2 -3 -4 -3 -4    0 100   0   0   0   0   0   0   0   0   0   0   0   0   0   0   0   0   0   0  1.65 0.24
  332 K   -2  1 -1 -2 -4  0 -1 -2 -2 -4 -4  7 -3 -5 -2  0 -1 -4 -3 -4    0   0   0   0   0   0   0   1   0   0   0  94   0   0   0   4   1   0   0   0  1.18 0.22
  333 Q   -1  0  0  1 -4  6  3 -2 -1 -2 -2  1 -1 -4 -2 -1 -2 -3 -3 -2    2   0   3   8   0  60  15   1   0   2   3   4   1   0   0   0   0   0   0   1  0.73 0.16
  334 I   -3 -4 -5 -5 -3 -4 -5 -5 -5  7  1 -4  0 -1 -4 -4 -2 -4 -3  1    0   0   0   0   0   0   0   0   0  95   5   0   0   0   0   0   0   0   0   0  1.15 0.21
  335 D   -2 -3  0  7 -5 -2  1 -3 -3 -5 -5 -2 -5 -5 -3 -2 -2 -6 -5 -5    1   0   0  97   0   0   1   0   0   0   0   0   0   0   0   0   0   0   0   0  1.68 0.23
  336 E   -1 -2  0  5 -4  1  5  0 -2 -4 -4 -1 -3 -4 -2 -1 -2 -4 -3 -3    5   0   2  36   0   2  48   6   0   0   0   0   0   0   0   0   0   0   0   1  0.79 0.14
  337 Y   -3 -3 -4 -5 -4 -3 -4 -5  0 -3 -2 -4 -2  2 -5 -3 -3  1  9 -3    0   0   0   0   0   0   0   0   0   0   3   0   0   1   0   0   0   0  97   0  1.96 0.27
  338 G    0 -2 -1 -2 -2 -2 -2  2 -3 -2 -3 -2 -2 -3 -2  0  6 -4 -2 -2    7   0   0   0   0   1   0  15   0   0   0   0   0   0   0   2  75   0   1   0  0.79 0.18
  339 N    0  1  0  0 -4  3  1 -2 -1 -3 -3  5 -2 -4 -2  0 -1 -4 -3 -2    6   2   4   4   0  15   5   1   0   0   0  58   0   0   0   3   0   0   0   1  0.57 0.13
  340 F   -4 -4 -4 -5 -4 -4 -4 -5 -1 -2 -1 -4 -1  8 -5 -4 -2  0  4 -2    0   0   0   0   0   0   0   0   1   0   0   0   0  83   0   0   2   0  15   0  1.48 0.21
  341 V   -1 -4 -4 -4 -2 -4 -4 -4 -4  3  0 -4  0 -2 -4 -3 -1 -4 -2  6    2   0   0   0   0   0   0   0   0   9   0   0   0   0   0   0   0   0   0  89  0.94 0.19
  342 K    0 -2  0 -2 -3 -1  0  5 -1 -4 -4  0 -3 -4 -3  1 -1 -4 -3 -3    3   0   2   0   0   1   8  63   1   0   0   5   0   0   0  14   3   0   0   0  0.77 0.12
  343 I   -2  0 -2 -4 -3 -2 -4 -5 -4  6  0 -3  0 -2 -2 -3 -1 -4 -3  2    0   8   2   0   0   2   0   0   0  80   0   0   0   0   1   0   2   0   0   5  0.73 0.17
  344 Y   -3 -2 -4 -5 -4 -3 -4 -5  0 -3 -3 -3 -3  2 -5 -3 -3  1  9 -3    0   2   0   0   0   0   0   0   0   0   0   0   0   2   0   0   0   0  97   0  1.97 0.27
  345 G   -1 -4 -2 -3 -4 -3 -4  7 -3 -5 -5 -3 -4 -5 -4 -2 -3 -4 -5 -5    1   0   0   0   0   0   0  99   0   0   0   0   0   0   0   0   0   0   0   0  1.68 0.21
  346 A    6 -3 -3 -3 -2 -2 -2 -1 -3 -3 -3 -2 -2 -4 -2  0 -1 -4 -3 -1   97   0   0   0   0   0   0   0   0   0   0   0   0   0   0   1   0   0   0   2  1.02 0.20
  347 K   -2  3 -1 -2 -5  0 -1 -3 -2 -4 -4  6 -3 -5 -2 -1 -2 -4 -3 -4    0   9   2   0   0   0   0   0   0   0   0  89   0   0   0   0   0   0   0   0  1.15 0.21
  348 G   -1 -2 -1 -3 -4 -3 -3  7 -3 -5 -5 -3 -4 -5 -4 -2 -3 -4 -4 -5    0   1   1   0   0   0   0  97   0   0   0   0   0   0   0   0   0   0   0   0  1.61 0.20
  349 L   -3 -3 -5 -5 -3 -3 -4 -5 -4  0  6 -4  2 -1 -4 -4 -2 -3 -2  0    0   0   0   0   0   0   0   0   0   0  98   0   2   0   0   0   0   0   0   0  1.03 0.18
  350 A    6 -3 -3 -3 -2 -2 -2 -1 -3 -2 -3 -2 -1 -4 -1  0 -1 -4 -3 -1   94   0   0   0   0   0   0   0   0   0   0   0   1   0   2   0   1   0   0   2  0.95 0.20
  351 Y   -4 -4 -5 -6 -1 -3 -4 -4 -2 -4 -3 -4 -3  0 -5 -4 -4 11  6 -4    0   0   0   0   2   0   0   0   0   0   0   0   0   0   0   0   0  59  39   0  2.41 0.27
  352 I   -2 -3 -4 -4 -2 -3 -4 -4 -4  5  2 -3  5 -1 -4 -3 -2 -3 -2  2    2   0   0   0   0   0   0   0   0  55  15   0  24   0   0   0   0   0   0   4  0.68 0.14
  353 K   -2  1 -2 -2 -5  0 -1 -3 -2 -4 -4  7 -3 -5 -2 -2 -2 -5 -3 -4    0   0   0   0   0   0   0   0   0   0   0 100   0   0   0   0   0   0   0   0  1.34 0.23
  354 V   -1 -4 -4 -5 -1 -4 -4 -5 -5  2  0 -4  0 -2 -4 -3 -1 -4 -2  6    0   0   0   0   1   0   0   0   0   8   0   0   0   0   0   0   0   0   0  91  0.98 0.19
  355 N   -3 -2  8  0 -4 -1 -2 -2 -1 -5 -5  0 -4 -4 -4 -1 -1 -5 -2 -4    0   0  94   0   0   0   0   0   0   0   0   3   0   0   0   0   1   0   1   0  1.52 0.24
  356 E   -1 -2  1  6 -4  1  4 -2 -1 -4 -4 -1 -3 -4 -2 -1 -2 -5 -4 -4    3   0   4  54   0   6  31   0   1   0   0   0   0   0   0   1   0   0   0   0  0.91 0.15
  357 R   -1  3 -2 -3 -2 -1 -2 -3 -2  1  2  1  0 -2  0 -1 -1 -1 -2  1    4  30   0   0   0   0   0   0   0  12  29   8   1   0   4   3   1   1   0   7  0.23 0.07
  358 A    4 -2  1  1 -2  0  1  0 -2 -3 -3 -1 -2 -2 -2  2  0 -4 -3 -2   52   0   9   8   0   2   8   4   0   0   0   0   0   1   0  12   4   0   0   0  0.36 0.10
  359 K    3  0  0  0 -2  1  0 -1 -2 -3 -3  3 -2 -2 -1  0  0 -3 -2 -2   39   0   4   6   0   8   2   1   0   0   0  30   0   1   2   1   4   0   0   1  0.31 0.09
  360 G   -1 -4 -1 -3 -4 -3 -3  7 -3 -4 -2 -3 -3 -4 -4 -2 -3 -4 -4 -4    0   0   1   0   0   0   0  92   0   0   6   0   0   0   0   0   0   0   0   0  1.42 0.19
  361 L    0  1 -2 -3 -2 -1  0 -3 -2  2  2 -1  2  0 -2 -2 -1 -3 -2  2   10  13   0   0   0   1   7   0   0  12  25   0  10   2   1   0   0   0   0  19  0.16 0.06
  362 E    0 -1  0  3 -4  1  6 -2 -1 -4 -4 -1 -3 -4 -2 -1 -2 -4 -3 -3    7   0   3  15   0   0  70   2   0   0   0   0   0   0   0   1   0   0   0   1  0.88 0.16
  363 G   -1 -4 -1 -2 -4 -3 -3  7 -3 -5 -5 -3 -4 -5 -4 -2 -3 -4 -5 -5    0   0   1   1   0   0   0  99   0   0   0   0   0   0   0   0   0   0   0   0  1.66 0.21
  364 I   -2 -3 -4 -4 -2 -3 -4 -5 -4  3  4 -3  1 -1 -4 -3 -2 -3 -2  3    0   0   0   0   0   0   0   0   0  18  57   0   0   0   0   0   0   0   0  25  0.62 0.12
  365 N   -2 -1  0 -2 -5  8  0 -3 -1 -4 -4  0 -2 -5 -3 -1 -2 -4 -3 -4    0   0   3   0   0  95   0   0   0   0   0   0   0   0   0   1   1   0   0   0  1.54 0.26
  366 S    0 -2 -1 -2 -2 -1 -2 -1 -2 -4 -4 -2 -3 -4 -2  6  0 -4 -3 -3    0   0   0   0   0   0   0   2   0   0   0   0   0   0   0  98   0   0   0   0  1.14 0.23
  367 P   -2 -4 -3 -3 -4 -3 -3 -4 -4 -4 -5 -3 -4 -5  8 -1 -2 -5 -5 -4    0   0   0   0   0   0   0   0   0   0   0   0   0   0  96   3   1   0   0   0  2.50 0.26
  368 V   -2 -4 -4 -4 -2 -4 -4 -5 -4  6  0 -4  0 -1 -4 -3 -2 -4 -2  4    0   0   0   0   0   0   0   0   0  71   0   0   0   1   0   0   0   0   0  28  0.88 0.17
  369 A    3 -3 -2 -3 -2 -2 -3 -2 -3  1  2 -2  0 -1 -3 -1 -1 -3 -2  2   37   0   1   0   0   0   0   0   0   6  33   0   0   0   0   2   1   0   0  19  0.31 0.09
  370 K   -2  1 -2 -2 -5  0 -1 -3 -2 -4 -4  7 -3 -5 -2 -2 -2 -5 -3 -4    0   0   0   0   0   1   0   0   0   0   0  99   0   0   0   0   0   0   0   0  1.31 0.23
  371 F   -4 -4  0 -5 -4 -4 -5 -4 -2 -2 -1 -4 -1  8 -5 -4 -3 -1  2 -2    0   0   5   0   0   0   0   0   1   0   0   0   0  94   0   0   0   0   0   0  1.62 0.24
  372 L   -2 -3 -4 -5 -2 -3 -4 -5 -4  2  5 -3  3  0 -4 -3 -2 -3 -2  0    0   0   0   0   0   0   0   0   0   7  81   0  10   2   0   0   0   0   0   0  0.81 0.15
  373 N   -1 -2  3  0 -3 -1  0  1 -2 -3 -3 -1 -3 -4  5  1  2 -4 -3 -3    1   0  21   3   0   0   3  10   0   0   0   0   0   0  33  12  15   0   0   0  0.64 0.10
  374 A    1 -2  0  4 -3  0  4 -2 -2 -3 -3 -1 -3 -4  1 -1 -1 -4 -3 -2   15   0   2  30   0   1  38   0   0   0   1   0   0   0   8   1   1   0   0   2  0.56 0.11
  375 E    0 -1  0  4 -4  1  4 -1 -1 -3 -4  0 -3 -4 -1  0 -1 -4 -3 -3   11   0   1  35   0   4  36   2   1   1   0   2   0   0   2   3   2   0   0   1  0.58 0.11
  376 I    1 -3 -1 -3 -2 -2 -2 -3 -3  3  0 -2  0 -2 -3 -1  0 -4 -2  4   11   0   5   0   0   1   1   0   0  23   1   2   2   0   0   1   4   0   0  51  0.39 0.11
  377 I    0 -1 -3 -4 -1 -3 -3 -4 -3  3  2 -2  1 -1 -3 -2  0 -2 -2  3    7   5   0   0   0   0   0   0   0  27  17   0   1   1   0   0   5   0   0  37  0.34 0.08
  378 E    0  1  2  1 -3  1  3 -2 -1 -2 -1  1  1 -3 -2  0  0 -3 -2 -1    6   5  14   7   0   7  23   1   0   1   4  11   7   0   0   5   6   0   0   3  0.22 0.05
  379 D    3 -1  1  0 -2  2  1  2 -2 -3 -3 -1 -2 -3 -1  1 -1 -3 -3 -1   37   1   6   3   0  12   8  19   0   0   0   1   0   0   1   6   2   0   0   3  0.30 0.08
  380 I   -2 -4 -4 -4 -2 -4 -4 -5 -4  5  3 -4  1 -1 -4 -3 -2 -3 -2  2    0   0   0   0   0   0   0   0   0  64  32   0   2   0   0   0   0   0   0   2  0.76 0.15
  381 L   -2 -3 -4 -5 -2 -3 -4 -5 -4  2  4 -3  4  0 -4 -3 -2 -3 -2  1    0   0   0   0   0   0   0   0   0  10  67   0  18   2   0   0   0   0   0   3  0.70 0.13
  382 D    1 -1  0  3 -3  2  4 -2 -1 -3 -3  0 -2 -3 -2  1 -1 -4 -3 -2   16   1   2  15   0   8  40   0   0   0   1   5   0   1   0   7   2   0   0   2  0.43 0.09
  383 R   -2  7 -2 -3 -5  0 -1 -4 -2 -5 -4  1 -3 -4 -4 -2 -2 -4 -3 -4    1  95   0   0   0   1   0   0   0   0   0   3   0   0   0   0   0   0   0   0  1.51 0.23
  384 T   -1 -3 -2 -3 -1 -2 -2 -3 -3  0  1 -2  0 -2 -3  0  5 -3 -2  2    1   0   0   0   0   0   0   0   0   1  15   0   0   0   0   2  61   0   0  20  0.57 0.15
  385 A    0 -2  2  1 -3  2  1  4  0 -4 -4  0 -3 -4 -3  0 -2 -4 -3 -3    5   0  11   8   0  15   7  48   2   0   0   3   0   0   0   1   0   0   0   0  0.57 0.10
  386 A    6 -3 -3 -3 -2 -2 -2 -1 -3 -2 -2 -2 -2 -3 -2  0 -1 -4 -3 -1   95   0   0   0   0   0   0   0   0   0   1   0   0   0   0   0   0   0   0   3  0.97 0.20
  387 Q    1  0  0  0 -3  4  3 -2 -1 -3 -3  2 -1 -4 -2 -1 -1 -3 -3 -1   14   1   4   2   0  35  23   1   0   0   0  11   0   0   0   0   1   0   0   7  0.44 0.11
  388 D    0 -2  3  5 -3 -1  0 -2 -2 -3 -4 -1 -3 -4 -2  1  2 -4 -3 -3    6   0  18  44   0   0   1   0   0   0   0   0   0   0   0   8  21   0   0   0  0.63 0.12
  389 G   -1 -2 -1 -2 -4 -3 -3  7 -3 -5 -5 -3 -4 -5 -4 -1 -3 -4 -4 -5    0   1   0   0   0   0   0  97   0   0   0   0   0   0   0   0   0   0   0   0  1.59 0.20
  390 D   -3 -3  0  8 -5 -2  0 -3 -3 -5 -5 -2 -5 -5 -3 -1 -2 -6 -5 -5    0   0   0  99   0   0   0   0   0   0   0   0   0   0   0   1   0   0   0   0  1.74 0.24
  391 M   -2 -4 -4 -4 -1 -3 -4 -5 -4  5  3 -4  2 -1 -4 -3 -2 -3 -2  2    0   0   0   0   1   0   0   0   0  63  27   0   6   0   0   0   0   0   0   2  0.71 0.14
  392 I   -2 -4 -4 -4 -2 -4 -4 -5 -4  5  2 -4  0 -1 -4 -3 -2 -3 -2  3    0   0   0   0   0   0   0   0   0  57  21   0   0   0   0   0   0   0   0  22  0.69 0.13
  393 F   -3 -4 -5 -5 -4 -4 -5 -5 -3 -1  2 -4 -1  8 -5 -4 -3 -1  1 -2    0   0   0   0   0   0   0   0   0   0  19   0   0  81   0   0   0   0   0   0  1.32 0.20
  394 F   -4 -4 -5 -5 -4 -5 -5 -5 -3 -2 -1 -5 -1  8 -5 -4 -4  0  2 -2    0   0   0   0   0   0   0   0   0   0   2   0   0  98   0   0   0   0   0   0  1.78 0.25
  395 G   -1 -4 -2 -3 -1 -3 -3  7 -3 -4 -5 -3 -4 -4 -3 -1 -3 -4 -4 -4    2   0   0   0   1   0   0  93   0   1   0   0   0   0   0   2   0   0   0   0  1.46 0.19
  396 A    6 -3 -3 -3 -2 -2 -2 -1 -3 -3 -3 -2 -2 -4 -2  1 -1 -4 -3 -1   95   0   0   0   0   0   0   0   0   0   0   0   0   0   0   5   1   0   0   0  0.98 0.20
  397 D   -3 -3  0  7 -5 -2  0  0 -3 -5 -5 -2 -5 -5 -3 -2 -2 -6 -5 -5    1   0   0  94   0   0   0   5   0   0   0   0   0   0   0   0   0   0   0   0  1.58 0.22
  398 N   -1  2  1 -1 -2  0  0 -2 -1 -4 -3  5 -2 -4 -2  2  0 -4 -3 -3    1   8   6   1   1   1   0   0   1   0   0  58   0   0   0  20   4   0   0   0  0.59 0.13
  399 K    3  0 -1 -2 -2  0 -1 -1 -1 -1 -2  1 -2 -1 -2  0  1  3  1 -1   49   4   2   0   0   2   2   1   1   2   0  10   0   3   0   3   9   5   7   0  0.27 0.09
  400 K   -1  2  3 -1 -3  1  0 -1  0 -3 -3  4 -1 -4 -2  1  1 -4 -2 -3    0  11  19   0   0   6   0   2   2   0   0  41   2   0   0   7  10   0   0   0  0.45 0.10
  401 I   -1 -4 -4 -4 -2 -3 -4 -4 -4  4  0 -3  0 -2 -3 -3  0 -4 -2  5    0   0   0   0   0   0   0   0   0  29   0   0   1   0   0   0   6   0   0  65  0.72 0.15
  402 V   -1 -4 -4 -4 -1 -3 -4 -4 -4  1  0 -4  0 -2 -4 -3 -1 -4 -3  6    3   0   0   0   1   0   0   0   0   0   0   0   0   0   0   0   2   0   0  94  0.96 0.20
  403 A    1 -2  5 -1  1 -1 -1 -2 -1 -3 -3 -1 -2 -4 -2  2  3 -4 -3 -2   14   0  39   0   4   0   1   0   0   0   0   0   0   0   0  14  28   0   0   0  0.54 0.13
  404 D   -2 -2  0  5 -5  0  5 -3  0 -4 -4 -1 -4 -5 -2 -1 -2 -5 -4 -4    0   0   1  38   0   0  59   0   1   0   0   0   0   0   0   0   0   0   0   0  1.07 0.18
  405 A    5 -3 -2 -3 -2 -2 -2 -1 -3 -3 -3 -2 -2 -4 -2  2 -1 -4 -3 -2   86   0   0   0   0   0   0   0   0   0   0   0   0   0   0  14   0   0   0   0  0.87 0.18
  406 M   -2 -3 -4 -5 -2 -3 -4 -5 -4  2  4 -3  6 -1 -4 -3 -2 -3 -2  0    0   0   0   0   0   0   0   0   0   8  58   0  34   0   0   0   0   0   0   0  0.80 0.16
  407 G   -1 -4 -2 -3 -4 -3 -4  7 -3 -5 -5 -3 -4 -5 -4 -2 -3 -4 -5 -5    1   0   0   0   0   0   0  99   0   0   0   0   0   0   0   0   0   0   0   0  1.67 0.21
  408 A    6 -3 -3 -3 -2 -2 -2 -1 -3 -3 -3 -2 -2 -4 -2  0 -1 -4 -3 -1  100   0   0   0   0   0   0   0   0   0   0   0   0   0   0   0   0   0   0   0  1.08 0.21
  409 L   -3 -3 -5 -5 -3 -3 -4 -5 -4  0  6 -4  1 -1 -4 -4 -2 -3 -2  0    0   0   0   0   0   0   0   0   0   0 100   0   0   0   0   0   0   0   0   0  1.06 0.19
  410 R   -3  8 -2 -3 -5  0 -2 -4 -2 -5 -4  1 -3 -4 -4 -2 -3 -4 -3 -4    0 100   0   0   0   0   0   0   0   0   0   0   0   0   0   0   0   0   0   0  1.65 0.24
  411 L   -2 -3 -3 -3  3 -3 -4 -4 -4  3  4 -3  1 -1 -4 -3 -2 -3 -2  3    0   0   1   1   9   0   0   0   0  16  51   0   0   0   0   0   0   0   0  22  0.51 0.11
  412 K   -2  2 -1 -2 -5  1  0 -3 -2 -4 -4  7 -3 -5 -2 -2 -2 -4 -3 -4    0   7   0   0   0   2   0   0   0   0   0  91   0   0   0   0   0   0   0   0  1.18 0.21
  413 V   -1 -3 -4 -4 -2 -3 -4 -4 -4  2  4 -3  1 -1 -3 -3 -1 -3 -2  3    5   0   0   0   0   0   0   0   0  12  54   0   0   0   0   0   0   0   0  28  0.53 0.11
  414 G    0 -4 -2 -3 -4 -3 -3  7 -3 -5 -5 -3 -4 -4 -3 -1 -3 -4 -4 -4    6   0   0   0   0   0   0  94   0   0   0   0   0   0   0   0   0   0   0   0  1.52 0.20
  415 K   -1  3  0 -1 -2  2  3 -3  5 -3 -1  1 -2 -3 -2 -1 -1 -3 -1 -2    4  17   2   1   1   6  28   0  20   0   7   9   0   0   0   0   2   0   0   2  0.38 0.09
  416 D   -3 -3  0  7 -5 -1  1 -3 -2 -5 -5 -2 -3 -5 -3 -2 -2 -6 -4 -5    0   0   0  93   0   1   5   0   0   0   0   0   1   0   0   0   1   0   0   0  1.56 0.22
  417 L   -2  1 -4 -4 -2 -1 -3 -4 -3  0  5 -2  2  2 -4 -3 -2 -2 -1  0    0   9   0   0   0   3   0   0   0   0  73   0   5   9   0   0   0   0   0   0  0.60 0.13
  418 G    0 -1  3  2 -3  0  2  3 -1 -4 -3  1 -3 -4 -2  0 -1 -4 -3 -3    5   1  18  14   0   3  13  30   0   0   1  11   0   0   0   3   0   0   0   0  0.40 0.07
  419 L   -2 -3 -4 -5 -2 -3 -4 -5 -4  2  5 -3  3  0 -4 -3 -2 -3 -2  0    1   1   0   0   0   0   0   0   0  11  79   0   8   1   0   0   0   0   0   0  0.78 0.15
  420 T   -1 -2 -2 -3 -2 -2 -2 -3 -2  1  2 -2  1  0 -2 -1  3 -2  2  2    1   0   0   0   0   0   0   0   0   5  20   0   3   1   0   0  36   0  12  19  0.29 0.09
  421 D    0  1  1  2 -1  1  1  0  0 -1 -1  1 -1 -2 -1  0  0 -2 -1 -1    9   7   9  16   1   9   8   4   2   2   4   7   1   2   2   6   4   1   1   5  0.12 0.01
  422 E   -1 -1 -1  0 -3  2  3 -2 -1 -1  0  0 -1 -3  0  0  2 -3 -2 -1    2   1   1   3   0   8  34   1   1   2  14   5   0   0   3   1  23   0   0   0  0.27 0.08
  423 S    0  0  2  2  4 -1 -1  3 -1 -3 -3  0 -2 -3 -1  1  0 -3 -2 -3    7   4  12  14  13   0   2  26   1   0   0   4   0   0   3   9   3   0   2   0  0.30 0.06
  424 K    1  0  0  1 -2  2  3  0 -1 -3 -2  1 -2 -3 -1  1  0 -3 -2 -2   14   3   1   8   1   8  32   6   0   1   1   6   1   0   1  12   2   0   0   2  0.29 0.06
  425 W   -5 -5 -6 -6 -4 -4 -5 -5 -4 -5 -4 -5 -3  0 -6 -5 -5 12  0 -5    0   0   0   0   0   0   0   0   0   0   0   0   0   1   0   0   0  99   0   0  3.77 0.36
  426 A    4  2 -2 -2 -2  1 -1 -1 -1 -3 -3  3 -2 -4 -2  0 -1 -4 -3 -2   52  12   0   0   0   6   1   0   1   0   0  26   0   0   0   1   0   0   0   0  0.47 0.12
  427 P   -1 -4 -4 -3 -4 -3 -3 -4 -4 -4 -4 -3 -4 -4  8 -2 -3 -5 -4 -4    5   0   0   0   0   0   0   0   0   0   0   0   0   1  95   0   0   0   0   0  2.44 0.25
  428 L   -3 -3 -5 -5 -2 -3 -4 -5 -4  1  5 -4  2 -1 -4 -4 -2 -3 -2  0    0   0   0   0   0   0   0   0   0   0  94   0   4   0   0   0   0   0   0   2  0.96 0.17
  429 W   -5 -5 -6 -6 -4 -4 -5 -5 -4 -5 -4 -5 -3 -1 -6 -5 -5 12  0 -5    0   0   0   0   0   0   0   0   0   0   0   0   0   0   0   0   0 100   0   0  3.83 0.36
  430 V   -1 -4 -4 -5 -2 -4 -4 -5 -5  2  0 -4  0 -2 -4 -3 -1 -4 -3  6    0   0   0   0   0   0   0   0   0   1   2   0   0   0   0   0   0   0   0  97  1.06 0.21
  431 I   -1 -4 -4 -4 -2 -4 -4 -5 -4  4  0 -4  0 -2 -4 -3 -1 -4 -2  6    0   0   0   0   0   0   0   0   0  21   0   0   0   0   0   0   1   0   0  78  0.86 0.17
  432 D   -3 -3  0  7 -5 -2  0 -3 -3 -5 -5 -2 -5 -5 -3 -2 -2 -6 -5 -5    1   0   1  97   0   0   1   0   0   0   0   0   0   0   0   0   0   0   0   0  1.68 0.23
  433 F   -4 -4 -5 -5 -4 -5 -5 -5 -3 -2 -1 -5 -1  8 -5 -4 -4  1  2 -2    0   0   0   0   0   0   0   0   0   0   0   0   0  98   0   0   0   1   1   0  1.79 0.25
  434 P   -2 -4 -4 -3 -5 -3 -3 -4 -4 -5 -5 -3 -4 -5  8 -2 -3 -5 -5 -4    0   0   0   0   0   0   0   0   0   0   0   0   0   0 100   0   0   0   0   0  2.66 0.27
  435 M   -3 -3 -4 -5 -3 -2 -4 -5 -3  0  1 -3 10 -2 -4 -3 -2 -3 -3 -1    0   0   0   0   0   0   0   0   0   0   2   0  98   0   0   0   0   0   0   0  1.81 0.30
  436 F   -4 -4 -5 -5 -4 -5 -5 -5 -3 -2 -1 -5 -1  8 -5 -4 -4  0  2 -2    0   0   0   0   0   0   0   0   0   0   0   0   0 100   0   0   0   0   0   0  1.84 0.25
  437 E   -2 -1 -2  0 -5  1  7 -4 -2 -5 -4  0 -3 -5 -3 -1 -2 -4 -4 -4    0   0   0   1   0   0  97   0   0   0   0   1   0   0   0   1   0   0   0   0  1.42 0.23
  438 D   -1  1  0  3 -2  1  5 -3  1 -4 -4  1 -3 -4 -1 -1 -1 -4 -3 -3    3   7   1  22   1   1  51   0   3   0   0   7   0   0   1   2   2   0   0   0  0.64 0.12
  439 D   -1 -2  3  5 -3 -1  1 -1 -1 -2 -2 -1 -2 -3 -2  0  1 -4 -3 -2    4   0  15  46   0   0   9   2   0   2   4   0   0   0   0   0  15   0   0   1  0.54 0.10
  440 G    0 -1  0  4 -3  0  2  2 -2 -3 -3  1 -3 -2  0  0 -1 -3 -2 -2    5   0   1  36   0   2  12  20   0   0   0   9   0   2   3   6   1   0   1   3  0.39 0.08
  441 E   -2 -1  2  5 -4  1  4 -2  0 -4 -3  0 -3 -4 -2  0 -1 -4 -3 -3    1   0   8  39   0   3  37   0   1   0   1   2   0   0   0   5   3   0   0   0  0.70 0.12
  442 G   -1 -3  0 -2 -4 -1 -3  6 -3 -5 -5 -2 -4 -4 -3 -1 -2 -4 -4 -4    2   0   3   1   0   2   0  87   0   0   0   2   0   0   0   1   1   0   0   1  1.27 0.17
  443 G    0  3  2 -1 -3  1  0  3  0 -4 -3  0 -2 -3 -2  1 -1 -3 -3 -3    2  25  13   1   0   4   3  31   3   0   0   2   0   0   0  14   2   0   0   0  0.40 0.08
  444 L   -3 -3 -4 -5 -3 -3 -4 -4 -3  1  4 -4  1  1 -4 -3 -2  7  1  0    0   0   0   0   0   0   0   0   0   5  59   0   2   5   0   0   0  20   4   4  0.79 0.13
  445 T    2 -2  0 -2 -2 -1 -1 -2  4 -2 -2 -1  0 -2 -2  2  3 -2  2  0   18   0   2   0   0   2   0   0  15   0   0   0   3   0   0  14  33   0   8   5  0.32 0.10
  446 A    5 -3 -3 -3 -2 -2 -2 -1 -3 -3 -3 -2 -1 -3  1  1 -1 -4 -3 -1   83   0   0   0   0   0   0   0   0   0   0   0   1   0   7   7   1   0   0   0  0.79 0.17
  447 M   -2 -3 -4 -4 -2 -2 -4 -4 -3  2  4 -3  6 -1 -4 -3 -2 -3 -2  1    0   0   0   0   0   0   0   0   0  11  44   0  38   0   0   0   0   0   0   7  0.71 0.15
  448 H   -3 -2 -1 -3 -5 -1 -2 -4 10 -5 -5 -2 -3 -3 -4 -3 -4 -4  0 -5    0   0   0   0   0   0   0   0 100   0   0   0   0   0   0   0   0   0   0   0  2.36 0.30
  449 H   -3 -2 -1 -3 -5 -1 -2 -4 10 -5 -5 -2 -3 -3 -4 -3 -4 -4  0 -5    0   0   0   0   0   0   0   0 100   0   0   0   0   0   0   0   0   0   0   0  2.36 0.30
  450 P   -2 -4 -4 -3 -5 -3 -3 -4 -4 -5 -5 -3 -4 -5  8 -2 -3 -5 -5 -4    0   0   0   0   0   0   0   0   0   0   0   0   0   0 100   0   0   0   0   0  2.66 0.27
  451 F   -4 -4 -5 -5 -4 -5 -5 -5 -3 -2 -1 -5 -1  8 -5 -4 -4  0  2 -2    0   0   0   0   0   0   0   0   0   0   0   0   0 100   0   0   0   0   0   0  1.84 0.25
  452 T   -1 -3 -1 -3 -2 -2 -2 -3 -3 -2 -3 -2 -2 -4 -3  0  7 -4 -3 -1    0   0   0   0   0   0   0   0   0   0   0   0   0   0   0   0 100   0   0   0  1.34 0.25
  453 S    5 -2 -2 -2 -2 -2 -2 -1 -2 -2 -2 -1  0 -3 -2  3 -1 -4 -3 -2   67   0   0   0   0   0   0   0   0   0   2   0   3   0   0  28   0   0   0   0  0.66 0.16
  454 P   -2 -4 -4 -3 -5 -3 -3 -4 -4 -4 -4 -3 -4 -5  8 -2 -3 -5 -5 -4    0   0   0   0   0   0   0   0   0   0   0   0   0   0  99   0   0   0   0   0  2.62 0.27
  455 K    0  2 -1 -2  0  0 -1 -2 -2 -2 -1  4 -1 -3 -2  2  0 -3 -2 -1    5  14   1   0   3   1   0   0   0   2   9  37   1   0   0  23   2   0   0   2  0.29 0.09
  456 D   -1 -1  2  3 -2  0  1  1 -1 -1 -2  0 -2 -2 -1  0  0 -2 -2 -1    4   2  12  29   1   1   9  14   1   3   3   3   1   1   2   4   3   0   1   7  0.23 0.04
  457 M   -1 -3 -2 -1  6 -1 -1 -3 -3  1  1 -2  3  0 -3 -1 -1 -3 -2  1    1   0   1   5  30   2   5   0   0   8  11   0  16   5   0   3   3   0   0   9  0.37 0.09
  458 T    0 -1  0  2 -2  0  0 -2 -2 -3 -3 -1 -2 -3 -2  3  4 -4 -3 -2    2   1   1  15   0   4   1   0   0   0   0   0   0   0   0  38  37   0   0   0  0.51 0.13
  459 A    2 -3 -3 -3 -3 -2 -1 -2 -3  0 -1 -2 -1 -3  6 -1 -2 -4 -3  0   25   0   0   0   0   0   2   0   0   5   7   0   0   0  50   0   0   0   0   9  0.92 0.13
  460 A    1 -1 -1  2 -4  1  5 -2 -1 -4 -4  0 -3 -4 -2  0 -1 -4 -3 -3   17   0   0   9   0   4  60   2   0   0   0   3   0   0   0   4   0   0   0   0  0.67 0.13
  461 E    0 -1 -1  1 -4  3  5 -2 -1 -3 -2  0 -1 -3 -2  0  0 -4 -3 -3    8   0   0   6   0  13  54   0   0   0   4   1   1   0   0   2   8   0   0   0  0.56 0.12
  462 L   -3 -3 -5 -5 -2 -3 -4 -5 -4  1  5 -4  1  1 -4 -4 -2 -1 -2  0    0   0   0   0   0   0   0   0   0   0  93   0   1   3   0   0   0   1   0   2  0.92 0.17
  463 K    1  1 -1  0 -3  2  3 -2 -1 -2 -2  3 -1 -3 -2  0  0 -3 -2 -1   15   4   0   1   0   6  26   0   0   1   2  32   1   0   0   4   4   0   0   4  0.34 0.09
  464 A    4 -2  1 -1 -1  0  0 -1 -1 -2 -3  0 -2 -3 -2  1  0 -4 -3 -1   62   0   7   3   1   4   4   2   1   0   0   4   0   0   0   9   4   0   0   1  0.42 0.11
  465 A    0 -1  5  3 -1  0  0 -2  1 -3 -4 -1 -1 -4 -3  0 -1 -4 -3 -3    7   2  50  23   2   2   1   0   3   0   0   1   2   0   0   6   1   0   0   0  0.65 0.13
  466 P   -2 -4 -4 -2 -4 -3 -3 -4 -2 -4 -4 -3 -4 -5  8 -2 -2 -5 -4 -3    1   0   0   1   0   0   0   0   1   0   0   0   0   0  96   0   1   0   0   1  2.48 0.26
  467 E    2 -1 -1 -1 -2 -1  2  2 -2  0  0 -1 -1 -2 -2  0  1 -3 -2  0   25   1   1   0   0   0  19  18   0   4   9   1   0   0   0   2  10   0   1   7  0.16 0.06
  468 N    2 -1  2  0 -2  1  2  1 -1 -3 -3  0 -2 -3 -2  1  2 -3 -2 -2   23   2  12   3   0   5  17   9   0   0   0   6   0   0   0   8  15   0   0   1  0.24 0.06
  469 A    5 -2 -3 -3  3 -2 -2 -1 -3 -2 -1 -2 -1 -3 -2  0  0 -4 -3 -1   82   1   0   0   6   0   0   0   0   1   4   0   1   0   0   1   2   0   0   2  0.72 0.17
  470 V   -2 -3 -2 -4 -2 -2 -3 -4 -3  3  4 -3  1  0 -4 -3 -1 -3 -1  2    0   0   3   0   0   1   0   0   0  17  58   1   0   0   0   0   0   0   2  17  0.50 0.11
  471 A    3 -2 -1 -2 -2 -1 -1 -1 -2 -3 -3 -1 -3 -4 -2  5  0 -4 -3 -2   30   0   0   0   0   0   0   0   0   0   0   0   0   0   0  70   0   0   0   0  0.79 0.18
  472 N   -2  4  5  1 -4  0 -1 -2 -1 -2 -3  0 -3 -4 -3 -1 -2 -4 -3 -2    0  39  43   9   0   2   0   0   0   3   0   2   0   0   0   0   0   0   0   3  0.72 0.15
  473 A    6 -3 -3 -3 -2 -2 -2 -1 -3 -3 -3 -2 -2 -4 -2  0 -1 -4 -3 -1  100   0   0   0   0   0   0   0   0   0   0   0   0   0   0   0   0   0   0   0  1.09 0.21
  474 Y   -4 -3 -4 -5 -4 -3 -4 -5  0 -3 -3 -4 -3  2 -5 -3 -3  1  9 -3    0   0   0   0   0   0   0   0   0   0   0   0   0   0   0   0   0   0 100   0  2.09 0.29
  475 D   -3 -3  0  8 -5 -2  0 -3 -3 -5 -5 -2 -5 -5 -3 -2 -3 -6 -5 -5    0   0   0 100   0   0   0   0   0   0   0   0   0   0   0   0   0   0   0   0  1.77 0.24
  476 M   -3 -3 -4 -5 -2 -2 -4 -5 -3  1  1 -3  9 -2 -4 -3 -2 -3 -3 -1    0   0   0   0   1   0   0   0   0   3   5   0  91   0   0   0   0   0   0   0  1.59 0.27
  477 V   -1 -4 -4 -5 -2 -4 -4 -5 -5  1  0 -4 -1 -2 -4 -3 -1 -4 -3  6    0   0   0   0   0   0   0   0   0   0   0   0   0   0   0   0   0   0   0 100  1.12 0.21
  478 I   -2 -3 -4 -5 -2 -3 -4 -5 -4  4  4 -4  1 -1 -4 -3 -2 -3 -2  1    0   0   0   0   0   0   0   0   0  31  68   0   1   0   0   0   0   0   0   0  0.76 0.14
  479 N   -3 -2  8  0 -4 -1 -2 -2 -1 -5 -5 -2 -4 -5 -4 -1 -2 -5 -4 -5    0   0 100   0   0   0   0   0   0   0   0   0   0   0   0   0   0   0   0   0  1.72 0.26
  480 G   -1 -4 -2 -3 -4 -3 -4  7 -3 -5 -5 -3 -4 -5 -4 -2 -3 -4 -5 -5    0   0   0   0   0   0   0 100   0   0   0   0   0   0   0   0   0   0   0   0  1.70 0.21
  481 Y   -2 -3 -2 -3  4 -2 -2 -3 -1 -2 -2 -2 -1  0 -3  0  4 -1  6  0    0   0   0   0  11   0   1   0   0   0   0   0   1   0   0   5  37   0  37   9  0.62 0.15
  482 E   -2 -2 -2  0 -5  1  7 -4 -2 -5 -4 -1 -4 -5 -3 -2 -2 -4 -4 -4    0   0   0   0   0   0 100   0   0   0   0   0   0   0   0   0   0   0   0   0  1.50 0.24
  483 V   -2 -3 -4 -4 -2 -3 -4 -4 -4  2  3 -3  1 -1 -4 -3 -1 -3 -2  4    0   0   0   0   0   0   0   0   0   9  43   0   0   0   0   0   0   0   0  48  0.62 0.13
  484 G   -1 -4 -2 -3 -4 -3 -4  7 -3 -5 -5 -3 -4 -5 -4 -2 -3 -4 -5 -5    0   0   0   0   0   0   0 100   0   0   0   0   0   0   0   0   0   0   0   0  1.70 0.21
  485 G   -1 -4 -2 -3 -4 -3 -4  7 -3 -5 -5 -3 -4 -5 -4 -2 -3 -4 -5 -5    0   0   0   0   0   0   0 100   0   0   0   0   0   0   0   0   0   0   0   0  1.70 0.21
  486 G   -1 -4 -2 -3 -4 -3 -4  7 -3 -5 -5 -3 -4 -5 -4 -2 -3 -4 -5 -5    0   0   0   0   0   0   0 100   0   0   0   0   0   0   0   0   0   0   0   0  1.70 0.21
  487 S    0 -2 -1 -2 -2 -1 -2 -2 -2 -4 -4 -2 -3 -4 -2  6  0 -4 -3 -3    0   0   0   0   0   0   0   0   0   0   0   0   0   0   0 100   0   0   0   0  1.18 0.24
  488 V   -2 -4 -4 -4 -2 -3 -4 -5 -4  4  1 -4  0 -2 -4 -3 -1 -4 -2  5    0   0   0   0   0   0   0   0   0  34   3   0   1   0   0   0   0   0   0  63  0.77 0.15
  489 R   -3  8 -2 -3 -5  0 -2 -4 -2 -5 -4  1 -3 -4 -4 -2 -3 -4 -3 -4    0 100   0   0   0   0   0   0   0   0   0   0   0   0   0   0   0   0   0   0  1.65 0.24
  490 I   -3 -5 -5 -5 -3 -4 -5 -5 -5  7  0 -4  0 -1 -4 -4 -2 -4 -3  1    0   0   0   0   0   0   0   0   0 100   0   0   0   0   0   0   0   0   0   0  1.25 0.22
  491 H   -3 -2  0 -3 -5 -1 -2 -4 10 -5 -4 -2 -3  1 -4 -3 -3 -4  1 -5    0   0   2   0   0   0   0   0  90   0   0   0   0   6   0   0   0   0   2   0  1.96 0.27
  492 N   -2  3  3  3 -1  1  0 -2  1 -4 -3  1 -2 -4 -2  0  0 -4 -3 -3    0  21  23  25   2   7   2   0   4   0   1   7   0   0   0   5   5   0   0   0  0.45 0.09
  493 G    0  0  1  0  0  3  1  1 -1 -2 -2  0  0 -3  3  1  0 -2 -2 -2   10   2   8   2   3  20   5  10   0   0   2   4   3   0  15   9   6   0   0   1  0.25 0.05
  494 D    0 -1  1  4 -3  1  4 -2 -1 -3 -3  1 -3 -4 -2  0  0 -4 -3 -3   12   0   4  26   0   4  38   0   0   0   0   8   0   0   0   3   3   0   0   1  0.53 0.10
  495 M   -3 -3 -4 -5 -3 -2 -4 -4 -3  0  1 -3  9 -2 -4 -3 -2 -3 -3  1    0   0   0   0   0   0   0   0   0   1   2   0  90   0   0   0   1   0   0   6  1.54 0.27
  496 Q   -2 -1 -2 -2 -5  8  0 -4 -1 -5 -4  0 -2 -5 -3 -2 -2 -4 -3 -4    0   0   0   0   0 100   0   0   0   0   0   0   0   0   0   0   0   0   0   0  1.69 0.28
  497 Q    1  2 -1 -1 -3  5  1 -2 -1 -4 -3  2 -2 -4 -2  1 -1 -1 -2 -3   10   9   1   0   0  51   6   0   0   0   0   9   0   0   0  11   2   1   0   0  0.60 0.13
  498 T    3 -1 -2 -2 -2  0 -1 -2 -2 -2 -2  0 -2 -3 -2  0  4 -3 -3  0   44   2   0   0   0   6   1   0   0   0   0   5   0   0   0   2  36   0   0   4  0.44 0.12
  499 V    0 -4 -4 -4 -2 -3 -4 -4 -4  2  0 -4  0 -2 -4 -3 -1 -4 -2  6    5   0   0   0   0   0   0   0   0   4   0   0   0   0   0   0   0   0   0  91  0.94 0.19
  500 F   -4 -4 -5 -5 -4 -5 -5 -5 -3 -1  0 -5 -1  8 -5 -4 -4  0  2 -2    0   0   0   0   0   0   0   0   0   0   4   0   0  96   0   0   0   0   0   0  1.69 0.24
  501 G   -1  3  1  3 -3  0  2  1 -1 -4 -3  1 -3 -4 -2  1 -1 -4 -3 -3    0  25   5  17   0   1  19  10   0   0   0   9   0   0   0  11   1   0   0   0  0.39 0.08
  502 I    0 -3 -4 -4 -1 -3 -4 -4 -4  5  2 -3  1 -1 -3 -2 -1 -3 -2  2    7   1   0   0   1   0   0   0   0  52  24   0   1   0   0   0   1   0   0  13  0.51 0.11
  503 L   -3 -3 -5 -5 -3 -3 -4 -5 -4  1  6 -4  1 -1 -4 -4 -2 -3 -2  0    0   0   0   0   0   0   0   0   0   1  99   0   0   0   0   0   0   0   0   0  1.04 0.18
  504 G   -1 -3  1 -2 -4 -3 -3  6 -3 -5 -5 -2 -4 -4 -3 -1 -3 -4 -4 -4    1   0   6   1   0   0   1  90   0   0   0   1   0   0   0   0   0   0   0   0  1.41 0.19
  505 I   -3 -4 -5 -5 -3 -4 -5 -5 -5  7  0 -4  0 -1 -4 -4 -2 -4 -3  1    0   0   0   0   0   0   0   0   0  99   0   0   1   0   0   0   0   0   0   0  1.23 0.22
  506 N    0 -2  3  2 -3  0  1  2 -1 -3 -4 -1 -3 -4 -2  2  1 -4 -3 -3    2   0  20  14   0   1  12  16   0   0   0   0   0   0   0  27   9   0   0   0  0.41 0.09
  507 E    1 -1 -1  3 -4  1  5 -2 -1 -4 -4  1 -3 -4  1  0 -1 -4 -3 -3   12   0   0  16   0   3  53   0   0   0   0   5   0   0   6   2   1   0   0   0  0.63 0.12
  508 E    0  0  0  2 -4  3  5 -2  1 -4 -4  0 -3 -4 -2 -1 -1 -4 -2 -3   10   2   1  12   0  15  52   1   3   0   0   0   0   0   0   0   2   0   1   0  0.63 0.13
  509 E   -2 -1 -1  1 -5  2  6 -3 -1 -5 -4  0 -3 -5 -2 -1 -2 -4 -3 -4    0   0   0   2   0   7  89   0   0   0   0   0   0   0   0   1   0   0   0   0  1.28 0.21
  510 Q    4 -1 -2 -2 -3  6  0 -2 -2 -3 -3 -1 -2 -4 -2  0 -1 -3 -3 -2   46   0   0   0   0  51   0   0   0   0   0   0   0   0   0   1   1   0   0   0  0.78 0.18
  511 R   -1  4  0  0 -4  4  2 -3  0 -4 -3  2 -2 -4 -2 -1 -2 -3 -2 -3    3  37   3   4   0  27  17   0   2   0   0   6   0   0   0   1   0   0   0   0  0.62 0.12
  512 E   -1 -1 -1  2 -4  1  6 -3 -1 -4 -2  0 -3 -4 -2 -1 -2 -4 -3 -3    4   0   1  12   0   4  73   0   0   0   3   0   0   0   0   1   0   0   0   2  0.89 0.16
  513 K   -2  2 -2 -2 -4  0 -1 -3 -2 -4 -4  7 -3 -5 -2 -2 -2 -4 -3 -3    1   3   0   0   0   1   0   0   0   0   0  93   0   0   0   0   0   0   0   1  1.17 0.21
  514 F   -4 -4 -5 -5 -4 -5 -5 -5 -3 -2 -1 -5 -1  8 -5 -4 -4  1  2 -2    0   0   0   0   0   0   0   0   0   0   0   0   0  99   0   0   0   1   0   0  1.80 0.25
  515 G   -1 -4 -2 -3 -4 -3 -3  7 -3 -5 -5 -3 -4 -4 -3 -1 -3 -4 -4 -4    0   0   0   0   0   0   0  95   0   0   0   0   0   0   0   3   0   0   0   0  1.55 0.20
  516 F   -4 -4 -5 -5 -4 -5 -5 -5 -3 -2 -1 -5 -1  8 -5 -4 -4  0  2 -2    0   0   0   0   0   0   0   0   0   0   0   0   0 100   0   0   0   0   0   0  1.84 0.25
  517 L   -3 -3 -5 -5 -3 -3 -4 -5 -4  0  6 -4  1 -1 -2 -4 -2 -3 -2  0    0   0   0   0   0   0   0   0   0   0  99   0   0   0   1   0   0   0   0   0  1.02 0.18
  518 L   -2 -3 -5 -5 -2 -3 -4 -5 -4  0  6 -4  1 -1 -4 -4 -2 -3 -2  0    1   0   0   0   0   0   0   0   0   0  99   0   0   0   0   0   0   0   0   0  1.02 0.18
  519 D   -2 -1  2  6 -4  0  3 -2 -2 -4 -4 -1 -4 -5 -3 -1 -2 -5 -4 -4    1   2  10  65   0   2  16   0   0   0   0   2   0   0   0   2   1   0   0   0  0.99 0.15
  520 A    6 -3 -3 -3  0 -2 -2 -1 -3 -3 -3 -2 -2 -4 -2  0 -1 -4 -3 -1   98   0   0   0   1   0   0   1   0   0   0   0   0   0   0   0   0   0   0   0  1.04 0.21
  521 L   -2 -3 -5 -5 -2 -3 -4 -5 -4  0  6 -4  1 -1 -4 -4 -2 -3 -2  0    1   0   0   0   0   0   0   0   0   0  99   0   0   0   0   0   0   0   0   0  1.02 0.18
  522 K   -2  2 -1 -2 -4  2  1 -3 -1 -4 -4  6 -2 -4 -2 -1 -2 -4 -3 -3    1   9   1   0   0  10   4   0   1   0   0  73   0   0   0   0   0   0   0   0  0.88 0.17
  523 Y   -3 -3 -4 -5 -4 -3 -4 -5  1 -2 -2 -4 -2  5 -5 -3 -3  1  8 -2    0   0   0   0   0   0   0   0   2   0   0   0   0  32   0   0   0   0  65   1  1.45 0.21
  524 G   -1 -4 -2 -3 -4 -3 -4  7 -3 -5 -5 -3 -4 -5 -4 -2 -3 -4 -5 -5    0   0   0   0   0   0   0 100   0   0   0   0   0   0   0   0   0   0   0   0  1.70 0.21
  525 T    4 -3 -2 -3  5 -2 -2 -2 -3 -2 -2 -2 -2 -3 -2  0  4 -4 -3 -1   44   0   0   0  17   0   0   0   0   0   0   0   0   0   0   0  39   0   0   0  0.66 0.15
  526 P   -2 -4 -4 -3 -5 -3 -3 -4 -1 -4 -5 -3 -4 -5  8 -2 -3 -5 -4 -4    0   0   0   0   0   0   0   0   1   0   0   0   0   0  99   0   0   0   0   0  2.60 0.27
  527 P   -2 -4 -4 -3 -4 -3 -3 -4 -4 -4 -4 -3 -4 -5  8 -2 -2 -5 -5 -3    0   0   0   0   0   0   0   0   0   0   0   0   0   0  98   0   1   0   0   1  2.55 0.26
  528 H   -3 -1 -1 -3 -5 -1 -2 -4 10 -5 -5 -2 -3 -3 -4 -3 -3 -4  0 -5    0   1   0   0   0   0   0   0  99   0   0   0   0   0   0   0   0   0   0   0  2.29 0.30
  529 A    4 -3 -2 -3 -2 -2 -2  5 -3 -3 -3 -2 -3 -4 -2  0 -2 -4 -3 -2   51   0   0   0   0   0   0  47   0   0   0   0   0   0   0   1   0   0   0   0  0.83 0.15
  530 G   -1 -4 -2 -3 -4 -3 -3  7 -3 -5 -5 -3 -4 -4 -3 -2 -3 -4 -4 -4    0   0   0   0   0   0   0  99   0   0   0   0   0   0   0   0   0   0   0   0  1.65 0.21
  531 L   -3 -3 -5 -5 -2 -3 -4 -5 -4  2  5 -4  2 -1 -4 -4 -2 -3 -2  0    0   0   0   0   0   0   0   0   0   9  88   0   3   0   0   0   0   0   0   0  0.89 0.16
  532 A    6 -3 -3 -3 -2 -2 -2 -1 -3 -3 -3 -2 -2 -4 -2  0 -1 -4 -3 -1  100   0   0   0   0   0   0   0   0   0   0   0   0   0   0   0   0   0   0   0  1.09 0.21
  533 F   -4 -4 -5 -5 -4 -5 -5 -5 -3 -2 -1 -5 -1  8 -5 -4 -4  0  2 -2    0   0   0   0   0   0   0   0   0   0   1   0   0  99   0   0   0   0   0   0  1.79 0.25
  534 G   -1 -4 -2 -3 -4 -3 -4  7 -3 -5 -5 -3 -4 -5 -4 -2 -3 -4 -5 -5    0   0   0   0   0   0   0 100   0   0   0   0   0   0   0   0   0   0   0   0  1.70 0.21
  535 L   -3 -3 -5 -5 -3 -3 -4 -5 -4  0  6 -4  1 -1 -4 -4 -2 -3 -2  0    0   0   0   0   0   0   0   0   0   0  99   0   1   0   0   0   0   0   0   0  1.05 0.19
  536 D   -3 -3  0  8 -5 -2  0 -3 -3 -5 -5 -2 -5 -5 -3 -2 -3 -6 -5 -5    0   0   0 100   0   0   0   0   0   0   0   0   0   0   0   0   0   0   0   0  1.77 0.24
  537 R   -3  8 -2 -3 -5  0 -2 -4 -2 -5 -4  1 -3 -4 -4 -2 -3 -4 -3 -4    0 100   0   0   0   0   0   0   0   0   0   0   0   0   0   0   0   0   0   0  1.65 0.24
  538 L   -3 -3 -5 -5 -2 -3 -4 -5 -4  1  5 -4  2 -1 -4 -4 -2 -3 -2  0    0   0   0   0   0   0   0   0   0   3  93   0   3   0   0   0   0   0   0   0  0.95 0.17
  539 T   -1 -3 -3 -4 -2 -3 -3 -4 -4  3  0 -3  0 -2 -3 -2  2 -4 -2  5    1   0   0   0   0   0   0   0   0  11   0   0   0   0   0   1  13   0   0  74  0.70 0.16
  540 M   -3 -3 -4 -5 -3 -2 -4 -5 -3  0  0 -3 10 -2 -4 -3 -2 -3 -3 -1    0   0   0   0   0   0   0   0   0   0   0   0  99   0   0   0   1   0   0   0  1.84 0.30
  541 L   -3 -3 -5 -5 -3 -3 -4 -5 -4  0  6 -4  1 -1 -4 -4 -2 -3 -2  0    0   0   0   0   0   0   0   0   0   0 100   0   0   0   0   0   0   0   0   0  1.06 0.19
  542 L   -2 -3 -4 -5 -3 -2 -4 -4 -3  1  4 -3  8 -1 -4 -3 -2 -3 -2  0    0   0   0   0   0   0   0   0   0   2  38   0  59   0   0   0   0   0   0   0  1.03 0.20
  543 T    0 -2 -1 -2  3 -2 -2 -2 -3 -1 -2 -2 -2 -3 -2  1  6 -4 -3  1    4   0   0   0   7   0   0   0   0   0   1   0   0   0   0   6  74   0   0   8  0.78 0.17
  544 G   -1 -3  0  0 -4 -3 -3  6 -3 -5 -5 -2 -4 -4 -3 -1 -3 -4 -4 -4    0   0   3   6   0   0   0  90   0   0   0   0   0   0   0   0   0   0   0   0  1.41 0.19
  545 T    3 -2 -1 -2  1 -2 -2 -1 -3 -2 -2 -2 -2 -3 -2  2  4 -4 -3 -1   43   0   0   0   3   0   0   3   0   0   0   0   0   0   0  13  38   0   0   0  0.53 0.13
  546 D    0 -1  1  4 -3  2  2 -1  0 -3 -3  0 -2 -4 -1  2  1 -4 -3 -3    5   2   3  32   0  10  13   1   3   0   0   2   0   0   1  22   7   0   0   0  0.42 0.08
  547 N   -1 -2  5 -1 -3 -1 -1 -1 -1 -4 -4 -1 -3 -4 -2  5  1 -4 -3 -3    0   0  37   0   0   0   0   0   0   0   0   0   0   0   0  58   5   0   0   0  0.81 0.17
  548 I   -3 -5 -5 -5 -3 -4 -5 -5 -5  7  0 -4  0 -1 -4 -4 -2 -4 -3  1    0   0   0   0   0   0   0   0   0 100   0   0   0   0   0   0   0   0   0   0  1.25 0.22
  549 R   -3  8 -2 -3 -5  0 -2 -4 -2 -5 -4  1 -3 -4 -4 -2 -3 -4 -3 -4    0 100   0   0   0   0   0   0   0   0   0   0   0   0   0   0   0   0   0   0  1.64 0.24
  550 D   -3 -3  0  7 -5 -1  3 -3 -2 -5 -5 -2 -4 -5 -3 -1 -2 -5 -4 -4    0   0   0  82   0   0  18   0   0   0   0   0   0   0   0   0   0   0   0   0  1.41 0.20
  551 V   -1 -4 -4 -5 -2 -4 -4 -5 -5  1  0 -4 -1 -2 -4 -3 -1 -4 -3  6    0   0   0   0   0   0   0   0   0   0   0   0   0   0   0   0   0   0   0 100  1.11 0.21
  552 I   -2 -4 -4 -5 -3 -3 -4 -5 -4  6  1 -4  5 -1 -4 -3 -2 -4 -2  1    0   0   0   0   0   0   0   0   0  73   0   0  27   0   0   0   0   0   0   0  0.97 0.19
  553 A    6 -3 -3 -3 -2 -2 -2 -1 -3 -3 -3 -2 -2 -4 -2  0 -1 -4 -3 -1  100   0   0   0   0   0   0   0   0   0   0   0   0   0   0   0   0   0   0   0  1.08 0.21
  554 F   -4 -4 -5 -5 -4 -5 -5 -5 -3 -2 -1 -5 -1  8 -5 -4 -4  0  2 -2    0   0   0   0   0   0   0   0   0   0   0   0   0 100   0   0   0   0   0   0  1.83 0.25
  555 P   -2 -4 -4 -3 -5 -3 -3 -4 -4 -4 -5 -3 -4 -5  8 -2 -3 -5 -5 -4    0   0   0   0   0   0   0   0   0   0   0   0   0   0 100   0   0   0   0   0  2.66 0.27
  556 K   -2  1 -2 -2 -5  0 -1 -3 -2 -4 -4  7 -3 -5 -2 -2 -2 -5 -3 -4    0   0   0   0   0   0   0   0   0   0   0 100   0   0   0   0   0   0   0   0  1.34 0.23
  557 T   -1 -3 -1 -3 -2 -2 -2 -3 -3 -2 -3 -2 -2 -4 -3  0  7 -4 -3 -1    0   0   0   0   0   0   0   0   0   0   0   0   0   0   0   0 100   0   0   0  1.33 0.24
  558 T   -1 -1 -1 -2 -3  5  0 -3 -2 -3 -3  0 -2 -4 -2  0  5 -4 -3 -2    4   0   1   0   0  45   0   0   0   0   0   3   0   0   0   0  47   0   0   0  0.77 0.18
  559 A    3 -2 -1 -2 -2 -1 -1 -1 -2 -2 -3 -1 -2 -3 -2  3  4 -4 -3 -1   29   0   0   0   0   2   0   0   0   0   0   0   0   0   0  32  36   0   0   0  0.54 0.13
  560 A    6 -3 -3 -3 -2 -2 -2 -1 -3 -3 -3 -2 -2 -4 -2  0 -1 -4 -3 -1   99   0   0   0   0   0   0   1   0   0   0   0   0   0   0   0   0   0   0   0  1.06 0.21
  561 A    5 -2 -2 -2 -2 -1 -1 -1 -1 -2 -2 -2 -1 -3 -2  1  1 -1 -3 -1   71   0   0   1   0   1   2   1   2   0   1   0   1   0   0  10   7   1   0   1  0.55 0.14
  562 C   -2 -5 -4  0 11 -4 -5 -4 -5 -3 -3 -5 -3 -4 -5 -3 -3 -4 -4 -3    0   0   0   6  94   0   0   0   0   0   0   0   0   0   0   0   0   0   0   0  2.46 0.28
  563 L   -2 -3 -4 -4 -2 -3 -3 -4 -4  0  4 -3  2 -1  4 -3 -2 -3 -2  2    0   0   0   0   0   0   0   0   0   0  55   0   4   0  26   0   0   0   0  15  0.65 0.12
  564 M   -2 -3 -4 -5 -3 -2 -4 -4 -3  0  4 -3  7 -1 -4 -3 -2 -3 -2  0    0   0   0   0   0   0   0   0   0   0  49   0  51   0   0   0   0   0   0   0  0.98 0.19
  565 T   -1 -3 -1 -3 -2 -2 -2 -3 -3 -2 -3 -2 -2 -4 -3  0  7 -4 -3 -1    0   0   0   0   0   0   0   0   0   1   0   0   0   0   0   0  99   0   0   0  1.31 0.24
  566 E   -2 -1  2  5 -4  3  3 -2  0 -4 -4 -1 -3 -4 -2  0 -1 -4 -3 -4    1   0  11  42   0  16  22   1   1   0   0   0   0   0   0   6   1   0   0   0  0.70 0.12
  567 A    6 -3 -3 -3 -2 -2 -2 -1 -3 -3 -3 -2 -2 -4 -2  0 -1 -4 -3 -1  100   0   0   0   0   0   0   0   0   0   0   0   0   0   0   0   0   0   0   0  1.08 0.21
  568 P   -2 -4 -4 -3 -5 -3 -3 -4 -4 -4 -5 -3 -4 -5  8 -2 -3 -5 -5 -4    0   0   0   0   0   0   0   0   0   0   0   0   0   0 100   0   0   0   0   0  2.66 0.27
  569 S    2 -2  0 -2 -2 -2 -2  4 -2 -4 -4 -2 -3 -4 -2  4 -1 -4 -3 -3   14   0   1   0   0   0   0  38   0   0   0   0   0   0   0  47   0   0   0   0  0.68 0.14
  570 F    0 -1 -2 -1 -3  0  2 -2 -1 -1  0 -1  0  3  2 -1  0 -2  1  0    9   1   0   2   0   2  20   0   1   2   9   2   1  23  10   1   6   0   4   5  0.16 0.06
  571 A    4 -3 -3 -3 -2 -2 -3 -1 -3  0 -1 -2 -1 -3 -1 -1 -1 -4 -3  4   48   0   0   0   0   0   0   2   0   1   0   0   0   0   1   1   0   0   0  45  0.50 0.14
  572 N   -2 -2  5  3 -3  0  0  0 -1 -3 -4 -1 -3 -4 -2  2 -1 -5 -3 -3    1   0  47  22   0   1   4   4   0   1   0   0   0   0   1  19   1   0   0   0  0.68 0.13
  573 P    1 -2  0  1 -3  0  2 -1 -2 -3 -3 -1 -2 -4  6  0 -1 -4 -3 -2   13   0   4   7   0   2  14   3   0   0   0   1   1   0  46   5   1   0   0   1  0.85 0.11
  574 T    2  0  0  1 -2  2  2 -1 -1 -2 -2  2 -1 -3 -2  0  0 -3 -2 -1   33   2   2  11   0  11  12   0   0   1   1  17   1   0   0   3   3   0   0   2  0.26 0.07
  575 A    3 -1 -1 -2 -3  6  0 -2 -1 -3 -3  0 -2 -4 -2  1 -1 -3 -3 -1   30   0   0   0   0  55   0   0   0   0   1   0   0   0   1  11   0   0   0   4  0.67 0.16
  576 L   -3 -3 -5 -5 -3 -3 -4 -5 -4  0  6 -4  1 -1 -4 -4 -2 -3 -2  0    0   0   0   0   0   0   0   0   0   0 100   0   0   0   0   0   0   0   0   0  1.05 0.18
  577 A    1  4  0 -1 -3  2  1 -1  0 -3 -2  3 -2 -3 -2  0  0 -3 -2 -2   14  32   2   1   0   7  11   2   1   0   1  20   0   0   0   1   5   0   0   3  0.36 0.08
  578 E   -2 -2 -1  3 -5  1  6 -3 -1 -5 -4 -1 -4 -5 -2 -1 -2 -4 -4 -4    0   0   0  11   0   0  89   0   0   0   0   0   0   0   0   0   0   0   0   0  1.29 0.21
  579 L   -3 -3 -5 -5 -2 -3 -4 -5 -4  1  5 -4  1 -1 -4 -4 -2 -3 -2  0    0   0   0   0   0   0   0   0   0   0  97   0   0   0   0   0   0   0   0   3  1.00 0.18
  580 S    2 -2  3 -1 -2 -1 -1  3  3 -3 -3 -1 -2 -2 -2  2 -1 -4 -2 -3   23   0  18   0   0   0   0  26  13   0   0   0   0   1   0  20   0   0   0   0  0.43 0.10
  581 I   -2 -4 -5 -4 -2 -4 -4 -5 -5  6  1 -4  0 -1 -4 -4 -2 -4 -3  2    0   0   0   0   0   0   0   0   0  86   6   0   0   0   0   0   0   0   0   8  0.99 0.18
  582 Q    1  5  0  0 -3  2  0 -2 -1 -3 -3  2 -2 -4 -2  0 -1 -4 -3 -3   20  44   2   4   0  10   3   0   0   0   0   7   0   0   0   7   1   0   0   0  0.48 0.10
  583 V   -1 -3 -3 -4 -2 -3 -3 -4 -4  2  3 -3  1 -1 -3 -2  1 -3 -2  4    0   0   0   0   0   0   0   0   0   6  37   0   0   0   0   1   9   0   0  47  0.49 0.11
  584 V   -1  5 -2 -3 -3 -1 -2 -3 -2  1 -1  0 -1 -3 -3 -2  0 -4 -2  2    1  50   0   0   0   0   0   0   0   8   4   2   0   0   0   0   7   0   0  26  0.47 0.11
  585 K   -2  2 -1 -1 -4  3  3 -3 -1 -4 -3  5 -2 -4 -2 -1 -2 -4 -3 -3    0   5   0   0   0  11  27   0   0   0   0  57   0   0   0   0   0   0   0   0  0.71 0.11

                      K         Lambda
Standard Ungapped    0.1376     0.3207
Standard Gapped      0.0584     0.2670
PSI Ungapped         0.1902     0.3130
PSI Gapped           0.0584     0.2670
