
Last position-specific scoring matrix computed, weighted observed percentages rounded down, information per position, and relative weight of gapless real matches to pseudocounts
           A  R  N  D  C  Q  E  G  H  I  L  K  M  F  P  S  T  W  Y  V   A   R   N   D   C   Q   E   G   H   I   L   K   M   F   P   S   T   W   Y   V
    1 G   -1 -3  3 -2 -4 -3 -3  6 -3 -5 -5 -3 -4 -4 -3 -1 -3 -4 -4 -4    0   0  15   0   0   0   0  85   0   0   0   0   0   0   0   0   0   0   0   0  1.35 0.21
    2 R   -4  8 -1 -2 -1  2 -3 -5 -3 -6 -5 -1 -4 -6 -5 -4 -4 -6 -5 -6    0  86   2   2   2   8   0   0   0   0   0   0   0   0   0   0   0   0   0   0  1.99 0.54
    3 S   -2 -3  2 -3 -3 -3 -3 -3  1 -6 -6 -3 -5 -6 -4  7 -2 -6 -5 -5    0   1   9   0   0   0   0   1   3   0   0   0   0   0   0  85   0   0   0   0  1.64 0.58
    4 R    1  3 -2 -2 -4  0 -1 -2 -2 -3 -3  0 -2 -4  4  2 -1 -5 -3 -1   15  19   1   1   0   3   2   2   0   0   1   6   1   0  25  17   3   0   1   3  0.53 0.25
    5 L   -2 -2 -5 -6 -4 -2 -4 -6 -5  0  5 -1  2  2 -5 -4 -3 -4 -3  1    2   2   0   0   0   2   0   0   0   3  68   4   3   7   0   0   0   0   0   8  0.92 0.36
    6 L   -5 -5 -7 -4 -5 -3 -6 -7 -6 -1  7 -6  0 -3 -6 -6 -4 -5 -4 -2    0   0   0   1   0   1   0   0   0   2  95   0   1   0   0   0   0   0   0   0  1.77 0.57
    7 E   -3  0 -1  2 -6  1  6 -5  0 -5 -2 -1 -4 -1 -4 -2 -2 -5 -2 -4    1   4   2  11   0   4  61   0   2   0   5   2   0   3   0   2   1   0   1   0  1.03 0.42
    8 D   -4 -1 -1  4 -6  0  6 -4  1 -5 -3 -2 -5 -6 -4 -3 -2 -6 -5 -5    0   3   3  21   0   2  62   1   3   0   3   0   0   0   0   0   1   0   0   0  1.34 0.50
    9 F   -4 -6 -6 -6 -1 -6 -5 -6 -3  0  1 -6 -3  8 -4 -5 -5 -2  3 -1    1   0   0   0   2   0   1   0   1   4  10   0   0  70   1   0   0   0   7   4  1.76 0.54
   10 R   -2  6 -2 -2 -3 -2 -1 -1  0 -4 -3  4 -2 -5 -4 -2 -3 -5 -3 -3    3  50   1   1   1   0   2   4   3   1   2  26   1   0   0   3   0   0   1   1  1.04 0.40
   11 N    1 -1  6  0 -4 -2 -2 -2 -1 -4 -2 -2 -3 -5 -2  3  1 -3 -4 -4   11   2  38   4   0   1   0   1   1   0   4   1   1   0   1  27   7   0   0   0  0.73 0.34
   12 N   -3 -1  7  0 -5  0 -2  0 -1 -6 -5  0 -2 -6  0  1 -2 -6 -4 -5    1   2  54   3   0   4   1   6   1   0   1   6   1   0   5  11   2   0   0   0  1.02 0.41
   13 R   -2  4  0 -2 -5  0 -1 -3 -2 -3 -3  5 -3 -5  0  1  0 -5 -4 -2    1  23   5   1   0   3   3   2   0   1   3  38   0   0   4   9   6   0   0   2  0.65 0.31
   14 Y    0 -2  3  0 -3  0 -1 -1  0 -1 -2  0 -1  2 -2  2  2 -3  1 -2    7   1  17   4   0   4   1   3   3   3   2   4   1  12   1  16  13   0   5   2  0.21 0.16
   15 P   -1  4 -1 -2 -3  1 -1 -2 -2 -4 -4  4 -4 -5  3  0 -1 -5 -4 -4    5  25   2   1   0   6   1   2   1   1   0  31   0   0  14   6   4   0   0   1  0.70 0.32
   16 N   -2  4  3  0  0  0  0  0  0 -4 -4  3 -3 -5 -2  1 -1 -4 -4 -4    1  23  16   4   2   2   4   8   2   1   0  19   0   0   2  13   3   0   0   0  0.47 0.25
   17 L   -4 -5 -4 -6 -3 -4 -4 -5 -3 -1  2 -5  2  5 -3 -4 -1  7  5  0    0   0   1   0   0   0   0   0   0   3  22   0   5  24   2   0   4  15  18   5  0.97 0.36
   18 Q   -3  2 -2  0 -5  2  5 -3 -1 -1 -3  0 -2 -2 -2 -1  0 -5 -2 -3    1  11   0   5   0  10  45   1   1   4   2   4   1   1   1   4   7   0   1   1  0.63 0.32
   19 L   -3 -5 -7 -7 -4 -5 -6 -6 -6  1  6 -6  1 -1 -6 -5 -4 -5 -4 -1    2   0   0   0   0   0   0   0   0   5  85   0   2   2   0   0   0   0   0   3  1.52 0.52
   20 R   -1  3 -1 -1 -2  1  1 -3  1 -1 -2  3 -1 -3 -2  2 -1 -4 -3 -2    3  17   2   2   1   4   9   1   3   4   4  25   2   1   1  19   2   0   0   1  0.35 0.22
   21 E   -4 -3  1  7 -6  1  3 -4  1 -6 -6 -3 -5 -6 -4 -1 -4 -7 -5 -5    0   1   4  65   0   6  15   0   3   0   0   0   0   0   0   3   0   0   0   1  1.55 0.52
   22 I   -3 -6 -6 -6 -4 -5 -6 -7 -6  7  3 -5  2 -1 -6 -5 -4 -5 -2  1    1   0   0   0   0   0   0   0   0  63  22   0   4   2   0   0   0   0   1   8  1.36 0.46
   23 A    1  1 -2 -2 -1  1 -1 -2 -1 -1 -1  2 -2  2 -3 -1  0  0  4  0   15   6   0   1   1   6   3   2   1   3   4  14   0   8   1   1   6   1  18   8  0.19 0.16
   24 G   -2 -4  2  0 -6 -4 -2  7 -3 -7 -7 -4 -6 -6 -4 -2 -4 -6 -6 -6    1   1  11   6   0   0   2  76   0   0   0   0   0   0   1   2   0   0   0   0  1.65 0.53
   25 H   -3  0  1 -2 -3  1  0 -5  9 -6 -5 -2 -3 -3 -5 -1 -3 -5  2 -5    1   6   6   2   0   5   5   0  58   0   1   1   0   1   0   5   1   0   6   0  1.63 0.53
   26 I    0 -5 -5 -5 -2 -3 -5 -3 -5  5  0 -4  1 -1 -5 -3 -2 -5 -3  4    7   0   0   0   0   1   0   2   0  39   7   0   3   2   0   1   1   0   0  35  0.87 0.34
   27 M    1 -4 -4 -5  0 -4 -4 -5 -4  1  1 -3  1 -1  0 -3 -1 -4  1  5   11   0   1   0   2   0   0   0   0   4  11   1   4   3   5   1   2   0   5  51  0.65 0.31
   28 E    0 -3 -2  1 -6  0  7 -3 -3 -3 -4 -1 -3 -6 -3 -1 -3 -6 -5 -3    8   0   1   5   0   2  70   1   0   1   2   2   0   0   1   3   1   0   0   1  1.27 0.49
   29 F   -5 -6 -6 -6  1 -6 -6 -6 -5 -2  2 -6 -1  8 -6 -3 -5 -3  0 -2    0   0   0   0   3   0   0   0   0   2  17   0   1  71   0   2   0   0   1   2  1.83 0.56
   30 S    2 -4 -3 -4  6 -4 -4 -3 -4 -5 -5 -4 -4 -5 -4  6  0 -6 -5 -3   16   0   0   0  18   0   0   0   0   0   0   0   0   0   0  60   3   0   0   1  1.37 0.53
   31 Q    1  1 -2 -3 -3  3 -2  3 -3 -3 -2  3  0 -4 -3  0  0 -4 -4 -2   13   5   0   0   0  13   0  22   0   1   5  25   3   0   0   4   6   0   0   3  0.40 0.24
   32 D   -5 -5 -2  8 -7 -2 -1 -5 -3 -7 -7 -4 -7 -7 -5 -3 -4 -8 -7 -7    0   0   0  94   0   2   1   0   0   0   0   0   0   0   0   1   0   0   0   0  2.55 0.73
   33 Q   -4 -1 -3 -4 -7  9 -2 -6 -1 -6 -6 -3 -1 -7  0 -4 -4 -6 -5 -6    1   3   1   0   0  87   0   0   1   0   0   0   1   0   4   0   1   0   0   0  2.36 0.77
   34 H   -3 -2  0 -3 -3  1 -2 -5  9 -2 -3 -4 -4 -1 -5 -3 -2 -4  4 -3    1   1   4   1   1   5   2   0  58   2   2   0   0   3   0   1   3   0  13   2  1.66 0.54
   35 G   -1 -6 -4 -5 -3 -4 -5  7 -5 -7 -7 -5 -6 -6 -5 -4 -5 -6 -6 -6    4   0   0   0   1   1   0  93   0   0   0   0   0   0   0   0   0   0   0   0  2.27 0.65
   36 S   -2 -4 -3 -4  5 -4 -4 -4 -5 -6 -6 -4 -5 -6 -4  7 -2 -6 -5 -5    1   0   0   0  10   0   0   0   0   0   0   0   0   0   0  87   0   0   0   0  1.94 0.69
   37 R   -4  8 -4 -5 -2 -2 -4 -6 -4 -6 -6 -2 -5 -6 -6 -4 -5 -6 -2 -5    1  94   0   0   1   1   0   0   0   0   0   0   0   0   0   0   0   0   1   1  2.49 0.74
   38 F   -5 -3 -6 -5 -4 -6 -6 -6 -2 -3 -3 -4 -2  9 -7 -5 -3 -3  3 -2    0   1   0   1   0   0   0   0   1   1   1   1   1  81   0   1   2   0   6   3  2.21 0.64
   39 I   -4 -6 -6 -6 -4 -6 -6 -7 -6  8  1 -6 -2 -2 -6 -5 -4 -6 -4  1    0   0   0   0   0   0   0   0   0  80  11   0   0   1   0   0   0   0   0   7  1.80 0.56
   40 Q   -5 -2 -4 -4 -7  9 -2 -6 -4 -7 -6 -3 -2 -7 -5 -4 -5 -6 -5 -6    0   1   0   0   0  96   0   0   0   0   0   0   1   0   0   0   0   0   0   0  2.82 0.87
   41 L   -3  1 -1 -3 -6  7  1 -5  2 -5 -2  2 -3 -5 -4 -2  0 -5 -3 -5    1   5   2   1   0  59   5   0   5   0   4   9   0   0   0   2   6   0   0   0  1.24 0.50
   42 K    0  0 -2 -4 -2  1  0 -4 -2 -4 -5  7 -2 -2 -4 -3 -4 -6 -5 -4    6   3   2   0   1   4   4   0   1   1   0  72   1   2   0   1   0   0   0   1  1.36 0.51
   43 L   -5 -5 -6 -7 -4 -5 -6 -7 -6  2  6 -6 -1 -1 -6 -5 -4 -5 -3 -2    0   0   0   0   0   0   0   0   0   8  88   0   0   2   0   0   0   0   1   1  1.64 0.54
   44 E   -1 -3 -3  2 -6  0  7 -5 -3 -6 -5 -3 -5 -6 -1 -2 -3 -6 -5 -5    5   0   0  10   0   2  75   0   0   0   1   0   0   0   3   1   1   0   0   0  1.58 0.56
   45 R   -2  2  1 -1 -3 -1  1 -2  1 -1 -3 -1 -3 -2 -3  1  4 -4 -2  0    1  11   6   3   0   2  11   3   3   3   1   3   0   1   0  11  34   0   1   6  0.36 0.24
   46 A    6 -2 -4 -4  4 -3 -4  0 -5 -3 -3 -4 -2 -5 -4  0 -3 -5 -5 -2   69   2   0   0  10   0   0   6   0   1   1   0   1   0   0   5   1   0   0   2  1.15 0.47
   47 T   -1 -2  4  1 -4 -2 -2 -2 -3 -3 -3 -1 -3 -5  0  3  4 -5 -4 -3    2   1  20   7   0   1   2   1   0   1   2   2   0   0   4  26  30   0   0   1  0.66 0.34
   48 P    1 -3 -1  1 -3 -2  0 -2 -2 -2 -1 -1 -2 -4  4  2  1 -5 -4 -1   12   0   2   7   0   0   6   2   1   2   5   2   1   0  22  22   8   0   0   5  0.41 0.22
   49 A    1 -1 -1  4 -5  0  5 -2 -2 -4 -5 -1 -4 -5 -2  0 -2 -5 -4 -4   13   2   2  26   0   3  39   3   0   0   1   2   0   0   2   5   1   0   0   1  0.78 0.34
   50 E   -3 -3 -2  3 -6  1  7 -4  2 -5 -6 -2 -5 -6 -4 -2 -4 -6 -4 -3    1   0   1  14   0   5  68   0   5   0   0   1   0   0   0   1   0   0   0   3  1.43 0.52
   51 R   -3  4 -3 -4 -5 -1 -3 -5 -4  1 -2  6 -1 -4 -4 -3 -3 -5 -4 -1    1  23   0   0   0   2   0   0   0   8   3  55   1   1   0   0   1   0   0   4  1.13 0.45
   52 Q    0 -1  1  4 -4  4  3 -3  0 -2 -3 -1 -1 -5 -3 -2  0 -5 -4 -1    9   2   6  21   0  19  23   1   3   2   2   1   1   0   0   1   5   0   0   5  0.51 0.27
   53 L    1  0 -3 -2 -3  1 -1 -4 -1  1  1  0  5 -2 -2  0 -1 -1 -3  1   11   5   0   2   0   9   3   0   1   6  12   7  24   1   2   5   3   1   0   8  0.27 0.20
   54 V   -2 -5 -6 -6 -4 -5 -5 -6 -6  5  1 -5  0 -3 -5 -4 -2 -5 -4  5    2   0   0   0   0   0   0   0   0  34  11   0   1   0   0   0   1   0   0  49  1.17 0.42
   55 F   -5 -6 -6 -7 -6 -6 -6 -6 -4 -3 -1 -6 -1  9 -7 -6 -5  3  3 -2    0   0   0   0   0   0   0   0   0   1   4   0   1  79   0   0   0   4   7   3  2.25 0.64
   56 N   -1  3  3  2 -3  1  1 -2  1 -4 -3  1 -3 -3  0  0 -1 -4 -3 -3    6  16  20  10   0   5  10   2   3   0   3  10   0   1   4   8   2   0   0   1  0.36 0.19
   57 E   -2 -4 -4 -1 -7  0  8 -5 -4 -6 -5 -3 -5 -3 -3 -3 -4 -6 -5 -6    2   0   0   1   0   2  89   1   0   0   1   0   0   1   1   1   0   0   0   0  2.04 0.68
   58 I   -3 -5 -5 -6 -4 -5 -5 -6 -6  7  1 -5 -1 -2 -5 -4  0 -5 -4  3    1   0   0   0   0   0   0   0   0  61  11   0   1   0   0   0   7   0   0  18  1.26 0.44
   59 L   -2  1 -2 -2  0  0  1 -3 -1  1  3 -1  2  1 -3 -2 -1 -1  1  0    2   8   2   2   2   5  10   1   1   6  30   1   7   7   0   1   2   1   6   6  0.18 0.14
   60 Q   -1 -4 -1  1 -5  0  0  0 -2 -5 -4 -2 -4 -6  7  0 -2 -6 -5 -4    4   0   3   9   0   4   5   8   1   0   1   2   0   0  51   6   2   0   0   1  1.14 0.40
   61 A    1 -2  5  0  0  1  0 -4  7 -2 -5 -2 -4 -4 -4  0 -3  0 -1 -4   11   1  26   5   2   7   4   0  31   3   0   1   0   0   0   5   1   2   2   0  0.89 0.38
   62 A    5 -4 -4 -4  1 -4 -4 -3 -4  1 -1 -4 -1  1 -3  1 -1 -5 -3  2   48   0   0   0   3   0   0   0   0   9   4   0   1   6   1  12   2   0   0  14  0.62 0.33
   63 Y   -1  0 -3 -3 -2 -1 -3 -3  0  2  3 -3  2  0 -2 -1 -2 -2  4  1    4   7   0   2   0   2   1   1   2  11  29   0   4   3   2   5   0   0  15  11  0.29 0.19
   64 Q   -1  0  0  1 -4  5  3 -3 -1 -3 -4  0 -3 -5  0  1  1 -5 -4 -2    4   4   3   6   0  27  21   1   1   1   1   5   0   0   5   9   8   0   0   3  0.50 0.27
   65 L   -5 -6 -7 -7  1 -6 -6 -7 -6 -2  7 -6  0 -1 -6 -5 -5 -5 -4 -2    0   0   0   0   3   0   0   0   0   0  93   0   1   2   0   1   0   0   0   1  1.79 0.59
   66 M    0 -4 -5 -6 -5 -3 -5 -6 -5  0 -2 -5 10 -4 -6  1 -1 -5 -5  0    7   1   0   0   0   0   0   0   0   4   1   0  66   0   0  10   3   0   0   7  1.83 0.64
   67 V   -2 -2  0 -1 -4  1 -3 -4 -3 -2 -3  1  0 -4 -4  0  6 -5 -4  0    2   2   3   3   0   6   0   0   1   2   1   9   3   0   0   4  60   0   0   5  0.96 0.44
   68 D   -6 -6 -2  9 -8 -4 -2 -5 -3 -5 -8 -5 -7 -8 -6 -4 -5 -8 -7 -7    0   0   1  97   0   0   0   0   1   1   0   0   0   0   0   0   0   0   0   0  2.75 0.79
   69 V   -2 -5 -6 -6 -4  1 -4 -6 -6  1  0 -5  0 -4  1 -3 -3 -6 -4  6    2   0   0   0   0   6   1   0   0   4   7   0   2   0   7   1   0   0   0  71  1.23 0.48
   70 F   -6 -7 -1 -7 -6 -7 -7 -7 -1 -4 -4 -7 -4  9 -8 -6 -6 -3  1 -5    0   0   3   0   0   0   0   0   1   0   0   0   0  92   0   0   0   0   3   0  2.82 0.77
   71 G   -1 -6 -4 -5 -6 -5 -6  7 -6 -8 -7 -5 -6 -7 -2 -4 -5 -6 -7 -7    3   0   0   0   0   0   0  95   0   0   0   0   0   0   2   0   0   0   0   0  2.36 0.68
   72 N   -6 -4  9 -3 -7 -4 -4 -4 -3 -7 -8 -4 -6 -7 -6 -2 -2 -8 -6 -7    0   0  96   0   0   0   0   0   0   0   0   0   0   0   0   2   2   0   0   0  2.78 0.82
   73 Y   -6 -2 -6 -7 -7 -6 -6 -7  2 -6 -5 -6 -5 -1 -7 -6 -6 -2 10 -6    0   2   0   0   0   0   0   0   5   0   0   0   0   0   0   0   0   0  93   0  3.17 0.88
   74 V   -2 -6 -7 -7 -4 -6 -6 -7 -7  0  0 -6 -3 -1 -6 -5 -4 -6 -5  7    2   0   0   0   0   0   0   0   0   1   7   0   0   2   0   0   0   0   0  88  1.86 0.62
   75 I   -3 -6 -6 -6  3 -6 -6 -7 -6  7  0 -6  0 -3 -6 -4 -3 -6 -4  3    1   0   0   0   7   0   0   0   0  65   4   0   2   0   0   1   1   0   0  20  1.47 0.49
   76 Q   -5 -3 -4 -5 -7  9 -2 -6 -4 -7 -7 -3 -5 -8 -6 -4 -5 -6 -6 -7    0   0   0   0   0 100   0   0   0   0   0   0   0   0   0   0   0   0   0   0  3.04 0.93
   77 K   -5 -1 -4 -5 -7 -1 -3 -6 -5 -7 -6  8 -5 -7 -5 -4 -5 -7 -6 -6    0   2   0   0   0   2   0   0   0   0   0  97   0   0   0   0   0   0   0   0  2.43 0.76
   78 F   -3 -5 -6 -6  0 -5 -6 -6 -4 -1  3 -3  2  7 -6 -5 -5 -3  2 -2    1   0   0   0   2   0   0   0   0   2  30   2   5  52   0   0   0   0   5   1  1.37 0.47
   79 F   -5 -6 -7 -7 -3 -6 -7 -7 -5  0  3 -6 -1  8 -7 -6 -5 -3 -1 -3    0   0   0   0   1   0   0   0   0   4  29   0   1  64   0   0   0   0   1   1  1.83 0.57
   80 E   -4 -4 -4  1 -8 -1  8 -6 -4 -7 -7 -3 -6 -7 -5 -4 -4 -7 -6 -6    0   0   0   5   0   1  93   0   0   0   0   0   0   0   0   0   1   0   0   0  2.30 0.74
   81 F   -5 -2 -3 -5  0 -2 -4 -6  9 -3 -3 -3 -4  5 -6 -4 -2 -3  5 -3    0   2   1   0   2   1   0   0  44   1   2   1   0  24   0   0   3   0  17   1  1.63 0.54
   82 G    0 -5 -4 -4  1 -5 -5  7 -5 -6 -6 -5 -6 -6 -5 -1 -4 -6 -6 -3    5   0   0   0   3   0   0  84   0   0   1   0   0   0   0   3   0   0   0   3  1.87 0.57
   83 S   -2 -3  4  2 -4 -2 -2 -2 -3 -4 -3 -3 -3 -5  1  3  4 -5 -4 -3    1   0  18   9   0   0   2   1   0   1   2   0   0   0   6  26  33   0   0   1  0.76 0.37
   84 L    0 -1 -1  2 -3  4  2 -3  0 -2 -2  0 -1 -4  3 -1  0 -5 -4 -2    9   1   2  11   0  23  13   1   2   2   4   6   1   0  16   3   7   0   0   1  0.43 0.24
   85 E    0 -1 -1  1 -4  0  4 -3 -1 -1 -2  0 -2 -3 -2  1  1 -1 -3  1    9   2   1   9   0   3  33   0   1   3   3   5   1   1   1   9   9   1   0  10  0.35 0.22
   86 Q   -4 -3 -4 -3  0  8  1 -5  4 -4 -5 -2 -2 -6 -5 -2 -3 -5 -1 -3    0   0   0   0   2  73   6   0  10   1   0   0   1   0   0   2   1   0   2   2  1.83 0.66
   87 K   -4  5 -3 -4 -6  0 -3 -5 -4  0 -2  6 -4 -2 -5 -3 -3  0 -4 -3    0  32   0   0   0   4   0   0   0   5   3  50   0   2   0   0   0   2   0   1  1.22 0.47
   88 L    1  2  2  0 -4  2  0 -2  1 -2 -1  2 -2 -4 -3  0  1 -4 -3 -2   10  14   9   5   0   9   5   1   4   1   6  16   0   0   0   6  11   0   0   2  0.25 0.17
   89 A    1  0 -2 -1 -2  0  1 -2 -2  2  0  0  0 -1 -3 -1  0  0 -1  1   15   4   0   3   0   5  12   2   1  19   8   5   2   2   0   2   5   1   1  12  0.12 0.12
   90 L   -4 -5 -6 -7 -4 -5 -6 -7 -6  2  6 -6  1 -1 -6 -5 -4 -5 -4  1    1   0   0   0   0   0   0   0   0  12  77   0   2   2   0   0   0   0   0   7  1.39 0.48
   91 A    5 -3 -4 -5  1 -4 -4 -1 -4  2 -1 -3 -1 -1 -2 -1 -1 -4  0  2   50   1   0   0   3   0   0   3   0  11   6   0   1   3   1   2   3   0   3  14  0.58 0.31
   92 E    0  0  2  2 -4  2  3 -1 -2 -4 -4  1 -1 -4 -3  1  0 -5 -3 -4    8   4  11  14   0   9  22   5   0   0   1   9   1   0   0  11   4   0   0   0  0.41 0.22
   93 R    1  2  1 -2 -1  4  0 -3 -1 -2 -2  3 -2 -4 -3  0  0 -4 -3 -2   12   9   7   1   2  25   5   1   1   2   2  19   1   1   0   7   4   0   0   2  0.41 0.24
   94 I   -2 -5 -6 -6 -4 -4 -5 -5 -5  3  3 -5  7  1 -5 -5 -4 -4 -3  2    2   0   0   0   0   0   0   1   0  15  32   0  33   6   0   0   0   0   0  11  1.09 0.42
   95 R    0  3 -2 -2 -4  1  1 -3 -1 -1 -2  4  2 -2 -3 -1  0 -4 -3 -1    8  14   1   1   0   7  11   0   1   4   2  28   5   2   0   4   7   0   0   4  0.34 0.21
   96 G   -3 -5  1 -1 -6 -2 -3  7 -2 -7 -6 -3 -6 -6 -1 -1 -4 -6 -6 -5    0   0   7   4   0   2   1  76   1   0   0   1   0   0   4   4   1   0   0   0  1.57 0.51
   97 H   -4  2  3  0 -2  3 -1 -5  9 -6 -6  1 -5 -5 -5 -2 -3 -6 -2 -6    0   9  13   5   1  11   3   0  46   0   0   9   0   0   0   2   1   0   0   0  1.38 0.49
   98 V   -1 -5 -6 -6 -2 -5 -5 -6 -6  3  0 -5  5 -1 -5 -4 -3 -5 -4  6    3   0   0   0   1   0   0   0   0  17   7   0  14   2   0   0   1   0   0  54  1.14 0.43
   99 L   -2 -4 -4 -5 -2 -2 -3 -5 -2  1  4 -2  1  0 -1 -3 -3 -4  0  3    2   0   0   0   1   1   1   0   1   3  52   2   2   4   4   1   0   0   3  23  0.68 0.31
  100 S    1  0  0  1 -4  2  2 -2 -2 -3 -4  0 -1 -3  3  2  1 -5 -4 -3   11   6   5   9   0  10  12   1   0   1   0   5   2   1  15  15   7   0   0   1  0.35 0.20
  101 L   -5 -6 -7 -7 -5 -6 -6 -7 -6  1  6 -6 -1 -1 -6 -6 -4 -5 -1 -1    0   0   0   0   0   0   0   0   0   7  89   0   1   1   0   0   0   0   2   1  1.67 0.56
  102 A    3 -4 -3 -4 -4 -4 -4 -4 -5 -5 -6 -4 -1 -6 -4  7  0 -6 -5 -5   19   0   0   0   0   0   0   0   0   0   0   0   2   0   0  76   4   0   0   0  1.56 0.61
  103 L   -4 -5 -3 -6 -2 -2 -3 -6 -3 -1  5 -4  4  0 -5 -4  1 -3 -4 -1    0   0   1   0   1   1   1   0   1   0  68   1  10   3   0   0   9   0   0   3  1.06 0.43
  104 Q   -5 -3  2  1 -7  8 -1 -3  5 -7 -6 -3 -4 -7 -5 -3 -4 -6 -4 -6    0   0  10   7   0  65   2   1  13   0   0   0   0   0   0   1   0   0   0   0  1.76 0.64
  105 M   -3 -5 -4 -6 -2 -1 -5 -6 -5 -1  0 -2 10 -4 -1 -5  1 -5 -5  0    1   0   1   0   1   3   0   0   0   1   4   2  69   0   3   0   8   0   0   7  1.92 0.66
  106 Y   -6 -6 -6 -7 -7 -5 -6 -7  4 -6 -5 -6 -5  1 -7 -6 -6 -2 10 -6    0   0   0   0   0   0   0   0   7   0   0   0   0   3   0   0   0   0  90   0  3.07 0.85
  107 G    1 -6 -4 -5 -6 -5 -5  7 -6 -7 -7 -5 -6 -7 -5 -2 -5 -6 -6 -6   11   0   0   0   0   0   0  86   0   0   0   0   0   0   0   2   0   0   0   0  2.07 0.62
  108 C   -5 -8 -2 -8 12 -7 -8 -7 -7 -6 -6 -7 -6 -7 -7 -5  1 -7 -7 -5    0   0   2   0  91   0   0   0   0   0   0   0   0   0   0   0   7   0   0   0  3.70 0.92
  109 R   -5  9 -4 -6 -8 -3 -4 -6 -4 -7 -6 -2 -5 -7 -6 -5 -5 -1 -1 -7    0  97   0   0   0   0   0   0   0   0   0   0   0   0   0   0   0   1   2   0  2.71 0.80
  110 V    0 -6 -6 -7 -4 -6 -6 -6 -7 -1 -2 -6 -3 -5 -6 -5 -2 -7 -5  7    8   0   0   0   0   0   0   0   0   0   1   0   0   0   0   0   2   0   0  90  1.94 0.65
  111 I   -3 -6 -6 -6 -4 -6 -6 -7 -6  6  0 -6  0 -3 -6 -5 -3 -6 -4  5    0   0   0   0   0   0   0   0   0  45   5   0   2   0   0   0   0   0   0  48  1.49 0.50
  112 Q   -5 -3 -4 -5 -7  9 -1 -6 -3 -7 -7 -3 -5 -8 -6 -4 -5 -6 -6 -7    0   0   0   0   0  99   1   0   0   0   0   0   0   0   0   0   0   0   0   0  2.96 0.91
  113 K   -5  3 -4 -4 -7 -2 -2 -5 -4 -7 -6  8 -5 -7 -5 -4 -3 -7 -6 -6    0  11   0   0   0   0   1   0   0   0   0  88   0   0   0   0   1   0   0   0  2.16 0.70
  114 A    7 -5 -5 -5 -1 -4 -4 -3 -5 -2 -4 -4  3 -5 -4 -2 -3 -6 -5  0   83   0   0   0   1   0   0   1   0   1   1   0   7   0   0   1   0   0   0   5  1.54 0.58
  115 L   -4 -5 -6 -6 -2 -5 -6 -7 -6  4  5 -5  1  2 -6 -5 -4 -4 -3  1    0   0   0   0   1   0   0   0   0  21  64   0   2   6   0   0   0   0   0   7  1.19 0.43
  116 E   -4 -4 -4  3 -7 -1  7 -6 -4 -7 -7 -3 -6 -7 -5 -3 -4 -7 -6 -5    1   0   0  16   0   1  81   0   0   0   0   0   0   0   0   0   0   0   0   1  2.01 0.67
  117 F   -1 -4 -1 -4  1 -3 -4 -4  6 -1 -2 -2 -2  3 -4  1 -2 -3  3  3    4   0   3   0   3   0   0   0  19   2   1   2   0  15   0  12   2   0  10  26  0.59 0.31
  118 I   -2 -5 -5 -5 -1 -4 -5 -3 -5  5  2 -3  1 -1 -5 -1 -2 -5 -3  4    2   0   0   0   1   0   0   2   0  34  16   1   3   2   0   4   1   0   0  34  0.79 0.33
  119 P   -2 -2  0  3 -4 -1  2 -2 -3 -3  1 -2 -2 -2  3  2  0 -5 -4 -3    2   1   3  20   0   2  13   2   0   0  20   1   0   1  15  16   4   0   0   0  0.40 0.24
  120 S    0 -2 -1 -2 -3 -1  0 -2  0  0  1 -2  0 -3  2  0  2 -4 -2  2    7   1   3   1   0   2   8   2   2   5  18   0   3   0  12   6  14   0   0  16  0.19 0.15
  121 D   -2 -1  1  5 -6  0  4 -4  0 -4 -6 -1 -5 -6  2 -2 -3 -6 -3 -4    2   3   5  37   0   3  32   0   2   1   0   3   0   0   9   1   0   0   1   1  0.95 0.39
  122 Q   -2  1 -3  0 -6  7  1 -3 -1 -5 -2 -2 -2 -6 -5 -3 -2 -5 -1 -2    2   8   0   5   0  61   8   2   1   0   4   1   1   0   0   0   2   0   2   3  1.23 0.51
  123 Q   -4  2 -4 -4 -6  8 -2 -5 -3 -6 -3  4 -2 -6 -4 -4 -3 -6 -5 -4    1  11   0   0   0  61   0   0   0   0   3  21   1   0   0   0   1   0   0   1  1.63 0.61
  124 N    2 -1 -1 -2 -1  0 -1 -1 -1  3  0 -1  0 -2 -2 -1  1 -4 -3  2   19   3   2   2   1   4   2   3   2  24   9   2   2   0   1   3   9   0   0  11  0.18 0.15
  125 E    0  0 -1  1 -3  2  3 -3  0  0 -2  2 -2 -4 -2  0 -1 -2 -3 -1    9   4   1   8   0  11  25   1   2   6   3  15   0   0   0   7   3   1   0   4  0.31 0.19
  126 M   -4 -5 -6 -6 -4 -3 -6 -6 -5  5  4 -5  6  0 -6 -5 -4 -2 -4  0    0   0   0   0   0   1   0   0   0  30  42   0  19   3   0   0   0   1   0   5  1.14 0.42
  127 V    0 -5 -6 -6 -2 -5 -5 -6 -6  3  0 -5 -2 -1 -5 -3 -2 -5 -4  6    9   0   0   0   1   0   0   0   0  18   6   0   0   2   0   1   1   0   0  62  1.14 0.44
  128 R    0  3  0  0 -3  1  0 -1  2 -3 -1  3  0 -4 -3  0 -1 -4 -3 -2    8  18   4   4   0   5   6   4   5   1   5  26   3   0   0   7   3   0   0   1  0.33 0.19
  129 E   -1 -2 -4 -2 -7 -1  8 -6 -4 -7 -7 -2 -6 -7 -5 -3 -4 -7 -6 -6    6   2   0   0   0   2  88   0   0   0   0   1   0   0   0   1   0   0   0   0  2.06 0.69
  130 L   -4 -6 -7 -7 -5 -5 -6 -7 -6  1  6 -6  0 -1 -6 -6 -4 -5 -4 -1    1   0   0   0   0   0   0   0   0   7  88   0   1   2   0   0   0   0   0   1  1.65 0.55
  131 D   -3  1  0  5 -4  1  3 -3 -1 -4 -5  2 -4 -6 -4  1 -2 -6 -5 -5    1   9   3  36   0   4  21   1   1   1   0  14   0   0   0   8   1   0   0   0  0.80 0.34
  132 G   -1 -4  1  2 -2 -2 -2  5  1 -4 -3 -2 -1 -4  2  0 -2 -5 -4 -4    2   0   5  11   1   2   2  48   4   0   3   2   2   1  10   6   1   0   0   1  0.72 0.31
  133 H   -4 -2  4  0  2  0 -1 -5  9 -5 -6 -1 -3 -4 -5  0 -3 -6  0 -3    0   2  17   4   4   4   4   0  48   0   0   3   0   0   0   8   0   0   2   2  1.36 0.49
  134 V   -4 -6 -6 -6 -4 -6 -6 -7 -6  4  0 -6 -2 -4 -6 -5 -1 -6 -4  6    0   0   0   0   0   0   0   0   0  25   4   0   0   0   0   0   3   0   0  67  1.52 0.52
  135 L   -3 -5 -5 -3 -4 -3 -4 -6 -2  2  4 -5  6 -1 -5 -3 -3 -4 -3  2    1   0   0   1   0   1   1   0   1   7  47   0  22   1   0   2   0   0   0  15  0.94 0.38
  136 K   -2  4 -2 -1 -5  2  1 -4 -3 -3 -3  5 -2 -5 -3 -1  0 -5 -3 -2    3  26   0   3   0   7   7   0   0   1   1  37   1   0   0   2   6   0   0   3  0.74 0.33
  137 C   -3 -7 -7 -7 11 -6 -7 -7 -7 -2  1 -7  1 -2 -7 -4 -3 -6 -6  0    1   0   0   0  72   0   0   0   0   2  13   0   4   2   0   0   1   0   0   6  2.57 0.70
  138 V   -1 -6 -3 -6 -2 -5 -6 -6 -6  4 -2 -5  0 -4 -6 -4 -3 -6 -4  6    5   0   1   0   1   0   0   0   0  25   0   0   2   0   0   0   0   0   0  66  1.42 0.51
  139 K   -4  4 -2 -4  2  2  0 -3  1 -4 -5  6 -2 -6 -4 -3 -1 -6 -4 -4    0  23   1   0   5   7   6   1   3   1   0  49   1   0   0   0   3   0   0   0  1.05 0.42
  140 D   -6 -6 -1  8 -7 -4 -2 -5 -5 -7 -8 -5 -7 -8 -5 -1 -5 -8 -7 -7    0   0   2  94   0   0   0   0   0   0   0   0   0   0   0   4   0   0   0   0  2.61 0.76
  141 Q   -1 -3 -2 -4 -6  8 -1 -6 -4 -6 -1 -3 -4 -7 -1 -2 -4 -6 -5 -6    4   0   1   0   0  80   1   0   0   0   7   0   0   0   3   3   1   0   0   0  1.97 0.71
  142 N   -5 -4  9 -3 -7 -3 -3 -4  3 -7 -7 -4 -6 -2 -6 -3 -4 -7 -2 -7    0   0  89   0   0   0   1   0   6   0   0   0   0   2   0   1   0   0   1   0  2.47 0.75
  143 G    1 -6 -4 -5 -6 -5 -4  7 -6 -7 -7 -5 -6 -7 -6 -2 -5 -6 -7 -6   11   0   0   0   0   0   1  87   0   0   0   0   0   0   0   2   0   0   0   0  2.10 0.63
  144 N   -6 -5  9 -3 -7 -4 -4 -5 -3 -8 -8 -4 -6 -7 -6 -2 -4 -8 -6 -7    0   0  98   0   0   0   0   0   0   0   0   0   0   0   0   2   0   0   0   0  2.92 0.84
  145 H   -6 -5 -4 -6 -8 -4 -5 -7 11 -8 -7 -5 -6 -6 -7 -5 -6 -7 -3 -8    0   0   0   0   0   0   0   0 100   0   0   0   0   0   0   0   0   0   0   0  3.95 1.00
  146 V   -2 -6 -7 -7 -5 -6 -6 -7 -7 -1 -3 -6 -3 -5 -6 -5 -4 -7 -5  8    2   0   0   0   0   0   0   0   0   0   0   0   0   0   0   0   0   0   0  98  2.25 0.71
  147 V   -4 -6 -7 -7 -4 -6 -6 -7 -7  7 -1 -6 -1 -4 -6 -5 -4 -6 -5  4    0   0   0   0   0   0   0   0   0  67   1   0   1   0   0   0   0   0   0  31  1.76 0.56
  148 Q   -5 -3 -4 -5 -7  9 -2 -6 -4 -7 -7 -3 -5 -8 -6 -4 -5 -6 -6 -7    0   0   0   0   0  99   1   0   0   0   0   0   0   0   0   0   0   0   0   0  2.98 0.92
  149 K   -5  1 -4 -5 -7 -1 -3 -5 -4 -7 -6  8 -2 -7 -5 -4 -4 -7 -6 -6    0   5   0   0   0   2   0   0   0   0   0  92   1   0   0   0   0   0   0   0  2.25 0.72
  150 C    2 -6 -6 -6 10 -5 -6 -5 -6  2 -2 -6 -3 -1 -6 -1 -3 -6 -5  0   16   0   0   0  55   0   0   0   0  10   4   0   0   3   0   5   0   0   0   6  1.77 0.55
  151 I   -3 -5 -6 -6 -4 -6 -6 -7 -6  7  1 -6  1 -2 -6 -5 -4 -6 -4  2    1   1   0   0   0   0   0   0   0  74  10   0   3   1   0   0   0   0   0  10  1.61 0.53
  152 E   -4 -4  2 -1 -7  0  7 -6 -4 -7 -6 -2 -3 -7 -5 -4 -2 -7 -6 -4    1   0   8   2   0   2  82   0   0   0   0   1   1   0   0   0   2   0   0   1  1.84 0.64
  153 C   -3  4 -3 -5  8 -2 -3 -5  0 -3  0  2 -2 -1 -5 -1 -1 -5 -1 -1    0  23   0   0  34   1   1   0   2   1   9  11   1   3   0   4   4   0   2   3  0.94 0.38
  154 V   -2 -5 -6 -4  0 -5 -5 -3 -6  3  2 -5  0 -3 -4 -4 -3 -5 -4  6    1   0   0   1   2   0   0   3   0  18  15   0   2   0   1   1   0   0   0  57  1.03 0.40
  155 Q   -1 -4 -2  2 -4  1 -1 -3 -2 -4 -5 -3 -5 -6  7  1 -1 -6 -5 -4    4   0   1  12   0   7   3   1   1   1   1   1   0   0  57   9   3   0   0   1  1.42 0.48
  156 P    1  1 -2 -3 -2  0  0 -2 -3 -1 -3 -2  0  0  6  1  1 -5 -2 -3   10   9   1   0   1   4   6   2   0   3   1   0   2   4  36   9  10   0   1   0  0.65 0.29
  157 Q   -2  0  0  3 -5  3  4 -2  1 -3 -4  1 -2 -5 -1  0 -1 -5 -3 -2    2   3   3  16   0  17  30   2   4   2   1   7   1   0   2   5   2   0   1   4  0.53 0.27
  158 S    0  2  1  1 -2  0  0 -3  5 -3 -3  1  0 -2 -3  0 -1 -3  2 -3    6  12   6  10   1   3   5   0  20   1   2  11   2   1   0   7   2   0   9   1  0.38 0.21
  159 L   -2 -5  0 -5 -2 -4 -5 -5 -5  6  3 -4  0 -3 -5 -2 -2 -5 -4  2    3   0   6   0   1   0   0   0   0  47  28   0   1   0   0   4   1   0   0   9  0.85 0.34
  160 Q   -1  0 -1  1 -5  6  1  1  1 -5 -3 -1 -1 -5  1 -1 -1 -5 -4 -4    3   5   2   9   0  40   7  13   4   0   2   1   1   0   7   3   3   0   0   1  0.65 0.33
  161 F   -4 -6 -5 -4 -3 -7 -7 -4 -5 -3 -3 -5 -2  9 -7 -4 -6 -3 -1 -4    1   0   0   1   1   0   0   2   0   1   1   1   1  89   0   2   0   0   0   1  2.52 0.72
  162 I   -4 -5 -6 -6 -4 -5 -5 -6 -6  7  0 -5  0 -2 -5 -5 -3 -5 -4  2    0   0   0   0   0   0   0   0   0  77   4   0   2   1   0   0   0   0   0  12  1.66 0.51
  163 I   -3 -5 -5 -5 -4 -4 -5 -5 -4  5  2 -4  2  0 -1 -3 -2 -4  3  3    1   0   0   0   0   0   0   0   0  35  15   0   5   3   3   2   1   0  10  23  0.74 0.31
  164 D   -2  0  3  5 -4 -1  1 -3 -2 -5 -5  0 -4 -4 -4  2 -1 -6 -5 -4    3   5  16  37   0   2   8   1   1   0   0   4   0   0   0  18   3   0   0   1  0.78 0.34
  165 A    5 -2 -2 -1 -2 -3  0 -2 -4 -4 -4 -3 -4 -5 -2  3  1 -5 -4 -2   52   2   2   3   0   0   5   2   0   0   0   0   0   0   2  20   9   0   0   3  0.76 0.37
  166 F   -5 -6 -6 -7  0 -6 -6 -6 -3  1  2 -6 -1  8 -6 -5 -5 -3 -1  1    0   0   0   0   2   0   0   0   0   6  17   0   1  63   0   0   0   0   0  10  1.60 0.51
  167 K    0  3 -1 -1  1  1  0 -2  1 -1 -1  2 -1  0 -3 -1  0 -3  1 -1    6  21   2   2   4   7   3   2   4   4   5  16   1   3   0   3   4   0   7   4  0.19 0.14
  168 G   -1 -3  0  0 -4 -3 -2  6 -2 -5 -6 -3 -4 -6 -2 -1  0 -6 -5 -4    5   1   5   5   0   1   2  68   1   0   0   1   0   0   1   3   5   0   0   1  1.23 0.43
  169 Q   -4  1  3 -2 -1  7 -1 -5  5 -4 -5  1 -4 -6 -5 -2 -3 -1 -2 -5    1   7  16   1   1  47   1   0  14   1   0   7   0   0   0   1   1   1   1   0  1.20 0.49
  170 V    1 -5 -6 -6  3 -5 -3 -5 -6  3 -2 -5 -2 -2 -5 -4 -2 -6 -4  6   14   0   0   0   6   0   1   0   0  15   1   0   0   1   0   0   1   0   0  59  1.11 0.44
  171 F    0 -1 -3 -3 -1 -2 -2 -3  1  0  0  0  0  2 -2 -1 -1 -1  5  2    9   3   1   1   1   1   2   1   3   4   6   6   2   8   2   3   2   0  23  21  0.29 0.19
  172 A    1  0  0  0 -3  1  3 -2  3 -3 -3 -1  0 -4 -1  1  1 -4 -3  0   12   5   2   5   0   5  21   2  10   0   1   2   3   0   2  13  11   0   0   7  0.28 0.19
  173 L   -4 -5 -6 -7 -1 -4 -6 -7 -5  0  6 -5  3  0 -6 -5 -4 -2 -2  1    0   0   0   0   1   1   0   0   0   2  79   0   6   3   0   0   0   1   1   7  1.37 0.48
  174 S    4 -4 -3 -4  3 -4 -4 -1 -4 -5 -5 -4 -5 -6 -4  6 -2 -6 -5 -4   31   0   0   0   5   0   0   4   0   0   0   0   0   0   0  60   0   0   0   0  1.31 0.55
  175 T   -1 -1 -3 -4 -1 -2 -3 -4 -5 -1 -2 -1  2 -5 -4  1  6 -5 -4  0    4   4   0   0   1   1   1   1   0   3   2   3   6   0   0   7  61   0   0   7  1.01 0.45
  176 H   -6 -5 -1 -1 -8 -2 -4 -6 11 -8 -7 -5 -6 -6 -7 -5 -6 -7 -3 -8    0   0   2   4   0   1   0   0  93   0   0   0   0   0   0   0   0   0   0   0  3.52 0.92
  177 P   -1  1 -1 -4 -1  1 -4 -4 -4 -5 -4 -3 -3 -5  7  1 -1 -6 -5 -5    6   8   3   0   2   6   0   0   0   0   2   0   0   0  58  11   4   0   0   0  1.42 0.49
  178 Y   -6 -6 -6 -7 -7 -5 -6 -7  4 -6 -4 -6 -5  1 -7 -6 -6 -2 10 -5    0   0   0   0   0   0   0   0   8   0   1   0   0   3   0   0   0   0  88   0  2.97 0.83
  179 G   -1 -6 -4 -5 -6 -5 -6  8 -6 -8 -7 -5 -6 -7 -6 -3 -5 -6 -7 -7    3   0   0   0   0   0   0  95   0   0   0   0   0   0   0   1   0   0   0   0  2.40 0.68
  180 C   -5 -8 -7 -8 12 -8 -8 -7 -8 -6 -6 -8 -6 -3 -7 -4 -5 -7 -7 -5    0   0   0   0  98   0   0   0   0   0   0   0   0   1   0   1   0   0   0   0  4.14 0.99
  181 R   -5  8 -4 -6  4 -3 -4 -6  0 -7 -6 -2 -5 -7 -6 -5 -5 -7 -6 -4    0  89   0   0   7   0   0   0   2   0   0   0   0   0   0   0   0   0   0   1  2.43 0.74
  182 V   -4 -6 -7 -7 -5 -6 -6 -7 -7  0 -2 -6 -3 -5 -6 -5 -4 -7 -5  8    0   0   0   0   0   0   0   0   0   2   1   0   0   0   0   0   0   0   0  97  2.25 0.71
  183 I   -4 -6 -7 -7 -4 -6 -6 -7 -6  7  2 -6 -1 -3 -6 -6 -4 -6 -4  2    0   0   0   0   0   0   0   0   0  68  20   0   0   0   0   0   0   0   0  12  1.59 0.52
  184 Q   -5 -2 -4 -5 -7  9 -2 -6 -4 -7 -7 -3 -5 -8 -6 -4 -5 -6 -6 -7    0   1   0   0   0  99   0   0   0   0   0   0   0   0   0   0   0   0   0   0  2.99 0.92
  185 R   -5  8 -4 -5 -3 -3 -4 -6 -2 -7 -6  2 -5 -7 -6 -5 -5 -4 -6 -6    0  90   0   0   1   0   0   0   1   0   0   8   0   0   0   0   0   0   0   0  2.44 0.73
  186 I   -2 -5 -5 -6  5 -4 -5 -5 -5  4  2 -5  4 -3 -5 -2 -1 -5 -4  3    1   0   0   0  15   0   0   0   0  26  16   0  13   0   0   3   3   0   0  23  0.86 0.34
  187 L   -5 -5 -6 -7 -4 -5 -6 -7 -3  3  6 -6  1  3 -6 -5 -4 -4 -3 -1    0   0   0   0   0   0   0   0   1  13  73   0   2  10   0   0   0   0   0   1  1.37 0.48
  188 E   -3 -4 -4  1 -7 -1  7 -5 -1 -7 -7 -2 -6 -7 -5 -4 -4 -7 -6 -6    2   0   0   7   0   2  86   0   1   0   0   1   0   0   0   0   1   0   0   0  2.02 0.67
  189 H   -3  0  0 -5 -3 -2 -4 -5 10 -6 -5 -1 -5  2 -6 -3 -5 -4  4 -4    1   5   3   0   1   1   0   0  60   0   0   4   0  10   0   1   0   0  12   1  1.89 0.59
  190 C    0 -4 -4 -6 10 -5 -6  2 -6 -2 -1 -4 -2 -2 -5 -1 -4 -5 -5 -1    8   1   1   0  56   0   0  13   0   2   7   1   1   2   0   5   0   0   0   4  1.65 0.52
  191 L   -1 -1  1  2 -3 -1  0 -1  1 -2 -2  1 -2 -4  2  2  3 -5 -3 -3    3   2   6  12   0   1   6   3   3   2   4   8   0   0  11  19  19   0   0   1  0.31 0.20
  192 P   -1 -3  0  4 -5  0  3 -1 -1 -3 -2 -1 -1 -2  4 -1 -2 -5 -1 -3    4   0   4  23   0   3  24   4   1   1   4   3   1   2  18   4   1   0   2   1  0.54 0.26
  193 D    1 -2  0  2 -4  1  4 -3  0 -4 -3  0 -3 -3  2  1 -1 -5 -4 -2   12   0   3  12   0   4  35   1   3   0   2   3   0   1  10   8   4   0   0   3  0.49 0.26
  194 Q   -2  0 -1  4  0  6  0 -4 -1 -3 -4  0 -1 -5 -4 -2 -1 -5 -2 -4    2   4   2  23   2  47   4   0   1   2   1   6   2   0   0   1   3   0   1   0  0.99 0.43
  195 T   -2  3 -3 -3  1  3 -2 -3 -2  0 -3  2 -2 -4 -4  0  4 -5 -3  0    1  16   0   0   3  12   1   1   1   6   1  16   0   0   0   6  30   0   0   6  0.52 0.30
  196 L    1  3 -1 -1 -2  3  1 -2 -1 -1  0  0  1 -3 -3  0  0 -4 -1 -1   14  19   2   2   1  17   7   2   1   3   9   4   4   0   0   5   5   0   2   4  0.22 0.17
  197 P    1  0 -2 -2  1  1  0 -2 -1 -2 -2 -1  1  0  5  1 -1  0 -1 -1   11   6   0   2   4   8   4   2   1   2   3   2   4   4  26  11   4   1   2   3  0.36 0.19
  198 I   -3 -5 -6 -6 -4 -5 -6 -6 -6  6  3 -5  1  0 -5 -5 -2 -5 -4  2    1   0   0   0   0   0   0   0   0  49  31   0   2   3   0   0   2   0   0  13  1.12 0.40
  199 L   -4 -5 -4 -6 -4 -4 -5 -6 -5  3  4 -5  6 -1 -5 -5 -1 -4 -1  2    0   0   1   0   0   0   0   0   0  15  48   0  19   1   0   0   3   0   2  12  0.98 0.38
  200 E    1 -2  2  4 -4  1  3 -2 -2 -4 -4  0 -4 -5 -3  0  0 -5 -4 -3   12   1   8  30   0   6  19   2   0   0   1   5   0   0   0   7   7   0   0   1  0.56 0.27
  201 E   -3 -2 -3  0 -7  1  7 -5 -4 -5 -6 -1 -5 -7 -3 -4 -4 -7 -6 -4    2   2   1   3   0   4  83   0   0   1   0   2   0   0   1   0   0   0   0   1  1.84 0.64
  202 L   -4 -5 -6 -6 -4 -5 -6 -7 -6  6  4 -5  1 -3 -6 -5 -4 -5 -4  1    0   0   0   0   0   0   0   0   0  43  47   0   3   0   0   0   0   0   0   6  1.29 0.45
  203 H   -4 -3  0 -3 -3 -1 -2 -5  8  0  2  0  3 -2 -5 -3  0 -5 -2 -1    0   1   3   1   1   1   2   0  37   5  22   7   9   1   0   1   6   0   0   3  0.83 0.36
  204 Q    1  1  0  2 -4  3  2  0 -1 -3 -2  1 -2 -2  0 -1 -1 -1  0 -3   13   7   5  11   0  14  14   5   1   0   4   7   0   1   5   3   3   1   5   1  0.21 0.14
  205 H   -1 -1  3 -1  5 -1 -1 -2  5 -3 -4 -2 -3  2 -4  2 -1 -2  1 -3    5   3  15   2  13   2   4   3  16   1   0   1   0   9   0  17   2   0   5   1  0.46 0.26
  206 T    3 -4 -3 -4  1 -3 -3 -3 -1  2 -1 -3 -1 -1 -4  0  3 -2 -3  3   26   0   0   0   3   0   0   1   1  13   5   0   1   2   0   7  20   1   0  19  0.43 0.26
  207 E   -1  0  0  0  3  0  1 -2  1 -1  0  0 -1  0  1  0 -1  1  1 -1    2   5   3   5   8   5  10   1   4   3  13   5   0   5   8   7   2   2   6   4  0.08 0.08
  208 Q   -1 -1  1  1 -3  2  1 -2  0 -1 -1  0  2  0 -2  1  1 -3  2 -1    4   3   6   6   0  13  10   1   2   3   3   5   8   3   1   9  10   0   8   3  0.14 0.13
  209 L   -5 -6 -7 -7 -5 -5 -6 -7 -6 -1  7 -6  1 -2 -6 -5 -5 -5 -4 -2    0   0   0   0   0   0   0   0   0   1  94   0   3   1   0   0   0   0   0   1  1.84 0.59
  210 V    2 -4 -4 -5 -3 -4 -4 -4 -5  4 -1 -4  3 -2 -4  0  1 -5 -4  3   19   0   0   0   0   0   0   0   0  32   1   0   9   1   0   8   8   0   0  23  0.65 0.32
  211 Q   -2  0 -1 -1  0  6  1 -4  0 -2 -3  1  1 -5 -1 -1  1 -5 -3 -1    3   3   2   2   2  47   5   0   2   2   2   8   4   0   2   2   9   0   0   4  0.74 0.37
  212 D   -5 -4  1  8 -7 -4 -2 -3  0 -7 -7 -4 -7 -7 -5 -4 -5 -8 -6 -7    0   1   6  88   0   0   0   1   3   0   0   0   0   0   0   0   0   0   0   0  2.34 0.69
  213 Q   -2 -2 -3 -4 -6  8 -1 -5 -2 -6 -5 -1 -1 -6  2 -3 -3 -6 -5 -4    2   1   0   0   0  75   1   0   0   0   1   3   2   0  11   1   1   0   0   1  1.90 0.67
  214 Y   -6 -6 -6 -7 -6 -5 -6 -7 -3 -5 -4 -6 -4  6 -7 -6 -5 -2  9 -5    0   0   0   0   0   0   0   0   0   0   1   0   0  28   0   0   0   0  69   0  2.56 0.73
  215 G   -2 -6 -4 -5 -6 -5 -6  8 -6 -7 -7 -5 -6 -7 -6 -4 -5 -1 -6 -7    1   0   0   0   0   0   0  96   0   0   0   0   0   0   0   0   0   1   0   0  2.43 0.68
  216 N   -5 -3  9 -3 -7 -4 -4 -4 -3 -7 -7 -4 -6 -7 -6 -3 -4 -7 -6 -7    0   1  97   0   0   0   0   0   0   0   0   0   0   0   0   1   0   0   0   0  2.82 0.81
  217 Y   -6 -6 -6 -7 -6 -6 -6 -7 -2 -5 -5 -6 -5 -1 -7 -5 -6 -2 10 -4    0   0   0   0   0   0   0   0   0   0   0   0   0   0   0   1   0   0  97   1  3.29 0.89
  218 V   -4 -6 -6 -7 -2 -6 -6 -7 -7  0 -3 -6 -3 -4 -6 -5 -4 -6 -5  8    0   0   0   0   1   0   0   0   0   1   0   0   0   0   0   0   0   0   0  97  2.21 0.69
  219 I   -1 -5 -5 -6 -4 -5 -5 -6 -3  6 -1 -5  1 -3 -5 -3  1 -5 -4  4    5   0   0   0   0   0   0   0   1  48   1   0   2   0   0   1   8   0   0  34  1.15 0.43
  220 Q   -5 -3 -4 -4 -7  9 -2 -6 -4 -7 -6 -3 -5 -4 -5 -4 -5 -6 -6 -6    0   0   0   0   0  97   1   0   0   0   0   0   0   1   0   1   0   0   0   0  2.86 0.89
  221 H   -4 -4 -2 -5 -7 -2 -4 -6 10 -6 -5 -2 -5  0 -5 -3 -5  2  4 -6    1   0   2   0   0   2   0   0  69   0   1   3   0   4   0   2   0   3  15   0  2.36 0.70
  222 V   -3 -6 -6 -5 -1 -5 -6 -6 -6  5  0 -5 -2 -2 -5 -5 -3 -6 -4  6    1   0   0   1   1   0   0   0   0  32   7   0   0   1   0   0   0   0   0  56  1.32 0.47
  223 L   -4 -5 -6 -6 -3 -5 -6 -7 -6  4  5 -5  0 -2 -5 -5 -4 -5 -4  1    0   0   0   0   0   0   0   0   0  24  65   0   1   1   0   0   0   0   0   8  1.27 0.45
  224 E   -3 -2 -3  2 -6  4  6 -3 -2 -6 -5 -1 -3 -6 -4 -2 -1 -6 -5 -5    1   1   0   9   0  18  60   2   1   0   1   2   1   0   0   2   3   0   0   0  1.32 0.51
  225 H   -3  2  1 -2 -3  0 -2 -4  8 -5 -1  1 -4  1 -5 -3 -2 -5  0 -4    1  13   8   2   1   4   2   1  42   0   7  10   0   5   0   1   2   0   2   1  0.99 0.40
  226 G   -2 -5  1 -1 -1 -4 -5  7 -4 -7 -7 -4 -3 -6 -5 -3 -5 -6 -6 -4    2   0   6   3   1   1   0  84   0   0   0   0   1   0   0   1   0   0   0   1  1.87 0.58
  227 R   -1  2  0  1 -4  1  1  0 -2 -3 -2  4 -3 -4 -1  0  1 -4 -2 -3    4  13   3   6   0   4  11   6   0   1   3  28   0   0   3   8   9   0   1   0  0.34 0.20
  228 P    0 -2  0  1 -4  1  1 -1  0 -4 -4 -2 -3 -3  6 -1 -1 -5 -4 -4    9   2   4   8   0   6   9   4   3   0   1   1   1   1  43   4   3   0   0   1  0.85 0.33
  229 E    0  1  0  1 -3  1  4 -3  4 -3 -4  0 -3 -4 -2  0  0 -5 -2 -3    7   9   4   7   0   5  32   1  13   1   1   6   0   0   1   6   5   0   1   2  0.48 0.25
  230 D   -3 -2  0  6 -4  1  3 -3  2 -4 -5 -3 -2  1 -4 -2 -3 -5 -1 -4    2   1   3  45   0   5  22   2   5   1   0   0   1   8   0   1   1   0   3   1  0.91 0.37
  231 K   -3  7 -3 -4 -3  0 -2 -5 -2 -3 -5  4 -4 -6 -4 -1 -1 -6 -5 -5    1  55   0   0   1   2   1   0   1   2   0  28   0   0   0   4   4   0   0   0  1.36 0.49
  232 S    1 -1  1  1 -1  1  2 -2  0 -3 -3 -1  0 -4 -3  3  1 -5 -3 -3   14   3   6   9   1   7  13   2   2   1   2   2   3   0   0  30   6   0   0   1  0.36 0.23
  233 K    1  2 -1 -2 -3  2  1 -2 -1  0 -1  2  0 -1  0  0 -1 -3 -2 -1   12  14   2   1   0   9   8   1   1   6   5  17   3   3   5   5   3   0   0   5  0.16 0.12
  234 I   -3 -6 -6 -6 -2 -5 -6 -6 -6  7  0 -5  4 -3 -5 -4 -3 -5 -4  3    1   0   0   0   1   0   0   0   0  62   7   0   9   0   0   1   0   0   0  18  1.39 0.47
  235 V   -3 -4 -5 -6 -1 -5 -4 -5 -5  6  1 -5  2  0 -4 -4 -3 -5 -3  4    1   1   0   0   1   0   1   1   0  51  10   0   4   4   1   0   1   0   1  24  1.02 0.38
  236 A    1  2  2  1 -2  2  1 -1  1 -3 -2  1 -2 -4 -3  2  1 -4 -3 -2   10  11   9   9   1  10   7   2   3   1   3  10   1   0   0  15   8   0   0   1  0.24 0.15
  237 E    0  0 -1 -2 -2  2  1 -3 -2  1 -1  3  0 -2 -2 -1  0 -4 -3  0    9   4   2   1   1   9   9   0   0  11   6  26   2   1   1   4   7   0   0   7  0.21 0.16
  238 I   -3 -5 -5 -6 -2 -4 -5 -6 -5  3  3 -5  2  3 -5 -4 -3 -4 -2  4    0   0   0   0   1   0   0   0   0  13  30   0   5  13   0   0   0   0   0  37  0.86 0.34
  239 R    1  2 -2 -2  0  0 -2 -3 -1  0  0  2  2 -2 -3  1  1 -4 -2 -1   17  15   1   1   2   3   1   0   1   7   9  14   6   1   0  10   7   0   1   3  0.17 0.15
  240 G   -1 -2  0  0 -3 -1  0  6 -3 -5 -5 -1 -5 -5  0  0 -2 -5 -5 -4    5   2   4   5   1   3   6  58   1   0   0   4   0   0   4   8   1   0   0   1  0.92 0.35
  241 N   -3  2  4  0 -3  5  0 -3  2 -5 -5  2 -4 -5 -4  0 -2 -5 -4 -5    0  10  23   4   0  29   3   1   5   0   1  15   0   0   0   6   2   0   0   0  0.79 0.35
  242 V   -2 -5 -6 -6 -2 -5 -5 -6 -5  4  2 -5  1  1 -5 -4 -2 -5 -3  5    1   0   0   0   0   0   0   0   0  28  20   0   3   5   0   0   1   0   0  40  0.96 0.36
  243 L   -1 -4 -4 -5  3 -3 -3 -4 -1  1  3 -4  0  0 -2 -3 -2 -4 -1  4    4   0   0   0   6   1   2   1   2   4  30   0   1   3   2   1   2   0   2  39  0.59 0.29
  244 V    1  0  0 -1 -2  3  2 -1  1 -2 -2  0 -1 -3  0  0  2 -2 -1  0   10   4   4   2   1  16  12   3   4   2   4   5   2   1   5   4  14   1   1   6  0.17 0.14
  245 L   -4 -4 -6 -6 -4 -5 -5 -6 -4 -2  4 -5  6  4 -6 -5 -4  1  2 -2    0   1   0   0   0   0   0   0   0   0  46   0  25  19   0   0   0   1   8   0  1.25 0.46
  246 S    2 -4 -3 -4  0 -4 -4 -3 -4 -6 -6 -4 -1 -6 -4  7 -2 -6 -5 -5   12   0   0   0   2   0   0   0   0   0   0   0   1   0   0  83   0   0   0   0  1.70 0.64
  247 Q   -3  3 -2 -3  0  5 -2 -4  0 -2 -3  4  2 -4 -4 -2  1 -5 -1 -1    1  13   1   0   2  28   0   0   2   2   1  29   6   0   0   1   8   0   2   4  0.70 0.35
  248 H   -5 -4  0 -2 -7  5 -2 -4 10 -7 -6 -2 -5 -5 -6 -4 -5 -2 -3 -6    0   0   4   1   0  22   1   1  66   0   0   2   0   0   0   0   0   1   0   0  2.32 0.70
  249 K   -4 -2 -4 -4 -7 -1 -3 -5 -4 -6 -6  8 -2 -7 -2 -4 -4 -7 -6 -6    0   0   0   0   0   1   0   0   0   0   0  95   1   0   2   0   0   0   0   0  2.30 0.73
  250 F   -6 -6 -4 -7 -4 -5 -6 -7  1 -4 -3 -6 -4  8 -7 -6 -6 -2  6 -4    0   0   1   0   0   1   0   0   4   0   0   0   0  72   0   0   0   0  21   1  2.29 0.66
  251 A    6 -5 -4 -5 -4 -4 -4 -1 -5 -5 -5 -4 -4 -6 -4  2 -3 -6 -5 -4   80   0   0   0   0   0   0   4   0   0   0   0   0   0   0  15   0   0   0   0  1.57 0.58
  252 S   -3 -5 -2 -4  2 -4 -4 -4 -5 -6 -6 -4 -5 -6 -5  7 -2 -7 -6 -6    0   0   1   0   5   0   0   0   0   0   0   0   0   0   0  94   0   0   0   0  2.11 0.75
  253 N   -6 -1  9 -3 -7 -4 -4 -4 -3 -7 -7 -2 -6 -7 -6 -3 -4 -8 -2 -7    0   3  93   0   0   0   0   0   0   0   0   2   0   0   0   0   0   0   1   0  2.63 0.79
  254 V   -3 -6 -7 -7 -5 -6 -6 -7 -7 -1 -3 -6 -3 -5 -6 -5 -4 -7 -5  8    1   0   0   0   0   0   0   0   0   1   0   0   0   0   0   0   0   0   0  98  2.28 0.72
  255 V   -3 -6 -6 -6  3 -5 -6 -6 -6  5 -1 -6  1 -4 -6 -5 -3 -6 -4  6    0   0   0   0   6   0   0   0   0  32   2   0   3   0   0   0   0   0   0  58  1.44 0.50
  256 E   -5 -4 -4 -2 -8  2  8 -6 -4 -7 -7 -3 -3 -7 -5 -4 -5 -7 -6 -6    0   0   0   0   0   6  93   0   0   0   0   0   1   0   0   0   0   0   0   0  2.35 0.75
  257 K   -3  2 -4 -4 -7 -1 -2 -5 -4 -6 -6  8 -5 -7 -5 -3 -3 -7 -6 -6    2   8   0   0   0   1   1   0   0   0   0  87   0   0   0   1   1   0   0   0  2.04 0.67
  258 C    1 -6 -6 -7 10 -6 -6 -6 -6 -2 -2 -6 -1 -3 -6  0 -2 -6 -4 -1   14   0   0   0  68   0   0   0   0   2   3   0   1   1   0   6   1   0   1   3  2.33 0.66
  259 V   -4 -5 -6 -6 -4 -5 -6 -6 -6  5  4 -5  0  1 -6 -5 -4 -4 -3  2    0   0   0   0   0   0   0   0   0  32  47   0   1   6   0   0   0   0   0  14  1.09 0.40
  260 T   -1  2 -1  0 -3  1  2 -3  0  1  0  1  0 -3 -3  0  2 -4 -3  0    4  10   1   4   0   8  17   0   2  10   7   8   2   0   0   4  16   0   0   7  0.20 0.16
  261 H   -4 -2  0 -5  3 -2 -3 -5  7 -3 -3 -3 -2  5 -5 -2  0 -3  5  0    0   2   4   0   7   1   0   0  26   0   1   1   1  22   0   2   5   0  18   8  0.94 0.38
  262 A    4 -5 -4 -4  3 -3 -4  5 -5 -3 -5 -4 -5 -6 -4  1 -3 -5 -5 -4   31   0   0   0   6   1   0  51   0   2   1   0   0   0   0   9   1   0   0   0  1.16 0.44
  263 S   -1 -2  2  3 -3 -1  0  0 -3 -4 -4 -2 -2 -5 -2  3  3 -5 -4 -3    2   1   8  19   0   1   6   8   0   0   1   0   1   0   1  25  24   0   0   0  0.57 0.31
  264 R    0  1 -2  1 -4  1  1 -2  0 -2 -2  0 -1 -2  4  0 -1 -4  0 -1    9   9   0   7   0   6   9   2   2   2   3   4   2   1  26   7   3   0   3   5  0.36 0.18
  265 T    1  0  1  2 -2  1  4 -2  1 -3 -2  0 -3 -4 -1  1  1 -4 -2 -2   15   3   5   9   1   5  29   1   3   1   3   5   0   0   2   7   8   0   1   2  0.33 0.20
  266 E   -2 -3 -1  3 -5  5  4 -3  1 -2 -5 -2 -2 -5 -4 -1  0 -1 -4 -4    2   0   2  17   0  28  32   2   3   2   0   1   1   0   0   3   6   1   0   1  0.85 0.39
  267 R   -5  8 -4 -5 -2  1 -3 -6 -4 -2 -4  2 -3 -6 -5 -4 -4 -6 -5 -4    0  76   0   0   1   6   0   0   0   3   1   9   0   0   0   0   1   0   0   1  1.82 0.60
  268 A    0  3  0  2 -2  3  1 -2  1 -3 -3  2 -2 -3 -3  0 -1 -4 -3 -3   10  19   4  12   1  15   7   1   4   1   1  13   1   1   0   6   3   0   0   0  0.37 0.21
  269 V    1  1 -2 -1 -2  1  1 -1 -1  1  2  0  2 -2 -2  0 -1 -2 -1  1   12   7   1   2   1   7   9   3   1   8  22   4   6   0   1   5   1   0   1   8  0.09 0.10
  270 L   -3 -5 -6 -6 -4 -5 -6 -6 -6  5  4 -5  2  0 -6 -5 -4 -5 -4  1    2   0   0   0   0   0   0   0   0  41  45   0   5   2   0   0   0   0   0   5  1.18 0.42
  271 I   -3  0 -5 -5 -4 -3 -5 -6 -5  6  1 -4  2 -2 -5 -4 -2 -2 -2  3    1   5   0   0   0   1   0   0   0  49  13   0   4   1   0   1   1   1   1  21  0.95 0.36
  272 D   -1  1  3  4 -5  0  3 -1  1 -5 -5  0 -3 -5 -3  0 -1 -5 -3 -4    3   8  14  28   0   2  20   4   3   0   0   5   0   0   0   6   4   0   1   1  0.59 0.26
  273 E   -1  0 -3 -2 -6  2  6 -5 -1 -2 -4  1 -1 -3 -4 -2 -2 -5 -4 -2    4   4   0   0   0   7  64   0   1   3   1   7   2   1   0   2   2   0   0   3  1.12 0.45
  274 V   -2 -5 -5 -6 -4 -4 -5 -5 -5  5  3 -5  5  0 -5 -4 -3 -4 -3  3    3   0   0   0   0   0   0   0   0  34  23   0  16   3   0   0   0   0   0  19  0.91 0.35
  275 C   -2 -4 -3 -5  5 -4 -4 -5 -4  2  4 -4  3 -1 -4 -2  0 -4 -1  1    1   0   1   0  13   0   0   0   0  10  41   0  10   2   0   3   7   0   3   8  0.64 0.28
  276 T    1 -1  1 -1  0  0  0  3 -1 -2 -2 -1 -2 -3 -1  1  2 -4 -3 -2   13   4   7   2   2   5   5  25   2   1   3   3   0   0   2  10  14   0   0   2  0.25 0.15
  277 M    0  1  0  0 -1  1  0  0 -1 -2 -1  0  1 -2  3  1  1 -3 -2 -1    7   7   4   4   1   9   4   7   1   2   3   5   4   2  15   8  10   0   1   6  0.16 0.09
  278 N   -1  0  4  1 -2  0  0  1  0 -3 -3  1 -2 -3  0  0  2 -4 -3 -2    4   5  21   7   1   5   3  11   2   1   2   8   1   0   4   7  17   0   0   2  0.26 0.15
  279 D   -1 -2  0  4 -3  0  3  0  0 -3 -2 -1 -1 -2  1  0 -1 -4 -3 -2    5   1   4  26   0   2  23   7   2   1   4   2   2   1   7   5   4   0   0   2  0.37 0.17
  280 G   -1  0  1  3 -2 -1  1  3 -2 -2 -2 -1 -1 -3 -2  1 -1 -3 -2 -1    4   5   5  22   1   2   9  24   1   2   4   3   2   1   2   9   2   0   1   4  0.28 0.12
  281 P   -1 -1  0  1 -2  0  1  4 -1 -2 -2 -1 -2 -2  2 -1 -1 -2 -1 -2    3   3   4   8   1   5  12  31   2   2   3   1   1   2  11   4   3   0   3   2  0.31 0.13
  282 H   -1 -1  4  1 -2  0  1 -1  2 -2 -2 -1  0 -2  0  1  1 -3 -2 -1    4   2  22   9   1   2  10   3   6   2   2   1   3   1   4  10  12   0   1   5  0.25 0.14
  283 S    0 -2  2  2 -1  0  2 -1 -2 -3 -3 -1 -2 -3  1  3  0 -4 -2 -2    7   1   8  13   1   4  13   3   0   1   1   3   1   1   6  30   5   0   1   2  0.34 0.19
  284 A    1  0  0 -3 -2 -1 -3 -1  3 -1 -3 -2 -1 -1  6 -1  0 -4 -1 -2   11   5   4   0   1   3   1   4   7   3   2   1   2   3  39   5   5   0   1   3  0.66 0.26
  285 L   -2 -5 -5 -6 -4 -4 -5 -6 -5  2  5 -5  2 -1 -5 -4 -3 -2 -3  2    2   0   0   0   0   0   0   0   0  11  68   0   3   2   0   1   1   0   0  11  1.08 0.39
  286 Y   -1 -1 -2 -2 -1  2  1 -2  1  1  2 -1  1  0 -1 -2 -1  0  1  1    4   1   1   1   1  15  10   2   4   6  21   2   3   3   3   2   1   1   5  12  0.13 0.13
  287 T    1  0 -1  0 -2  1 -1  0 -1  0  1  1  1 -2 -1  0  1 -2 -1  0   13   3   1   5   0   9   2   7   2   4  15   9   4   1   2   4  11   0   1   6  0.06 0.08
  288 M   -4 -5 -6 -7 -2 -4 -6 -6 -5  0  4 -5  9 -3 -6 -5 -4 -5 -4 -1    0   0   0   0   1   0   0   0   0   3  30   0  62   0   0   0   0   0   0   3  2.02 0.64
  289 M   -2 -5 -6 -6 -5 -4 -5 -6 -5  2  1 -5 10 -3 -6 -5 -2 -5 -4  0    4   0   0   0   0   0   0   0   0   8  12   0  67   1   0   0   2   0   0   5  1.95 0.63
  290 K   -3  4 -1 -3 -2  1 -2 -3 -3 -2 -3  6 -1 -5 -4 -3 -3 -5 -4 -2    1  22   2   0   1   5   0   1   0   3   3  56   2   0   0   1   0   0   0   3  1.10 0.44
  291 D   -5 -5  0  8 -7 -4 -2 -5  2 -7 -7 -4 -7 -7 -5 -4 -5 -8 -6 -7    0   0   3  91   0   0   0   0   4   0   0   0   0   0   0   0   0   0   0   0  2.49 0.72
  292 Q   -1 -1 -2 -4 -6  7 -1 -3 -1 -6 -5  0  0 -6  2  0 -4 -5 -5 -5    5   2   1   0   0  62   1   1   1   0   0   4   2   0  12   8   0   0   0   0  1.40 0.55
  293 Y   -5 -6 -4 -7 -6 -6 -6 -6 -3 -4 -4 -6 -4  7 -7 -5 -5 -2  8 -5    0   0   1   0   0   0   0   0   0   0   0   0   0  42   0   0   0   0  55   0  2.39 0.68
  294 A    6 -5 -4 -5 -4 -4 -4  5 -5 -5 -5 -4 -5 -6 -4 -2 -4 -6 -5 -4   59   0   0   0   0   0   0  40   0   0   0   0   0   0   0   0   0   0   0   0  1.49 0.53
  295 N   -5 -4  9 -3 -6 -4 -4 -4 -3 -7 -7 -4 -6 -7 -6 -3 -2 -7 -6 -7    0   0  97   0   0   0   0   0   0   0   0   0   0   0   0   0   1   0   0   0  2.82 0.81
  296 Y   -6 -6 -6 -7 -2 -5 -6 -7 -1 -5 -5 -6 -5  2 -7 -6 -5 -2 10 -5    0   0   0   0   1   0   0   0   1   0   0   0   0   5   0   0   0   0  91   0  3.01 0.82
  297 V   -3 -6 -6 -6  0 -6 -6 -6 -6 -1 -3 -6 -3 -4 -2 -5 -3 -6 -5  8    1   0   0   0   2   0   0   0   0   0   0   0   0   0   2   0   0   0   0  93  2.02 0.65
  298 V   -3 -5 -6 -6 -4 -5 -5 -6 -6  5  1 -5 -2 -2 -5 -5 -3 -5 -4  6    0   0   0   0   0   0   0   0   0  31  11   0   0   1   0   0   1   0   0  56  1.31 0.45
  299 Q   -5 -1 -4 -4 -7  9 -2 -6 -2 -7 -6 -2 -4 -7 -5 -4 -5 -6 -5 -6    0   2   0   0   0  94   0   0   1   0   0   1   0   0   0   0   0   0   0   0  2.72 0.85
  300 K   -4  3 -3 -4 -6  0 -2 -5  1 -5 -5  7 -4 -6 -4 -3  2 -6 -4 -5    0  14   0   0   0   3   0   0   4   0   0  64   0   0   0   1  13   0   0   0  1.39 0.52
  301 M    1 -4 -4 -5  1 -4 -4 -3 -4  2  3 -4  5  0 -4 -2 -2 -4 -3  3   15   0   0   0   3   0   0   1   0  13  25   0  17   3   0   2   1   0   0  19  0.57 0.27
  302 I   -4 -5 -6 -6 -3 -5 -5 -6 -4  3  5 -5  2  0 -5 -5 -3 -4 -3  2    0   0   0   0   0   0   0   0   0  18  57   0   4   2   0   0   0   0   0  16  1.03 0.38
  303 D   -2 -2  0  5 -4  1  5 -1 -1 -5 -5 -1 -4 -3 -4  0 -1 -5 -4 -3    2   1   3  32   0   5  37   5   1   0   0   2   0   1   0   5   3   0   0   2  0.83 0.35
  304 V    0 -2 -2 -4  0  1 -2 -3  2  0 -1 -1  0 -1 -4 -1  3 -2  1  4    6   2   1   0   2   7   1   1   6   4   5   3   2   2   0   1  19   0   6  32  0.30 0.22
  305 A    3 -4 -3 -3  6 -3 -4 -1 -4 -1  1 -3  0 -3 -3  1 -1 -4 -4  1   31   0   0   1  18   0   0   5   0   2  15   0   3   1   1  10   2   0   0  13  0.53 0.27
  306 E   -3 -1  2  4 -3  1  4 -3 -2 -4 -4  1 -4 -5  0  0  1 -5 -4 -3    0   2  12  28   1   5  25   1   0   1   1   7   0   0   3   4   9   0   0   1  0.63 0.29
  307 P   -1 -1 -1  4 -5 -1  2  3 -3 -3 -5 -2 -3 -4  4  0 -2 -5 -5 -4    4   3   1  23   0   2  13  23   0   1   0   1   0   1  20   6   1   0   0   0  0.63 0.28
  308 G    0 -1  1  2 -3  3  3 -1  1 -3 -3  0 -3 -4  1  0  0  2 -3 -1   10   2   5  12   0  13  21   4   3   0   1   5   0   0   7   4   4   3   0   4  0.30 0.18
  309 Q   -3 -2 -1  3 -6  7  3 -3  0 -5 -3 -2 -2 -5 -3 -1 -2 -5 -2 -5    2   0   2  15   0  48  16   2   2   0   3   1   1   0   1   3   2   0   2   0  1.02 0.44
  310 R   -3  7 -3 -4 -6  0 -3 -5 -1 -3 -1  3 -4 -1 -5 -3 -4 -3 -1 -2    1  56   0   0   0   3   0   0   1   1   7  20   0   3   0   1   0   0   3   3  1.16 0.45
  311 K    0  1  0  1 -4  1  4 -2  1 -3 -3  2  0 -4 -2  0 -1 -4 -2 -3    9   7   4   7   0   6  29   3   3   1   1  17   3   0   1   4   4   0   1   1  0.39 0.21
  312 I    0  1 -2 -3 -2  0  0 -3 -2  1  2  1  2  0 -2 -1 -1 -3 -1  1   11  10   1   0   1   5   5   0   1   7  23   8   7   4   2   2   3   0   1  10  0.13 0.12
  313 V   -4 -5 -6 -6 -4 -5 -5 -6 -5  4  5 -5  2  2 -5 -5 -3 -4 -3  1    0   0   0   0   0   0   0   0   0  26  54   0   4   9   0   0   0   0   0   6  1.06 0.38
  314 M   -2 -4 -5 -6 -2 -4 -5 -6 -5  4  3 -5  3 -1 -5 -3 -2 -4 -1  4    2   0   0   0   0   0   0   0   0  22  26   0   8   2   0   1   1   0   1  36  0.83 0.33
  315 H    0 -1  1  2 -2  1  2 -2  2 -1 -2  0 -1 -4 -2  2  1 -4 -2 -1    8   2   8  11   1   4  18   1   6   4   3   3   2   0   0  16   7   0   1   4  0.22 0.15
  316 K    1  3 -2 -2  0  0  0 -1 -1  0 -1  3 -1 -3 -3 -1  0 -4 -1  0   13  19   1   1   2   2   5   3   2   6   4  21   1   0   0   4   6   0   2   7  0.22 0.16
  317 I   -2 -5 -6 -6 -4 -5 -6 -6 -6  6  2 -5  2 -1 -5 -5 -2 -5 -4  3    2   0   0   0   0   0   0   0   0  52  18   0   4   2   0   0   2   0   0  19  1.12 0.40
  318 R   -2  6 -2 -4 -5  0 -1 -3  0 -4 -2  4 -2 -3 -4 -1 -2 -5 -2 -4    3  42   1   0   0   4   3   1   2   1   4  29   1   1   0   3   2   0   1   1  0.88 0.37
  319 P    0 -1 -3 -2 -2  0  0  0 -2 -3 -3 -2 -1 -5  6  0 -2 -5 -5  0    9   3   0   2   1   4   5   8   1   1   3   2   1   0  45   7   1   0   0   8  0.85 0.33
  320 H   -3 -3  3 -1 -3  4 -1 -4  8  0 -1 -1 -3 -2 -5 -2 -3 -4  2 -3    2   0  13   2   1  18   2   1  36   6   6   3   0   1   0   1   0   0   7   2  0.93 0.39
  321 I   -1 -2 -5 -5 -3 -3 -4 -5 -3  3  4 -2  2  1 -5 -3 -3 -4 -3  2    5   2   0   0   0   1   1   1   1  16  51   2   6   4   0   1   0   0   0  11  0.68 0.29
  322 A    1 -2  3  2 -3  1  0 -2  1 -2 -1 -1 -2 -2  3  0 -1 -4 -1 -1   11   0  16  11   0   8   6   1   4   1   6   3   1   1  15   7   3   0   2   4  0.27 0.17
  323 T    2 -1  1 -1 -3  1  0 -2  1 -1 -1  0 -1 -2 -2  1  1 -4 -2  0   19   1   8   1   0   9   6   1   3   4   7   5   1   1   1  14  11   0   1   6  0.14 0.13
  324 L   -2 -5 -6 -6 -4 -5 -6 -6 -3  3  6 -5  3 -1 -6 -5 -4 -5 -2 -1    3   0   0   0   0   0   0   0   1  13  71   0   6   2   0   0   0   0   1   2  1.23 0.44
  325 R   -3  5 -1 -4 -5 -1 -2 -4 -2 -5 -4  5 -4 -3 -4  2 -3 -6 -4 -4    1  36   3   0   0   1   1   0   1   0   1  39   0   1   0  14   0   0   0   1  1.10 0.44
  326 K   -4  4  1 -3 -6  1 -2 -3  1 -6 -5  6 -3 -6 -4 -2 -1 -6 -5 -5    0  18   7   1   0   6   1   1   3   0   0  59   0   0   0   1   4   0   0   0  1.26 0.48
  327 Y   -4 -4  2 -4 -1  0 -3 -4  4 -3 -3 -4 -3  3 -4 -1  1 -2  7 -1    0   0  10   0   1   3   1   1  12   0   1   0   0  12   0   5  11   0  36   6  0.89 0.39
  328 T   -1 -3  2 -3 -2 -3 -3 -2 -2 -3 -4  2 -4 -5  3  2  5 -5 -4 -2    4   0   9   0   1   0   0   3   1   1   0  12   0   0  16  16  36   0   0   2  0.71 0.36
  329 Y   -3 -4 -2 -6  0 -2 -5 -6  4 -4 -2 -5 -2  3 -2 -2 -3 -2  8 -3    1   1   2   0   2   2   0   0  10   0   3   0   1  12   2   4   1   0  58   2  1.54 0.53
  330 G    2 -5 -3 -4 -5 -5 -5  7 -5 -6 -6 -4 -5 -6 -3  0 -2 -6 -6 -5   18   0   0   0   0   0   0  71   0   0   0   0   0   0   1   7   2   0   0   0  1.56 0.52
  331 K   -4  3  0 -4  1 -2 -3 -3 -4 -6 -6  7 -5 -6 -4  1 -4 -6 -5 -5    0  12   4   0   3   0   0   1   0   0   0  68   0   0   0  12   0   0   0   0  1.45 0.54
  332 H   -4  3  3 -4 -2  3 -3 -5  9 -7 -6 -1 -5 -5 -6 -4 -5 -6 -2 -6    1  16  11   0   1  12   0   0  56   0   0   2   0   0   0   0   0   0   1   0  1.93 0.62
  333 I   -3 -5 -4 -5 -2 -3 -5 -6  1  6  1 -5 -1 -2 -5 -3 -3 -5 -3  4    1   0   1   0   1   1   0   0   4  53  12   0   0   1   0   1   0   0   0  24  1.07 0.39
  334 L    0 -4 -4 -5 -3  1 -3 -4 -4  4  3 -4  1 -2 -4 -2 -2 -4 -2  4    8   0   1   0   0   7   1   0   0  21  24   0   2   1   0   1   1   0   1  33  0.60 0.28
  335 A    5 -3  0 -2 -4  1  2 -1 -3 -4 -4 -3 -2 -5 -3  2  0 -5 -4 -2   48   1   5   1   0   6  13   3   0   0   1   0   1   0   0  15   5   0   0   1  0.66 0.35
  336 K    0  5 -2 -3 -4  0 -2 -3 -1 -4 -2  5 -3 -3 -3  1 -2 -4 -3 -3    6  28   1   1   0   3   1   1   2   1   3  37   0   1   1  12   1   0   0   1  0.74 0.31
  337 L   -2 -5 -5 -6  4 -5 -5 -6 -5  4  3 -5  2 -1 -5 -4 -3 -4 -2  4    2   0   0   0  11   0   0   0   0  23  29   0   5   2   0   0   0   0   1  27  0.84 0.33
  338 E   -3 -3 -3  1 -6  1  6 -5 -1  1  1 -2 -3 -3 -4 -3 -4 -5 -4 -3    1   0   0   5   0   5  61   0   1  10  14   1   0   1   0   0   0   0   0   1  1.07 0.46
  339 K   -3  4 -1 -3 -6  2  2 -5 -1 -6 -5  6 -4 -6 -4 -2 -3 -6 -5 -5    1  23   2   0   0   8  13   0   1   0   0  50   0   0   0   1   0   0   0   0  1.20 0.46
  340 Y   -5 -5 -3 -6 -6 -3 -4 -6  7 -4 -3 -5 -4  6 -5 -5 -5 -2  6 -4    0   0   1   0   0   1   1   0  31   0   1   0   0  35   0   0   0   0  29   1  1.87 0.58
  341 Y   -4 -4 -4 -5 -4 -4 -4 -5 -1 -2 -1 -4 -2  7 -5 -4 -4  3  6 -3    0   0   0   0   0   0   0   0   0   0   0   0   0  63   0   0   0   4  33   0  1.48 0.25

                      K         Lambda
Standard Ungapped    0.1377     0.3235
Standard Gapped      0.0621     0.2670
PSI Ungapped         0.2026     0.3162
PSI Gapped           0.0621     0.2670
