
Last position-specific scoring matrix computed, weighted observed percentages rounded down, information per position, and relative weight of gapless real matches to pseudocounts
           A  R  N  D  C  Q  E  G  H  I  L  K  M  F  P  S  T  W  Y  V   A   R   N   D   C   Q   E   G   H   I   L   K   M   F   P   S   T   W   Y   V
    1 S    1 -2 -1 -2 -2 -1 -2 -2 -2 -3 -3 -2 -2 -4 -2  5  4 -4 -3 -2    5   0   0   0   0   0   0   0   0   0   0   0   0   0   0  68  27   0   0   0  0.81 0.19
    2 E   -1  1  1  3 -4  3  2 -2  1 -4 -3  3 -2 -4 -1  0  0 -4 -3 -3    2   5   7  17   0  17  13   0   3   0   1  23   0   0   2   4   5   0   0   0  0.41 0.10
    3 S    1 -1 -1 -2  0 -2 -2 -2 -3 -4 -4  0 -3 -4  6  3  0 -4 -2 -3    9   2   1   0   2   0   0   2   0   0   0   4   0   0  42  35   2   0   2   0  0.94 0.20
    4 L   -3 -3 -5 -6 -3 -4 -5 -5 -4  0  5 -4  5 -1 -5 -4 -3 -3 -2 -1    0   1   0   0   0   0   0   0   0   0  81   0  17   0   0   0   0   0   1   0  1.19 0.28
    5 R   -3  6  3 -3 -5  0 -2 -4 -2 -5 -4  3 -3 -5 -4 -2 -2 -5 -4 -4    0  62  15   0   0   1   0   0   0   0   0  21   0   0   0   0   1   0   0   0  1.22 0.28
    6 I   -3 -5 -5 -5 -3 -5 -5 -6 -5  7  1 -5 -1 -2 -5 -4 -3 -5 -3  2    0   0   0   0   0   0   0   0   0  81   9   0   0   0   0   0   0   0   0  10  1.30 0.29
    7 I   -1 -5 -5 -5 -3 -4 -5 -5 -5  6  0 -4 -1 -2 -4 -4 -2 -4 -3  4    4   0   0   0   0   0   0   0   0  54   2   0   0   0   0   0   0   0   0  40  1.03 0.25
    8 F   -5 -5 -6 -6 -5 -6 -6 -6 -4 -3 -2 -6 -2  9 -6 -5 -5 -1  2 -3    0   0   0   0   0   0   0   0   0   0   0   0   0  97   0   0   0   0   3   0  2.34 0.41
    9 A    7 -4 -4 -4 -3 -3 -3 -2 -4 -4 -4 -3 -3 -5 -3 -1 -2 -5 -4 -2   99   0   0   0   0   0   0   0   0   0   0   0   0   0   0   1   0   0   0   0  1.51 0.36
   10 G   -2 -5 -3 -4 -5 -4 -4  7 -4 -6 -6 -4 -5 -6 -4 -2 -4 -5 -5 -6    0   0   0   0   0   0   0 100   0   0   0   0   0   0   0   0   0   0   0   0  2.09 0.36
   11 T   -2 -4 -2 -3 -3 -3 -3 -4 -4 -3 -4 -3 -3 -5 -4 -1  8 -5 -4 -2    0   0   1   0   0   0   0   0   0   0   0   0   0   0   0   0  99   0   0   0  1.84 0.41
   12 P   -3 -5 -5 -4 -6 -4 -4 -5 -5 -6 -6 -4 -5 -6  9 -3 -4 -6 -6 -5    0   0   0   0   0   0   0   0   0   0   0   0   0   0 100   0   0   0   0   0  2.99 0.45
   13 D   -2 -3  0  6 -5 -1  4 -3 -2 -5 -5 -2 -5 -5 -3 -2 -3 -6 -3 -5    2   0   1  62   0   1  32   0   0   0   0   0   0   0   0   0   0   0   1   0  1.36 0.29
   14 F   -5 -5 -6 -6 -5 -6 -6 -6 -4 -3 -2 -6 -2  9 -6 -5 -5 -1  1 -3    0   0   0   0   0   0   0   0   0   0   0   0   0 100   0   0   0   0   0   0  2.43 0.43
   15 A    6 -4 -4 -4 -3 -3 -3 -1 -4 -4 -4 -3 -3 -4 -3  0 -2 -5 -4 -2   93   0   0   0   0   0   0   3   0   0   0   0   0   0   0   4   0   0   0   0  1.34 0.33
   16 A    6 -3 -4 -4 -2 -3 -3 -2 -4 -2 -2 -3 -2 -4 -3 -1 -1 -5 -4  1   82   0   0   0   0   0   1   0   0   0   3   0   0   0   0   0   1   0   0  12  1.02 0.29
   17 R   -1  4 -1 -1 -1  2  1 -2  1 -2 -3  1 -2 -3  3  0  0 -4 -2 -1    5  30   0   2   2   9   9   1   4   1   1   4   0   0  13   6   7   0   1   5  0.34 0.12
   18 H    1 -3 -2 -3  2 -2 -2 -3  9 -4 -5 -3 -4 -4 -2  1  0 -5 -1 -4   12   0   0   0   5   0   0   1  65   1   0   0   0   0   1   9   5   0   0   1  1.48 0.33
   19 L   -4 -4 -6 -6 -3 -4 -5 -6 -5  0  6 -5  1 -2 -5 -5 -3 -4 -3 -1    0   0   0   0   0   0   0   0   0   0  99   0   1   0   0   0   0   0   0   0  1.46 0.33
   20 D    2  1  0  2 -3  4  1 -2 -1 -4 -3  2 -2 -4 -2  0 -1 -4 -3 -3   26   7   3  13   0  27   4   1   1   0   0  13   0   0   0   4   1   0   0   0  0.45 0.16
   21 A    6 -3 -4 -4 -3 -2 -3 -2 -2 -3 -4 -2 -2 -4 -3 -1 -1 -5 -4 -2   92   1   0   0   0   0   0   1   1   0   0   1   1   0   0   1   3   0   0   1  1.27 0.33
   22 L   -3 -4 -6 -6 -2 -4 -5 -6 -5  0  6 -5  0 -2 -5 -5 -3 -4 -3  0    0   0   0   0   1   0   0   0   0   1  96   0   0   0   0   0   0   0   0   2  1.35 0.31
   23 L   -3 -4 -5 -5 -3 -4 -5 -5 -5  4  5 -4  0 -1 -5 -4 -3 -3 -2  0    1   0   0   0   0   0   0   0   0  24  72   0   0   0   0   0   0   0   1   2  1.00 0.25
   24 S    1 -1  2  4 -1  1  1 -1  1 -3 -4  0 -2 -4 -2  2  0 -4 -3 -3   17   2  10  25   1   6   5   2   3   0   0   5   0   0   0  17   5   0   0   0  0.37 0.12
   25 S    1 -3 -1 -2 -3 -1 -2 -1 -2 -4 -4 -2 -3 -4 -3  6  2 -5 -4 -3    9   0   1   1   0   1   0   2   1   0   0   0   0   0   0  70  14   0   0   0  0.92 0.28
   26 G   -1  1  0  1 -4  2  3  1  3 -4 -4  1 -3 -4  3  0 -1 -4 -3 -3    1   6   2   5   0  10  27  12   8   0   0   6   0   0  14   6   2   0   0   0  0.44 0.13
   27 H   -3 -2 -2 -3 -4 -1 -2 -5 10 -6 -4 -3 -4 -3 -5 -3 -4 -4  2 -5    1   1   0   0   0   1   0   0  87   0   1   1   0   0   0   0   0   0   6   0  2.45 0.44
   28 N   -2  0  3  2 -4  5  3 -3  2 -4 -4  0 -3 -5 -1  0 -1 -4 -3 -4    0   3  14  11   0  31  26   0   5   0   0   3   0   0   2   3   2   0   0   0  0.67 0.19
   29 V   -2 -5 -5 -5 -3 -4 -5 -5 -5  5  0 -4 -1 -2 -3 -4 -2 -5 -3  5    0   0   0   0   0   0   0   0   0  36   3   0   0   0   1   0   0   0   0  60  1.08 0.27
   30 V   -1 -4 -5 -5  2 -1 -4 -5 -5  4  0 -3 -1 -2 -4 -3 -2 -4 -3  5    2   0   0   0   4   3   0   0   0  28   3   1   0   0   0   0   0   0   0  59  0.86 0.23
   31 G    5 -4 -3 -4 -1 -3 -3  4 -4 -4 -4 -3 -3 -4 -3 -1 -2 -4 -4 -3   69   0   0   0   1   0   0  30   0   0   0   0   0   0   0   0   0   0   0   0  1.07 0.28
   32 V   -1 -5 -5 -5 -1 -4 -5 -5 -5  1 -1 -4 -1 -3 -5 -4 -2 -5 -3  7    3   0   0   0   1   0   0   0   0   2   0   0   0   0   0   0   0   0   0  94  1.42 0.33
   33 F   -4 -4 -5 -6 -5 -4 -5 -6 -1 -3  0 -4 -3  4 -5 -4 -4  0  9 -3    0   0   0   0   0   0   0   0   0   0  10   0   0  14   0   0   0   0  76   0  1.90 0.37
   34 T   -2 -3 -2 -3  0 -3 -3 -4 -4 -3 -4 -3 -3 -4 -3  1  7 -5 -4 -2    0   0   0   0   2   0   0   0   0   0   0   0   0   0   0  10  88   0   0   0  1.52 0.37
   35 Q   -3  0 -2 -3 -6  8 -1 -4 -2 -5 -5 -1 -2 -6 -1 -3 -3 -5 -4 -5    0   2   1   0   0  92   0   0   0   0   0   1   1   0   3   0   0   0   0   0  1.94 0.43
   36 P   -3 -5 -5 -4 -6 -4 -4 -5 -3 -5 -6 -4 -5 -6  9 -3 -4 -6 -6 -5    0   0   0   0   0   0   0   0   1   0   0   0   0   0  99   0   0   0   0   0  2.92 0.45
   37 D   -4 -4 -1  8 -6 -3 -1 -4 -4 -6 -6 -3 -6 -6 -4 -3 -4 -7 -6 -6    0   0   0 100   0   0   0   0   0   0   0   0   0   0   0   0   0   0   0   0  2.26 0.41
   38 R   -4  8 -3 -4 -6 -1 -2 -5 -3 -5 -5  2 -4 -5 -4 -3 -3 -5 -4 -5    0  88   0   0   0   0   0   0   0   0   0  11   0   0   0   1   0   0   0   0  1.83 0.37
   39 P   -2 -4 -4 -4 -5 -3 -3 -4 -3 -5 -4  0 -5 -6  8 -3 -3 -6 -5 -5    1   0   0   0   0   0   0   1   1   0   1   6   0   0  90   0   0   0   0   0  2.49 0.40
   40 A    6 -3 -3 -4 -3 -3 -3 -1 -4 -4 -4 -2 -3 -4 -3  1 -1 -5 -4 -2   92   0   0   0   0   0   0   1   0   0   0   1   0   0   0   5   1   0   0   0  1.31 0.33
   41 G   -2 -5 -3 -4 -5 -4 -4  7 -4 -6 -6 -4 -5 -6 -4 -3 -4 -5 -5 -6    0   0   0   0   0   0   0 100   0   0   0   0   0   0   0   0   0   0   0   0  2.10 0.37
   42 R   -4  8 -3 -4 -6 -1 -3 -5 -3 -6 -5  0 -4 -5 -5 -3 -4 -5 -4 -5    0 100   0   0   0   0   0   0   0   0   0   0   0   0   0   0   0   0   0   0  2.18 0.42
   43 G   -2 -5 -3 -4 -5 -4 -4  7 -4 -6 -6 -4 -5 -6 -4 -3 -4 -5 -5 -6    0   0   0   0   0   0   0 100   0   0   0   0   0   0   0   0   0   0   0   0  2.10 0.37
   44 K   -3  4  2 -2 -5  3 -1 -3 -1 -5 -4  5 -3 -5 -3 -2 -2 -4 -2 -4    0  26   9   0   0  18   0   0   0   0   1  45   0   0   0   0   0   0   1   0  0.91 0.24
   45 K   -3  1 -2 -3 -5  0 -1 -4  0 -5 -5  7 -4 -5 -3 -2 -2 -5 -4 -5    0   3   0   0   0   2   0   0   2   0   0  91   0   0   0   0   1   0   0   0  1.59 0.36
   46 L   -3 -4 -5 -4 -3 -4 -5 -6 -5  1  6 -4  0 -1 -3 -4 -3 -4 -3  0    0   0   0   1   0   0   0   0   0   3  93   0   0   0   1   0   0   0   0   2  1.24 0.29
   47 M   -1 -1 -2 -3 -3  3 -2 -3 -1 -2 -2  0  4 -4 -3  0  5 -4 -3 -2    4   2   0   0   0  20   0   0   1   0   2   5  16   0   0   3  46   0   0   1  0.68 0.25
   48 P    4 -4 -4 -3 -3 -1 -2 -3 -4 -3 -4 -3 -1 -3  6  0 -2 -5 -4 -3   40   0   0   0   0   2   2   0   0   1   0   0   2   1  48   4   0   0   0   0  1.27 0.29
   49 S   -1 -3 -2 -3  0 -3 -3  0 -3 -5 -5 -3 -4 -5 -3  7 -1 -5 -4 -4    0   0   0   0   2   0   0   5   0   0   0   0   0   0   1  92   0   0   0   0  1.46 0.38
   50 P    2 -4 -4 -2 -5 -3 -2 -4 -4 -5 -4 -3 -4 -6  8 -2 -3 -6 -5 -4   16   0   0   1   0   0   2   0   0   0   1   0   0   0  77   2   0   0   0   0  2.03 0.37
   51 V   -2 -5 -5 -6 -3 -5 -5 -6 -6  1 -1 -5 -2 -3 -5 -4 -2 -5 -4  7    0   0   0   0   0   0   0   0   0   2   0   0   0   0   0   0   1   0   0  97  1.62 0.38
   52 K   -3  0 -3 -3 -6 -1 -2 -4 -3 -5 -5  8 -4 -6 -4 -3 -3 -6 -4 -5    0   0   0   0   0   0   0   0   0   0   0 100   0   0   0   0   0   0   0   0  1.93 0.42
   53 V    1 -1 -1 -2 -3  5  2 -3 -1 -1 -2  0 -1 -4 -3 -1  0 -4 -3  1   10   1   2   1   0  44  11   0   1   4   3   3   1   0   0   3   4   0   0  13  0.51 0.20
   54 L   -3 -4 -5 -5 -2 -4 -5 -5 -5  1  5 -4  1 -1 -5 -4 -2  2 -3  1    1   0   0   0   0   0   0   0   0   3  82   0   2   1   0   0   2   3   0   6  1.03 0.26
   55 A    7 -4 -4 -4 -3 -3 -3 -2 -4 -4 -4 -3 -3 -5 -3 -1 -2 -5 -4 -3  100   0   0   0   0   0   0   0   0   0   0   0   0   0   0   0   0   0   0   0  1.61 0.39
   56 E   -2 -2 -3 -2 -3  1  3 -4 -1  1  4 -2  0 -2 -4 -2 -1 -4 -3  1    1   1   0   1   0   8  22   0   1   5  50   1   1   0   0   1   2   0   0   7  0.45 0.18
   57 E    1 -1  0  1 -3  4  5 -3 -1 -4 -4  0 -2 -4 -3  0 -1 -4 -3 -3   14   2   3   5   0  21  42   0   0   0   0   3   1   0   0   7   3   0   0   0  0.64 0.20
   58 K    0 -2  2 -3 -5  0 -2 -4 10 -5 -5 -1 -4 -4 -4 -3 -3 -5  1 -5    8   1   8   0   0   2   0   0  74   0   0   3   0   0   0   0   1   0   3   0  1.89 0.39
   59 G   -1 -1  4  3 -4  2  0  3  1 -5 -5 -2 -3 -4 -3  0 -2 -4 -4 -4    3   1  22  21   0  14   3  29   4   0   0   0   0   0   0   3   1   0   0   0  0.61 0.18
   60 L   -3 -5 -5 -5 -3 -4 -5 -6 -5  6  3 -5  0 -2 -5 -4 -2 -4 -3  1    0   0   0   0   0   0   0   0   0  64  33   0   0   0   0   0   1   0   0   2  1.13 0.28
   61 P    0 -4 -4 -3 -5 -2 -2 -4 -3 -4 -5 -3 -4 -6  8 -1 -1 -6 -5 -4    8   0   0   1   0   1   1   0   0   1   0   1   0   0  80   5   3   0   0   0  2.07 0.37
   62 V   -2 -5 -5 -6 -3 -5 -5 -6 -6  2 -1 -5 -1 -3 -5 -4 -2 -5 -3  7    0   0   0   0   0   0   0   0   0   5   2   0   0   0   0   0   0   0   0  93  1.49 0.35
   63 F   -3 -2 -4 -4 -4 -2  1 -5  2 -2  0 -3 -1  5 -5 -3 -3 -1  7 -2    0   1   0   0   0   1  10   0   4   1  10   0   1  28   0   0   0   0  42   1  1.03 0.26
   64 Q   -4 -2 -3 -3 -6  9 -1 -5 -2 -6 -5 -1 -3 -6 -4 -3 -3 -5 -4 -5    0   0   0   0   0 100   0   0   0   0   0   0   0   0   0   0   0   0   0   0  2.36 0.50
   65 P   -4 -4 -5 -4 -6 -4 -4 -5 -5 -6 -6 -4 -5 -7  9 -4 -4 -7 -6 -5    0   1   0   0   0   0   0   0   0   0   0   0   0   0  99   0   0   0   0   0  2.99 0.48
   66 V    1 -1 -2 -1 -3  2  2 -2 -1 -1  1  2 -1 -2  1  0  0 -3 -2  0   13   0   0   2   0   9  17   1   1   3  17  14   0   1   7   3   6   0   0   7  0.16 0.09
   67 S   -1 -2  4 -2 -3 -2 -2 -2  2 -4 -4 -2 -3 -4 -3  5  3 -5 -3 -3    0   1  21   0   0   0   0   0   4   0   1   1   0   0   0  55  17   0   0   0  0.86 0.27
   68 L   -4 -4 -5 -6 -4 -4 -5 -6 -4 -1  5 -5  0  5 -5 -4 -3 -3 -1 -1    0   0   0   0   0   0   0   0   0   0  75   0   0  25   0   0   0   0   0   0  1.20 0.29
   69 R   -3  5 -2 -3 -5  0 -2 -3 -3 -5 -5  6 -3 -5 -4 -2 -3 -5 -4 -5    0  40   1   0   0   1   0   1   0   0   0  58   0   0   0   1   0   0   0   0  1.34 0.32
   70 P    0 -2  3  3 -3  0  0 -1 -2 -3 -3  1 -2 -4  2  2  1 -4 -3 -3    8   0  15  20   0   4   2   2   0   0   2   9   0   0  12  16   9   0   0   0  0.37 0.13
   71 Q    1 -2 -2  1 -4  1  4 -3 -2 -2 -3  0 -3 -4  3  0 -1 -4 -2 -2   16   1   0   7   0   6  34   0   0   2   2   3   0   0  18   7   3   0   1   2  0.50 0.16
   72 E    1 -2 -1  3 -4  1  5 -3 -2 -4 -4 -1 -4 -5 -2 -1 -1 -5 -4 -3   15   0   1  18   0   3  55   0   0   0   1   1   0   0   1   1   2   0   0   1  0.85 0.24
   73 N    4 -3  2  0 -2 -2  0 -1 -2 -2 -3 -2 -3 -4 -3  1 -1 -4 -3  0   56   0  13   6   0   0   6   2   0   2   0   0   0   0   0   7   2   0   0   5  0.53 0.20
   74 Q   -3  2 -2 -3 -5  7  0 -4  1  0 -2  1 -2 -5 -4 -2 -3 -4 -3 -1    0   9   0   0   0  68   1   0   2   5   4   5   0   0   0   0   0   0   0   5  1.15 0.32
   75 Q    3  0 -1  0 -3  5  1 -2  1 -4 -3  0 -2 -4 -3  0 -1 -4 -3 -3   37   2   1   4   0  35   7   0   3   0   1   2   0   0   0   3   3   0   0   0  0.61 0.22
   76 L    0  0 -1 -1 -2  3  4 -3 -1 -2  0  0 -1 -2 -3 -1  0  3 -3 -2    7   4   1   1   1  15  41   0   0   2  12   2   0   1   0   1   6   4   0   1  0.45 0.17
   77 V   -3 -4 -5 -5 -3 -4 -5 -6 -5  2  5 -4  1 -1 -5 -4 -3 -4 -3  2    0   0   0   0   0   0   0   0   0   7  79   0   1   1   0   0   0   0   0  13  1.04 0.26
   78 A    5  2 -2 -3 -2 -1 -1 -2 -3 -2 -2  1 -1 -4 -3  0 -1 -4 -3 -2   65  11   1   0   0   2   3   0   0   2   1   7   1   0   0   4   2   0   0   1  0.64 0.22
   79 E    4 -2  0  3 -3  0  1 -1 -2 -3 -4 -1 -3 -4 -2  1 -1 -4 -3 -2   49   0   2  20   0   4   8   3   1   0   0   3   0   0   0  10   1   0   0   0  0.53 0.19
   80 L   -3 -4 -5 -5 -3 -1 -4 -5 -2  0  5 -3  0  1 -5 -4 -3  1  3 -1    1   0   0   0   0   3   0   0   1   3  76   1   1   3   0   0   0   2  10   0  0.90 0.25
   81 Q   -1  0  5  1 -4  3  1  1  0 -5 -4  2 -3 -5 -3 -1 -2 -5 -3 -4    3   3  39   7   0  17   6   9   2   0   0  13   0   0   0   1   0   0   0   0  0.65 0.20
   82 A    6 -4 -4 -4 -3 -3 -3 -2 -4 -2 -2 -3 -3 -4  4 -1 -2 -5 -4 -2   73   0   0   0   0   0   0   0   0   1   3   0   0   0  22   0   0   0   0   0  1.13 0.30
   83 D   -4 -4 -1  8 -6 -3  0 -4 -4 -6 -6 -3 -6 -6 -4 -3 -4 -7 -6 -6    0   0   0  99   0   0   1   0   0   0   0   0   0   0   0   0   0   0   0   0  2.28 0.43
   84 V   -1 -4 -5 -5 -3 -4 -4 -5 -5  3  3 -4  0 -2 -4 -4 -2 -4 -3  4    3   0   0   0   0   0   0   0   0  21  36   0   0   0   0   0   0   0   0  41  0.77 0.21
   85 M   -4 -4 -5 -6 -4 -3 -5 -6 -4  0  1 -4 10 -3 -5 -4 -3 -4 -4 -2    0   0   0   0   0   0   0   0   0   2   9   0  89   0   0   0   0   0   0   0  2.33 0.48
   86 V   -2 -5 -5 -5 -3 -4 -5 -6 -5  4 -1 -5 -1 -3 -5 -4 -2 -5 -3  6    0   0   0   0   0   0   0   0   0  19   0   0   0   0   0   0   0   0   0  80  1.34 0.32
   87 V   -2 -5 -5 -6 -3 -5 -5 -6 -6  0 -1 -5 -2 -3 -5 -4 -2 -5 -4  7    1   0   0   0   0   0   0   0   0   0   0   0   0   0   0   0   0   0   0  99  1.68 0.39
   88 V    1 -5 -5 -5 -3 -4 -4 -5 -5  1 -1 -4 -1 -3 -4 -3 -2 -5 -3  6   13   0   0   0   0   0   0   0   0   4   0   0   0   0   0   0   0   0   0  83  1.22 0.32
   89 A    7 -4 -4 -4 -3 -3 -3 -2 -4 -4 -4 -3 -3 -5 -3 -1 -2 -5 -4 -3  100   0   0   0   0   0   0   0   0   0   0   0   0   0   0   0   0   0   0   0  1.61 0.39
   90 Y   -5 -5 -5 -6 -5 -4 -5 -6 -1 -4 -4 -5 -4  0 -6 -5 -5  0 10 -4    0   0   0   0   0   0   0   0   0   0   0   0   0   0   0   0   0   0 100   0  2.80 0.51
   91 G   -2 -5 -3 -4 -5 -4 -5  7 -5 -6 -6 -4 -5 -6 -5 -3 -4 -5 -6 -6    0   0   0   0   0   0   0 100   0   0   0   0   0   0   0   0   0   0   0   0  2.14 0.39
   92 L   -4 -4 -6 -6 -3 -4 -5 -6 -5  0  6 -5  1 -1 -5 -5 -3 -4 -3 -1    0   0   0   0   0   0   0   0   0   1  97   0   2   1   0   0   0   0   0   0  1.44 0.33
   93 I   -3 -5 -5 -5 -3 -5 -5 -6 -5  7  3 -5  0 -2 -5 -4 -3 -4 -3  0    0   0   0   0   0   0   0   0   0  73  27   0   0   0   0   0   0   0   0   0  1.29 0.30
   94 L   -4 -4 -6 -6 -3 -4 -5 -6 -5  0  6 -5  0 -2 -5 -5 -3 -4 -3 -1    0   0   0   0   0   0   0   0   0   2  98   0   0   0   0   0   0   0   0   0  1.47 0.33
   95 P   -4 -5 -5 -4 -6 -4 -4 -5 -5 -6 -6 -4 -5 -7  9 -4 -4 -7 -6 -5    0   0   0   0   0   0   0   0   0   0   0   0   0   0 100   0   0   0   0   0  3.03 0.48
   96 K   -1  1 -2 -2 -5  6  1 -4 -2 -4 -3  4 -3 -5  0 -2 -1 -4 -4 -3    3   4   0   0   0  49   5   0   0   0   1  28   0   0   4   1   3   0   0   2  0.93 0.27
   97 A    5 -2 -2 -2 -2 -2 -2 -2 -3 -1 -2 -1 -2 -3 -1  1  0 -4 -3  2   59   2   1   2   0   0   2   1   0   1   1   2   0   0   2   6   4   0   0  18  0.55 0.20
   98 V   -1 -5 -5 -5 -3 -4 -5 -5 -5  2 -1 -5 -1 -3 -5 -4 -2 -5 -3  7    2   0   0   0   0   0   0   0   0   7   0   0   1   0   0   0   0   0   0  90  1.43 0.34
   99 L   -4 -4 -6 -6 -3 -4 -5 -6 -5  0  6 -5  0 -2 -5 -5 -3 -4 -3 -1    0   0   0   0   0   0   0   0   0   1  99   0   0   0   0   0   0   0   0   0  1.50 0.34
  100 E   -1 -3  2  7 -5 -1  2 -3 -2 -5 -5 -2 -3 -5 -3 -1 -1 -6 -5 -4    6   1   8  67   0   2  11   1   0   0   0   0   1   0   0   1   3   0   0   0  1.19 0.27
  101 M    1 -3 -3 -4 -3 -3 -3 -4 -4  4  0 -3  4 -2 -3 -1  4 -4 -3  0   13   0   0   0   0   0   0   0   0  30   6   0  17   0   0   2  30   0   0   2  0.55 0.21
  102 P   -4 -5 -5 -4 -6 -4 -4 -5 -5 -6 -5 -4 -5 -4  9 -4 -4 -6 -6 -5    0   0   0   0   0   0   0   0   0   0   1   0   0   1  98   0   0   0   0   0  2.94 0.47
  103 R   -3  7 -2 -3 -5 -1 -1 -4 -2 -5 -4  4 -3 -5 -1 -2 -1 -5 -4 -4    1  68   1   0   0   0   1   0   0   0   0  22   0   0   3   0   3   0   0   1  1.31 0.31
  104 L   -3 -3 -5 -5 -2 -3 -4 -5  1  0  5 -4  0  0 -5 -4 -3 -2  4 -1    0   1   0   0   1   1   0   0   5   1  75   0   0   3   0   0   0   0  14   0  0.96 0.26
  105 G   -2 -5 -3 -4 -5 -4 -5  7 -4 -6 -6 -4 -5 -6 -5 -3 -4 -5 -6 -6    1   0   0   0   0   0   0  99   0   0   0   0   0   0   0   0   0   0   0   0  2.11 0.38
  106 C   -3 -7 -6 -7 11 -6 -7 -6 -6 -4 -4 -6 -4 -5 -6 -4 -4 -5 -5 -4    1   0   0   0  99   0   0   0   0   0   0   0   0   0   0   0   0   0   0   0  3.49 0.54
  107 I   -3 -4 -5 -5 -3 -4 -5 -6 -5  6  3 -4  0 -2 -5 -4 -3 -1 -3  2    0   0   0   0   0   0   0   0   0  55  35   0   0   0   0   0   0   1   0  10  0.99 0.25
  108 N   -4 -3  9 -1 -5 -3 -3 -3 -2 -6 -6 -3 -5 -6 -5 -2 -3 -7 -5 -6    0   0 100   0   0   0   0   0   0   0   0   0   0   0   0   0   0   0   0   0  2.35 0.46
  109 V   -2 -4 -4 -5 -3 -4 -4 -5 -5  3 -1 -4 -1 -3 -4  0 -2 -5 -3  6    0   0   0   0   0   0   0   0   0  16   1   0   0   0   0   9   0   0   0  75  1.09 0.29
  110 H   -5 -3 -2 -4 -6 -2 -3 -5 11 -6 -6 -4 -5 -4 -5 -4 -5 -5 -1 -6    0   0   0   0   0   0   0   0 100   0   0   0   0   0   0   0   0   0   0   0  3.17 0.54
  111 G    4 -4 -3 -3 -3 -3 -4  6 -4 -5 -5 -3 -4 -5 -2 -1 -3 -5 -5 -4   38   0   0   0   0   0   0  61   0   0   0   0   0   0   2   0   0   0   0   0  1.23 0.28
  112 S   -1 -3 -2 -3 -3 -3 -3 -3 -3 -5 -5 -3 -4 -5 -3  7 -1 -5 -4 -4    0   0   0   0   0   0   0   0   0   0   0   0   0   0   0 100   0   0   0   0  1.72 0.43
  113 L   -3 -4 -5 -6 -3 -4 -5 -6 -5  3  6 -5  0 -2 -5 -4 -3 -4 -3 -1    0   0   0   0   0   0   0   0   0  16  84   0   0   0   0   0   0   0   0   0  1.23 0.29
  114 L   -4 -4 -6 -6 -4 -4 -5 -6 -5  0  6 -5  0 -2 -5 -5 -3 -4 -3 -1    0   0   0   0   0   0   0   0   0   0 100   0   0   0   0   0   0   0   0   0  1.53 0.35
  115 P   -4 -5 -5 -4 -6 -4 -4 -5 -5 -6 -6 -4 -5 -7  9 -4 -4 -7 -6 -5    0   0   0   0   0   0   0   0   0   0   0   0   0   0 100   0   0   0   0   0  3.03 0.48
  116 R   -4  8 -3 -4 -6 -1 -2 -4 -1 -6 -4  1 -4 -5 -5 -3 -4 -5 -4 -5    0  92   0   0   0   0   0   0   1   0   0   5   0   0   0   0   0   0   0   0  1.95 0.40
  117 W   -6 -6 -7 -8 -6 -5 -6 -6 -6 -6 -5 -6 -5 -2 -7 -6 -6 13 -1 -6    0   0   0   0   0   0   0   0   0   0   0   0   0   0   0   0   0 100   0   0  4.51 0.64
  118 R   -4  8 -3 -4 -6 -1 -3 -5 -3 -6 -5  0 -4 -6 -5 -3 -4 -5 -4 -5    0 100   0   0   0   0   0   0   0   0   0   0   0   0   0   0   0   0   0   0  2.24 0.44
  119 G   -2 -5 -3 -4 -5 -4 -5  7 -5 -6 -6 -4 -5 -6 -5 -3 -4 -5 -6 -6    0   0   0   0   0   0   0 100   0   0   0   0   0   0   0   0   0   0   0   0  2.14 0.39
  120 A    7 -4 -4 -4 -3 -3 -3 -2 -4 -4 -4 -3 -3 -5 -3 -1 -2 -5 -4 -3   99   0   0   0   0   0   0   0   0   0   0   0   0   0   0   1   0   0   0   0  1.58 0.38
  121 A    7 -4 -4 -4 -3 -3 -3 -2 -4 -4 -4 -3 -3 -5 -3  0 -2 -5 -4 -2   97   0   0   0   0   0   0   0   0   0   0   0   0   0   0   3   0   0   0   0  1.53 0.37
  122 P   -4 -5 -5 -4 -6 -4 -4 -5 -5 -6 -6 -4 -5 -7  9 -4 -4 -7 -6 -5    0   0   0   0   0   0   0   0   0   0   0   0   0   0 100   0   0   0   0   0  3.03 0.48
  123 I   -4 -6 -6 -6 -4 -5 -6 -6 -6  8  0 -5 -1 -2 -5 -5 -3 -5 -4  1    0   0   0   0   0   0   0   0   0  98   1   0   0   0   0   0   0   0   0   1  1.81 0.39
  124 Q   -4 -2 -3 -3 -6  9 -1 -5  2 -6 -5 -1 -3 -6 -4 -3 -3 -5 -4 -5    0   0   0   0   0  96   0   0   4   0   0   0   0   0   0   0   0   0   0   0  2.20 0.48
  125 R   -4  8 -3 -4 -6 -1 -3 -5 -1 -6 -5  0 -4 -5 -5 -2 -4 -5 -4 -5    0  97   0   0   0   0   0   0   1   0   0   0   0   0   0   1   0   0   0   0  2.13 0.43
  126 S    6 -3 -3 -3 -1 -3 -3 -2 -4 -4 -4 -3 -3 -4 -3  3 -1 -5 -4 -2   75   0   0   0   1   0   0   0   0   0   0   0   0   0   0  24   1   0   0   0  1.11 0.31
  127 L   -3 -5 -5 -5 -3 -4 -5 -6 -5  6  3 -4  0 -2 -5 -4 -3 -4 -3  2    0   0   0   0   0   0   0   0   0  63  26   0   0   0   0   0   0   0   0  10  1.08 0.26
  128 W    0 -4 -4 -3 -2  0  3 -4 -3 -2  1 -3  0 -1 -4 -3 -3 10 -1 -3    9   0   0   0   1   4  22   0   0   2  13   0   3   1   0   0   1  44   0   0  1.41 0.30
  129 A    6 -3 -4 -4 -3 -3 -2 -2  0 -3 -4 -2 -2 -4 -3 -1  0 -5 -4 -2   89   0   0   0   0   0   1   0   3   0   0   1   1   0   0   0   5   0   0   0  1.26 0.34
  130 G   -2 -4 -3 -3 -5 -4 -4  7 -4 -6 -6 -4 -5 -6 -5 -3 -4 -5 -6 -6    0   1   0   1   0   0   0  99   0   0   0   0   0   0   0   0   0   0   0   0  2.09 0.38
  131 D   -4 -4 -1  8 -6 -3 -1 -4 -4 -6 -6 -3 -6 -6 -4 -3 -4 -7 -6 -6    0   0   0 100   0   0   0   0   0   0   0   0   0   0   0   0   0   0   0   0  2.30 0.43
  132 A    3  0  0  0 -2  1  0 -2 -1 -3 -3  2 -2 -4 -1  2  1 -4 -3 -2   29   5   3   5   0   6   6   0   1   0   1  13   0   0   2  17  12   0   0   1  0.29 0.12
  133 E   -2 -1 -2  0 -5  2  6 -4 -1 -3 -4  0 -3 -1 -3 -2 -2 -4 -3 -2    3   1   0   1   0  10  70   0   1   1   1   3   0   3   0   1   1   0   1   3  1.03 0.28
  134 T   -1 -3 -2 -3 -3 -3 -3 -3 -4 -3 -4 -3 -3 -4 -3  3  7 -5 -4 -3    1   0   0   0   0   0   0   0   0   0   0   0   0   0   0  26  73   0   0   0  1.33 0.35
  135 G   -2 -5 -3 -4 -5 -4 -5  7 -5 -6 -6 -4 -5 -6 -5 -3 -4 -5 -6 -6    0   0   0   0   0   0   0 100   0   0   0   0   0   0   0   0   0   0   0   0  2.14 0.39
  136 V   -2 -5 -4 -5 -3 -4 -5 -5 -5  4 -1 -4 -1 -3 -5 -4 -1 -5 -3  6    0   0   1   0   0   0   0   0   0  20   0   0   0   0   0   0   1   0   0  78  1.26 0.31
  137 T   -1 -4 -2 -3  2 -3 -3 -4 -4 -3 -4 -3 -3 -5 -4  0  7 -5 -4 -2    2   0   0   1   4   0   0   0   0   0   0   0   0   0   0   3  90   0   0   0  1.59 0.39
  138 I   -3 -5 -5 -5 -3 -5 -5 -6 -6  7  0 -5 -1 -2 -5 -4 -3 -5 -3  2    0   0   0   0   0   0   0   0   0  86   4   0   0   0   0   0   0   0   0  10  1.48 0.33
  139 M   -4 -4 -5 -6 -4 -3 -5 -6 -5  0 -1 -4 10 -3 -6 -4 -4 -4 -4 -2    0   0   0   0   0   0   0   0   0   3   0   0  97   0   0   0   0   0   0   0  2.64 0.52
  140 Q   -2  2 -2 -3 -5  8 -1 -4 -2 -5 -4  1 -3 -6 -4 -3 -3 -5 -4 -5    1   8   0   0   0  84   0   1   0   0   1   5   0   0   0   0   0   0   0   0  1.73 0.41
  141 M   -4 -4 -5 -6 -4 -3 -5 -6 -5 -1 -1 -4 10 -3 -5 -4 -3 -4 -4 -1    0   0   0   0   0   0   0   0   0   1   0   0  97   0   0   0   1   0   0   2  2.61 0.52
  142 D    0 -3  0  7 -5 -2  3 -3 -3 -5 -5 -2 -5 -5 -3 -2 -3 -6 -5 -3   10   0   2  66   0   0  21   0   0   0   0   0   0   0   0   0   0   0   0   2  1.29 0.30
  143 V    4 -2 -3 -2 -2 -1  2 -2 -3  1 -1  0 -1 -3 -2 -1 -1 -4 -3  2   44   0   0   0   0   1  16   0   0  10   2   6   0   0   1   1   1   0   0  18  0.39 0.17
  144 G   -2 -3 -3 -4 -5 -4 -4  7 -4 -6 -6 -2 -5 -6 -5 -3 -4 -5 -5 -6    0   1   0   0   0   0   0  97   0   0   0   2   0   0   0   0   0   0   0   0  2.01 0.37
  145 L   -4 -4 -6 -6 -3 -4 -5 -6 -5  0  6 -5  1 -2 -5 -5 -3 -4 -3 -1    0   0   0   0   0   0   0   0   0   0  98   0   2   0   0   0   0   0   0   0  1.48 0.34
  146 D   -4 -4 -1  8 -6 -3 -1 -4 -4 -6 -6 -3 -6 -6 -4 -3 -4 -7 -6 -6    0   0   0 100   0   0   0   0   0   0   0   0   0   0   0   0   0   0   0   0  2.32 0.44
  147 T   -1 -4 -3 -4 -3 -3 -3 -4 -4 -3 -4 -3 -3 -5 -4 -1  7 -5 -4 -3    3   0   0   0   0   0   0   0   0   0   0   0   0   0   0   1  96   0   0   0  1.78 0.42
  148 G   -2 -5 -3 -4 -5 -4 -5  7 -5 -6 -6 -4 -5 -6 -5 -3 -4 -5 -6 -6    0   0   0   0   0   0   0 100   0   0   0   0   0   0   0   0   0   0   0   0  2.14 0.39
  149 D    1 -4  0  6 -4 -2 -1 -3 -3 -5 -5 -3 -4 -5  5 -2 -3 -6 -5 -4   17   0   2  53   0   0   1   0   0   0   0   0   0   0  26   1   0   0   0   0  1.18 0.28
  150 M   -4 -4 -5 -6 -4 -3 -5 -6 -4  0 -1 -4 10 -3 -5 -4 -3 -4 -4  1    0   0   0   0   0   0   0   0   0   4   0   0  87   0   0   0   0   0   0  10  2.20 0.47
  151 L   -3 -4 -5 -6 -3 -4 -5 -6 -5  1  6 -4  3 -1 -5 -4 -3 -3  0 -1    0   0   0   0   0   0   0   0   0   4  88   0   5   0   0   0   0   0   3   0  1.23 0.29
  152 Y   -1 -1 -1 -3 -2 -2 -2 -3  5 -1  3 -1 -1  0 -4  0 -2 -2  4 -1    4   4   2   0   1   0   0   1  23   1  33   5   0   1   0   7   1   0  17   2  0.44 0.17
  153 K   -2  1 -2 -2 -4  0  1 -4 -2  1 -3  6 -3 -4 -3 -1  0 -5 -4 -2    2   5   0   0   0   2   7   0   0   9   0  67   0   0   0   1   5   0   0   2  0.87 0.26
  154 L    2 -1 -2 -3 -2 -1 -1 -2 -1  1  1 -1  0 -2 -3  0  1 -4 -2  3   25   4   0   0   0   2   3   2   1   5  11   2   1   0   0   4  13   0   0  26  0.20 0.11
  155 S    1  2 -1 -1 -1  0  0 -2  1 -1 -2 -1 -1 -1 -1  2  2 -2  1  0   13  12   1   1   1   2   7   0   3   3   2   1   0   2   1  19  17   0   6   8  0.15 0.09
  156 C   -3 -5 -4 -5  9 -4 -5 -5 -4  0  1 -4 -1 -2 -4 -2  3 -4  0 -2    0   0   0   0  52   0   0   0   0   4  13   0   1   1   0   0  26   0   3   1  1.39 0.31
  157 P    0 -4 -3  1 -5 -2 -1 -4 -4 -5 -5 -2 -4 -6  8 -1 -2 -6 -5 -3    8   0   0   8   0   1   3   0   0   0   0   2   0   0  72   2   2   0   0   2  1.77 0.33
  158 I   -4 -5 -6 -6 -4 -5 -6 -6 -6  8  0 -5 -1 -2 -5 -5 -3 -5 -4  1    0   0   0   0   0   0   0   0   0  96   3   0   0   0   0   0   0   0   0   1  1.75 0.38
  159 T    0 -1  0  0 -3  1  2  0  0 -2 -1 -1 -1 -3 -2  1  3 -4 -3 -2    9   1   3   5   0   6  20   6   3   0   5   1   1   0   0  11  29   0   0   0  0.28 0.13
  160 A    3 -2 -1  1 -3 -1  0 -1 -2 -3 -3 -1 -3 -4  4  0  0 -4 -4 -2   40   0   2  10   0   1   5   2   0   0   2   2   0   0  24   5   5   0   0   1  0.57 0.18
  161 E   -1  0  1  4 -4  2  3 -2  1 -3 -4 -1 -3 -4 -3  1  2 -4 -2 -3    3   4   4  23   0  11  21   1   3   0   0   1   0   0   0   8  19   0   1   0  0.47 0.15
  162 D   -3 -3 -1  7 -5 -2  3 -4 -3 -5 -5 -2 -5 -6 -3 -2  0 -6 -5 -5    2   0   0  72   0   0  20   0   0   0   0   0   0   0   0   1   7   0   0   0  1.47 0.32
  163 T   -2 -4 -2 -4 -3 -3 -3 -3 -4 -3 -4 -3 -3 -5 -4  0  8 -5 -4 -3    0   0   0   0   0   0   0   1   0   0   0   0   0   0   0   2  97   0   0   0  1.81 0.42
  164 S    1 -3 -2 -3 -3 -2 -3  4 -3 -4 -5 -2 -4 -5 -3  5 -1 -5 -4 -4   12   0   0   0   0   0   0  28   0   0   0   0   0   0   0  59   1   0   0   0  0.95 0.27
  165 G    4 -2 -2 -3 -3  1 -2  4 -2 -4 -4 -2 -3 -4 -3  0 -1 -4 -4 -2   52   2   0   0   0   6   0  30   1   0   0   0   0   0   0   4   3   0   0   0  0.72 0.22
  166 T   -1 -3 -1  1 -3 -1  0 -2 -2 -3 -4 -2 -3 -4 -3  5  3 -5 -4 -2    1   0   0   6   0   2   5   1   0   0   0   0   0   0   0  59  24   0   0   1  0.83 0.27
  167 L   -4 -4 -6 -6 -3 -4 -5 -6 -5  0  6 -5  2 -2 -5 -5 -3 -4 -3 -1    0   0   0   0   0   0   0   0   0   2  93   0   5   0   0   0   0   0   0   0  1.37 0.32
  168 Y   -4 -3 -3 -4 -5 -2 -3 -5  9 -5 -4 -4 -4 -1 -5 -4 -4 -2  7 -5    0   0   0   0   0   1   0   0  50   0   0   0   0   0   0   0   0   0  48   0  2.12 0.42
  169 D   -2 -3  1  7 -5  0  2 -3 -1 -5 -5 -1 -3 -5 -3 -1 -2 -6 -4 -5    3   0   5  66   0   4  14   1   2   0   0   2   0   0   0   2   2   0   0   0  1.17 0.27
  170 K   -3  5 -2 -2 -5  0 -1 -4 -2 -5 -4  6 -3 -5 -3 -2 -2 -5 -4 -4    1  36   1   1   0   2   1   0   0   0   0  57   0   0   0   0   1   0   0   0  1.24 0.30
  171 L   -4 -4 -6 -6 -1 -4 -5 -6 -5  0  6 -5  0 -2 -5 -5 -3 -4 -3 -1    0   0   0   0   1   0   0   0   0   1  98   0   0   0   0   0   0   0   0   0  1.48 0.34
  172 A    6 -4 -4 -4 -3 -3 -2 -2 -4 -2 -3 -3 -1 -4 -3  0 -2 -3 -4 -2   89   0   0   0   0   0   1   1   0   2   1   0   2   0   0   4   0   0   0   0  1.23 0.33
  173 E    0 -1  0  1 -3  2  4  0 -1 -1 -1  1 -2 -3 -2 -1  0 -4 -3 -2    8   1   3   7   0  11  34   6   1   3   6   7   0   0   1   2   7   0   0   2  0.30 0.12
  174 L   -2 -3 -4 -3 -1  2 -3 -5 -4  2  4 -3  3 -1 -4 -3 -2 -3 -3  0    1   0   0   1   1  13   1   0   0  13  58   0   8   1   0   0   1   0   0   3  0.66 0.21
  175 G    0 -4 -3 -4 -5 -4 -4  7 -4 -6 -6 -4 -5 -5 -4 -1 -4 -5 -5 -5    6   0   0   0   0   0   0  91   0   0   0   0   0   0   0   3   0   0   0   0  1.81 0.34
  176 P    3 -4 -4 -3 -2 -2 -3  0 -4 -4 -4 -3 -3 -5  7  0 -2 -5 -4 -3   33   0   0   0   1   1   0   7   0   0   0   0   0   0  53   4   0   0   0   1  1.35 0.29
  177 Q    0  1  0  1 -4  4  3 -2 -1 -3 -3  1 -2 -4  3  0  0 -4 -3 -2    5   6   4   9   0  24  19   1   0   1   1   7   0   0  13   3   4   0   0   1  0.44 0.14
  178 G    5 -3 -3 -3 -1 -3 -3  2 -4 -3 -1 -3 -2 -4 -1  0  0 -4 -4 -1   68   0   0   1   1   0   0  14   0   0   5   0   1   0   3   2   4   0   0   2  0.75 0.24
  179 L   -3 -4 -5 -5 -3 -4 -5 -5 -5  2  5 -4  2 -1 -5 -4 -2 -4 -3  1    0   0   0   0   0   0   0   0   0   9  77   0   4   0   0   0   1   0   0   8  1.03 0.25
  180 I   -2 -4 -4 -4  1 -3 -4 -5 -4  3  3 -4  1 -1 -4 -3 -1 -4 -3  3    1   0   1   0   3   0   1   0   0  21  39   0   2   0   0   0   2   0   0  29  0.62 0.18
  181 T    0 -1  0  2 -2  2  3 -3  1 -3 -3  1 -2 -3 -2  0  1 -4 -3 -3    7   0   4  14   1  12  29   0   4   1   1   9   1   1   1   4  11   0   0   1  0.39 0.14
  182 T    3 -3 -3 -3  4 -3 -3 -2 -4 -1 -2 -3 -2 -3 -3  0  4 -4 -3  3   26   0   0   0   8   0   0   1   0   0   1   0   0   0   0   2  38   0   0  22  0.61 0.22
  183 L   -3 -4 -5 -6 -3 -4 -5 -6 -5  2  6 -4  1 -1 -5 -4 -3 -4 -3  1    0   0   0   0   0   0   0   0   0  11  83   0   1   0   0   0   0   0   0   5  1.15 0.28
  184 K    2 -1  1  3 -2  1  2 -1 -1 -3 -3  0 -3 -4  1  0  0 -4 -3 -3   19   1   7  22   1   8  18   2   0   1   0   5   0   0   5   6   5   0   0   0  0.36 0.12
  185 Q    0  0  1  2 -3  3  0  2  0 -3 -1  1 -1 -3 -2  0 -1 -4 -3 -2   11   3   5  14   0  23   3  15   2   0  10   6   1   0   1   5   1   0   0   1  0.25 0.11
  186 L   -3 -4 -5 -5 -3 -4 -5 -5 -4  3  5 -4  2  0 -5 -4 -3 -3 -1  1    0   0   0   0   0   0   0   0   0  18  69   0   5   3   0   0   0   0   1   4  0.93 0.23
  187 A    4 -2 -2 -1 -1  2  2 -2 -2 -2 -3 -1 -2 -4  1  1  0 -4 -3 -1   50   1   1   3   1  10  13   1   0   1   1   1   0   0   6   6   5   0   0   2  0.45 0.17
  188 D    2 -1  2  3 -3  1  1  0  0 -2 -3  0 -2 -3 -2  1  0 -4 -3 -2   21   2  11  18   0   7   9   4   1   1   1   6   0   0   0  11   6   0   0   1  0.27 0.10
  189 G   -1 -2  1  0 -4  0 -2  5  0 -4 -2 -2 -3 -1 -2 -1 -3 -3  1 -4    2   2   7   6   0   4   0  61   2   0   4   0   0   3   2   2   0   0   6   0  0.78 0.19
  190 T   -1  1  1  0 -2  2  0 -1 -2 -1 -1  1 -1 -3 -2  1  3 -3 -3 -2    3   6   5   3   1  12   6   3   0   3   7  11   0   0   0  13  26   0   0   0  0.23 0.11
  191 A    3 -2 -3 -3  0 -1 -1 -3 -3  1  3 -2  0  1 -3 -1 -1 -3 -1  0   33   2   0   1   2   3   3   0   0   6  34   0   1   5   0   3   2   0   1   5  0.27 0.13
  192 K    0  1  0 -2 -3  3  0 -2  2  0 -2  2 -1 -3 -1  0  2 -4 -2  0    7   7   3   0   0  17   4   0   6   6   0  15   1   0   2   4  16   0   0  10  0.21 0.10
  193 P    4  0 -3 -3 -3 -3 -3  1 -3 -4 -4 -2 -3 -3  6 -1 -2 -5 -4 -3   38   7   0   0   0   0   0  11   0   0   1   0   0   1  40   2   0   0   0   0  1.00 0.25
  194 E   -2 -2 -2 -1 -5  2  6 -4 -2 -3 -4  0 -2 -5 -3 -1  1 -5 -4 -1    1   0   0   1   0  10  67   0   0   1   0   2   0   0   0   2  11   0   0   5  1.01 0.28
  195 V    1 -1 -3 -3 -3 -2 -2 -3 -3  1 -1  2 -1 -3  4 -2 -1 -4 -3  3   10   2   0   0   0   1   0   0   0   5   3  21   0   0  24   1   3   0   0  29  0.49 0.17
  196 Q   -4 -2 -3 -3 -6  9 -1 -5 -2 -6 -5 -1 -3 -6 -4 -3 -3 -5 -4 -5    0   0   0   0   0 100   0   0   0   0   0   0   0   0   0   0   0   0   0   0  2.36 0.50
  197 D   -3 -3  4  7 -5 -1  0 -3 -3 -5 -6 -3 -5 -6  1 -2 -3 -6 -5 -5    1   0  18  69   0   2   2   0   0   0   0   0   0   0   8   1   0   0   0   0  1.43 0.31
  198 E   -2 -3  3  6 -5 -1  4 -3 -1 -5 -5 -1 -4 -5 -2 -1 -3 -6 -4 -5    3   0  13  49   0   0  30   1   1   0   0   1   0   0   1   2   0   0   0   0  1.08 0.26
  199 T    3 -2  0  1 -3  0  2 -1 -2 -3 -3 -1 -3 -4 -2  2  1 -4 -3 -2   31   1   3   9   0   4  16   1   0   1   0   1   0   0   0  22  10   0   0   1  0.39 0.15
  200 L   -2 -1 -2 -3 -3  3 -1  0 -2 -1  4 -1  0  0 -4 -2 -2 -3 -3 -1    2   3   1   0   0  16   4   8   1   0  59   2   0   2   0   1   1   0   0   0  0.47 0.19
  201 V    5 -3 -3 -4 -2 -3 -3 -2 -4 -1 -2 -3 -2 -4 -3  1  1 -4 -3  2   63   0   0   0   0   0   0   0   0   3   0   0   0   0   0   8   6   0   0  20  0.75 0.24
  202 T   -2 -3  4 -2  4 -2 -3 -3 -3 -3 -3 -3 -3 -4 -3  1  5 -5 -4  0    0   0  27   0   9   0   0   0   0   0   0   0   0   0   0   7  51   0   0   6  0.91 0.27
  203 Y   -5 -5 -5 -6 -5 -4 -5 -6  1 -4 -4 -5 -4  0 -6 -5 -4  1 10 -4    0   0   0   0   0   0   0   0   2   0   0   0   0   0   0   0   0   1  97   0  2.68 0.49
  204 A    7 -4 -4 -4 -3 -3 -3 -2 -4 -4 -4 -3 -3 -5 -3 -1 -2 -5 -4 -3  100   0   0   0   0   0   0   0   0   0   0   0   0   0   0   0   0   0   0   0  1.61 0.39
  205 E    0  0 -1  0 -4  0  3 -2  6 -4 -4  2 -3 -4 -1  0 -2 -4 -2 -4    9   2   1   4   0   2  26   2  31   0   0  15   0   0   3   4   1   0   0   0  0.66 0.20
  206 K   -3  0 -3 -3 -6 -1 -2 -4 -3 -5 -5  8 -4 -6 -4 -3 -3 -6 -4 -5    0   0   0   0   0   0   0   0   0   0   0 100   0   0   0   0   0   0   0   0  1.94 0.42
  207 L   -3 -4 -6 -6 -3 -4 -5 -6 -5  2  6 -5  1 -2 -5 -5 -3 -4 -3 -1    0   0   0   0   0   0   0   0   0  11  87   0   1   0   0   0   0   0   0   0  1.26 0.30
  208 S   -1 -2  2  0 -3 -1  0 -2  0 -4 -3 -2 -3 -4 -3  5  2 -5 -3 -2    0   0  11   4   0   2   5   0   2   0   1   0   0   0   0  61  11   0   0   2  0.74 0.25
  209 K   -3  0 -3 -3 -6 -1 -2 -4 -3 -5 -5  8 -4 -6 -4 -3 -3 -6 -4 -5    0   0   0   0   0   0   0   0   0   0   0 100   0   0   0   0   0   0   0   0  1.94 0.42
  210 E    2 -2 -2  3 -4  1  5 -3 -1 -4 -4  0 -3 -5 -2  0 -2 -5 -4 -4   20   1   0  15   0   6  50   0   1   0   0   3   0   0   0   4   1   0   0   0  0.76 0.22
  211 E   -3 -3 -3  0 -6  0  7 -5 -3 -6 -6 -2 -5 -6 -4 -3 -3 -6 -5 -5    0   0   0   2   0   1  97   0   0   0   0   0   0   0   0   0   0   0   0   0  1.93 0.42
  212 A    6 -4 -4 -4 -3 -3 -3  0 -4 -4 -4 -3 -2 -5 -3  0 -2 -5 -4 -2   91   0   0   0   0   0   0   7   0   0   0   0   1   0   0   2   0   0   0   0  1.33 0.34
  213 R   -1  5  0 -2 -2  2  1 -3  0 -2  0  2 -1 -3 -3 -2 -2 -1 -2 -2    3  38   4   1   1   8  12   0   2   1  13  14   0   0   0   0   0   1   0   2  0.46 0.16
  214 I   -3 -4 -5 -5 -3 -4 -5 -6 -5  6  4 -4  0 -1 -5 -4 -3 -4 -3  1    0   0   0   0   0   0   0   0   0  52  44   0   1   0   0   0   0   0   0   3  1.05 0.26
  215 D   -4 -4  4  7 -6 -3 -1 -3 -3 -6 -6 -3 -5 -6 -4 -2 -3 -7 -5 -6    0   0  17  83   0   0   1   0   0   0   0   0   0   0   0   0   0   0   0   0  1.86 0.37
  216 W   -6 -6 -7 -7 -6 -5 -6 -6 -5 -5 -4 -6 -4  3 -7 -6 -6 12 -1 -6    0   0   0   0   0   0   0   0   0   0   0   0   0   9   0   0   0  91   0   0  3.99 0.58
  217 S    0  1  2 -2 -3  3 -1 -2  2 -4 -3 -1 -3 -3 -3  3  3 -4 -2 -3    4   7   8   0   0  17   1   1   5   0   1   0   0   1   0  34  21   0   0   0  0.50 0.19
  218 L   -1  2 -1  1 -2  3  0 -3 -2 -1  3  1  2 -2 -3 -2 -2 -3 -3 -1    2  12   1   8   0  21   2   1   0   0  34   8   5   1   0   1   1   0   0   2  0.30 0.14
  219 S   -1 -3 -1  2 -4 -2 -1 -3 -2 -4 -4 -2 -4 -5  5  4  0 -5 -4 -4    4   0   2  13   0   0   2   0   0   0   0   0   0   0  35  39   5   0   0   0  0.97 0.25
  220 A    7 -4 -4 -4 -3 -3 -3 -2 -4 -4 -4 -3 -3 -5 -3 -1 -2 -5 -4 -2   99   0   0   0   0   0   0   0   0   0   0   0   0   0   0   0   1   0   0   0  1.56 0.38
  221 A    2 -1 -1  0 -1  1  1 -1 -2  0 -1  0 -1 -3 -2  0  0 -4 -2  2   23   1   1   5   1   8  14   2   0   5   3   3   0   0   1   3   7   0   0  23  0.16 0.10
  222 Q    1 -1 -1  0 -4  5  3 -3  2 -3 -3 -1 -2 -1 -3 -1  0 -4 -2 -1   13   0   1   2   0  40  23   0   5   0   1   1   0   3   0   2   4   0   0   4  0.61 0.21
  223 L   -3 -4 -5 -5 -3 -4 -5 -6 -5  5  5 -4  0 -2 -5 -4 -3 -4 -3  0    0   0   0   0   0   0   0   0   0  34  65   0   0   0   0   0   0   0   0   1  1.07 0.26
  224 E    1 -2 -1  3 -3  0  5 -3  0 -4 -4 -1 -4 -4 -3 -1 -2  1 -2 -3   14   0   1  17   0   1  55   1   2   0   0   0   0   0   0   3   0   3   1   1  0.82 0.24
  225 R   -2  8 -2 -3  1  0 -2 -5 -1 -5 -3  0 -3 -5 -4 -3 -3 -5 -3 -5    2  86   1   1   3   2   0   0   1   0   2   0   0   0   0   0   0   0   1   0  1.63 0.36
  226 C   -2  2  3 -2  7  2  0 -3 -2 -3  0  2 -2 -3 -3 -2 -2 -4 -1 -3    1  11  17   0  28  10   4   0   0   0  10  15   1   0   0   0   1   0   2   0  0.60 0.19
  227 I   -3 -5 -5 -5 -2 -5 -5 -6 -5  6 -1 -5 -1 -2 -5 -4 -2 -5 -3  4    0   0   0   0   0   0   0   0   0  68   0   0   0   0   0   0   1   0   0  30  1.28 0.30
  228 R   -3  8 -2 -4 -3 -1 -3 -5 -1 -6 -5  0 -4 -5 -5 -3 -4 -5 -4 -5    1  96   1   0   1   1   0   0   1   0   0   0   0   0   0   0   0   0   0   0  2.06 0.42
  229 A    6 -4 -4 -4 -3 -3 -3  0 -4 -4 -4 -3 -3 -5 -3 -1 -2 -5 -4 -2   94   0   0   0   0   0   0   4   0   0   0   0   0   0   0   2   0   0   0   0  1.43 0.36
  230 F   -5 -5 -6 -6 -5 -6 -6 -6 -4 -3 -1 -6 -2  9 -6 -5 -5 -1  2 -3    0   0   0   0   0   0   0   0   0   0   4   0   0  94   0   0   0   0   2   0  2.25 0.42
  231 N   -4 -3  8  1 -5 -2 -3 -3  0 -4 -6 -3 -5 -5 -4 -1 -1 -6 -5 -5    0   0  89   6   0   0   0   0   1   1   0   0   0   0   0   1   2   0   0   0  1.90 0.40
  232 P   -1 -5 -5 -4 -5 -4 -4 -5 -5 -5 -6 -4 -5 -6  9 -2 -4 -6 -6 -5    3   0   0   0   0   0   0   0   0   0   0   0   0   0  95   2   0   0   0   0  2.76 0.45
  233 W   -3 -6 -7 -7 -5 -5 -6 -5 -5 -5 -4 -6 -4  2 -7 -6 -4 12  0 -6    2   0   0   0   0   0   0   0   0   0   0   0   0   8   0   0   1  88   1   0  3.75 0.56
  234 P   -4 -5 -5 -4 -6 -4 -4 -5 -5 -6 -6 -4 -5 -7  9 -4 -4 -7 -6 -5    0   0   0   0   0   0   0   0   0   0   0   0   0   0 100   0   0   0   0   0  3.03 0.48
  235 M   -2 -4 -4 -5 -1 -4 -4 -1 -4  3  0 -4  5 -1 -4 -3 -1 -4 -3  5    1   0   0   0   1   0   0   5   0  19   1   0  18   1   0   0   3   0   0  51  0.76 0.23
  236 S    4 -3 -2 -3  5 -2 -3 -2 -3 -3 -4 -3 -3 -4 -3  4  1 -4 -4 -2   40   0   0   0  15   0   0   0   0   0   0   0   0   0   0  38   5   0   0   1  0.84 0.26
  237 W   -4 -3 -3 -4 -5  1 -2 -4  5 -3 -3 -3 -3  4 -5 -3 -3  7  6 -3    0   0   0   0   0   8   2   0  15   0   0   0   0  21   0   0   0  17  34   0  1.27 0.28
  238 L   -1 -3 -3 -3  2 -3 -3 -3 -3  0  0 -3  0  5 -4  1  4 -2  0 -1    4   0   0   0   4   0   0   1   0   4   7   0   1  33   0  11  31   0   1   1  0.55 0.20
  239 E    0  0 -1  0 -2  2  2 -3  0  0  0  0  1 -1  1  0  1 -3 -1  0    5   5   2   3   0  11  14   0   2   5  10   2   5   2   6   8  15   0   1   4  0.12 0.07
  240 I   -1 -3 -4 -4 -1 -3 -4 -4  1  2  3 -3  2  1 -3 -3 -1  3  1  2    3   0   0   1   1   1   0   0   4  13  44   0   4   5   1   1   2   4   4  13  0.42 0.14
  241 E    1 -1  2  4 -3  2  1  2  1 -4 -3  0 -2 -4 -1  0 -1 -4 -3 -3   13   2  13  25   0   9  11  14   3   0   1   3   1   0   2   3   3   0   0   0  0.38 0.12
  242 G   -2 -3  0  4 -5  0  4  4 -3 -5 -5 -1 -4 -5 -2 -1 -2 -5 -4 -4    1   0   2  25   0   2  28  37   0   0   0   1   0   0   1   2   0   0   0   0  0.81 0.21
  243 Q    0 -1  2  1 -4  6  3 -2  1 -4 -3  1 -3 -5 -3 -1 -1 -4 -3 -4    6   1  10   6   0  44  20   1   4   0   1   5   0   0   0   1   2   0   0   0  0.73 0.22
  244 P    0  2  2 -2 -3 -1 -2 -3 -1 -1 -2 -1  0 -4  4  0  2 -4 -3  0    8  15  12   0   0   1   0   0   1   4   1   1   2   0  26   7  16   0   0   7  0.44 0.14
  245 V   -3 -4 -5 -5 -3 -4 -4 -5 -5  4  4 -4  2 -1 -4 -4 -2 -4 -3  3    0   0   0   0   0   0   0   0   0  30  40   0   3   1   0   0   0   0   0  26  0.78 0.20
  246 K   -3  6 -2 -3 -5 -1 -2 -4 -3 -5 -5  6 -4 -5 -4 -3 -3 -5 -4 -5    0  41   0   0   0   0   0   0   0   0   0  59   0   0   0   0   0   0   0   0  1.44 0.33
  247 V   -2 -4 -5 -5 -3 -4 -5 -5 -5  4  1 -4 -1 -1 -4 -4 -2 -4 -3  5    0   0   0   0   0   0   0   0   0  31  11   0   0   1   0   0   0   0   0  57  0.99 0.25
  248 W   -5 -3 -5 -6 -5 -3 -5 -4  3 -4  0 -5 -3  0 -6 -5 -5 11  3 -5    0   2   0   0   0   0   0   1   9   0  10   0   0   2   0   0   0  67   9   0  2.62 0.43
  249 K    1  1  0  0 -3  5  1 -1  1 -3 -2  1  1 -4 -3  0 -1 -4 -2 -3   16   7   4   3   0  35   6   3   3   0   2   8   4   0   0   7   1   0   1   0  0.42 0.16
  250 A    6 -3 -3 -4  0 -3 -3 -2 -4 -3 -4 -3 -3 -4 -3  2 -1 -5 -4 -1   80   0   0   0   2   0   0   1   0   0   0   0   0   0   0  14   1   0   0   2  1.11 0.31
  251 S    0  1  0  0 -2  3  2 -1  1 -2 -3  0 -1 -4 -2  2  1 -2 -2 -2    4   7   4   3   1  17  19   2   3   2   1   3   1   0   0  22   9   0   0   2  0.31 0.12
  252 V    2 -3 -4 -4 -1 -3 -2 -4 -3  1  1 -3 -1 -2 -1 -1 -1 -2 -2  5   17   1   0   0   1   0   2   0   0   4  14   0   0   0   3   2   2   1   1  52  0.52 0.20
  253 I    0 -1 -1  0  0 -1  0 -2 -2  2  2 -1  0 -1 -2  1  0 -3 -2  1    6   2   1   4   2   3   8   2   0  15  23   2   2   1   0  12   3   0   0  13  0.10 0.07
  254 D    1 -2  1  3 -3  0  2 -2  0 -3 -3  0 -3 -4  3  0  1 -4 -2 -2   16   1   5  18   0   4  18   0   2   0   1   4   0   0  15   6   8   0   1   1  0.39 0.13
  255 T    0 -1  0  0 -3  2  2  1  3 -2 -2  0 -1 -3 -1  1  1 -3 -1 -2    8   2   1   4   0  11  18  10   8   2   3   5   1   0   2  11  10   0   1   1  0.20 0.09
  256 A    1  0  1  0 -2  3  1 -1  2 -2 -2  0 -1 -2  1  1  1 -3 -2 -2   11   2   8   5   1  18   9   2   6   1   1   5   2   2   8   9   9   0   0   2  0.21 0.10
  257 T    0 -2 -1 -1 -1  0 -1  2  2 -2 -2 -1 -2 -3  0  2  3 -4 -2 -1    8   1   2   3   1   3   2  17   7   2   1   1   0   1   4  19  23   0   0   4  0.26 0.12
  258 N   -1  0  3  3 -2  2  1  0  0 -3 -3  1 -3 -4  0  1  1 -4 -3 -3    3   3  17  17   1  11   5   7   3   0   1   6   0   0   3  11  10   0   0   1  0.30 0.11
  259 A    3 -1 -2 -1 -3  2  0  1  1 -2 -2  1 -2 -2 -2  0 -1 -3 -2 -1   39   1   0   2   0  14   3  11   3   1   3  10   0   2   1   5   1   0   1   2  0.30 0.15
  260 A    2 -1 -2 -2 -1  2  1 -2 -1 -2 -1  0 -1 -3  3  0  1 -4 -3 -1   25   1   0   1   1  12  12   1   1   0   6   4   1   1  16   4  10   0   0   4  0.31 0.13
  261 P    2 -4 -4 -4 -3 -3 -2 -4 -4 -4 -4 -3 -4 -5  8 -2 -3 -5 -5 -2   15   0   0   0   0   0   1   0   0   1   1   0   0   0  75   1   0   0   0   2  1.95 0.38
  262 G   -2 -5 -3 -4 -5 -5 -5  7 -5 -7 -7 -4 -5 -6 -5 -3 -4 -5 -6 -6    0   0   0   0   0   0   0 100   0   0   0   0   0   0   0   0   0   0   0   0  2.26 0.44
  263 T   -2 -2 -2 -2 -3  1  1 -4 -1 -3 -3 -1  1 -4 -3  0  6 -5 -2 -2    1   2   0   1   0   6  11   0   1   0   1   2   3   0   0   4  66   0   1   1  0.94 0.31
  264 I   -3 -5 -5 -5 -3 -5 -5 -6 -5  6  1 -5 -1 -2 -5 -4 -2 -5 -3  4    0   0   0   0   0   0   0   0   0  65   9   0   0   0   0   0   0   0   0  26  1.25 0.31
  265 L   -3 -4 -5 -5 -3 -4 -4 -5 -5  4  4 -3  1 -2 -4 -3 -2 -4 -3  2    1   0   0   0   0   0   0   0   0  29  52   1   1   0   0   1   1   0   0  14  0.83 0.23
  266 E    2  0  0  1 -1  2  1 -1  1 -3 -3  1 -2 -4 -2  2  0 -4 -3 -2   27   4   4   8   1  14   6   3   4   0   0   8   0   0   1  16   3   0   0   0  0.30 0.13
  267 A    5 -1 -3 -3  1 -2 -1 -2  0  0 -2 -2 -1 -3 -1  0  0 -4 -3  1   57   3   0   0   3   0   3   0   3   5   2   0   1   1   2   5   4   0   0  11  0.51 0.21
  268 N   -1 -3  1  6 -4 -2  0  0 -2 -5 -5 -2 -4 -5 -3  2  0 -6 -4 -4    3   0   6  57   0   1   2   8   1   0   0   1   0   0   0  18   4   0   0   0  0.98 0.27
  269 K   -1  2 -1  0 -5 -1  0 -4 -2 -5 -5  6 -4 -5  0 -1 -2 -5 -4 -4    4  10   1   4   0   0   4   0   0   0   0  70   0   0   4   3   0   0   0   0  1.10 0.31
  270 Q    0 -1  2  3 -4  3  2 -2  4 -4 -4  1 -3 -4 -3  0  1 -4 -2 -3    6   1  11  17   0  16  11   1  12   0   0  11   0   0   0   3  10   0   0   1  0.43 0.16
  271 G    0 -3 -2 -4 -5 -3 -3  7 -1 -6 -6 -4 -5 -5 -4 -2 -4 -5 -5 -5    6   1   1   0   0   1   1  86   2   0   0   0   0   0   0   1   0   0   0   0  1.68 0.36
  272 I   -3 -5 -5 -5 -3 -5 -5 -6 -5  6  3 -5  1 -2 -5 -4 -3 -4 -3  2    0   0   0   0   0   0   0   0   0  66  23   0   2   0   0   0   0   0   0   9  1.19 0.30
  273 Q   -1  1 -1  3 -1  3  1 -3  3 -1 -1 -1 -1 -2 -3 -1  0 -1  1  0    2   7   0  18   2  19   7   1   9   4   7   2   1   0   0   2   4   1   7   7  0.23 0.12
  274 V   -3 -5 -5 -6 -3 -5 -5 -6 -6  5 -1 -5 -1 -3 -5 -4 -2 -5 -4  6    0   0   0   0   0   0   0   0   0  31   0   0   0   0   0   0   0   0   0  69  1.37 0.35
  275 A    6 -3 -2 -4 -2 -1 -3 -2 -4 -4 -3 -3 -2 -5 -3 -1 -1 -5 -4 -1   87   1   1   0   0   2   0   1   0   0   1   0   1   0   0   2   2   0   0   2  1.24 0.36
  276 T   -2 -4 -3 -4  8 -4 -4 -5 -5 -4 -4 -4 -4 -5 -4 -2  6 -5 -5 -3    2   0   0   0  39   0   0   0   0   0   0   0   0   0   0   0  59   0   0   0  1.80 0.43
  277 G    2 -4 -2 -3 -4 -2 -4  6 -3 -4 -5 -3 -4 -5 -4  0 -1 -5 -5 -3   14   0   1   0   0   1   0  72   0   0   0   1   0   0   0   6   3   0   0   2  1.28 0.30
  278 D   -2  0  2  5 -5  2  4 -3  0 -5 -4  1 -3 -5 -3  0 -1 -5 -4 -4    2   3   8  34   0  10  26   0   2   0   0   7   0   0   0   6   1   0   0   0  0.72 0.21
  279 G   -2 -3  1  0 -5  1 -2  6  1 -4 -6 -3 -4 -4 -4 -2 -3 -5 -4 -5    1   0   5   5   0   9   2  73   4   1   0   0   0   0   0   0   0   0   0   0  1.28 0.31
  280 I    2 -3 -2 -4 -1 -1 -3 -2 -4  3 -1 -3  0 -3 -3  0  0 -2 -3  4   21   1   1   0   1   3   0   2   0  18   2   1   1   0   0   8   3   1   0  38  0.40 0.18
  281 L   -4 -4 -6 -6 -3 -4 -5 -6 -5  2  6 -5  0 -1 -5 -5 -3 -4 -3  1    0   0   0   0   0   0   0   0   0   8  85   0   0   1   0   0   0   0   0   7  1.26 0.32
  282 N   -2  4  4 -2  4 -1 -2 -3 -2 -1  0  0 -2 -3 -4 -1  0 -4 -3  0    2  33  22   0  11   1   0   0   0   3   9   2   0   1   0   4   4   0   0   8  0.47 0.19
  283 L   -3 -4 -5 -5 -3 -4 -5 -6 -5  5  5 -5  1 -1 -5 -4 -3 -4 -3  1    0   0   0   0   0   0   0   0   0  34  57   0   1   0   0   0   0   0   0   7  1.03 0.27
  284 L   -2 -2 -2 -2 -3  0  2 -4  0 -1  1 -1 -2 -3 -3  0  5 -4 -3 -2    1   1   1   0   0   5  16   0   2   1  18   3   0   0   0   3  48   0   0   1  0.57 0.24
  285 S   -2  3  0 -2 -2  4  2 -3 -1 -2 -3  1 -2 -4 -3  2  0 -4 -3 -2    1  21   3   0   1  27  11   0   1   1   1   8   1   0   0  16   7   0   0   3  0.50 0.19
  286 L   -1 -4 -5 -5 -2 -4 -5 -5 -5  2  5 -4  1 -1 -5 -4 -3 -4 -3  1    7   0   0   0   0   0   0   0   0  12  70   0   3   1   0   0   0   0   0   8  0.92 0.26
  287 Q   -4 -2 -3 -3 -6  9 -1 -5 -3 -6 -5 -2 -4 -6 -4 -3 -4 -5 -5 -5    0   0   0   0   0 100   0   0   0   0   0   0   0   0   0   0   0   0   0   0  2.52 0.57
  288 P   -3 -3 -5 -5 -4 -4 -4 -5 -4  0  4 -4  1  0  5 -4 -3  4 -3 -1    1   1   0   0   0   0   0   0   0   4  46   0   3   3  34   0   0   6   0   3  0.96 0.26
  289 A    3 -4 -4 -4 -4  0 -3 -4 -4 -4 -5 -3 -4 -6  7  0 -3 -6 -5 -4   25   0   0   0   0   4   0   0   0   0   0   0   0   0  66   5   0   0   0   0  1.76 0.38
  290 G   -2 -5 -2 -4 -5 -4 -5  7 -5 -7 -6 -4 -5 -6 -5 -2 -4 -5 -6 -6    0   0   1   0   0   0   0  97   0   0   0   0   0   0   0   2   0   0   0   0  2.13 0.43
  291 K    0 -1 -2 -3 -5 -2 -2  3 -3 -5 -5  6 -4 -5 -3 -1 -3 -5 -4 -5    6   0   0   0   0   0   0  28   0   0   0  63   0   0   0   4   0   0   0   0  1.12 0.32
  292 K   -3  3 -3 -3 -6 -1 -2 -4 -3 -5 -5  7 -4 -6 -4 -3 -3 -6 -4 -5    0  12   0   0   0   0   0   0   0   0   0  88   0   0   0   0   1   0   0   0  1.76 0.43
  293 A    4  0 -4 -4 -3 -2 -3 -3 -4 -2 -4 -3 -2 -5  6 -1 -2 -5 -4  0   48   5   0   0   0   1   0   0   0   3   0   0   1   0  36   1   1   0   0   5  1.04 0.29
  294 M   -3 -4 -5 -6 -2  0 -4 -5 -4  1  3 -4  8 -2 -5 -4 -3 -4 -3 -1    0   0   0   0   1   5   0   0   0   7  32   0  55   0   0   0   0   0   0   0  1.41 0.37
  295 S    2 -2  2  0 -3 -1 -1 -1 -2 -4 -3 -1 -3 -4  3  4  1 -5 -4 -3   16   0  11   6   0   1   2   3   0   0   1   3   0   0  15  37   5   0   0   0  0.51 0.19
  296 A    4 -4 -4 -4 -1 -3 -3 -2 -4  1 -2 -3 -2  1 -1 -1 -1 -4 -2  4   41   0   0   0   1   0   0   2   0   6   0   0   0   8   3   2   1   0   0  36  0.56 0.23
  297 Q    3  1  0 -2 -2  4 -1 -1  0 -3 -3  0 -2 -4 -3  1 -1 -1 -1 -1   28   8   4   0   1  31   1   2   1   0   0   5   0   0   0   9   2   1   1   5  0.42 0.19
  298 D   -1 -4 -1  7 -6  2  2 -4 -3 -6 -6 -3 -5 -6 -4 -2 -3 -6 -5 -5    4   0   1  77   0   8   9   0   0   0   0   0   0   0   0   0   0   0   0   0  1.63 0.38
  299 L   -3 -4 -5 -5 -3 -4 -5 -5 -4  3  4 -4  0  4 -5 -4 -3  2  0  1    0   0   0   0   0   0   0   0   0  20  42   0   1  24   0   0   0   2   2   7  0.76 0.22
  300 L   -2 -4 -3 -5 -3 -4 -4 -5 -4  1  5 -4  1  1 -4 -4 -2 -3  1  0    2   0   1   0   0   0   0   0   0   7  74   0   3   4   0   0   1   0   4   3  0.90 0.25
  301 N   -4  0  8 -1 -4  1 -3 -3 -1 -6 -5 -1 -4 -5 -4 -1 -3 -6 -4 -5    0   4  84   0   0   5   0   0   1   0   1   2   0   0   0   2   0   0   0   0  1.78 0.41
  302 S    3 -3 -2 -3 -3 -3 -3  3 -3 -4 -4 -3 -3 -4 -3  4  0 -5 -4 -3   30   0   0   0   0   0   0  27   0   0   0   0   0   0   0  40   3   0   0   0  0.82 0.27
  303 R   -3  7  0 -3 -5  2 -2 -2  4 -5 -4  1 -4 -4 -4 -1 -3 -5  0 -5    0  66   3   0   0   7   0   3  11   0   0   5   0   1   0   3   0   0   3   0  1.23 0.32
  304 R    2  4 -1 -2 -3  1 -1 -1  1 -4 -4  2 -3 -4  1  1 -1 -4 -3 -3   19  31   1   0   0   5   0   4   3   0   0  13   0   0   7  13   3   0   0   0  0.47 0.18
  305 E    0 -2  0  4 -4  1  4 -2  0 -4 -4 -1 -3 -4 -1  0  0 -4 -3 -3    6   0   2  26   0   6  38   2   2   0   1   1   0   0   2   7   5   0   0   1  0.63 0.18
  306 W   -3  1 -4 -3 -4  1 -2 -4 -3 -2  1  1 -1 -2 -3 -3 -2 10  0 -3    1   7   0   1   0   8   1   1   0   1  17   8   1   0   1   1   2  45   1   1  1.35 0.28
  307 F   -4 -5 -5 -5 -2 -5 -5 -5 -4 -1  2 -4 -1  8 -5 -4 -4 -2  0  0    0   0   0   0   1   0   0   0   0   2  18   1   1  71   0   0   0   0   0   4  1.47 0.33
  308 V    2 -1 -1 -2 -2  1  1 -2  2  0 -1  0 -1 -3 -1  1  2 -3 -2  0   20   0   2   0   0   6  10   0   6   6   6   3   1   0   2   7  19   0   1   7  0.15 0.10
  309 P    0 -3 -3 -4 -3 -2 -2 -4 -4  1 -1 -2 -2 -4  6 -1  0 -5 -4  3    7   1   1   0   0   1   1   0   0   6   6   1   0   0  41   2   6   0   0  27  0.83 0.23
  310 G   -2 -5 -2 -2 -5 -4 -4  7 -4 -6 -6 -4 -5 -6 -3 -3 -4 -5 -6 -6    0   0   1   1   0   0   1  96   0   0   0   0   0   0   1   0   0   0   0   0  2.03 0.40
  311 N   -1 -1  2 -1 -3  3  0 -3 -1 -2 -1  2 -1 -4 -3  1  3 -4 -2 -1    3   1  13   2   0  21   4   0   1   1   5  12   1   0   0   8  25   0   1   3  0.35 0.16
  312 R   -2  2 -2 -3 -1  2  0 -3  0  2  0  0  0 -2 -2 -1  0 -4 -2  2    1  17   1   0   2  16   3   0   3  14   9   5   1   0   1   2   6   0   0  20  0.21 0.12
  313 L   -4 -4 -6 -6 -3 -4 -5 -6 -5  1  6 -5  0  3 -5 -5 -3 -3 -2 -1    0   0   0   0   0   0   0   0   0   6  83   0   0  11   0   0   0   0   0   0  1.22 0.31
  314 V   -1 -3 -2 -3  3 -2 -3 -3 -3  2  1 -2  1 -2 -3 -1  3 -3 -2  3    0   0   0   0   9   0   0   0   0   8  14   0   4   0   0   0  31   0   0  34  0.33 0.08

                      K         Lambda
Standard Ungapped    0.1336     0.3167
Standard Gapped      0.0613     0.2670
PSI Ungapped         0.1998     0.3120
PSI Gapped           0.0613     0.2670
