
Last position-specific scoring matrix computed, weighted observed percentages rounded down, information per position, and relative weight of gapless real matches to pseudocounts
           A  R  N  D  C  Q  E  G  H  I  L  K  M  F  P  S  T  W  Y  V   A   R   N   D   C   Q   E   G   H   I   L   K   M   F   P   S   T   W   Y   V
    1 M   -3 -3 -4 -5 -3 -2 -4 -5 -4 -1  0 -3 10 -2 -5 -4 -3 -3 -3 -1    0   0   0   0   0   0   0   0   0   0   0   0 100   0   0   0   0   0   0   0  2.04 0.36
    2 K   -2  1 -2 -2 -5  0 -1 -3 -2 -4 -4  7 -3 -5 -3 -2 -2 -5 -4 -3    0   2   0   0   0   0   0   0   0   0   0  97   0   0   0   0   0   0   0   1  1.40 0.28
    3 V   -2 -4 -4 -5 -2 -4 -4 -5 -5  3  0 -3  0 -2 -4 -3 -1 -4 -3  6    0   0   0   0   0   0   0   0   0  13   1   1   1   0   0   0   1   0   0  83  0.97 0.22
    4 R   -2  7 -1 -3 -5  1 -1 -2 -2 -4 -3  2 -2 -4 -4 -2 -2 -4 -3 -4    1  79   2   0   0   3   0   3   0   0   1  10   0   0   0   1   0   0   0   0  1.22 0.24
    5 A    4 -3 -3 -3 -2 -2 -2 -2 -3 -3 -3 -2 -3 -4  5  1  0 -4 -3 -2   51   0   0   0   0   0   0   0   0   0   0   0   0   0  34  10   4   0   0   1  0.90 0.19
    6 S   -1 -3 -1 -2 -3 -2 -2 -2 -3 -4 -4 -2 -3 -4 -3  7  0 -5 -4 -4    0   0   0   0   0   0   0   0   0   0   0   0   0   0   0 100   0   0   0   0  1.34 0.30
    7 V   -1 -4 -5 -5 -2 -4 -4 -5 -5  2 -1 -4 -1 -2 -4 -3 -2 -5 -3  6    1   0   0   0   0   0   0   0   0   6   0   0   0   0   0   0   0   0   0  93  1.14 0.25
    8 K   -2  4 -2 -2 -5  0 -1 -3 -2 -4 -4  7 -3 -5 -3 -2 -2 -5 -3 -4    0  18   0   0   0   0   0   0   0   0   0  82   0   0   0   0   0   0   0   0  1.24 0.25
    9 R   -2  2 -2 -2 -4  0 -1 -3 -2 -4 -4  5 -3 -5  4 -1 -1 -4 -3 -3    1  11   0   0   0   1   0   0   0   0   0  62   0   0  20   1   3   0   0   1  0.90 0.20
   10 I   -3 -1 -4 -5 -3 -3 -4 -5 -4  6  1 -3  6 -1 -4 -4 -2 -4 -3  1    0   3   0   0   0   0   0   0   0  66   2   0  27   1   0   0   0   0   0   1  0.95 0.22
   11 C   -3 -3 -5 -6 11 -5 -6 -5 -5 -3 -3 -5 -4 -5 -5 -3 -3 -5 -5 -3    0   2   0   0  98   0   0   0   0   0   0   0   0   0   0   0   0   0   0   0  2.92 0.38
   12 D   -1  2  0  4 -4  0  4 -2 -2 -4 -4  0 -2 -4 -1  0 -1 -4 -3 -3    5  11   2  30   0   0  37   1   0   0   0   4   0   0   2   3   2   0   0   1  0.59 0.13
   13 K   -2  0  4  0 -4  0  0 -2  1 -4 -4  6 -3 -4 -3 -1 -2 -4 -2 -3    0   0  22   5   0   1   1   0   3   0   0  63   0   0   0   2   0   0   1   1  0.79 0.20
   14 C   -3 -6 -5 -6 11 -5 -6 -5 -5 -3 -3 -5 -4 -5 -5 -3 -3 -5 -5 -3    0   0   0   0 100   0   0   0   0   0   0   0   0   0   0   0   0   0   0   0  3.02 0.39
   15 K   -2  4 -1 -2 -3  1 -1 -3 -2 -4 -4  6 -1 -4 -3 -1 -2 -4 -3 -4    0  30   1   0   1   6   0   0   0   1   0  61   1   0   0   1   0   0   0   0  0.97 0.21
   16 V   -2 -4 -4 -4 -1 -3 -4 -5 -4  4  2 -4  1 -1 -4 -3 -1 -4 -2  4    0   0   0   0   1   0   0   0   0  36  19   0   1   1   0   0   1   0   0  41  0.64 0.15
   17 I   -3 -4 -5 -5 -3 -4 -5 -5 -5  7  0 -3  0 -2 -4 -4 -2 -4 -3  3    0   0   0   0   0   0   0   0   0  82   0   1   0   0   0   0   1   0   0  16  1.09 0.23
   18 R   -3  6 -2 -3 -3  0 -1 -4 -1 -4 -4  5 -3 -4 -3 -2 -2 -4 -3 -3    0  59   0   0   1   0   0   0   1   0   0  38   0   0   0   1   0   0   0   1  1.13 0.22
   19 R   -3  8 -2 -4 -5 -1 -2 -4 -2 -5 -4  1 -3 -5 -4 -3 -3 -5 -4 -4    0 100   0   0   0   0   0   0   0   0   0   0   0   0   0   0   0   0   0   0  1.83 0.31
   20 H   -2  3  2 -2 -4  0  0 -2  5 -4 -4  4 -3 -3 -3 -1 -2 -4 -1 -4    1  22  14   0   0   1   1   2  22   0   0  35   0   1   0   1   0   0   1   0  0.65 0.16
   21 G   -1  0 -1 -3 -4 -3 -3  7 -3 -5 -5 -2 -4 -5 -4 -1 -3 -1 -4 -5    1   6   1   0   0   0   0  88   0   0   0   1   0   0   0   1   0   1   0   0  1.44 0.23
   22 R   -2  5 -1 -3 -2  0 -1 -3 -1  1 -2  3 -1 -3 -3 -1 -1 -4 -3  2    1  42   1   0   0   2   0   0   1   7   0  18   0   0   0   2   2   0   0  25  0.48 0.14
   23 V   -2 -4 -3 -4 -2 -4 -4 -5 -4  4  1 -4  0 -2 -4 -3 -1 -4 -3  5    0   0   1   0   0   0   0   0   0  25   6   0   1   0   0   0   0   0   0  66  0.82 0.19
   24 Y   -2  5 -3 -4 -2 -1 -2 -4 -2  0  0  0  6 -1 -4 -2 -2 -3  0 -1    2  41   0   0   0   1   0   0   0   3   6   1  37   2   0   0   1   0   3   1  0.68 0.19
   25 V   -2 -4 -3 -5 -1 -4 -4 -5 -5  3  0 -4 -1 -2 -4 -3 -2 -4 -3  6    0   0   1   0   1   0   0   0   0  11   0   0   0   0   0   0   0   0   0  87  1.05 0.23
   26 I   -3 -5 -5 -5 -3 -4 -5 -5 -5  7  0 -3  0 -2 -4 -4 -2 -4 -3  2    0   0   0   0   0   0   0   0   0  92   2   1   0   0   0   0   0   0   0   5  1.24 0.25
   27 C   -3 -3 -5 -6 11 -5 -6 -5 -5 -3 -3 -5 -4 -5 -5 -3 -3 -5 -5 -3    0   2   0   0  98   0   0   0   0   0   0   0   0   0   0   0   0   0   0   0  2.90 0.38
   28 E    0 -1 -1  0  0  1  3 -2 -2 -2 -3  1 -2 -2 -1  3  1 -4 -2 -1    1   0   0   4   2   2  32   0   0   1   0   6   0   1   1  33  10   0   1   4  0.38 0.12
   29 N   -3 -2  7  2 -4 -1  0 -2 -1 -3 -4 -1 -4 -5 -3 -1  0 -5 -4 -4    0   0  78  10   0   1   3   0   0   2   0   1   0   0   0   0   4   0   0   1  1.23 0.24
   30 P   -1 -4 -4 -3 -4 -3 -3 -3 -4 -4 -3 -2 -4 -5  8 -2 -3 -5 -5 -3    3   0   0   0   0   1   0   1   0   0   2   1   0   0  89   1   0   0   0   1  2.27 0.30
   31 K   -2  5 -1 -2 -5  0 -1 -3 -2 -4 -4  6 -3 -5 -3 -1 -2 -4 -3 -4    0  31   1   0   0   0   0   0   0   0   0  66   0   0   0   1   1   0   0   0  1.09 0.23
   32 H   -4 -2 -1 -3 -5 -2 -2 -4 11 -6 -5 -3 -4 -3 -4 -3 -4 -5  0 -5    0   0   0   0   0   0   0   0 100   0   0   0   0   0   0   0   0   0   0   0  2.62 0.38
   33 K   -2  1 -1 -2 -5  0 -1 -3 -2 -5 -4  7 -3 -5 -3 -1 -2 -5 -4 -4    0   0   1   0   0   0   0   0   0   0   0  97   0   0   0   1   1   0   0   0  1.42 0.29
   34 Q   -3 -1 -2 -2 -5  8  0 -4 -1 -5 -4 -1 -2 -5 -3 -2 -3 -4 -3 -4    0   0   0   0   0 100   0   0   0   0   0   0   0   0   0   0   0   0   0   0  1.90 0.36
   35 R   -3  7 -2 -3 -3 -1 -2 -4 -2 -4 -4  2 -3 -4 -4 -2 -2 -4 -3 -2    1  88   0   0   1   0   0   0   0   1   0   6   0   0   0   0   1   0   0   3  1.44 0.27
   36 Q   -3 -1 -2 -2 -5  8  0 -4 -1 -5 -4  0 -2 -5 -3 -2 -3 -4 -3 -4    0   0   0   0   0 100   0   0   0   0   0   0   0   0   0   0   0   0   0   0  1.84 0.34
   37 G   -1 -4 -2 -3 -4 -3 -4  7 -4 -6 -5 -3 -4 -5 -4 -2 -3 -4 -5 -5    0   0   0   0   0   0   0 100   0   0   0   0   0   0   0   0   0   0   0   0  1.80 0.25

                      K         Lambda
Standard Ungapped    0.1396     0.3297
Standard Gapped      0.0637     0.2670
PSI Ungapped         0.2094     0.3213
PSI Gapped           0.0637     0.2670
