
Last position-specific scoring matrix computed, weighted observed percentages rounded down, information per position, and relative weight of gapless real matches to pseudocounts
           A  R  N  D  C  Q  E  G  H  I  L  K  M  F  P  S  T  W  Y  V   A   R   N   D   C   Q   E   G   H   I   L   K   M   F   P   S   T   W   Y   V
    1 P   -1 -2 -2 -2 -3 -1 -1 -2 -2 -3 -3 -1 -3 -4  8 -1 -1 -4 -3 -3    0   0   0   0   0   0   0   0   0   0   0   0   0   0 100   0   0   0   0   0  2.07 0.01
    2 R   -3  6 -2 -3 -5  4 -1 -4 -2 -5 -4  4 -3 -5 -3 -2 -3 -4 -3 -4    0  46   0   0   0  20   1   0   0   0   0  33   0   0   0   0   0   0   0   0  1.10 0.31
    3 V   -2 -2 -3 -1 -5  1  6 -4 -2 -1 -3  3  1 -5 -4 -2 -1 -5 -3  0    3   1   0   1   0   3  55   0   1   3   1  16   4   0   0   0   4   0   1   6  0.83 0.38
    4 E   -2  1 -2  0 -4  0  4 -4  1 -4 -4  2 -3 -5  1  1  3 -5 -4 -3    1   7   0   3   0   3  35   0   4   0   1  10   0   0   7  11  19   0   0   1  0.58 0.31
    5 L   -3 -6 -6 -6 -4 -5 -6 -6 -6  5  2 -5  1 -1 -6 -5 -3 -5 -3  5    1   0   0   0   0   0   0   0   0  32  19   0   3   1   0   0   0   0   0  44  1.17 0.50
    6 E   -1 -2  0  4 -5  1  4 -4 -2 -4 -4  2 -4 -5  1  0  1 -5 -4 -3    5   0   4  22   0   5  27   0   1   0   0  13   0   0   6   5   9   0   0   2  0.59 0.35
    7 I   -4 -7 -7 -7 -5 -6 -7 -7 -7  8  0 -6 -2 -1 -6 -5 -4 -6 -3  2    1   0   0   0   0   0   0   0   0  78   5   0   0   2   0   1   0   0   1  13  1.84 0.69
    8 P   -5 -6 -6 -5 -7 -4 -5 -7 -2 -7 -6 -3 -7 -6  9 -4 -5 -8 -7 -7    0   0   0   0   0   0   0   0   1   0   0   1   0   0  95   0   0   0   0   0  3.16 1.04
    9 E   -1 -3 -1  3 -6  1  6 -4 -3 -6 -6  2 -5 -6 -2 -1 -3 -6 -5 -6    4   0   3  16   0   4  55   1   0   0   0  11   0   0   1   5   1   0   0   0  1.15 0.55
   10 D   -3 -4  5  2 -6 -4 -1  6 -4 -7 -7 -1 -6 -6 -5 -2 -4 -6 -6 -6    1   0  27  12   0   0   3  52   0   0   0   3   0   0   0   1   0   0   0   0  1.36 0.58
   11 V   -3 -6 -7 -4  4 -6 -6 -7 -7  2 -2 -6 -3 -2 -6 -5 -3 -6 -5  7    2   0   0   1   7   0   0   0   0   9   1   0   0   2   0   0   1   0   0  78  1.72 0.71
   12 D   -3 -3  1  3 -5  0  2 -3 -2 -4 -5  2 -4 -5 -4  2  4 -6 -3 -3    0   0   6  19   0   3  14   1   1   1   0  14   0   0   0  12  28   0   1   1  0.65 0.41
   13 A    1 -6 -6 -6  0 -5 -5 -5 -3  4 -1 -5 -2  0 -5 -4 -3 -6 -4  6   12   0   0   0   2   0   0   0   1  24   4   0   0   4   0   1   0   0   0  53  1.10 0.52
   14 E   -1 -2  0  0 -4 -1  2 -3  0 -3 -4  1 -3 -5 -4  3  5 -5 -3 -3    4   2   3   5   0   2  15   0   2   1   0   9   0   0   0  21  34   0   0   0  0.63 0.41
   15 Q   -2 -5 -4 -5 -2 -1 -4 -6 -5  4  3 -3  1 -1 -5 -4 -2 -4 -1  4    2   0   1   0   1   3   1   0   0  28  28   1   3   2   0   1   2   0   2  26  0.73 0.37
   16 D   -3  0  2  3 -6 -1  2 -4 -1 -4 -5  5 -4 -6 -4  0 -2 -6 -5 -4    1   3  11  15   0   1  13   0   1   1   0  45   0   0   0   6   2   0   0   1  0.88 0.47
   17 H    1 -1  2  1 -4 -1 -2  5  1 -5 -5  0 -2 -5 -3  2 -2 -5 -5 -5   11   3  10   9   0   2   1  41   3   0   0   5   1   0   1  14   1   0   0   0  0.68 0.37
   18 L   -3  6  2 -2  0 -2 -1 -1  0 -5 -2  2 -2 -2 -3 -1 -1 -1 -1 -4    1  43  10   2   2   0   2   5   2   0   5  11   1   2   1   4   3   1   2   1  0.64 0.38
   19 D   -1 -1 -1  0 -3 -1  0 -4 -1  1 -1  1  1 -3 -3 -1  3 -4 -2  2    2   2   2   5   0   2   7   0   1  10   5  12   3   0   0   3  24   0   1  19  0.26 0.24
   20 I   -3 -5 -6 -6 -4 -5 -5 -6 -6  4  2 -5 -1  1 -5 -4 -3 -5 -4  6    1   0   0   0   0   0   0   0   0  19  15   0   1   6   0   1   0   0   0  57  1.17 0.51
   21 T   -2 -1 -1 -4 -4 -2 -1 -4  2  2 -3  2 -2 -4 -4  0  6 -5 -3 -1    1   2   2   0   0   1   3   0   5  13   1  12   1   1   0   4  50   0   1   4  0.81 0.47
   22 V   -2 -6 -6 -6 -3 -5 -6 -6 -6  2 -1 -5  0  1 -5 -5 -3 -5 -4  7    3   0   0   0   0   0   0   0   0  11   2   0   2   5   0   0   0   0   0  75  1.52 0.64
   23 E   -3 -1 -2 -2 -5 -1  2 -4 -3 -5 -5  6 -2 -5 -4  1  2 -6 -4 -3    1   1   1   1   0   1  14   1   0   0   0  52   1   0   0   9  14   0   0   2  0.97 0.51
   24 G   -3 -5 -4 -2 -2 -5 -5  7 -4 -7 -7 -2 -6 -5 -5 -2 -5 -6 -5 -5    0   0   0   2   1   0   0  87   0   0   0   2   0   0   0   2   0   0   0   1  2.05 0.75
   25 D   -4 -4 -3 -2 -6 -3 -2 -1 -5 -6 -6  1 -6 -7  8 -2 -4 -7 -6 -5    0   0   1   2   0   1   3   5   0   0   0  10   0   0  73   3   1   0   0   1  2.05 0.76
   26 N   -3  6  0 -3 -6 -2 -1 -1 -2 -4  0  4 -3 -3 -4 -3 -4 -5 -2 -4    1  43   5   1   0   0   3   4   1   0  11  27   0   1   0   1   0   0   1   0  0.96 0.48
   27 G   -3 -6 -3 -4 -6 -4 -4  7 -6 -7 -7 -2 -6 -7 -6 -3 -5 -4 -4 -6    1   0   1   1   0   1   1  89   0   0   0   3   0   0   0   1   0   0   1   0  2.15 0.78
   28 S   -2 -2 -2 -2 -3  0  4 -4 -4 -2 -4  2 -3 -4 -4  2  4 -5 -4  0    2   1   1   0   0   3  26   0   0   1   0  13   0   0   0  14  32   0   0   6  0.68 0.43
   29 V   -3 -4 -1 -5 -4 -2 -4 -6 -5  1  5 -4  0 -3 -4 -4 -2 -5 -4  2    1   1   3   0   0   2   1   0   0   7  66   1   1   0   0   1   2   0   0  15  1.03 0.49
   30 T   -2  3 -2 -3 -3  1  1 -4  1 -2 -3  1 -3 -3 -4  1  4 -1 -1  1    1  15   1   0   0   5   9   0   3   2   1   8   0   0   0  13  27   1   2  12  0.41 0.32
   31 R   -5  7 -3 -5 -6 -2 -2 -5 -1 -6 -4  5 -5 -6 -5 -4 -4 -6 -2 -6    0  57   1   0   0   1   1   1   1   0   2  32   0   0   0   0   1   0   2   0  1.66 0.69
   32 R   -2  0  3  5 -5 -2  1 -3 -1 -4 -5  0 -4 -4 -2  1  0 -6 -2 -3    2   6  17  39   0   1   8   0   1   1   1   4   0   1   2   9   7   0   2   2  0.73 0.39
   33 L   -3 -6 -6 -7  0 -6 -6 -6 -5 -1  3 -6  1  8 -6 -5 -5 -3 -1 -1    2   0   0   0   2   0   0   0   0   2  24   0   3  61   0   0   0   0   1   4  1.65 0.64
   34 W   -2  3  4 -1 -4 -1 -2 -2 -1 -4 -4  2 -3 -3 -3  2  0  5 -1 -3    2  18  23   2   0   1   2   2   1   1   1  15   0   1   1  15   4   7   2   2  0.56 0.33
   35 Y   -5 -1  1 -1 -6 -2 -4 -5 10 -6 -6 -2 -5  0 -3 -3 -4 -3  4 -6    0   3   5   4   0   1   0   1  62   0   0   3   0   4   1   1   0   0  13   0  2.06 0.75
   36 P    0 -2 -2 -4 -3 -3 -3 -4 -1  4  2 -3  1 -1  4 -2 -1 -4 -2  0    7   2   2   0   0   1   1   0   1  28  19   1   3   2  22   1   3   0   1   4  0.53 0.31
   37 D    0 -1  4  3 -3  1 -2  1  0 -3 -2  0 -3 -2  2  0 -2 -4  0 -3    8   2  26  15   0   6   1   9   3   1   4   5   0   2   9   4   1   0   3   1  0.38 0.26
   38 I   -3 -5 -6 -6 -2 -5 -5 -6 -6  4  2 -5  4 -1 -5 -4 -3 -5 -4  5    1   0   0   0   1   0   0   0   0  19  18   0  12   2   0   0   1   0   0  46  1.07 0.48
   39 D   -2 -1  0  4 -4 -1  4 -3 -2 -2 -4  1 -3 -3 -4  1  1 -5 -1 -3    1   2   4  24   0   2  28   1   1   2   1   8   0   1   0  10  11   0   2   2  0.55 0.33
   40 V   -3 -5 -6 -6 -4 -5 -5 -6 -3  5  3 -5  3  4 -4 -5 -3 -4 -3  2    1   0   0   0   0   0   0   0   1  34  25   0   7  15   1   0   0   0   0  15  0.93 0.42
   41 S   -1  3  0  0  1  1  1 -3 -1 -3 -3  1 -2 -2 -3  3  1 -1  0 -2    4  15   2   5   4   6   9   1   1   1   1  10   0   2   0  27   7   1   3   2  0.32 0.25
   42 V   -2 -2 -4 -4 -2 -1 -3 -5 -1  3  3  0  2 -2 -2 -3 -2 -4 -1  3    1   1   0   0   0   2   1   0   2  15  32   9   4   1   2   1   2   0   2  24  0.43 0.26
   43 D   -1 -1  1  1 -4  0  3 -1  0 -1  1  1 -2 -3 -1  0 -1 -4 -2 -1    4   2   7   7   0   4  26   3   2   3  16  11   0   0   2   6   2   0   1   3  0.22 0.19
   44 G   -2 -2  0  4 -5 -1  2  4 -3 -5 -5  3 -4 -5 -2 -1 -2 -5 -5 -5    2   1   4  25   0   1  13  30   0   0   0  17   0   0   1   2   1   0   0   0  0.72 0.36
   45 D   -3  0  4  2 -5 -1 -1  2 -2 -5 -4  4 -4 -5 -3  0 -2 -5 -4 -5    1   4  25  11   0   1   3  17   0   0   1  29   0   0   1   6   1   0   0   0  0.69 0.37
   46 T   -1  1  0 -2 -4  1  1 -2 -1 -2 -3  5 -2 -3 -3  0  0 -4 -3  0    4   7   5   1   0   6   9   2   2   1   2  39   1   1   0   6   7   0   0   6  0.45 0.29
   47 V   -3 -3 -5 -5 -3 -4 -5 -6 -5  4  3 -1 -1 -1 -5 -4 -2 -5 -3  4    0   1   0   0   0   0   0   0   0  27  31   5   0   1   0   0   1   0   0  32  0.86 0.40
   48 V   -1  3 -1 -3 -3  0 -1 -3 -2  2 -1  2 -1 -2 -3 -1  1  0 -2  2    2  19   2   0   0   4   3   0   0  12   3  14   1   1   0   4   9   1   1  20  0.28 0.22
   49 I   -1 -3 -5 -5 -1 -5 -5 -5 -2  4  1 -5 -1  1 -5 -4 -2 -5 -3  5    3   1   0   0   1   0   0   0   1  26  14   0   0   5   0   1   1   0   0  46  0.90 0.42
   50 E    0  1 -1  4 -4  0  3 -3 -1 -2 -3  1 -3 -2 -3  0  0 -3 -1 -2    8   9   1  22   0   3  26   1   1   3   1   7   0   2   0   6   6   0   2   2  0.41 0.26
   51 S    1  1 -2 -3  1 -1 -1 -2 -3  0  0  3  1 -3 -2  1  1 -4 -3  1   11   8   0   0   3   0   1   3   0   4   8  23   5   0   1  11   9   0   0  12  0.20 0.20
   52 D   -4 -3 -3  0 -5 -3  0 -4  2 -4 -4 -2 -4  0  1 -2  0 10  1 -3    1   1   1   6   0   1   6   1   5   1   1   2   0   3   9   3   6  45   5   2  1.53 0.57
   53 E   -1  0  1 -2 -4  0 -2 -1  3 -2 -2  0 -1  4 -4  1 -2  7  1 -2    3   4   6   2   0   5   1   4   8   1   3   5   1  22   0  12   1  14   2   3  0.45 0.28
   54 D    1 -2 -1  2 -1 -1  0  5 -3 -5 -4 -2 -3 -5  1  0 -1 -5 -3 -4   10   1   2  10   1   2   8  46   0   0   1   2   1   0   8   5   2   0   1   1  0.65 0.32
   55 N   -2  3  5  1 -4 -1 -1  0  0 -3 -4  1 -3 -4 -2  1  1 -5 -2 -2    2  15  33   8   0   0   1   7   1   1   1   9   0   0   1   9   8   0   1   2  0.52 0.30
   56 A   -1  6 -2 -4 -4  1 -2 -3 -2 -4 -5  4 -4 -5 -3 -2 -2 -5 -4 -4    6  50   2   0   0   5   0   1   1   1   0  29   0   0   1   2   1   0   0   1  1.15 0.48
   57 K   -3  3 -2 -1 -5  0  1 -3 -2 -3 -4  6 -3 -2 -4 -2 -2 -5 -2 -4    1  12   1   4   0   3   6   1   0   2   1  62   1   2   0   2   1   0   1   0  1.03 0.47
   58 T   -1 -1  0  1 -4  2  4 -2  4 -1 -3  0 -2 -3 -2 -1  1 -4 -2 -2    6   2   4   7   0  10  30   2  13   4   1   5   0   1   1   1  10   0   1   3  0.42 0.26
   59 M   -1  2  1 -2 -3 -1 -2 -3 -2  1  3  2  1 -2 -3 -1  0 -1  0  0    2  11   7   1   0   2   0   1   0   7  31  17   2   0   0   2   4   1   4   7  0.21 0.18
   60 S    6 -2 -2 -2 -1 -3 -3 -1 -4 -4 -4 -3 -3 -5 -3  2 -1 -5 -4 -2   72   2   2   2   1   0   0   3   0   0   1   0   0   0   1  13   2   0   0   1  1.06 0.49
   61 T    1 -2 -2 -3  4 -2 -3 -3 -3  2  1 -1  3 -2 -3 -1  4 -4 -3  0   10   1   1   1   9   1   0   0   0  12  17   3   8   1   1   3  29   0   0   2  0.35 0.25
   62 I    0 -4 -4 -4 -2 -3 -4 -4  2  3  2 -4  2 -1 -3 -2 -2 -4 -2  4    7   0   0   0   1   0   0   0   7  18  24   0   4   1   1   2   1   0   0  33  0.51 0.27
   63 G   -2  5  1 -3 -1 -2 -3  4  2 -2 -4 -1 -2 -3 -4 -1 -1 -4  0 -4    1  35   7   0   1   1   0  33   6   3   1   1   1   0   0   2   3   0   4   0  0.71 0.35
   64 T   -1 -4 -2 -4 -4 -4 -4 -4 -4 -4 -3 -4 -1 -5 -2  0  7 -5 -4 -3    4   0   1   0   0   0   0   0   0   0   2   0   1   0   2   5  84   0   0   0  1.65 0.65
   65 F    0 -4 -4 -4  1 -4 -4 -4 -4  4  0 -4  0  3 -4 -2  1  3  1  2    7   0   0   0   3   0   0   1   0  32   5   0   1  13   0   1  10   5   4  18  0.49 0.26
   66 Q    2  3 -2 -3  7 -1  0 -2 -2 -1 -2  1 -2 -3 -3 -1 -1  0  0 -2   17  17   0   0  25   1   6   1   0   3   3  11   1   1   0   4   3   1   3   2  0.50 0.27
   67 S    2 -2 -1 -3 -3 -3 -3 -1 -2 -4 -4 -1 -4 -5 -3  6  1 -5 -4 -3   16   1   1   0   0   0   0   4   1   0   0   2   0   0   0  67   5   0   0   1  1.01 0.48
   68 H   -4 -3 -2 -4 -3 -1 -1 -5  9  0  1 -3 -2 -3 -5 -3 -3 -5  0 -2    1   0   0   0   0   2   4   0  61   6  17   1   1   0   0   1   1   0   2   2  1.52 0.55
   69 I   -2 -5 -5 -5 -1 -4 -5 -4 -5  5  2 -4  0 -1 -4 -4 -2 -4 -3  4    3   0   0   0   1   0   0   1   0  44  14   0   1   1   0   0   1   0   0  32  0.89 0.37
   70 E    0  2  1 -1 -4  4  2 -1 -1 -4 -3  3 -2 -4 -2  0 -1 -4 -3 -3    7  14   8   1   0  26  11   3   1   0   2  17   1   0   1   5   3   0   0   1  0.46 0.26
   71 N   -4 -3  8 -1 -2 -3 -3 -3 -2 -6 -4 -2 -5 -6 -5 -2 -1 -6 -5 -4    0   0  89   1   1   0   0   0   0   0   1   2   0   0   0   1   2   0   0   1  2.11 0.69
   72 M   -1 -3 -2 -2 -2 -3 -4 -4 -4  0  1 -4  9 -3 -5 -3 -1 -4 -4 -2    6   1   2   2   1   0   0   1   0   2  12   0  66   0   0   2   3   0   0   1  1.50 0.59
   73 F   -1 -4 -4 -5  0 -3 -4 -5 -4  6  0 -4  2  2 -4 -3 -2 -4 -2  3    4   0   1   0   2   1   0   0   0  52   5   0   4   9   0   1   2   0   0  18  0.80 0.36
   74 H   -2  0 -1 -1 -4  0  2 -4  2 -1 -2  5 -3 -4 -3 -1  2 -4 -2 -2    1   3   2   2   0   1  12   0   6   5   2  45   0   0   0   1  16   0   1   3  0.57 0.33
   75 G   -1 -5 -3 -4 -5 -4 -5  7 -5 -6 -6 -4 -2 -6 -5 -2 -3 -5 -4 -6    3   0   0   0   0   0   0  92   0   0   0   0   1   0   0   1   1   0   1   0  2.01 0.62
   76 V   -2 -5 -5 -6  0 -5 -4 -6 -6  0  0 -5 -1 -3 -5 -3 -2 -5 -4  7    1   0   0   0   2   0   1   0   0   2   5   0   0   0   0   1   2   0   0  85  1.45 0.56
   77 T   -2 -1  0 -2 -3  0 -2 -3  0  0 -3 -2  1 -4 -3  1  6 -5 -4 -2    1   2   3   2   0   4   1   1   2   5   1   1   3   0   0   9  62   0   0   2  0.86 0.44
   78 E   -2  0  0  0 -4  0  3 -3 -1 -2  2  4 -1 -2 -2 -1 -1 -4 -2 -1    0   3   4   3   0   3  19   0   1   1  24  29   1   1   1   3   4   0   1   3  0.32 0.24
   79 G   -2 -3 -2 -2 -4 -3 -2  7 -4 -5 -4 -2 -4 -4 -3 -2 -3 -4 -2 -4    1   1   1   1   0   1   2  83   0   0   2   2   0   0   1   1   0   0   1   1  1.52 0.46
   80 W   -4 -4 -4 -5 -4 -4 -4 -5  1 -3 -2 -4 -2  7 -5 -4 -4  5  6 -3    1   0   0   0   0   0   1   1   3   0   2   0   0  55   0   1   0   9  25   1  1.54 0.47
   81 E   -1  4 -2 -1  1  1  3 -3  1 -2 -2  1 -2 -2 -2 -1  0 -3 -2 -1    2  25   0   1   4   6  27   1   4   1   4   6   1   1   1   3   8   0   0   6  0.35 0.20
   82 Y   -3 -1 -4 -4  0 -3 -4 -4  0 -3 -3  0 -3  2 -4 -3 -3 -1  8 -2    2   4   0   1   3   0   1   1   1   1   1   8   0   6   0   1   0   0  69   2  1.53 0.50
   83 G   -1  2 -1 -2 -4  0  1 -1  0 -2 -3  5 -3 -4 -3  0  0 -4 -1 -1    3   8   1   1   0   1   8   4   2   2   1  52   0   0   0   5   4   0   2   5  0.57 0.28
   84 M   -3 -2 -4 -5 -3 -3 -4 -4 -4  0  4 -2  8 -2 -4 -3 -3 -3 -3  0    1   2   0   0   0   0   1   1   0   3  34   3  48   0   0   1   0   0   0   6  1.12 0.43
   85 E   -2  5 -2 -2 -4  0  3 -3 -1 -4 -4  4 -3 -4 -3 -2 -2 -4 -3 -3    2  37   1   1   0   2  19   1   1   0   1  31   0   0   0   1   1   0   0   2  0.84 0.34
   86 V    1 -3 -2 -3  0 -2 -2 -1 -3  2  1 -2  0  1 -2  2 -1 -3  0  2   15   0   0   0   1   0   1   3   0  17  13   0   1   7   1  20   2   0   3  13  0.18 0.15
   87 F    0 -2 -3 -2  0 -2 -3 -3 -1  3  0 -2  0  0 -3 -3 -1 -3 -1  5    7   2   0   2   2   2   1   2   1  14   3   2   1   4   0   1   1   0   1  53  0.51 0.26
   88 Y   -3 -3 -2 -3  0 -3 -4  1  2 -4 -3 -3 -3  1 -4 -1 -3 -1  8 -3    1   1   2   1   2   1   1  11   5   0   1   0   0   3   0   4   1   0  64   1  1.35 0.47
   89 S    4 -3 -1 -3 -2 -2 -2 -1 -3 -1 -1 -1 -1 -3 -2  2  1 -4 -3  1   49   0   2   0   0   0   1   2   0   1   3   3   2   0   1  14   7   0   0  13  0.46 0.26
   90 H   -4 -3 -2 -3 -5 -2 -3  1 10 -5 -5 -1 -4 -4 -2 -3 -4 -4 -1 -5    1   0   0   0   0   0   1  11  78   0   1   3   0   0   2   1   0   0   0   1  2.21 0.63
   91 F   -4 -4 -5 -5 -4 -5 -5 -5 -3 -2 -1 -5 -2  8 -5 -4 -4 -1  4 -2    1   0   0   0   0   0   1   1   0   0   3   0   0  78   0   1   0   0  11   2  1.85 0.53
   92 P   -3  1 -3 -3 -4 -3 -3 -4 -2 -4 -4 -3 -4 -5  8 -1 -1 -5 -4 -3    1   7   1   1   0   1   1   1   1   1   1   1   0   0  75   3   3   0   0   2  1.90 0.50
   93 M    0 -3 -4 -4 -3 -3 -3 -4 -4  5  0 -3  5 -2 -2 -3 -1 -3 -3  1    9   1   1   1   0   1   1   1   0  49   3   1  22   0   2   1   3   0   0   6  0.75 0.32
   94 Q   -2  1  5  0 -4  4 -1 -2  0 -4 -3  1 -3 -4 -3  1  0 -4 -3 -3    1   7  38   3   0  19   2   1   1   0   2   7   0   0   0   9   7   0   0   1  0.62 0.29
   95 V    0 -3 -3 -3  2 -3 -3 -3 -3  2  1 -3  2  0 -3 -2 -1 -3 -2  5    8   1   1   1   4   1   1   1   0   9  10   1   6   3   1   3   2   0   0  48  0.45 0.22
   96 N    0  0  1 -1 -2  0  0 -2 -2  1 -1  2 -1 -2 -2  1  0 -3 -2  1    5   3   8   2   0   2   6   2   0  10   4  19   0   1   1  14   5   0   1  17  0.11 0.11
   97 V   -2 -3 -3 -2 -2 -2  0 -4 -4  4  0  1 -1 -2 -4 -2  0 -4 -3  3    2   0   0   1   0   1   8   0   0  32   6  10   0   1   0   2   5   0   0  29  0.42 0.26
   98 E   -1  0  2  2 -4  5  2 -2 -2 -2 -4  1 -3 -4 -3  0 -1 -4 -3 -2    3   3  10  14   0  30  15   1   0   3   0   8   0   0   0   7   3   0   0   3  0.51 0.28
   99 G   -2 -2  1  0 -5 -1 -1  6 -4 -6 -6  0 -5 -5 -4 -2 -3 -5 -5 -5    0   2   7   4   0   3   5  71   0   0   0   5   0   0   0   1   0   0   0   0  1.25 0.45
  100 D   -2  0  4  3 -3  0  0 -1 -2 -4 -4  2 -1 -4 -2  3 -1 -5 -4 -4    1   4  23  17   0   4   2   2   0   0   0  17   2   0   1  25   2   0   0   0  0.56 0.30
  101 E   -1  0  0  0 -2  0  1 -2 -2 -1  1  3  0 -2 -3  0  1 -4 -2  0    4   2   3   5   1   3  11   1   0   2  22  23   1   0   0   4  11   0   1   6  0.16 0.16
  102 V   -2 -4 -5 -5 -2 -4 -4 -5 -5  3  3 -2  0  0 -4 -4 -2 -4 -3  5    1   0   0   0   1   0   0   0   0  12  24   2   1   3   0   0   1   0   0  54  0.85 0.37
  103 V   -2 -2 -2  0 -4  0  5 -4 -2  1 -1 -1 -2 -3 -4 -2 -1  1 -2  2    0   1   1   2   0   2  50   0   1   7   6   2   0   0   0   1   3   2   2  19  0.63 0.35
  104 I   -4 -5 -6 -6 -4 -5 -6 -6 -6  7  1 -5 -1 -1 -5 -5 -3 -5 -4  2    0   0   0   0   0   0   0   0   0  78   7   0   1   1   0   0   1   0   0  11  1.51 0.53
  105 E   -3  5  2 -1 -5  1  2 -2 -1 -5 -4  2 -3 -5 -3 -1 -1 -2 -4 -4    0  41  10   3   0   6  15   2   1   0   0  13   0   0   0   3   2   1   0   1  0.71 0.33
  106 N   -2 -3  8  0 -5 -3 -3 -2 -1 -5 -5 -3 -4 -5 -4 -1 -3 -5 -4 -5    4   0  83   3   0   0   0   2   1   0   1   0   0   0   0   2   0   0   0   0  1.85 0.60
  107 F   -4 -4 -4 -5 -4 -3 -2 -5 -3 -2 -1 -4 -2  8 -5 -4 -4 -2  2 -2    1   1   0   1   0   1   3   1   0   2   3   1   0  78   1   1   1   0   5   2  1.76 0.52
  108 L   -3 -4 -5 -5 -3 -2 -4 -5 -4  1  5 -4  3  0 -4 -4 -2 -2  0  1    0   0   0   0   0   1   0   0   0   7  66   0   7   3   0   0   1   0   3   8  0.85 0.35
  109 G   -3 -5 -3 -2 -5 -4 -5  7 -2 -6 -6 -4 -5 -6 -5 -1 -3 -5 -6 -6    0   0   0   2   0   0   0  92   1   0   0   0   0   0   0   3   2   0   0   0  2.00 0.62
  110 E   -4 -2 -1  0 -6  0  7 -3  0 -5 -5 -1 -4 -3 -4 -3 -3  1  2 -5    0   1   2   2   0   2  74   2   2   0   0   2   0   1   0   1   0   2   9   0  1.35 0.54
  111 K   -3  3 -1 -3 -5  0 -2 -4 -2 -3 -5  7 -4 -5 -4  1 -3 -5 -4 -5    0  13   1   0   0   1   0   0   1   1   0  71   0   0   0  10   0   0   0   0  1.33 0.52
  112 A    0  1  0 -2 -2  0 -1 -3  4  1 -2  1 -2  0 -3  0 -2 -1  5  0   10   9   4   1   1   3   3   1  11   9   2   8   0   2   0   6   1   0  23   5  0.28 0.21
  113 P   -1 -4 -3 -2 -4 -3 -3 -4  1  4 -2 -2 -1 -3  5 -2  0 -5 -4  2    4   0   1   1   0   1   0   0   4  25   1   2   1   0  33   2   7   0   0  19  0.76 0.34
  114 R   -4  7 -3 -4 -4 -1 -3 -5  1 -2 -4  1 -4 -4 -5 -3 -4 -2 -4  0    0  73   0   0   0   1   0   0   3   2   0   6   0   1   0   0   0   1   0   9  1.52 0.58
  115 R   -2  5 -1 -2 -4  0  1 -4  1  1 -3  2 -2 -2 -2 -2  0 -1  0  0    0  37   2   1   0   1  11   0   4  10   1  10   0   1   1   2   7   1   3   7  0.45 0.27
  116 T    2 -3 -4 -4 -1 -2 -4 -4 -4  3 -1 -3 -1  0 -4 -2  0 -4 -2  5   21   1   0   0   1   2   0   0   0  15   3   1   1   5   0   2   5   0   1  44  0.58 0.31
  117 T   -1  2  0  1  0  2  2 -3  0 -3 -3  2 -2 -4  2 -1  0 -2 -2 -1    4  15   3   6   2   9  13   1   2   1   1  18   0   0  10   2   6   0   1   6  0.29 0.18
  118 I   -1 -4 -3 -5  1 -3 -2 -5 -4  4  0 -4  7 -2  1 -3 -3 -4 -3  1    5   0   1   0   3   1   2   0   0  29   6   0  37   0   7   1   0   0   0   7  0.92 0.43
  119 H   -1  3 -3 -3 -3  0  0 -3  1  1  1 -1  1 -2  2 -2 -2 -2 -2  0    5  25   0   1   0   3   6   2   4   8  18   1   5   1  12   2   1   0   1   6  0.25 0.19
  120 G   -1 -3 -1  1 -4 -1  3  3 -3 -4 -4  0 -4 -4  4  0  0 -2 -4 -4    4   0   1   9   0   1  19  22   0   0   1   4   0   0  22   6   6   1   0   0  0.55 0.28
  121 D   -2 -3  1  2 -5 -1 -1  6 -4 -6 -6 -2 -5 -5 -4  0 -3 -5 -5 -4    1   1   6  11   0   2   4  66   0   0   0   1   0   0   0   5   1   0   0   1  1.22 0.47
  122 T    0 -5 -4 -5  1 -4 -4 -5 -5  2 -1 -4 -1 -3 -4 -1  2 -5 -1  6    5   0   0   0   3   0   0   0   0   7   1   0   0   0   0   4  16   0   2  61  0.97 0.46
  123 D    1  0 -1  1 -3  0  2 -3 -2 -2 -2  3 -2 -3 -3  0  2 -4 -3  0   16   2   1   7   0   2  13   0   0   2   2  24   0   1   0   5  19   0   0   6  0.32 0.25
  124 V    0 -3 -5 -5  6 -4 -5 -4 -5  3 -2 -4 -1  0 -4 -2 -2 -5 -2  5    8   1   0   0  18   0   0   0   0  19   1   0   1   4   0   2   0   0   1  44  0.90 0.42
  125 E   -1  0 -1 -1  0  2  3 -3 -2 -1 -3  3 -2 -4 -3  2  1 -4 -3 -1    3   5   1   2   2   8  23   0   0   3   1  17   0   0   0  21   9   0   1   3  0.40 0.28
  126 I    1 -1 -3 -4 -3 -2 -3 -4 -4  2  0  0  1  0 -2 -2 -1 -4 -3  5   12   3   1   0   0   2   0   0   0  11   6   7   2   3   2   1   3   0   0  44  0.44 0.29
  127 D   -1 -2 -1  1 -4  4  0 -2 -3 -4 -3  2 -2 -5 -1  4  0 -5 -4 -1    2   1   2   9   0  18   5   2   0   0   1  12   0   0   3  37   4   0   0   4  0.52 0.35
  128 G   -2 -1  0 -1 -5  0 -1  3 -3 -5 -5  6 -4 -5 -4 -2 -3 -5 -5 -5    2   0   5   4   0   4   2  24   0   0   0  56   0   0   0   2   0   0   0   0  1.04 0.48
  129 E   -4 -3  2  7 -6 -1  2 -4 -3 -5 -6 -1 -5 -6 -4 -2  0 -6 -3 -5    1   1  10  60   0   2  14   1   0   0   0   3   0   0   0   1   6   0   1   0  1.32 0.52
  130 E   -2  0 -3  2 -2  1  6 -4  0 -2 -4  2 -3 -5 -4 -2 -1 -5 -2 -4    2   3   0  11   1   4  58   1   2   2   1  10   0   0   0   1   3   0   1   1  0.99 0.46
  131 L   -3 -5 -5 -5 -3 -4 -5 -6 -5  5  4 -3  0 -1 -5 -4 -3 -4 -3  3    0   0   0   0   0   0   0   0   0  32  43   1   1   1   0   0   0   0   0  19  0.98 0.41
  132 T   -2 -3 -2 -4 -2 -2 -2 -5 -2  5 -1 -4 -1 -1 -4 -2  2 -4 -1  3    1   1   2   0   1   2   2   0   1  44   2   0   0   2   0   2  14   0   2  23  0.68 0.36
  133 V   -3 -5 -5 -5 -3 -4 -5 -6 -5  3  4 -5  0 -1 -3 -4 -3 -4 -3  4    0   0   0   0   0   0   0   0   0  17  47   0   0   2   1   0   0   0   0  31  0.97 0.41
  134 S   -2  0 -1  0 -4  0  5 -3 -2 -3 -4  2 -3 -3 -3  2  2 -4 -2 -3    1   3   2   4   0   3  42   1   0   1   1  10   0   1   0  13  14   0   1   1  0.65 0.36
  135 G   -3 -4 -4 -4 -5 -5 -4  7 -5 -6 -6 -5 -6 -6 -5 -2 -5 -5 -6 -6    0   1   0   0   0   0   1  94   0   0   0   0   0   0   0   1   0   0   0   0  2.23 0.71
  136 P   -1 -3  6 -2 -4 -3 -2 -4 -2  4 -3 -2 -2 -4  2 -1 -1 -5 -4 -1    4   0  43   0   0   0   2   0   1  26   1   1   0   0   9   4   4   0   0   3  0.83 0.42
  137 D   -3 -4  3  7 -2 -3 -1 -3 -4 -5 -6 -2 -5 -6 -4  2 -3 -6 -5 -3    1   0  11  63   1   0   1   1   0   0   0   1   0   0   0  17   0   0   0   2  1.41 0.56
  138 I   -3  0 -3 -4 -4 -3 -3 -5 -4  5  2  4 -1 -3 -4 -4 -2  0 -3  0    0   3   1   0   0   0   0   0   0  37  22  26   1   0   0   0   2   1   0   5  0.69 0.37
  139 E   -3 -2 -1  0 -4  1  7 -4 -3 -4 -5 -2 -4 -6 -2 -3 -2 -6 -3 -4    1   1   3   4   0   5  76   1   0   1   0   1   0   0   2   1   2   0   1   1  1.49 0.61
  140 A    0  0  2  3 -3 -1  0 -2  0 -2  2  1 -1 -1 -3 -1 -2 -4 -3 -2   10   4   9  20   0   2   3   2   3   1  29   9   1   2   0   2   1   0   0   1  0.23 0.21
  141 V   -2 -5 -6 -6 -2 -5 -5 -5 -6  0 -2 -5 -1 -4 -5 -4 -3 -6 -4  7    2   0   0   0   1   0   0   1   0   2   2   0   1   0   0   1   1   0   0  89  1.76 0.66
  142 G   -1 -4 -3 -3 -4 -3 -3  4 -4 -5 -5 -3 -2 -5 -4  6 -1 -5 -5 -5    3   0   0   0   0   0   0  31   0   0   1   0   1   0   0  60   2   0   0   0  1.24 0.56
  143 Q   -1  1  4 -2 -5  7 -1 -3 -1 -3 -1 -1 -3 -5 -4 -2 -2 -5 -4 -3    6   7  19   1   0  49   2   1   1   1   6   3   0   0   0   1   1   0   0   1  0.97 0.49
  144 T   -1 -3  0 -3 -1 -2 -2 -3 -4 -2 -2 -3 -3 -2 -4  5  5 -5 -4  0    2   0   3   1   1   1   2   1   0   1   3   0   0   2   0  43  34   0   0   6  0.80 0.45
  145 A    7 -5 -5 -5  3 -4 -4 -2 -5 -4 -4 -4 -1 -5 -4 -1 -3 -5 -5 -3   86   0   0   0   6   0   0   2   0   0   0   0   2   0   0   2   0   0   0   1  1.59 0.65
  146 A    7 -4 -4 -5 -3 -4 -4  0 -5 -3 -4 -4 -4 -4 -4  0 -2 -5 -5 -3   86   0   0   0   0   0   0   5   0   1   0   0   0   0   0   4   1   0   0   0  1.54 0.63
  147 D   -3  0  5  2 -4 -1 -2 -3 -2 -2  3 -1 -1 -3 -4  0 -1 -5 -4 -2    1   6  32  13   0   2   0   0   0   1  30   2   1   0   0   6   2   0   0   2  0.54 0.33
  148 I   -4 -6 -6 -6 -4 -6 -6 -7 -6  8  0 -6  1 -3 -6 -5 -4 -5 -4  0    0   0   0   0   0   0   0   0   0  86   5   0   3   0   0   0   0   0   0   3  1.91 0.65
  149 E   -4  2 -1 -3 -3  6  4 -5  4 -5 -5 -2 -4 -6 -4 -2 -2 -3 -4 -5    0   9   2   0   1  43  29   0  11   1   0   0   0   0   0   2   2   0   0   0  1.22 0.55
  150 Q   -1  2  0 -1 -6  7 -1 -2 -1 -5 -2  0 -2 -6 -4 -1 -3 -5 -4 -5    5   9   4   2   0  62   1   3   1   0   5   3   1   0   0   2   1   0   0   0  1.21 0.57
  151 L    4 -2 -2 -4 -1 -2 -2 -2 -4  2  0  0 -1 -3 -3  2 -1  1 -3  0   42   1   2   0   1   0   1   0   0  12   8   5   1   0   0  16   2   2   0   6  0.42 0.30
  152 T   -3  1 -3 -5  8 -4 -4 -5 -5 -2 -3 -4 -1 -5 -5 -1  6 -6 -5 -2    1   8   1   0  29   0   0   0   0   2   1   0   2   0   0   3  51   0   0   2  1.42 0.59
  153 R   -1  3 -2 -3 -4  0 -1 -4  1 -2  0  3 -1 -4  0 -1  3 -4 -2 -2    3  20   1   0   0   3   2   0   3   2  11  22   1   0   4   2  24   0   1   0  0.42 0.29
  154 I   -1 -4 -5 -6 -2 -5 -5 -6 -5  3 -1 -3  0 -2 -2 -4 -3 -5  2  6    4   1   0   0   0   0   0   0   0  18   2   1   1   1   2   0   0   0   8  62  1.08 0.48
  155 N   -4  4 -2 -4 -6 -1 -2 -3 -1 -6 -5  7 -4 -6 -2 -1 -1 -4 -5 -5    0  21   1   0   0   0   0   2   1   0   0  66   0   0   2   3   4   0   0   0  1.39 0.57
  156 D   -3  1  6  2 -5 -2 -2  3  1 -6 -6  1 -2 -5 -4 -2 -3 -6 -3 -5    0   7  48  10   0   0   1  20   3   0   0   8   1   0   0   0   0   0   1   0  1.01 0.45
  157 K   -4  2 -3 -4 -6 -2 -2 -5 -4 -5 -3  7 -4  1 -4 -3 -4 -1  0 -5    0  10   0   0   0   0   1   0   0   0   2  74   0   7   0   0   0   1   3   0  1.46 0.60
  158 D   -4 -5  0  8 -7 -4 -1  0 -5 -7 -7 -4 -7 -7 -5 -4 -4 -8 -7 -7    1   0   2  87   0   0   1   8   0   0   0   0   0   0   0   0   0   0   0   0  2.21 0.74
  159 V   -3  1 -3 -5 -4 -3 -2 -5 -1  6  0 -3  0 -3  2 -2  0 -5 -4  0    1   8   1   0   0   1   2   0   2  56   5   1   1   0  12   2   5   0   0   2  0.80 0.41
  160 R   -5  8 -4 -5 -7 -1 -4 -5 -4 -7 -6 -1 -5 -6 -6 -4 -5 -6 -5 -6    0  97   0   0   0   1   0   1   0   0   0   1   0   0   0   0   0   0   0   0  2.57 0.83
  161 V   -3 -1 -2 -4 -5 -1 -2 -5 -3  0 -3  6 -3 -4 -3 -3 -2 -5  2  3    0   1   1   0   0   2   1   0   0   5   0  53   0   0   1   1   2   0   7  26  0.90 0.46
  162 F   -4 -5 -5 -5 -1 -5 -5 -5 -4 -2 -2 -5 -3  9 -5 -4 -4 -2  0 -1    1   0   0   0   1   0   0   1   0   1   1   0   0  85   0   1   1   0   1   4  2.19 0.66
  163 Q   -3 -3 -4 -4 -3  4 -2 -2 -3 -1  5 -2  1 -2 -4 -2 -2  1 -3 -1    1   0   0   0   0  21   1   3   0   1  58   1   2   0   0   2   2   2   0   2  0.75 0.38
  164 D   -3 -5 -1  8 -6 -3  1 -4 -4 -6 -7 -4 -6 -7 -5 -3 -4 -7 -6 -6    2   0   1  89   0   0   7   1   0   0   0   0   0   0   0   0   0   0   0   0  2.24 0.72
  165 G   -3 -6 -4 -5 -3 -5 -5  7 -5 -7 -7 -5 -6 -6 -5 -4 -5 -6 -2 -5    0   0   0   0   0   0   0  97   0   0   0   0   0   0   0   0   0   0   1   0  2.32 0.71
  166 V   -3 -5 -6 -5 -1 -5  0 -6 -6  7  0 -5  0 -3 -5 -5 -3 -3 -4  3    1   0   0   0   1   0   8   0   0  69   4   0   1   0   0   0   1   0   0  14  1.28 0.51
  167 Y   -5 -5 -6 -7 -1 -4 -6 -7 -1 -5 -5 -5 -3  2 -7 -3 -5  1 10 -5    0   0   0   0   2   1   0   0   1   0   0   0   0   6   0   2   0   1  87   0  2.66 0.82
  168 I   -3 -5 -6 -6 -1 -5 -5 -6 -6  4  0 -5 -1 -3 -5 -4 -3 -5 -2  6    0   0   0   0   1   0   0   0   0  26   7   0   0   0   0   1   0   0   1  63  1.27 0.49
  169 T   -2  1 -2 -3 -3 -1 -3 -3 -3  0 -3 -3 -3 -2 -4  5  1 -4  2  2    0   8   0   0   0   2   0   0   0   5   0   0   0   1   0  51  10   0   8  14  0.67 0.41
  170 R   -2  1 -1  0 -5  1  6 -2 -1 -5 -4  0 -3 -5 -4  0 -1 -5 -2 -5    2   9   1   3   0   4  58   3   1   0   1   5   0   0   0   8   3   0   1   0  0.90 0.41
  171 K   -4  3 -3 -4 -6 -2 -2 -5 -4 -6 -6  7 -4 -6 -4 -3 -3 -6 -5 -5    0  14   0   0   0   0   0   0   0   0   0  85   0   0   0   1   0   0   0   0  1.89 0.64
  172 P    3 -2 -2 -2  2 -2 -2 -2 -3 -3 -4  2 -3 -4  5  2 -1 -4 -3 -3   30   0   0   0   5   0   0   0   0   0   0  16   0   0  30  19   0   0   0   0  0.72 0.20

                      K         Lambda
Standard Ungapped    0.1356     0.3137
Standard Gapped      0.0615     0.2670
PSI Ungapped         0.2018     0.3166
PSI Gapped           0.0615     0.2670
