
Last position-specific scoring matrix computed, weighted observed percentages rounded down, information per position, and relative weight of gapless real matches to pseudocounts
           A  R  N  D  C  Q  E  G  H  I  L  K  M  F  P  S  T  W  Y  V   A   R   N   D   C   Q   E   G   H   I   L   K   M   F   P   S   T   W   Y   V
    1 G   -2 -5 -3 -4 -5 -4 -5  7 -5 -7 -6 -4 -5 -6 -5 -3 -4 -5 -6 -6    0   0   0   0   0   0   0 100   0   0   0   0   0   0   0   0   0   0   0   0  2.24 0.52
    2 I   -4 -6 -6 -6 -4 -5 -6 -6 -6  8  0 -5 -1 -3 -5 -5 -2 -5 -4  1    0   0   0   0   0   0   0   0   0  92   4   0   0   0   0   0   2   0   0   2  1.80 0.52
    3 S   -1 -3  1 -2 -3 -1 -2 -2 -3 -3 -2 -2 -3 -4 -3  5  2 -4  0 -1    2   0   6   0   0   1   0   2   0   0   3   0   0   0   0  64  13   0   3   4  0.83 0.36
    4 R   -5  7 -2 -5 -6  2 -3 -5  2 -6 -4 -1 -4 -4 -6 -4 -5  8 -3 -6    0  60   1   0   0   7   0   0   5   0   1   1   0   0   0   0   0  24   0   0  1.92 0.63
    5 D   -3 -2 -1  6 -2  5  0 -3 -1 -5 -5 -3 -1 -6 -4  1 -3 -6 -5 -5    1   2   2  46   1  29   4   1   1   0   0   0   1   0   0  10   1   0   0   0  1.19 0.51
    6 S   -2  0  4  0 -4 -3 -3  4 -1 -4 -5 -1 -4 -5 -3  3 -2 -5 -5 -5    1   5  19   5   0   0   0  34   1   1   0   3   0   0   1  29   1   0   0   0  0.82 0.39
    7 K   -3  5 -3 -1 -3 -2 -2 -3 -3 -2  0  1  1 -3 -5 -3 -3  7  0 -4    2  40   1   4   0   1   2   2   0   2   8   7   4   0   0   1   1  18   2   0  0.92 0.43
    8 H   -4 -4 -3 -2 -6 -3 -4 -5  9 -6 -3 -3 -5 -5 -5  4 -4 -6 -1 -6    0   0   0   2   0   0   0   0  60   0   3   1   0   0   0  31   0   0   1   0  2.10 0.72
    9 K   -3  1 -1 -4 -6 -1 -2 -3 -4 -4 -3  7 -3 -6 -3 -3  1 -6 -5 -2    1   7   2   0   0   1   1   2   0   1   3  70   1   0   1   1   8   0   0   3  1.30 0.55
   10 R   -5  8 -4 -5  4 -3 -4 -5  2 -6 -5  2 -2 -7 -6 -3 -3 -7 -5 -6    0  72   0   0   8   0   0   1   4   0   1  10   1   0   0   1   1   0   0   0  1.92 0.70
   11 R   -2  5 -2 -4  0 -1 -3 -4  2 -6 -3  5 -4 -6 -1  2 -1 -6 -2 -5    2  29   1   0   2   1   0   1   5   0   2  36   0   0   2  15   3   0   1   0  0.94 0.48
   12 A    2  0 -2 -3 -1 -2 -2 -4 -1  0 -2  4 -1 -2  3  0 -2 -5 -2 -2   22   5   1   0   1   0   2   0   1   6   3  30   1   2  14   6   1   0   1   2  0.46 0.32
   13 T   -4 -5 -4 -5 -5 -5 -5 -3 -6 -5 -5 -5 -1 -6 -5  2  7 -7 -6 -1    0   0   0   0   0   0   0   2   0   0   0   0   2   0   0  15  77   0   0   4  1.91 0.79
   14 G   -2 -3 -5 -5 -7 -6 -3  7 -6 -8 -8 -5 -7 -7 -6 -3 -6  1 -7 -7    2   2   0   0   0   0   2  91   0   0   0   0   0   0   0   1   0   2   0   0  2.32 0.79
   15 G    3 -3 -4 -3 -5 -5 -5  6 -5 -6 -6 -3 -6 -6 -5 -1 -5 -6 -6 -4   25   2   0   1   0   0   0  64   0   0   0   2   0   0   0   4   0   0   0   1  1.55 0.68
   16 R   -3  5 -3 -5 -6 -1 -2 -5 -1 -3 -1  6 -2 -3 -5 -3 -3 -6 -3 -3    2  33   1   0   0   2   1   0   1   1   6  46   1   1   0   1   1   0   1   2  1.25 0.63
   17 M   -1  5 -2 -4 -2 -1 -3 -4 -1 -1  1  3  0 -2 -3 -1 -1 -4  1 -1    5  31   2   0   1   2   0   1   1   3  15  18   2   1   1   4   4   0   5   3  0.47 0.34
   18 P    1  3 -1 -3 -2 -1 -2 -1  3 -1 -4  4 -4 -5  1  0 -1  0 -4 -1   12  17   3   1   1   1   1   4   8   4   0  26   0   0   7   7   2   1   0   4  0.43 0.32
   19 V    0  0 -1 -3 -1  1 -2 -3  2  0 -1 -2 -1 -1  5  0 -1 -5  0 -1    8   6   2   1   1   6   2   1   5   6   6   2   1   3  32   8   2   0   3   4  0.49 0.31
   20 H    0  0  0 -4 -2 -2 -3 -3  5 -1 -1 -2 -1  2 -2 -1 -2  4  5  0    7   5   5   0   1   1   1   1  14   3   6   2   2   6   2   5   2   6  22   8  0.49 0.31
   21 R   -2  6 -1 -1 -1  1 -1 -3  5 -2 -3  1 -3 -4 -3 -1 -2  0 -1 -2    3  46   1   3   2   6   2   2  15   2   2   5   0   0   0   4   2   1   1   3  0.71 0.37
   22 K   -1  1  0 -1 -3  0  1  0  0 -2 -1  5 -1 -3 -2  0  0 -4 -3 -2    4   4   5   2   0   2   6   8   2   2   5  46   2   0   0   4   4   0   0   2  0.37 0.24
   23 K   -1  3 -2 -2 -4  0  1 -3  0 -3 -3  5 -3 -4 -1 -1 -1 -4 -3 -1    3  12   0   0   0   3   8   0   2   0   1  56   0   0   3   3   3   0   0   5  0.70 0.34
   24 R   -2  5 -1 -2 -3  2 -1 -3  2 -3 -2  2  1 -3  0  0  0  3 -2 -3    1  40   0   0   0  10   1   1   5   0   1  10   5   0   5   8   6   5   0   1  0.47 0.21
   25 A    0  1  1 -1 -2  1  1  1 -1 -1  0  1 -1 -2 -2  1 -1 -3 -2  0   10  10   9   0   0   9  10  10   0   0  10  10   0   0   0  10   1   0   0  10  0.11 0.08
   26 F    0 -1  1 -2 -1 -1 -2 -3  3 -1 -1 -2  0  3 -3  0 -1  5  4 -2    7   2   7   2   2   2   1   1   8   2   5   2   2  16   1   7   3   8  20   2  0.40 0.25
   27 E   -1  1 -1  0 -4  1  5 -3 -2 -3 -1  0  0 -2 -3 -1 -1  1 -3 -2    5   7   3   2   0   4  51   1   0   1   7   3   2   2   1   4   2   2   0   2  0.66 0.38
   28 K    0  1 -2 -3  1 -2 -2 -1 -2  2  2  0  1  0  0 -1  0  2 -2  0   10   9   0   0   4   0   1   4   0  14  22   5   5   4   4   4   6   3   0   4  0.10 0.10
   29 G    1  1  2  1 -2  0  0  1 -1 -1 -2  1 -1 -3 -2  1  0 -3 -2  0   12  12  12  12   0   0   1  12   0   1   1  12   0   0   1  12   1   0   0  12  0.14 0.07
   30 R   -4  7 -1 -2  3 -1 -2  1  0 -5 -4 -1 -4 -5 -5  1 -3 -5 -5 -5    0  62   2   2   6   1   2   9   2   0   1   1   0   0   0   9   1   0   0   0  1.25 0.63
   31 P   -2  0 -3 -1 -5  4  3 -4 -1 -3 -2 -2 -2 -2  5 -2 -2 -4  2 -4    3   4   1   2   0  24  17   1   1   1   4   1   1   1  28   2   1   0   7   1  0.77 0.47
   32 I    2 -1 -4 -4  0 -1 -2 -2 -4 -2 -3 -1 -2  0  6 -1 -1 -4  0 -3   19   4   0   0   2   3   1   3   0   2   2   3   1   4  45   4   3   0   3   1  0.91 0.46
   33 S    4 -2  0 -3 -3  0 -2 -2 -1  0 -2  0 -2 -4 -1  1  2 -4 -3  0   43   1   4   0   0   4   0   1   1   4   2   4   0   0   3  10  14   0   0   8  0.44 0.35
   34 M   -1  0  4  0 -4 -1  2 -2 -1 -2  0 -1  3  0 -2 -1 -2 -4  0 -2    4   4  29   2   0   2  19   1   1   2   7   1  11   5   1   3   0   0   4   2  0.38 0.32
   35 T   -1 -2  1 -3  0 -3 -1 -4 -4 -2 -2 -3 -3 -4  1 -1  6  2 -4 -3    3   2   5   0   2   0   3   0   0   2   3   0   0   0   6   2  68   3   0   0  1.11 0.61
   36 K   -2  3 -1  0 -4  1 -1 -3  3 -2 -2  5 -3 -4 -3 -1  0 -4 -3 -1    2  19   2   5   0   5   2   0   9   2   3  38   0   0   0   2   6   0   0   5  0.56 0.36
   37 L   -2 -3 -2 -4 -3 -1 -4 -2 -4  4  3 -3  1 -1 -4 -2 -1  3 -2  2    2   0   2   0   0   3   0   3   0  25  30   0   3   2   0   3   3   5   0  17  0.45 0.28
   38 T    0 -3  0  0  1 -3 -3  4  0 -1 -4 -1 -3 -4 -1  1  0 -4 -1  0    7   0   3   4   3   0   0  41   3   3   0   3   0   0   3  14   7   0   3   7  0.48 0.33
   39 T    1 -3  2  1 -4  0  1  0 -3 -1 -4  0 -3  0  3  1  0 -4 -3 -1   11   0   9   7   0   4  11   6   0   4   0   4   0   4  15  13   6   0   0   5  0.27 0.24
   40 Q    0  0  0  0  2  0  0  0  1  0 -1  0 -1  0  1  0  0 -2  1  0    6   6   5   6   5   5   6   6   5   6   6   6   0   5   6   6   6   0   5   6  0.03 0.06
   41 S    0  0  0  1  1  0  1 -1  1  0 -1  1 -1 -1  0  0  0 -2 -1  0    5   5   5   7   4   5   9   5   3   5   6  12   1   4   4   5   6   0   1   7  0.04 0.05
   42 T   -1  1 -1 -1  0  0  0 -2 -1  1  0  0  0  0  0  0  1 -1  1  1    4   9   3   4   2   3   7   3   1   8   7   7   2   3   5   3  12   0   5  12  0.04 0.05
   43 T   -1  2 -1 -1 -2  1  0 -2 -1  0  0  1 -1 -1  1  0  1 -2  0  1    4  12   2   2   1   5   6   3   1   5   7   9   1   1   8   7  10   0   5  13  0.08 0.07
   44 I    0  0  0  0 -2  0  1  0 -1  0  0  1  0 -1  0  0  0 -2  0  1    6   6   6   3   1   5   8   6   1   6   7   9   2   1   5   5   6   0   3  14  0.03 0.04
   45 T    0  1  0  0 -2  0  0  0  0  0  0  0  0 -1  0  0  0 -1  0  0    5  13   3   4   1   2   8   8   2   7   9   6   3   3   4   7   6   0   3   7  0.03 0.03
   46 E    0  1  1  1 -2  1  2  1 -1 -1 -2  0 -1 -2 -1  1  0 -2 -1  0    7  11   5   9   1   5  14  10   1   2   4   5   1   2   2   9   5   1   1   8  0.10 0.06
   47 K    0  0  0  0  1  0  3  0  0 -1 -1  0 -2 -3  1  0  0 -3 -2 -1    8   6   5   3   3   3  26   6   2   4   5   6   0   1   7   4   6   0   0   4  0.17 0.14
   48 R   -1  3  0 -1 -3  1  0 -1 -2 -1 -2  3 -2 -1 -1  0  1 -3 -2  0    4  20   3   3   0   7   4   3   0   4   1  22   0   4   3   4   9   0   0   7  0.24 0.19
   49 R   -2  6 -1 -1  0  0 -1 -1  1 -3 -2  2 -3 -1 -3 -1 -1 -4 -3  0    3  45   2   3   2   3   3   4   3   1   3  12   0   2   1   3   3   0   0   6  0.64 0.38
   50 I   -1  1 -1 -3 -3 -2 -2 -2 -3  4  0 -1  1  0 -3 -1 -1 -3  0  3    5   8   3   1   0   0   3   3   0  26   6   4   3   4   1   3   3   0   3  25  0.29 0.25
   51 R   -2  3 -1 -3 -4  1 -1 -1  5 -2 -4  3  0 -4  0 -1 -1 -4 -1 -2    3  16   2   0   0   6   2   5  18   2   0  24   2   0   5   4   4   0   2   3  0.51 0.37
   52 P   -1  0 -1 -1 -3  0  0 -1  0  1  0  1  0 -1  2 -1  2 -3  0  0    3   4   2   2   0   3   4   6   2   9  10  10   3   2   9   3  18   0   4   7  0.08 0.13
   53 V   -2 -1 -3 -4 -3 -3 -2 -1 -4  3  0 -2  0 -2 -3 -2 -1 -3 -1  5    2   3   1   1   0   1   3   4   0  15   4   2   2   1   1   2   2   0   2  54  0.64 0.33
   54 R   -3  7 -2  0 -1  0 -2 -4  0 -4 -4  0 -4 -4 -2 -2 -2 -4 -2 -3    2  70   2   6   1   3   2   1   2   1   1   2   0   0   2   2   2   0   1   2  1.34 0.55
   55 V    0 -1 -1 -2  5  0 -2 -1 -2  0 -1 -2 -1 -2  0  0  2 -3 -2  2    5   4   3   1  15   6   1   5   0   4   1   1   0   1   4   4  19   0   0  26  0.25 0.16
   56 R   -1  5 -2 -3 -3  1 -2 -3  1 -2 -1  1  1  0 -3 -1  0  3  1 -1    5  44   1   1   0   4   1   1   4   1   5   4   4   4   1   4   4   4   4   4  0.47 0.20
   57 G   -1  2 -1 -2 -2 -1 -1  2  0 -2 -1  0 -1  3 -2  1 -1  0  3 -2    1  18   1   1   0   1   1  18   0   1   2   1   0  17   1  18   1   0  17   1  0.17 0.04
   58 G   -2 -3  2 -2 -1 -4 -3  6 -4 -5 -5 -2 -5 -1 -4 -1 -2 -5 -5 -5    2   1   9   2   1   0   2  72   0   0   1   2   0   3   0   3   2   0   0   0  1.43 0.58
   59 H   -3 -2  8  0 -2 -2 -2 -1  0 -4 -5 -2 -4 -1 -4 -1 -1 -5 -2 -4    1   1  68   3   1   1   1   3   2   1   1   1   0   3   0   4   3   0   1   1  1.49 0.66
   60 L   -1  1 -1 -2 -3  0  0 -3  1  1  0  2  0  0 -3 -1  1 -3  1  1    2  10   2   1   0   4   6   1   3  11   9  14   2   3   0   4  12   0   4  12  0.12 0.14
   61 K   -4 -1 -3 -4  0 -1  0 -4 -4 -3 -4  8 -4 -5 -4 -3 -3 -5 -5 -5    1   0   0   0   2   1   4   1   0   2   2  83   0   0   0   1   2   0   0   0  1.82 0.75
   62 F   -1 -2 -2 -3  0 -2 -2 -4  0  2  0 -1  0  2 -3 -1  0  4  3  3    3   2   2   0   3   1   1   1   2  10   7   4   2   9   1   3   6   6  14  22  0.29 0.21
   63 R   -1  7 -1 -4 -1 -2 -2 -2 -1 -2 -3  2 -2 -2 -4 -2 -2 -1 -4 -3    4  57   3   0   1   0   2   3   1   3   2  13   1   1   0   2   3   1   0   2  1.04 0.51
   64 A    4 -4 -4 -3 -3 -3 -3 -2 -4  0  3 -3  0 -2 -1 -2 -2 -4 -3  1   44   0   0   2   0   0   0   2   0   4  27   0   2   1   3   2   1   0   0   9  0.59 0.38
   65 L   -2  0 -4 -3 -3 -3 -3 -4 -4  0  4  1  1  0 -4 -2 -1 -1 -2  1    3   4   0   2   0   0   1   1   0   3  52   9   3   2   0   2   3   1   1  10  0.54 0.33
   66 R    0  6 -1 -3 -4  1 -1 -2 -1 -4 -4  2 -3 -2 -4  0  0 -4 -1 -3    6  50   2   0   0   4   3   2   1   0   1  10   0   2   0   7   6   0   3   2  0.79 0.42
   67 L    2 -2 -3 -1  1 -2 -1 -2 -3  0  3 -2  0 -1 -3 -1  1 -1 -3  0   17   1   0   4   3   1   4   3   0   4  37   1   1   1   0   2  11   1   0   5  0.25 0.22
   68 C   -1 -1  3  5  0  0  2 -2  0 -3 -2  0 -1 -3 -3  0  0 -5 -4 -3    3   2  16  35   2   3  11   2   3   1   3   4   2   1   0   5   6   0   0   1  0.55 0.32
   69 E   -1  0 -1 -1 -1  0  1 -1  0 -1 -2  0  0  0 -2  1  2 -2  1  1    3   3   2   2   2   2  10   4   2   2   1   7   4   6   0  12  13   0   6  17  0.09 0.12
   70 G    2 -1  0 -2  1 -2 -1  4 -2 -1 -2 -2  0 -3  1 -1 -2  2 -3  0   20   3   6   0   3   0   3  37   0   4   1   0   3   0   6   1   0   4   0   7  0.35 0.19
   71 N   -1 -2  5 -1 -3  0 -1  0  3 -1 -3 -1 -2 -3 -3  1  0 -3  0 -1    4   0  45   0   0   3   3   8   7   6   1   3   0   0   0   8   3   0   3   3  0.47 0.26
   72 F    0 -3 -3 -4  1 -3 -3 -3 -2  1  1 -3  1  5 -3 -2 -2  3  2  2    9   0   0   0   4   0   1   1   0   6   8   0   4  29   0   1   1   4   8  23  0.40 0.21
   73 S    1  0  1 -2 -2  0  0 -2 -2 -1 -1  0  0 -1 -2  3  2 -3  1 -1   13   6   8   0   0   2   4   0   0   2   5   3   3   3   0  27  13   0   5   4  0.18 0.17
   74 W   -2 -4  1  3 -1 -3 -2 -4 -3  0 -1 -3 -3  1 -4 -2 -1  9  0 -2    3   0   6  20   1   0   2   1   0   6   6   2   0   6   0   2   4  35   2   3  1.09 0.47
   75 G    0 -2 -2 -1  0 -1 -3  4 -3 -1 -3  0 -1 -4  4 -1 -1 -4 -4 -2    7   2   0   3   2   3   1  34   0   5   2   7   2   0  20   4   4   0   0   3  0.52 0.31
   76 S    0 -1 -1  0 -3 -1  1 -1  0 -4 -3  2 -3 -4 -3  4  2 -5 -4 -2    5   2   2   5   0   2   7   5   2   0   2  11   0   0   0  42  12   0   0   3  0.50 0.41
   77 E   -1 -1  1  2 -5  1  5 -2  0 -2 -4  0 -1 -2 -3  0  1 -5 -1 -4    3   2   5  11   0   5  42   3   2   2   0   5   2   2   0   5   8   0   2   0  0.60 0.42
   78 N    0  0  2 -1  3  0 -2  4  1 -4 -4  1 -3 -2 -3  0 -1 -4  0 -2    8   4  11   4   8   5   0  29   3   0   0  11   0   2   0   5   2   0   4   2  0.38 0.29
   79 I   -1  1 -1 -1  4  0 -1 -1 -2  1 -1  1  1 -1 -3 -1  0 -3  0  1    4   9   3   3  13   5   4   3   0   9   4  12   4   3   0   4   6   0   3  13  0.14 0.17
   80 T    0 -2  0  0  2 -1  0  0  2  0  0  0  1  1 -2  0  0 -2  1  0    6   0   6   6   6   0   6   6   6   6   6   6   6   6   0   6   6   0   6   6  0.04 0.10
   81 R   -2  4 -1 -2  1  1  0 -3  0 -1 -2  4 -1 -3 -1 -1 -1 -4 -2  0    2  27   2   1   4   7   3   1   3   3   2  25   1   1   3   2   4   0   1   8  0.44 0.28
   82 K   -1  2 -1 -2  0 -1  0 -3 -2 -2 -2  6 -1 -5 -2 -1 -1 -5 -4 -2    4   7   2   1   2   1   5   1   1   2   3  57   1   0   2   4   3   0   0   4  0.81 0.43
   83 T    2 -3 -2 -3  0 -2 -1 -2 -3 -1 -2 -1 -2 -2 -3  0  4 -4 -3  3   17   0   0   0   2   0   3   2   0   0   2   4   0   1   0   5  38   0   0  23  0.47 0.31
   84 K   -1  5 -1 -1 -4  0  1 -2 -1 -2 -3  3 -2 -4 -2  0  0 -4 -3 -3    3  39   1   2   0   3   7   2   1   2   2  24   1   0   1   5   6   0   0   1  0.62 0.31
   85 I   -2 -4 -4 -4 -3 -4 -4 -5 -4  6  0 -4  2  0 -4 -4 -2 -4 -3  2    3   0   0   0   0   0   0   1   0  66   6   0   4   3   0   1   2   0   0  12  1.07 0.42
   86 L   -2 -2 -1 -3 -3 -1  1 -4 -2  3  2 -1  0 -1 -3 -1  1 -3 -2  1    2   1   2   0   0   2  12   0   1  28  26   3   2   1   0   3  10   0   0   6  0.29 0.21
   87 D   -1  0  2  4 -3  1  0  1 -1 -3 -4  0 -3 -4 -3  0  2  0 -1 -2    3   4  12  26   0   7   5   9   1   0   0   6   0   0   0   5  14   2   2   4  0.34 0.21
   88 V   -1 -4 -2 -2 -3 -3 -2 -4 -4  2  0 -4  1 -1 -4 -3 -1 -4 -3  6    3   0   2   2   0   0   3   0   0   5   3   0   2   3   0   0   3   0   0  72  0.80 0.37
   89 K    0 -1 -1 -3  0 -2  0 -4 -3  2  1  0  1 -1 -3 -1 -1 -4 -2  4    5   3   2   0   2   0   8   0   0  10  10   7   3   2   0   3   2   0   0  43  0.27 0.20
   90 Y   -1 -2  0  1 -4  0  2 -2 -1 -4 -3  0 -3  1 -4  0 -1 -1  6 -3    3   0   4  10   0   3  16   2   0   0   0   5   0   4   0   7   2   0  43   0  0.68 0.33
   91 N   -3 -2  6  0 -4 -2 -2 -3  4 -1 -4 -1  0 -4 -4  0  0 -5 -3 -1    0   0  58   3   0   0   0   0  13   5   0   3   3   0   0   4   6   0   0   5  0.94 0.41
   92 A    3 -2 -2  1 -3  0 -1 -2 -1 -2 -3 -1 -3 -4  5  0 -1 -5 -4 -2   32   2   1   7   0   4   3   1   1   3   1   3   0   0  31   6   3   0   0   2  0.63 0.28
   93 T    4 -3 -2 -3 -3 -2 -2 -2  2 -4 -3 -2 -3 -2 -1  4  0 -4  1 -3   41   0   0   0   0   0   0   0   5   0   1   0   0   1   2  39   5   0   5   0  0.72 0.38
   94 N   -2 -3  7  1  1 -2 -3 -3  1 -1 -5 -2 -4 -5 -4  1 -2 -6 -4 -4    3   0  69   6   4   0   0   0   3   5   0   2   0   0   0   9   0   0   0   0  1.32 0.50
   95 N   -2  2  5 -1 -4 -1 -1 -3  2 -2 -3  1 -2 -4  3  0 -1 -5 -3 -2    1  11  38   1   0   2   3   0   5   2   2   7   1   0  17   6   2   0   0   3  0.62 0.30
   96 E   -2 -1  1  1 -4  2  4 -1  2 -4 -3  1 -2  0 -2  0  0 -3  1 -3    0   0   7   7   0  12  32   5   7   0   0  10   0   6   0   5   5   0   5   0  0.38 0.20
   97 L   -1  0  0 -3 -3 -2 -3 -4  2 -1  2 -2  1  3  0 -2 -2 -1  5  0    7   5   6   0   0   0   0   0   6   0  23   0   5  11   5   0   0   0  26   5  0.35 0.21
   98 V    2 -3 -2 -2 -3 -1 -2 -3 -3  2 -1 -2  0 -2 -4 -2 -1  4  1  4   20   0   2   2   0   2   3   0   0   9   3   2   2   0   0   2   2   6   4  42  0.42 0.27
   99 R   -3  6 -3 -3  0  2  0 -4  1 -5 -4  1 -3  1  1 -3 -3 -4 -3 -4    0  59   0   0   3   8   6   0   3   0   0   7   0   8   7   0   0   0   0   0  1.06 0.44
  100 T   -1  4  1  1 -4 -1 -1 -1  1 -3 -3  1  0 -1 -1  0  3 -4 -3 -3    3  27   6   8   0   0   3   4   3   0   0   9   3   3   3   3  26   0   0   0  0.39 0.26
  101 K   -2  1  4  1 -4  1  2  1  1 -5 -4  3 -3 -5 -3  0 -2 -5 -3 -4    0   6  25   8   0   5  11  12   4   0   0  25   0   0   0   5   0   0   0   0  0.53 0.27
  102 T    0 -2  1  1 -3  1 -1 -3  2  1  0  0  2  1 -3 -1  0 -2  2  0    8   0   8   8   0   8   0   0   8   8   8   8   8   8   0   0   8   0   8   8  0.10 0.15
  103 L   -1 -1 -4 -4 -3 -3 -4 -4 -4  3  4 -3  2  1 -1 -3 -1 -3 -2  1    5   4   0   0   0   0   0   0   0  21  53   0   5   5   2   0   2   0   0   3  0.53 0.25
  104 V    0 -2 -1 -2  1 -2 -1 -1 -2  1  0 -2  0 -1 -2  0  3 -3 -2  3    3   0   3   1   3   0   3   5   0   3   7   1   3   3   0   4  28   0   0  32  0.20 0.16
  105 K   -1  2  1  1  2  1  1 -2 -1 -2  0  4 -1 -3 -2 -1 -1 -3 -2 -2    1   7   6   6   6   6   6   1   0   1  12  45   0   0   1   1   1   0   0   1  0.29 0.14
  106 N    0 -1  2  1 -2 -1 -1  3  3 -1 -2  0 -2 -2 -2  1 -1 -3 -2 -2    6   1  17   6   0   0   1  25  11   6   1   6   0   0   1  15   1   0   0   1  0.21 0.10
  107 S    1  1 -1 -2  3 -1 -1  1 -1 -1 -2 -1 -1 -1 -2  1  1 -2  2  0   12  12   0   1  11   0   1  12   0   1   1   1   0   0   1  12  12   0  11  12  0.13 0.08
  108 I   -1  0 -2 -3 -2 -2 -2 -3 -2  3  1  0  2  1 -3 -2  0 -2  2  2    1   6   0   1   0   0   1   1   0  38   7   6   8   6   1   1   6   0   8  10  0.21 0.12
  109 V    1 -2 -1 -2 -1 -1 -2 -2  3  1  1 -1  2 -1 -2 -1  1 -2 -1  1   13   1   1   1   0   1   1   1  13  13  14   1  13   0   1   1  13   0   0  13  0.12 0.07
  110 E   -1  0 -1 -1 -2  2  1 -1  0  0  1  0  0 -1  2 -1  0 -2  0  0    4   4   1   3   0  12   9   4   2   3  19   6   2   3  12   4   4   0   3   6  0.10 0.07
  111 I   -1 -2 -2 -2 -1 -2 -2  1 -2  2  1 -2  0  2 -2 -1  1 -1  0  1    1   1   1   1   0   1   1  15   0  15  16   1   0  15   1   1  15   0   0  15  0.10 0.04
  112 D   -1  2  1  4  1  0  1 -1  1 -3 -3  0  0 -3 -2  0  0 -3 -3 -3    5  11   5  32   4   4   8   4   4   1   1   4   4   0   1   7   4   0   0   1  0.34 0.16
  113 S    2 -2 -1  0  3  0  1 -1 -2 -1 -1 -1  0 -3  0  1  0 -3 -2  0   19   0   3   6  10   3  13   4   0   4   5   3   2   0   4  14   3   0   0   6  0.15 0.13
  114 T    1 -2 -1 -1  1  0 -1  3  3 -3 -2 -2 -1 -1 -3  0  2 -3 -2 -2   12   0   2   2   4   3   4  29   8   0   3   0   2   3   0   4  19   0   0   3  0.32 0.21
  115 P   -2  0  0 -2 -3  0 -1 -1 -3 -2  0  2 -2 -3  6 -1  0 -4 -3 -3    1   5   5   1   0   3   3   4   0   2  12  14   0   0  38   4   6   0   0   1  0.65 0.27
  116 F    0 -1 -1  1  3 -1  1 -2  2 -1  0  0 -1  1 -2 -1 -1 -2  2  0   10   0   0  10   9   0  10   1   9   0  10  10   0   9   0   1   1   0   9  10  0.10 0.11
  117 R   -2  3 -1 -2 -3  1  1 -1  3  0 -1  2 -1  0 -2  0  0 -3 -1 -1    1  26   0   0   0   7   9   5   9   9   5  11   0   4   0   4   5   0   0   4  0.20 0.15
  118 E   -1  0  0  0 -3  5  2 -3  1 -1 -1  0  0 -3  0 -1  0 -3 -2  0    4   3   3   3   0  35  14   1   3   3   6   3   2   0   3   3   4   0   0   9  0.37 0.27
  119 W   -1  0 -3 -1  3 -2 -1 -1 -3 -3 -3 -1  2 -1 -1 -3 -3  9  1  0    6   7   0   3   7   0   5   4   0   0   1   5   5   2   4   1   1  34   4  10  0.92 0.39
  120 Y   -1 -3  0 -3 -3 -3 -3  0  1  1  0 -3 -2  3 -3 -2 -2 -1  6  1    4   1   6   1   0   0   1   7   2  11   6   1   0  10   1   1   1   0  38  10  0.55 0.29
  121 K    0  1  1  0  1  1  3 -1  0 -2  0  2 -2 -1 -2  0 -1 -3 -2 -2   10   7   6   4   3   3  25   3   3   0  10  13   0   2   0   6   2   0   0   2  0.19 0.19
  122 L    0  1  1  0 -2  2  0 -1 -2  0 -1  2 -1 -3  1  1  1 -3 -2 -1    8   5   6   4   0  11   4   5   0   9   4  14   0   0   6  11   8   0   0   4  0.12 0.13
  123 H    0  1  1 -2 -3  1  0  0  2 -2 -1  0  1  1  1 -1  0 -2  1 -2    7   7   7   0   0   7   7   7   7   0   7   7   7   7   7   0   7   0   7   0  0.10 0.13
  124 Y    0 -2  0 -3  1  0 -1 -3  1  0 -1  0  1  1 -3 -1  0 -2  6 -1    8   0   6   0   3   4   3   1   3   6   6   8   4   5   0   4   5   0  29   4  0.38 0.31
  125 G    0 -1  0  1  0  0  0  2  1 -1 -1  0  1 -2  0 -1  0 -3  0  0    8   3   4   7   2   5   4  20   5   3   6   5   5   0   4   3   7   0   4   6  0.08 0.10
  126 I   -1 -2 -2 -3  1  2 -1 -1  0  1  1  0  1  0  0 -1  0  2 -2  1    5   0   0   0   3  12   4   4   3   8  15   6   3   3   4   4   7   3   0  14  0.09 0.15
  127 D    0  0  0  2 -3  1  1 -1  1 -2 -1  0 -2 -1  3  0  1 -3 -2 -1    6   3   4  12   0   6   8   4   3   0   5   6   0   3  16   5  10   0   0   4  0.19 0.18
  128 L   -1 -1 -4 -4  2 -3 -3 -2 -4  3  3 -2  1  0 -1 -3 -1  4 -2  1    4   3   0   0   4   0   0   4   0  17  37   2   3   3   4   1   2   5   0   9  0.38 0.26
  129 G    1 -3 -2  0 -3 -1 -1  5 -3 -2 -4  0 -3 -2  0  0  1 -4 -3 -1   11   0   0   5   0   3   2  42   0   2   1   8   0   2   5   6   8   0   0   4  0.50 0.31
  130 L    1  4 -1 -1  0  0  0 -2  0 -1 -2  3 -2 -3 -1 -1 -1  1 -1 -2   13  26   2   3   2   2   7   3   2   4   3  18   0   0   3   3   3   2   2   2  0.28 0.24
  131 K    0  1  0  0 -3  1  1  0 -2 -2 -1  3 -2 -3  1  0  0 -3 -3 -1    8   7   4   4   0   5   7   5   0   0   5  32   0   0   8   5   5   0   0   5  0.25 0.19
  132 K    0  1  0  1 -3  2  2  0  1 -3 -3  2 -2 -3  0  0  0 -3 -2 -1    9   8   4   6   0   8  14   5   4   0   1  20   0   0   5   6   5   0   0   4  0.23 0.16
  133 D    1  0  0  1 -3  1  2  1  0 -1 -2  1 -2 -3 -1  0  0 -3 -1  0   14   3   3   8   0   7  14  11   2   3   3   9   0   0   2   4   5   0   2   8  0.11 0.11
  134 R    2 -1 -1  0 -3  1  3  0 -2 -1 -2  1 -1 -1  0  0  1 -3 -3 -1   19   2   2   5   0   6  20   7   0   3   2   9   2   2   3   7   8   0   0   3  0.19 0.19
  135 T    0  0  1  0 -2  1  0  0  2  0 -1  0 -1 -2  1  0  0 -2  1  0    6   6   6   6   0   6   6   6   6   6   6   6   0   0   6   6   6   0   6   6  0.06 0.07
  136 V    1 -1  0 -1  1  0  0 -1  0  1  0  0  1 -1  0 -1  0 -3  0  1   12   3   3   4   3   6   7   3   3   8   7   5   4   3   4   3   6   0   3  15  0.04 0.08
  137 L    1 -2  0  1 -3  0  1 -1  0 -1 -1  0  0 -1  0  0  2 -4 -3  0   16   0   4   7   0   3  13   3   3   4   7   7   3   3   3   4  14   0   0   7  0.12 0.17
  138 G    0  0  0  0  2  0  0  0  1  0 -1  0 -1  0  0  0  0 -2  1  0    5   5   5   5   5   5   5   5   5   5   5   5   0   5   5   5   5   0   5   5  0.00 0.06
  139 N    0  0  1  0 -2  1  0  0 -1  0 -1  0 -1 -2  1  0  0 -2  1  0    7   7   7   7   0   7   7   7   0   7   7   7   0   0   7   7   7   0   6   7  0.06 0.07
  140 K    0  0  1  0 -3  1  2  0 -2 -3 -3  3  0 -3  0  0  0  2 -3  0    6   4   7   4   0   5  13   6   0   0   1  22   4   0   4   7   7   4   0   7  0.20 0.20
  141 E    0  2  1  1 -3  1  2 -1  0 -2 -3  3 -2 -1  0  0  0 -3 -2 -2    5  10   5   6   0   5  14   3   3   3   1  21   0   3   4   6   7   0   0   3  0.23 0.19
  142 K    0  0  0  0 -3  0  1 -1  0 -2 -1  2  0 -3  0  3  0 -4 -3 -1    8   5   3   4   0   3   8   4   2   2   6  14   2   0   3  26   5   0   0   3  0.18 0.20
  143 S    0  0  0 -1  0  0  0 -2 -2 -1 -1  3 -1 -2 -1  3  0 -4 -3 -2    5   2   4   2   2   3   5   2   0   5   6  24   2   2   2  27   3   0   0   2  0.26 0.29
  144 R   -1  2  3 -1 -4  0 -1 -2  1 -2 -1  4 -1 -2 -2  0  0 -4 -3 -1    4   9  14   2   0   2   3   2   3   3   5  31   1   1   2   8   6   0   0   5  0.32 0.28
  145 H    0 -1  2 -1  0  0  0 -2  4 -1  0  1  0 -1 -1  0  0 -4 -2  1    7   2   9   3   2   2   4   2  15   4   8  10   2   3   2   7   6   0   0  10  0.14 0.19
  146 V    0 -1 -2 -1  1  0  0 -1 -2  1  0  0  0  0  0  0  0 -2  1  2    7   3   0   4   4   5   6   3   0   7   5   8   3   4   3   9   5   0   6  18  0.05 0.11
  147 Q    0  1  0 -1 -3  1  1 -1  1 -1 -1  3  1 -3 -3  0  0 -3  0 -1    6   7   4   3   0   7   7   4   3   3   4  24   6   0   0   8   5   0   3   5  0.18 0.21
  148 K   -1  3 -1 -1 -5  0 -1 -1  0 -3 -3  5 -4 -5 -4  0 -1 -5 -4 -2    5  14   2   4   0   4   3   5   2   2   2  45   0   0   0   6   3   0   0   3  0.73 0.47
  149 R   -1  0 -1 -2 -4  1 -1 -3  0 -1  0  3  0 -1 -4 -1 -2  5  4  0    5   3   3   2   0   6   2   2   2   4  10  21   2   2   0   5   2   9  14   6  0.33 0.28
  150 V    2  0 -2  0 -1 -1  1 -3  0  0  1  2  0 -1 -1 -1 -1 -3  1 -1   21   3   1   6   1   2  11   1   2   5  15  13   1   2   2   2   3   0   5   3  0.13 0.18
  151 K    0  1  1  1  2  1  0 -2 -1  0  0  0 -1 -2 -2  0  0 -2  1  0    7   7   7   7   7   7   7   0   0   7   7   7   0   0   0   7   7   0   7   7  0.07 0.10
  152 R   -1  5  0 -1 -4  0  0 -2  1 -1 -1  0  0  1 -4 -1 -1 -4  0 -1    4  40   3   3   0   4   4   3   3   3   5   4   3   6   0   4   3   0   3   4  0.45 0.34
  153 T    2  3 -1 -2 -1  4 -1 -2 -2 -2 -1  2 -3 -2 -2 -1 -1 -4 -3 -2   17  17   3   2   1  21   2   3   0   2   6  14   0   2   2   3   3   0   0   3  0.37 0.33
  154 K    1  1 -1 -1 -4  1  0  0 -3 -2 -2  5 -1 -2 -2 -1 -2 -4 -4 -2   14   6   2   4   0   6   5   6   0   2   3  38   1   2   2   3   2   0   0   3  0.44 0.36
  155 A    1 -1  2  1 -3  1  1  0  1 -2 -1  1 -1 -1 -1  1  1 -3 -1 -2   11   2  10   7   0   6   7   7   4   2   4   7   2   3   2  12  10   0   1   2  0.12 0.14
  156 Q    3  2  0 -2 -1  0 -2  2  3 -4 -2 -1  0 -4 -1  0 -2 -4 -3 -2   31  12   5   2   1   4   2  16   7   0   3   3   3   0   2   6   1   0   0   2  0.33 0.32
  157 A    0 -1  0 -2 -4  1  0 -4 -1 -1 -2  5 -1 -3 -1 -1 -1 -5 -2 -1    7   1   3   2   0   5   5   0   2   3   3  48   2   1   3   4   4   0   2   5  0.57 0.45
  158 L   -3 -4 -2 -2 -3 -4 -3 -3 -2  4  1 -1  1 -1 -4 -3 -1 -4 -3  4    1   0   3   2   0   0   2   2   1  27  15   4   3   3   0   2   3   0   0  32  0.59 0.36
  159 E   -2 -3 -1  6 -5  0  4 -4  1 -5 -5 -1 -5 -5 -2  1 -3 -5 -1 -5    3   1   2  40   0   3  30   0   4   0   0   2   0   0   2   9   0   0   3   0  1.02 0.55
  160 K    0 -1  0 -2 -4  2  0 -3  1 -3 -3  2 -1 -5  5  2  0 -5 -4 -2    7   2   3   2   0   8   4   1   3   2   2  14   2   0  29  15   4   0   0   2  0.59 0.38
  161 N    3 -1  0 -1 -1 -2 -1 -2  3  0  1 -1  0 -2 -2  0  0 -4 -2  0   29   2   4   3   1   0   4   2  10   5  17   3   2   1   1   5   4   0   0   7  0.21 0.23
  162 I   -3 -4 -4 -4 -3 -4 -4 -5 -4  2  4 -4  2  1 -1 -1 -3 -4 -3  2    1   0   0   0   0   0   1   1   0  13  46   0   5   5   4   6   0   0   0  16  0.66 0.34
  163 E   -1  0 -1  1  1  1  4 -2  1 -2 -2  0 -1 -1 -1  0 -1  0  0 -1    4   6   2   7   3   4  34   2   3   2   4   5   2   2   2   5   3   1   4   5  0.29 0.22
  164 E    0  1  1  1 -3  1  3 -1  1 -3 -3  1 -2 -3 -2  0  0  3 -2 -1    6   8   6   8   0   5  29   5   4   0   1   6   0   0   0   5   8   5   0   4  0.29 0.20
  165 Q   -2  1  0 -2  1  5  1  0 -2 -1 -1 -1  1  0 -3 -1 -1  3 -2 -3    0   8   5   0   4  40   7   6   0   4   4   0   5   4   0   4   4   4   0   0  0.44 0.34
  166 F    0 -3 -3 -4 -3 -3 -3 -3 -3  1  0  0  1  6 -3  0  0  2  0  0   10   0   0   0   0   0   0   1   0   7   7   6   4  42   0   6   7   3   0   4  0.50 0.29
  167 V    1  0  1 -1 -3  1  2  1  0 -1 -2  1 -1 -2  0  1  0  0 -2 -1   10   4   6   2   0   8  15  11   2   3   3   9   2   2   3   9   4   1   0   6  0.12 0.11
  168 S    1  0  1 -1 -2  3  1  0  0 -2 -2  1 -2 -3 -1  2  1 -3 -2 -1   10   2   6   2   0  16   9   5   1   2   2   9   0   0   2  23   7   0   0   4  0.22 0.14
  169 Q    0 -3  1 -1 -3  1 -1  5 -2 -4 -4 -2 -3 -4 -3  0 -2 -3 -3 -2    6   1   8   3   0   6   4  57   0   1   1   1   0   0   1   8   1   0   0   3  0.78 0.28
  170 R   -1  5  0 -2 -4  0  1 -3  4 -4 -2  2 -2 -2 -3 -1 -1 -3  0 -3    3  42   3   0   0   2   8   1  15   0   3  11   0   2   0   4   2   0   2   0  0.63 0.28
  171 I   -1 -3 -4 -4  2 -3 -3 -4 -3  1  4 -3  1  1  0 -1 -2  4  0  0    6   0   0   0   5   0   0   1   0   6  49   0   2   5   4   4   0   7   3   5  0.43 0.22
  172 L   -2 -3 -3 -3 -3 -2 -3 -4  3  0  3 -2  1  1 -1 -1 -2 -1  4  0    1   0   0   0   0   0   1   1   8   3  40   2   4   4   3   6   1   0  21   4  0.43 0.23
  173 A    1 -2 -1 -2  4 -2 -2  1 -2  0 -1 -2 -1  2 -2  0  1 -2  0  1   15   1   1   1  15   1   1  15   0   1   1   1   0  15   1   1  15   0   0  15  0.14 0.05
  174 C    0  1 -2 -2  4 -1 -1 -2 -2  1  1  0  1  0 -2  1 -1 -2  0  1    6   9   0   0  12   0   4   1   0   7  19   7   4   4   0  12   1   0   4   9  0.11 0.09
  175 I    0 -3 -3 -3 -2 -2 -1 -3 -3  4  1 -2  1 -1  1 -2 -1 -3 -2  2    6   0   0   1   0   0   6   1   0  48  12   1   4   0   6   1   2   0   0  11  0.36 0.18
  176 T    2 -1  0 -2  1 -1 -1  0 -2  0 -1 -1 -1 -2 -2  2  2 -3 -2  0   18   4   3   0   4   0   1   4   0   7   7   1   0   0   0  28  18   0   0   4  0.19 0.13
  177 S    1 -1 -1 -1 -2 -1  0 -1 -2 -2 -1  0 -2  0  0  4  1 -3 -2 -2   12   0   0   0   0   0   7   1   0   0   8   5   0   4   4  49   6   0   0   1  0.31 0.19
  178 R   -2  5 -1 -2  2  1 -1 -1  2 -2 -1  2 -2 -3 -2 -1 -1 -3 -2 -1    1  50   1   1   5   4   1   4   6   1   4  10   0   0   1   4   1   0   0   5  0.48 0.20
  179 P   -1 -2 -2 -2 -3  1 -1 -2 -2 -1 -2 -1 -2 -3  6  2 -1 -3 -3 -2    1   1   1   1   0   8   1   1   0   6   4   1   0   0  53  20   1   0   0   1  0.97 0.19
  180 G   -1 -2  1  1 -3 -2 -2  5 -2 -2 -3 -2 -2 -3 -2 -1  0 -3 -3 -1    1   1   8  10   0   1   1  61   0   1   1   1   0   0   1   1   6   0   0   7  0.64 0.15
  181 Q   -2  1 -1 -2 -3  6  1 -3  2 -1 -2  0 -1 -3 -2 -1 -2 -3 -2  0    1   8   1   1   0  58   5   1   6   3   4   2   0   0   1   1   1   0   0   8  0.70 0.26
  182 S    0 -1 -2 -2  6 -2 -1 -2  0 -1  0 -2  0  1 -2  1  0 -2 -1  1    8   3   1   1  28   1   3   2   3   1   6   1   2   7   1  13   5   0   1  14  0.31 0.13
  183 G    1 -2 -1 -2  4 -1 -1  2 -2 -2 -2 -1 -1 -1 -2  1  0  6 -1 -1   18   1   1   1  17   1   1  18   0   1   2   1   0   1   1  18   1  17   1   1  0.37 0.05
  184 R    0  4 -2 -2 -3  0 -1  1  1 -1 -1  0  0 -2  0  0  0 -3  0  0    6  30   1   1   0   4   1  13   4   4   6   4   4   0   4   4   4   0   4   6  0.21 0.13
  185 A    4 -2 -2 -2  4 -2  0 -2 -3  0 -1 -2 -2 -3 -2  0  0 -3 -2  0   54   1   1   1  11   1   5   1   0   4   4   1   0   0   1   4   4   0   0   6  0.46 0.22
  186 D   -2 -2  1  6 -3  0  1 -2  1 -3 -2 -2  0 -3 -2  0 -1 -4 -3 -3    1   1   5  57   0   4   8   1   3   1   4   1   3   0   1   5   4   0   0   1  0.76 0.25
  187 G   -1 -3 -1 -2 -3 -2 -3  6 -3 -3 -3 -2 -3 -3 -3  1 -2 -3 -3  0    1   1   0   1   0   0   1  70   0   1   1   1   0   0   1  14   1   0   0   8  0.97 0.25
  188 Y   -1 -2 -3 -1 -1 -2 -2 -4  5  0 -3 -3 -3  2 -4 -2 -1 -1  7 -2    4   2   0   4   1   1   2   0  14   6   0   0   0   7   0   1   3   0  54   1  1.03 0.35
  189 I   -2 -4 -5 -5  2 -4 -4 -5 -4  5  1 -4  1  0 -4 -3 -2 -4 -2  4    0   0   0   0   4   0   0   0   0  44   9   0   4   2   0   0   0   0   0  37  0.77 0.25
  190 L   -3 -4 -5 -5  1 -4 -4 -5 -4  1  5 -4  2  0  1 -4 -3 -3 -3  0    0   0   0   0   4   0   0   0   0   2  77   0   3   2   6   0   0   0   0   5  0.86 0.28
  191 E   -2 -1 -2  0 -5  3  6  0 -2 -4 -4  0 -3 -5 -3  0 -2 -4 -3 -2    0   0   0   0   0  14  68   7   0   0   0   3   0   0   0   5   0   0   0   3  0.95 0.30
  192 G   -1 -3 -1  1 -4 -2 -1  6 -3 -5 -5 -3 -4 -5 -3 -1 -3 -4 -4 -5    2   0   2  10   0   2   3  80   0   0   0   0   0   0   0   2   0   0   0   0  1.27 0.29
  193 K    0  1 -1  1 -4  0  2 -3 -2 -4 -3  5 -3 -4 -1  0 -2 -4  0 -3    7   3   1   7   0   1  16   0   0   0   2  54   0   0   2   4   0   0   3   0  0.58 0.22
  194 E   -3 -2 -2  2 -5  1  6 -3 -2 -5 -4  0 -4 -4  0 -2 -3 -4 -1 -3    0   0   0   8   0   2  77   1   0   0   0   3   0   0   5   0   0   0   2   1  1.13 0.33
  195 L   -3 -4 -5 -5 -3 -3 -4 -5 -4  1  5 -4  3  0 -2 -3 -2 -3 -2  0    0   0   0   0   0   0   0   0   0   3  83   0   6   2   2   1   0   0   0   2  0.88 0.27
  196 E    0  0 -1  1 -4  2  5 -3 -1 -4 -3  2 -2 -4 -2  0 -1 -4 -3 -3    6   2   1   6   0   7  52   1   1   0   2  14   1   0   0   7   1   0   0   0  0.65 0.23
  197 F   -4 -4 -2 -5 -1 -5 -5 -5 -3 -2  0 -5 -2  8 -5 -4 -4 -1  3 -3    0   0   3   0   1   0   0   0   0   0   6   0   0  84   0   0   0   0   5   0  1.62 0.38
  198 Y   -4 -3 -4 -4  0 -3 -4 -5  3 -3 -2 -3 -3  2 -5 -3 -3  0  8 -3    0   0   0   1   3   0   0   0   8   0   3   1   0   5   0   1   0   0  77   0  1.66 0.40
  199 I   -1 -1 -1 -3 -2  1 -2 -3 -1  0  3 -1  3  0 -3  0 -1 -2  1  1    4   1   2   0   0  10   0   0   1   2  39   2  11   4   0   8   3   0   5   8  0.22 0.13
  200 R   -1  5  0  1 -4  0  0 -3 -1 -4 -4  4 -3 -4 -3 -1 -1 -4 -3 -4    4  44   4  11   0   2   2   0   1   0   0  26   0   0   0   2   4   0   0   0  0.71 0.23
  201 K   -1  2 -2 -2 -4  0 -1 -1 -2 -1 -1  6 -1 -4 -3 -2 -2 -4 -3 -3    3   8   0   0   0   2   1   5   0   5   5  70   1   0   0   0   0   0   0   0  0.81 0.29
  202 L   -2 -4 -2 -4 -3 -3 -4 -4 -4  5  2 -3  3  2 -4 -1 -2 -3 -1  1    0   0   2   0   0   0   0   0   0  45  24   0   9  12   0   5   1   0   0   2  0.54 0.20
  203 Q   -1  3  1  0 -4  3  1 -3  0 -4 -4  5 -2 -4 -2 -1 -1 -4 -2 -3    3  14   6   4   0  16   4   0   2   0   0  46   1   0   0   2   2   0   1   0  0.60 0.21
  204 S    3  2 -2 -1 -3  0 -1 -2 -2 -3 -3  4 -2 -4 -1  1 -1 -4 -3 -2   31   8   0   1   0   2   1   0   0   1   0  42   0   0   2   8   3   0   0   1  0.51 0.21
  205 K   -2  3  1 -2 -4  2 -1 -1  0 -4 -3  5  1 -4 -3 -1 -1  1 -3 -3    1  14   7   0   0   8   0   4   1   0   0  52   6   0   0   3   1   3   0   0  0.62 0.22
  206 K   -2  1 -1 -2 -5  0 -1 -3 -2 -3 -4  7 -3 -5 -3  0 -1 -5 -4 -4    0   3   2   0   0   0   0   0   0   2   0  87   0   0   0   4   2   0   0   0  1.24 0.34
  207 K   -2  4 -1 -1 -4  3  1 -3 -1 -4 -3  5 -2 -4 -2 -1 -2 -4 -3 -3    0  25   0   0   0  21   5   0   0   0   0  49   0   0   0   0   0   0   0   0  0.70 0.13

                      K         Lambda
Standard Ungapped    0.1334     0.3176
Standard Gapped      0.0416     0.2670
PSI Ungapped         0.1346     0.3106
PSI Gapped           0.0416     0.2670
