
Last position-specific scoring matrix computed, weighted observed percentages rounded down, information per position, and relative weight of gapless real matches to pseudocounts
           A  R  N  D  C  Q  E  G  H  I  L  K  M  F  P  S  T  W  Y  V   A   R   N   D   C   Q   E   G   H   I   L   K   M   F   P   S   T   W   Y   V
    1 V    3 -2 -2 -2 -1 -1 -2 -1 -2  1 -1 -1  0 -2 -2  0  1 -3 -2  2   50   0   0   0   0   0   0   0   0   0   0   0   0   0   0   0  14   0   0  36  0.22 0.01
    2 V   -1 -2 -3 -3 -2  1 -2 -4 -3  2  2 -2  5 -1 -3 -2 -1 -3 -2  3    0   0   0   0   0   8   0   0   0  13  13   0  36   0   0   0   0   0   0  30  0.36 0.07
    3 S    1 -1  1  3 -2  0  3 -1 -1 -3 -3 -1 -2 -3 -2  4  0 -4 -3 -3    6   0   4  15   0   0  26   0   0   0   0   0   0   0   0  48   0   0   0   0  0.49 0.11
    4 L   -2 -3 -3 -4 -2 -2 -3 -4 -2  1  2 -3  5  3 -4 -3 -2 -1  3  0    0   0   0   0   0   0   0   0   0   3  25   0  36  19   0   0   0   0  17   0  0.53 0.12
    5 D   -2 -1  3  3 -3  0  2 -2 -1 -3 -3  0  0 -4  2  0  0 -4 -3 -3    0   0  26  24   0   0  18   0   0   0   0   6   6   0  11   3   5   0   0   0  0.46 0.10
    6 K   -2  1  0  1 -4  0  1 -3 -2 -3 -3  5 -2  0  4 -1 -2 -4 -2 -3    0   5   2   7   0   0   7   0   0   0   0  53   0   7  20   0   0   0   0   0  0.59 0.14
    7 P   -2 -2 -3 -3 -4  0 -2 -3 -3 -1 -2  1 -3 -4  7 -2 -2 -5 -4 -3    0   0   0   0   0   6   0   0   0   6   3  11   0   0  74   0   0   0   0   0  1.59 0.21
    8 F   -2 -3 -4 -4 -3 -3 -4 -4 -1  2  2 -3  0  5 -4 -3 -2  0  4  1    0   0   0   0   0   0   0   0   0  14  18   0   0  33   0   0   0   0  23  12  0.58 0.13
    9 M   -2 -3 -3 -1 -3  0 -3 -4 -2  1  2 -2  5  0 -3 -2  0 -1  4  0    0   0   0   5   0   5   0   0   0   9  27   0  27   0   0   0   6   0  21   0  0.42 0.16
   10 Y   -3 -1 -4 -5 -4 -3 -4 -5  0  0  1 -3 -1  4 -4 -3 -3  0  7 -2    0   4   0   0   0   0   0   0   0   5  13   0   0  19   0   0   0   0  59   0  1.09 0.25
   11 F   -3 -3 -3 -1 -3 -3 -3 -4 -2  1  1 -3 -1  6 -4 -3 -1  0  4  0    0   0   0   5   0   0   0   0   0  12  14   0   0  44   0   0   4   0  18   4  0.64 0.17
   12 E   -2 -2  2  5 -3  0  1 -2  2 -4 -2 -1 -3 -4 -2  2  0 -4 -3 -3    0   0   8  48   0   4   4   0   6   0   4   0   0   0   0  22   4   0   0   0  0.63 0.17
   13 E   -2  0  1  4 -4  3  4 -3 -1 -3  0  0 -2 -4 -2 -1 -2 -4 -3 -3    0   3   4  32   0  15  31   0   0   0  11   3   0   0   0   0   0   0   0   0  0.59 0.17
   14 I   -2 -3 -1 -3  2 -3 -2 -4 -3  4  3 -3  0  1 -4 -3 -1 -2  1  1    0   0   3   0   5   0   4   0   0  40  30   0   0   4   0   0   4   0   6   4  0.37 0.14
   15 D   -1  1  3  3 -3  0 -1 -2 -1 -2 -3  0 -2 -1  0  1  2 -4 -2 -1    3  11  17  19   0   3   0   0   0   0   0   5   0   4   4   7  21   0   0   6  0.26 0.10
   16 N   -1 -1  5  1 -4  1  1  1  2 -3 -4  1 -3 -4  1 -1 -1 -4 -3 -3    4   0  39   7   0   9   9  13   5   2   0   7   0   0   7   0   0   0   0   0  0.47 0.15
   17 E   -1  4  0  0 -4  2  4 -3 -1 -3 -3  1  3 -4 -3 -1 -1 -4 -3 -3    3  30   3   3   0   9  36   0   0   0   0   3  11   0   0   0   4   0   0   0  0.58 0.20
   18 L    0  3  1 -1 -3  2  1 -3 -1  0  1  0 -1 -2 -3 -1 -1 -3 -2 -1    7  26  10   0   0  11  11   0   0   6  20   3   0   0   0   3   0   0   0   4  0.22 0.11
   19 D   -2 -1  0  3 -3  0  3 -3 -2 -2 -3  1 -2 -1  2 -1  0 -3  0  1    0   0   2  22   0   3  23   0   0   0   0  13   0   4   9   0   5   0   3  15  0.32 0.13
   20 Y   -3  0 -4 -5 -4 -3 -4 -5  0  0 -2 -1 -2  1 -4 -3 -3  0  8 -1    0   7   0   0   0   0   0   0   0   5   0   3   0   2   0   0   0   0  76   5  1.47 0.34
   21 E   -2  3  1  3 -4  0  1 -3  0  0 -2  2 -2 -1 -2 -1 -2 -3  0 -2    0  22   6  22   0   0  11   0   3  10   0  15   0   3   0   0   0   0   5   0  0.33 0.13
   22 P    0  1  0 -2 -3 -1 -1 -3 -1 -3 -3  1 -3 -2  6  0 -2 -3  3 -3   10   9   4   0   0   0   3   1   1   0   1  11   0   0  41   5   0   0  12   0  0.75 0.18
   23 E    0  3  2  2 -3  0  1 -2 -1 -2 -3  2 -2 -2 -2  1 -1 -3  1 -3    7  19  14  11   0   0   8   0   0   3   0  14   0   0   0  16   0   0   8   0  0.31 0.14
   24 S    0 -1  0  0 -3  1  0 -2 -1 -2 -1  1 -2  1 -2  3  0 -2  2 -1    5   2   3   5   0   8   5   0   0   2   5   8   0   8   0  33   4   0   8   3  0.19 0.12
   25 A    2  1  3  0 -2  0  1 -2 -1 -1 -2  0 -2 -2 -2  1 -1 -3  0 -1   26   8  22   4   0   2   9   0   0   4   3   2   0   2   0  10   0   0   3   4  0.21 0.12
   26 N   -1  1  5  1 -1  0  2 -1 -1 -4 -4  0 -2 -4  0  1 -1 -4 -3 -3    3   7  38   5   2   2  16   2   0   0   0   4   1   0   5  14   0   0   0   0  0.52 0.19
   27 E    0  0  3  2 -3  1  2 -1 -1 -3 -3  2 -2 -3  0  0  0 -3 -1 -3    6   3  20  13   0   3  17   2   0   0   0  18   0   0   4   6   4   0   2   0  0.34 0.12
   28 V   -1 -1 -1  1 -1 -1  1 -2 -1  1 -1  1 -1 -1  1 -1  0  2  1  0    3   2   0   9   2   0  14   1   0  15   4  15   0   2   8   2   5   3   7   7  0.10 0.07
   29 A   -1  0  0 -2 -2 -1 -1 -3  0  2  0  1  0 -2  1 -1  0 -3 -2  2    4   3   5   0   0   2   4   1   3  22   9  15   0   0   7   1   6   0   0  18  0.12 0.08
   30 K   -1  2 -1  2 -4  0  0 -3 -2 -3 -1  5  0  1 -1 -1 -1 -3 -2 -2    3   7   0  12   0   3   2   0   0   0   6  47   3   8   2   2   2   0   0   2  0.39 0.17
   31 K   -1  1  1  0 -3 -1 -1 -2 -2 -2 -3  4 -2 -4 -1  1  2 -4 -3 -2    3   4   7   3   0   0   0   0   0   3   0  45   0   0   2  13  18   0   0   1  0.46 0.19
   32 L    0 -3 -3 -3 -1 -3 -3  2 -2  1  1 -3  0  3 -3 -1 -1 -2  2  2    6   0   0   0   1   0   0  18   0   9  14   0   0  18   0   2   4   0   7  20  0.22 0.10
   33 P   -2  1 -2 -1 -2  0 -1 -3 -2  2  2 -1  0 -2  4 -1 -1 -3 -2  0    1   8   1   2   0   4   2   1   0  21  21   2   0   0  25   3   2   0   0   4  0.36 0.11
   34 Y   -1 -1 -1 -3 -4 -1 -2 -1  9 -3 -1  1 -2 -1 -3 -2 -3 -3  2 -3    4   2   0   0   0   0   0   5  59   0   9   8   0   1   0   2   0   0   6   0  1.08 0.28
   35 Q   -3 -1 -3 -3 -4  4 -2 -4 -2  0 -2 -2 -2  1  1 -3 -3  9  4 -3    1   2   0   0   0  22   0   1   0   8   3   0   0   3   6   1   0  36  15   0  1.14 0.27
   36 G   -2 -4 -2 -3 -4 -3 -4  7 -4 -5 -5 -3 -4 -4 -4 -2 -3 -4 -4 -4    1   0   0   0   0   0   0  94   0   0   1   0   0   0   0   0   0   0   0   0  1.74 0.35
   37 Q   -2 -1 -2  2 -4  7  0 -3 -2 -4 -4 -1 -2 -5 -3  0 -2 -4 -3 -4    1   0   0  10   0  76   2   1   0   0   1   0   0   0   0   7   0   0   0   0  1.31 0.36
   38 L   -3  6 -3 -4 -4 -2 -3 -5 -3  0  3 -1  3 -3 -4 -3 -3 -4 -3 -2    0  57   0   0   0   0   0   0   0   4  29   0  10   0   0   0   0   0   0   0  0.95 0.31
   39 K   -3  0 -2  1 -5 -1  1 -4 -3 -5 -5  7 -4 -5 -3 -2 -3 -5 -4 -5    0   0   0   6   0   0   8   0   0   0   0  85   0   0   0   0   0   0   0   0  1.41 0.40
   40 L   -1 -3  2 -3 -3 -3 -4 -4 -3  1  5 -3  1 -2 -4 -1 -2 -4 -3 -1    4   0  16   0   0   0   0   0   0   6  68   0   1   0   0   4   0   0   0   0  0.69 0.26
   41 L   -2 -4 -4 -5 -3 -3 -4 -5  0  0  5 -4  1  3 -4 -1 -3 -2  2 -1    2   0   0   0   0   0   0   0   3   0  68   0   3  14   0   4   0   0   6   0  0.76 0.26
   42 L   -2 -3 -4 -4 -3 -3 -4 -4 -4  2  4 -3  3 -1 -4  0 -2  3  0  1    0   0   0   0   0   0   0   0   0  15  54   0  10   0   0   9   0   5   3   4  0.61 0.22
   43 G    0 -3  1 -2  4 -2 -2  1 -3 -2  1 -2  2 -3 -3  4  0 -4 -3 -2    3   0   7   0  10   0   0   9   0   0  17   0   6   0   0  44   2   0   0   0  0.42 0.22
   44 E    0  1 -2 -1 -5  2  6 -4 -2 -4 -4 -1  2 -5 -3 -2 -3 -5 -4 -4    8   9   0   0   0   6  70   0   0   0   0   0   6   0   0   0   0   0   0   0  1.07 0.34
   45 L   -2 -3  1 -4 -3 -3 -4 -4 -4  5  2  0  2 -2 -4 -3 -2 -4 -3  2    0   0   9   0   0   0   0   0   0  46  24   6   5   0   0   0   0   0   0  10  0.56 0.21
   46 F   -2  1 -2 -1 -4  3  4 -4 -2 -1 -1  0  0  1 -3 -1 -2  1  0 -2    0   7   0   0   0  18  43   0   0   3   8   2   3   8   0   2   0   2   4   2  0.49 0.21
   47 F   -4 -4 -5 -5 -4 -5 -5 -5 -3 -2  1 -5 -2  8 -5 -4 -4 -1  1 -1    0   0   0   0   0   0   0   0   0   0  10   0   0  84   0   0   0   0   0   3  1.73 0.39
   48 L   -3 -4 -5 -5 -3 -4 -4 -5 -4  2  5 -4  0  3 -4 -4 -3 -3 -1 -1    0   0   0   0   0   0   0   0   0   8  73   0   0  15   0   0   0   0   0   0  0.90 0.27
   49 S   -1 -2  2 -1  0 -1  0 -2 -2 -2 -1 -2 -1 -3 -2  3  4 -4 -3  0    0   0  12   1   2   0   7   0   0   0   5   0   2   0   0  28  36   0   0   6  0.44 0.20
   50 K    0  1  2  0  1  1  2 -2 -1 -2 -1  2  0 -3 -2 -1  1 -3 -2 -1    8   5  15   2   5   8  15   0   0   1   6  19   4   0   0   0   9   0   0   3  0.20 0.11
   51 L   -2 -3 -3 -3  0 -2 -3 -3  3  2  1 -3 -1  1 -3  0 -2 -1  5  0    1   0   0   0   2   0   0   0   9  18  18   0   0   3   0  11   0   0  31   5  0.45 0.18
   52 Q    0 -2  2 -2  2  1 -1  1  3 -1 -1 -1 -1 -2 -2  1  1  2  1  0    7   0  11   0   5   6   0  10  11   3   3   0   0   0   0  12  10   4   6   8  0.14 0.09
   53 R    0  2  0 -1 -2  1  1 -2  3  0 -1  2  1 -2 -2  0 -1 -3 -1 -1   10  16   5   2   0   7   7   1  10   9   2  13   7   0   1   5   2   0   0   2  0.15 0.08
   54 H   -1  0  2  0 -3  1 -1 -2  4 -2 -1  0 -2 -1  3  0 -1 -2  2 -2    5   5  11   6   0   7   1   1  16   1   6   7   0   1  13   4   1   0  12   1  0.26 0.10
   55 G    2 -1  0  1 -2 -1  0  3 -1 -2 -2  1 -2 -2  0 -1 -1 -2  1 -1   20   2   4   7   0   1   4  27   0   1   2  13   0   1   3   1   1   0   8   3  0.23 0.10
   56 I   -1 -1  0 -1 -2 -1 -1 -1  1  2  0  1  2 -2  0  0  0 -3 -2  1    3   1   6   2   0   2   1   4   4  26   5  10  10   1   5   9   6   0   0   5  0.09 0.08
   57 L   -1  0  3 -1  3 -1 -2 -2 -2 -1  1 -1 -1 -2  0  0  1 -3 -1  0    4   5  21   2  10   1   1   1   0   1  22   1   0   1   5   6   9   0   2   8  0.16 0.10
   58 D    1  0  2  1  0  1  1  0 -1 -2 -2  2 -1 -2  0  1  0 -2 -2 -2   12   3  11  10   2   7   5   7   0   1   5  16   0   1   4  11   2   0   1   1  0.15 0.05
   59 G    0  1  0  2 -1 -1 -1  2 -2 -1 -3 -1 -2 -3  3  1 -1 -3 -3 -2    4  11   4  14   2   1   1  21   0   5   1   2   0   1  15  13   3   0   0   1  0.27 0.10
   60 A    0  3  0 -1  0 -1 -1 -2 -1  1 -1  0  0 -1 -1  0  0 -2  1  1    6  26   4   4   2   1   1   1   0  10   3   2   2   0   2   6   7   0   9  13  0.10 0.05
   61 T   -1 -2  1 -2 -2 -1 -2 -2  1  1  1 -1  0 -1  1 -1  2 -3 -1  2    1   0   8   0   0   0   0   2   5   2  15   4   0   0   8   2  19   0   2  28  0.14 0.07
   62 V   -1 -2 -3 -3 -1 -2 -2 -3 -3  4  0 -2  0  0 -2 -2 -1 -2 -1  4    2   1   1   1   0   1   1   2   0  40   2   1   0   4   1   2   1   0   1  38  0.38 0.10
   63 V   -1 -2 -3 -3 -1 -2 -2 -3 -3  3  2 -2  0 -1 -2 -2 -1 -2 -1  4    2   1   1   1   0   1   1   2   0  23  15   1   0   1   1   2   1   0   1  45  0.33 0.09
   64 Y   -2 -2 -2 -3 -3 -2 -2 -3  0  0 -2 -2 -2  1 -3 -2 -2  1  8 -1    2   1   1   1   0   1   1   2   0   7   2   1   0   1   1   2   1   0  74   1  1.10 0.19
   65 I    2 -2 -2 -2 -1 -1 -2 -1 -2  3  0 -2  0 -1 -1  0  0 -2 -2  2   29   1   1   1   0   1   1   2   0  30   2   1   0   1   1   6   6   0   1  14  0.18 0.07
   66 G   -1 -2 -1 -2 -3 -2 -2  6 -2 -3 -3 -2 -3 -3 -2 -1 -2 -2 -3 -3    2   1   1   1   0   1   1  80   0   1   2   1   0   1   1   2   1   0   1   1  1.05 0.15
   67 S    3  0 -1 -1 -1 -1 -1  0 -1 -1 -2 -1 -1 -2 -1  3  0 -2 -2 -1   31   6   1   1   0   1   1   5   0   6   2   1   0   1   1  37   1   0   1   1  0.27 0.09
   68 A    5 -3 -2 -3 -2 -2 -2  3 -3 -3 -1 -2 -2 -3 -2  1 -2 -3 -3 -2   60   0   0   1   0   0   1  19   0   0   6   1   0   0   0   8   1   0   0   1  0.69 0.28
   69 P   -2  2  0  0  1 -2 -1 -3 -3 -4 -4  2 -4 -5  7  0 -2 -5 -4 -4    0  10   5   6   4   0   2   0   0   0   0  13   0   0  51   9   0   0   0   0  1.12 0.33
   70 G    0 -4 -2 -3 -4 -3  0  6 -4 -4 -5 -3 -4 -5 -4 -2 -1 -4 -5 -1    6   0   0   0   0   0   7  76   0   0   0   0   0   0   0   0   3   0   0   6  1.28 0.38
   71 T   -2  0  0  0 -3 -2 -2  0  0 -1 -1 -2  0  2 -1  1  2 -2  3 -1    0   7   5   7   0   0   0   9   1   1   7   0   4   9   2  10  20   0  16   2  0.17 0.14
   72 H   -4 -3 -2 -3  3 -2 -3 -4 10 -5 -5 -3 -4 -4 -4 -1  1 -5 -1 -5    0   0   0   0   6   0   0   0  78   0   0   0   0   0   0   4   9   0   0   0  2.13 0.55
   73 I   -1 -3 -3 -4 -2 -3 -3 -4 -3  4  3 -3  1  1 -3 -3 -1 -3 -2  1    6   1   1   1   0   0   1   1   0  40  32   1   2   6   1   1   2   0   0   5  0.50 0.20
   74 R    0  2  1 -2  0  1 -1 -3 -2 -2 -2  1 -2 -4  5 -1  1 -4 -3 -1    8  14   9   0   2   6   3   0   0   2   3   7   0   0  31   0  10   0   0   5  0.51 0.19
   75 Y   -3 -3 -4 -4  0  0 -1 -4 -2  1  1 -2 -1  5 -4 -3 -3 -1  5  1    0   0   0   0   2   5   5   0   0   8  10   2   0  32   0   0   0   0  23  11  0.59 0.24
   76 L   -4 -4 -5 -6 -3 -4 -5 -6 -5  2  5 -5  0  1 -5 -5 -3  3 -2 -1    0   0   0   0   0   0   0   0   0  10  80   0   0   6   0   0   0   4   0   0  1.14 0.38
   77 R    1  1  0  0  0 -1 -1  0  0  1 -1 -1  1  0 -2  1 -1 -2  0  0   13  11   6   6   2   0   0   8   2  12   2   0   4   6   0  17   0   0   4   6  0.06 0.09
   78 D    0  1  2  3 -3  1  2 -1  0 -2 -3  0 -2 -3 -2  1 -1 -4 -3 -2    8   7  11  24   0   5  18   2   2   2   2   3   0   0   0  11   2   0   0   2  0.33 0.14
   79 H   -2 -2 -2 -3  1 -2 -1 -4  5  0  3  0  4  0 -3 -2 -2 -3  0 -1    1   0   0   0   3   0   4   1  19   2  39   7  13   2   0   1   1   0   2   2  0.45 0.22
   80 F   -3 -3 -3  0 -4 -3 -3 -4 -1 -2 -1 -4  0  7 -4 -3 -3  0  6 -3    1   1   0   6   0   0   1   1   0   1   2   1   2  47   1   1   1   0  34   1  1.23 0.35
   81 Y    1  1 -2 -1 -3  1 -1 -3 -2 -2 -2  1 -2  1  5  1 -2 -3 -1 -2   10   8   0   3   0   7   2   1   0   1   4   7   1   6  35  11   0   0   2   1  0.56 0.20
   82 N    0  0  2  3 -3  1  1 -2  4 -3 -3  2 -2 -3 -2  1 -1 -3 -2 -3    5   4  11  18   0   5  10   1  13   0   1  16   0   0   1  10   3   0   0   1  0.36 0.15
   83 L   -1  0 -3 -3 -2 -2 -3 -3  2  0  4 -2  2 -1 -3 -2 -2 -2  3  0    7   6   1   1   0   1   1   1   7   1  49   1   7   0   1   1   1   0  13   4  0.42 0.22
   84 G   -1 -1  2  0 -2  0 -1  1 -1 -2 -2  1 -1  3 -2  1  1 -1  0 -2    2   1  11   6   0   3   1  13   1   1   2  12   1  19   1   9  12   0   3   2  0.16 0.11
   85 V    0  0  0 -1  1 -1  0 -1 -1  1  0 -1 -1 -1  2  0  0 -2 -1  1    5   5   7   2   4   2   7   5   1   7   7   2   1   1  12   9   2   0   3  18  0.07 0.04
   86 I    0  1  0  0 -1  0  0 -1 -1  0 -1  0 -1 -1  0  1  0 -1  2  0    7  13   3   6   1   3   4   4   1   8   4   7   1   1   4  12   6   1  10   6  0.06 0.04
   87 I    0 -2 -2 -2 -2 -2 -2 -2  2  3  1 -2  0 -1 -2 -1  0 -2 -1  2    7   1   1   1   0   1   2   2   7  30  15   1   1   1   1   5   4   0   1  17  0.21 0.11
   88 K   -2  3  1  0 -3  2 -1 -2  0 -3 -3  4 -2 -3 -2  0  1 -3 -2 -3    1  20   5   3   0   8   1   1   2   1   2  38   0   1   1   3   9   0   1   1  0.49 0.20
   89 W   -4 -4 -5 -5  0 -4 -1 -5 -4 -3 -3 -5  0  6 -5 -4 -4 10  0 -4    0   0   0   0   2   0   6   0   0   0   1   0   3  36   0   0   0  48   0   0  2.13 0.55
   90 M   -2 -3 -1 -1 -3 -2  1 -4  3  2 -1 -2  2 -1 -3 -2 -1  1  3  4    0   0   2   4   0   0  11   0  10  10   1   0   7   0   0   0   2   2  11  36  0.35 0.23
   91 L   -2 -3 -4 -4  3 -3 -4 -2 -3  0  5 -3  0  2 -4 -3 -2 -3 -2  0    3   1   0   1   8   0   1   3   0   1  67   1   0  10   1   1   1   0   0   3  0.72 0.29
   92 I   -1 -4 -4 -4 -3 -4 -4 -4 -3  4 -1 -4 -1  1 -4 -3 -2  2  5  3    5   0   0   0   0   0   0   0   0  36   2   0   0   6   0   0   0   2  24  22  0.73 0.32
   93 D   -4 -4 -1  8 -6 -3  0 -4 -3 -5 -6  0 -5 -6 -4 -3 -3 -6 -5 -5    0   0   0  87   0   0   4   0   0   0   0   5   0   0   0   0   0   0   0   0  1.94 0.59
   94 G   -2 -3 -1 -3 -4 -3 -1  1 -4 -1 -4  1 -4 -5  7 -2 -3 -5 -4 -4    2   0   3   0   0   0   4  14   0   4   0   8   0   0  61   2   0   0   0   0  1.42 0.44
   95 R    1  3  0 -1  0  0  0  0 -2  1 -2  1 -1 -3 -2  0  0 -3 -2 -1   19  19   5   1   2   4   7   6   0  11   1   8   0   1   1   7   4   0   0   3  0.15 0.11
   96 H   -1 -1 -2  1 -3  1 -1  1  0 -2  0  1 -2 -3  5 -1 -1 -3 -3 -1    5   3   1   9   0   7   2  11   3   1  10   9   0   1  31   3   3   0   0   4  0.43 0.17
   97 H   -3 -1 -1 -4 -4 -3 -3 -4  7 -3 -3 -3 -3  6  2 -3 -3 -2  0 -4    2   3   3   0   0   0   0   1  32   0   1   0   0  42  12   1   0   0   0   0  1.21 0.43
   98 D    0 -3  1  5  7 -2  1 -3 -1 -4 -4 -1 -4 -4 -3  0 -1 -5 -4 -3    9   0   5  34  26   0  11   0   2   0   0   3   0   0   0   6   2   0   0   0  0.82 0.34
   99 P    0 -1 -1  1 -1  0  1  1  0  0 -2  1 -2 -1  3  0 -1 -3  0 -1    9   2   2  10   1   4  12  10   2  10   0   9   0   3  14   6   2   0   4   2  0.16 0.10
  100 I   -1  0  0 -1  0  1  0 -2 -2  1  0  1 -1 -1  1  1  1 -3 -2  0    3   4   6   2   2   7   3   0   0   9  13  14   0   3   7  11   9   0   0   7  0.08 0.09
  101 L   -1 -3 -4 -4  4 -3 -3 -4 -4  1  4 -1  0 -2 -4 -3  0 -3 -3  2    3   0   0   0  12   0   0   0   0   4  51   5   0   0   0   0   5   0   0  16  0.56 0.27
  102 N   -1  2  1  1 -4  2  3 -1  1 -3 -3  2 -1 -2 -3  0 -1 -3  2 -2    3  13   6   7   0   9  22   5   3   0   0  14   1   0   0   5   1   0  11   2  0.33 0.19
  103 G    1  0  1  1 -3  1  2  1  1 -2 -1  0 -1 -3  0  1 -1  1 -2 -2   10   5   6   6   0   5  15  12   5   3   7   3   1   0   4  13   1   3   0   0  0.15 0.11
  104 L   -2  1 -1 -3  0 -2 -1 -2  0  3  2 -2  3  0 -1 -2  0 -3 -2  1    1   9   3   0   3   0   5   3   3  23  19   0  10   4   3   0   8   0   0   7  0.17 0.16
  105 R    1  3  1  2 -3  0  0  0 -2 -4 -4  1 -3 -4  3  2 -1 -4 -3 -3   14  17   8  13   0   2   4   5   0   0   0   6   0   0  13  18   0   0   0   0  0.37 0.20
  106 D   -3  0  5  3 -4  2  1 -3  0 -4 -3  2 -3 -4 -3  0  0 -5 -3 -4    0   3  37  14   0   9  10   0   2   0   1  11   0   0   0   7   5   0   0   0  0.64 0.29
  107 V   -2 -3  0 -2 -3 -3 -3 -4 -3  4  1 -1 -1  1 -1 -3 -2 -3  0  3    0   0   6   3   0   0   0   0   0  32  10   5   0   7   3   0   0   0   3  30  0.42 0.23
  108 T   -1  0  2  0  0  0  1 -2 -2  0 -1  1 -2 -2 -2  1  3 -4 -2  0    0   5  12   5   2   2  11   0   0   9   3   7   0   1   0  15  22   0   0   5  0.20 0.16
  109 L   -2 -3 -1 -3 -2 -3 -3 -4 -3  3  3 -1  0  1 -3 -2  1 -3 -1  1    1   0   4   0   0   0   0   1   0  23  38   6   0   6   0   0   8   0   2  10  0.38 0.21
  110 V   -1  2  3  1 -3  0 -2 -3  0  2 -1  0  0 -2 -3 -1 -2 -3  1  1    5  15  17   9   0   3   0   0   2  20   5   4   2   0   0   3   0   0   6   9  0.19 0.17
  111 T   -2  2  3  0 -4  3  1 -3  0  0 -3  0 -2  0  0 -1  1 -4 -2 -1    0  15  17   4   0  19   8   0   2   6   0   3   0   5   3   0  12   0   0   6  0.30 0.21
  112 R   -2  3  2  1 -4  1  2  1 -2 -2 -3  3 -3 -4 -3 -1 -2 -4 -3 -2    0  20  13   9   0   3  13  10   0   2   0  23   0   0   0   2   0   0   0   3  0.42 0.22
  113 F   -1  0 -3 -4  3 -3 -3 -4 -2  2  1 -1  0  5 -4 -2  0 -2  3 -1    4   7   0   0   8   0   0   0   0  15  10   5   2  30   0   0   7   0   9   0  0.43 0.23
  114 V   -2 -4 -1 -4  3 -4 -4 -4 -1 -1 -2 -4 -2  6 -4 -1  3 -2  2  2    2   0   2   0   7   0   0   0   2   2   0   0   0  41   0   3  20   0   5  14  0.70 0.33
  115 D   -3 -3  0  6 -4 -2 -1 -3 -3 -4 -4 -3 -4 -5 -3  1  5 -5 -4 -3    0   0   3  44   0   0   0   0   0   0   0   0   0   0   0   8  40   0   0   0  1.08 0.44
  116 E   -2 -1  1  3 -3  0  4 -3  0  0 -1 -1 -2 -3 -2 -1  1 -4 -1 -1    1   2   8  14   0   2  37   1   1   5   6   2   0   0   1   1  10   0   2   5  0.41 0.23
  117 E    1 -1 -1  2 -3  0  2 -2 -2  0  0  0 -1 -2  2  0 -1 -3 -1 -2   12   3   1  14   0   3  18   1   0   7  13   6   0   0  12   5   2   0   2   0  0.20 0.14
  118 Y    0 -1 -1  1  4 -2  0 -3 -1  0  0 -2  0  3 -2  0  0 -1  3 -1    6   3   2  10  12   1   7   1   0   5   8   1   2  13   1   6   6   0  15   2  0.20 0.14
  119 L    2 -2  0 -2  0 -2 -1 -2 -2  2  2  0  1 -2  0 -1  0 -3 -2  0   27   1   6   1   2   0   2   1   0  16  20   6   5   0   5   1   6   0   0   1  0.18 0.16
  120 R   -2  4 -1 -1 -1  1  0 -3  0 -2 -1  3  1  0 -3 -2 -2 -2  3 -1    2  29   3   4   2   4   5   0   1   1   5  19   4   3   0   0   0   0  13   3  0.38 0.23
  121 S   -2  0  0  3 -4  1  3  0 -2 -1  0  1 -2 -1 -3 -1 -1 -4 -3 -2    2   5   3  24   0   5  20   8   0   4  13   7   0   2   0   3   2   0   0   1  0.26 0.18
  122 I   -1 -1 -4 -4 -3 -1 -3 -4 -3  2  3 -3  2  3 -4  0 -2 -2  1  1    5   4   0   0   0   3   0   0   0  15  32   0   4  17   0   8   0   0   4   9  0.37 0.22
  123 K    2  4  1 -2 -4  0  1 -3 -1 -4 -4  3 -3 -4  0  1  0 -4 -3 -3   17  24   7   0   0   1   9   0   1   0   0  19   0   0   5  13   5   0   0   0  0.45 0.26
  124 K    1  1  2  1 -3  1  0 -1  1 -3 -2  3 -2 -3 -1  1 -1 -4 -1 -3   16   4  11   9   0   7   3   4   3   0   4  22   0   0   3   9   2   0   2   0  0.23 0.16
  125 Q   -2  2 -2 -2 -4  3  2 -4  0 -1 -3  1  2  0 -3  0 -2 -2  5 -3    2  12   0   0   0  14  13   0   2   5   0  10   6   2   0   8   0   0  25   0  0.47 0.29
  126 L   -1  0 -1 -1  1  0  1  0  1  0  1 -1 -1  2 -2 -1 -1 -1  2 -1    1   7   1   3   4   5  15   8   3   7  16   3   0  11   1   1   2   0   9   1  0.08 0.08
  127 H    0  2  1  2  2  0  1  0  0 -2 -1  0 -1  0 -1  1 -1 -2  0 -1    7  14   5  15   5   1   9   5   2   1   5   3   1   4   1  10   1   0   5   4  0.09 0.05
  128 P   -1  0  1  2  0  0  0  1 -1 -1 -2  1 -1 -2  1  1  1 -2 -2 -1    2   5  10  15   2   5   1  12   0   4   2  10   2   1   6   9  10   0   1   5  0.14 0.06
  129 S   -1  0  3  0 -3  2  1  0  2 -3 -3  1 -2 -2 -2  1  0 -2  1 -2    3   3  22   4   0  10   6   7   6   1   1  12   0   0   1  10   4   0   6   3  0.23 0.10
  130 K   -1  1  3  2 -4  0 -1 -1 -1 -4 -4  2 -3 -3  4 -1 -1 -4  0 -3    5  10  19  16   0   3   0   4   0   0   0  13   0   0  20   0   3   0   4   0  0.45 0.16
  131 I   -2 -4 -4 -4 -2 -3 -4 -5 -4  4  3 -4  1 -1 -4 -3  0 -3 -1  3    1   0   0   0   0   0   0   0   0  33  33   0   2   0   0   0   6   0   2  21  0.59 0.20
  132 I   -3 -4 -5 -5 -3 -4 -4 -5 -4  3  4 -4  2  1 -4 -4 -2 -3  1  2    0   0   0   0   0   0   0   0   0  17  58   0   5   4   0   0   0   0   5  11  0.70 0.22
  133 L   -3 -4 -5 -5 -3 -4 -5 -5 -3  0  3 -4  0  6 -5 -4 -3 -2  1  1    0   0   0   0   0   0   0   0   0   0  39   0   0  46   0   0   0   0   3  12  0.97 0.29
  134 I   -3 -4 -5 -5 -3 -4 -5 -5 -4  6  1 -4  2 -1 -4 -4 -2 -4  1  2    0   0   0   0   0   0   0   0   0  68   8   0   6   0   0   0   0   0   5  13  0.99 0.30
  135 S   -1 -3 -2 -3  4 -3 -3 -3 -3 -4 -4 -3 -3 -3 -3  6 -1  6  3 -4    0   0   0   0  10   0   0   0   0   0   0   0   0   0   0  68   1  11  10   0  1.10 0.39
  136 D   -4 -4 -1  8 -6 -2  1 -4 -3 -5 -6 -3 -5 -6 -4  0 -3 -7 -5 -5    0   0   0  89   0   0   6   0   0   0   0   0   0   0   0   5   0   0   0   0  1.88 0.45
  137 V   -3 -5 -5 -5 -3 -4 -5 -5 -4  6  0 -4 -1  1 -5 -4 -2 -3  2  3    0   0   0   0   0   0   0   0   0  63   5   0   0   5   0   0   0   0  10  18  0.96 0.30
  138 R   -3  7 -2  0 -5 -1 -2 -4 -2 -5 -4  1 -4 -5 -4 -1 -2 -5 -4 -5    0  84   0   5   0   0   0   0   0   0   0   6   0   0   0   3   2   0   0   0  1.60 0.43
  139 S   -1  0  0  0 -3 -2  1 -2 -3 -4 -4 -2 -3 -4 -3  5  4 -5 -3 -3    0   5   4   5   0   0   8   0   0   0   0   0   0   0   0  54  25   0   0   0  0.74 0.30
  140 P    0 -2  1  1 -3 -1  2  1 -2 -2 -1 -1 -1 -3  4 -1  0 -4 -3 -2   10   0   9   6   0   0  16  13   0   2   8   3   2   0  22   0   8   0   0   0  0.34 0.14
  141 S   -2  2  4  1 -3  1 -1 -2  0 -4 -4  0 -3 -4 -3  3  2 -4 -3 -3    0  13  30   6   0   5   0   0   2   0   0   2   0   0   0  27  14   0   0   0  0.57 0.23
  142 T   -1 -1  1  1 -3  0  3 -3 -2  0 -3  0 -2 -4  1  0  3 -4 -3 -1    2   2   7   9   0   4  21   0   0   6   0   5   0   0   6   2  32   0   0   4  0.36 0.18
  143 A    1  0 -1  3 -3  1  2 -1  1 -3 -1  2 -2 -2 -2  0 -1 -4 -2 -1   17   4   0  20   0   4  12   2   5   0   6  18   0   1   0   6   1   0   1   3  0.24 0.12
  144 D    0  0  2  3 -1  0  1  0  3 -3 -2  0  3 -3 -3  0 -1 -4 -2 -3    6   4  13  21   2   3  10   5   8   0   0   5  16   0   0   6   2   0   0   0  0.31 0.16
  145 L   -2 -4 -5 -5 -3 -3 -4 -5 -4  3  4 -4  3 -1 -4 -3 -2 -3 -3  3    2   0   0   0   0   0   0   0   0  17  47   0  10   0   0   0   0   0   0  24  0.70 0.24
  146 L    1 -1 -2 -2 -2  1  0  1  0  0  2 -1  1 -1 -3 -1 -1 -2  0  0   15   3   0   0   0   8   8  13   2   5  28   3   5   0   0   1   2   0   5   4  0.11 0.10
  147 S    0  2  2  1 -4  1  3 -1  2 -3 -3  0  0 -1 -3  0 -2  1  2 -3    6  14  11   6   0   6  22   3   6   0   0   4   4   1   0   4   0   3  10   0  0.29 0.14
  148 N   -3 -3  3  7 -5 -2  0 -3  3 -5 -5 -2 -5 -5 -3 -1 -1 -6 -4 -5    0   0  15  67   0   0   4   0   7   0   0   0   0   0   0   4   4   0   0   0  1.28 0.36
  149 Y   -3 -3  3 -3 -4 -1 -3 -4 -1  1  0 -3  6  1 -4 -3 -2 -1  6  0    0   0  16   0   0   3   0   0   0   6   6   0  26   2   0   0   0   0  34   7  0.75 0.30
  150 A    1  1  2  2 -3  1  2 -2 -1 -3 -2  1  0 -3 -2  0 -1 -3  0 -2   20  10  11  13   0   6  12   0   0   0   1   9   4   0   0   6   2   0   5   1  0.23 0.12
  151 L    2 -3  1 -3 -2 -1 -3 -3 -3  1  3 -3  3 -2 -3 -1 -2  0 -2  1   24   0  10   0   0   1   0   0   0   9  33   0  12   0   0   3   0   1   0   6  0.31 0.18
  152 Q    1 -1 -2 -3 -5  8  0 -4 -2 -5 -4 -1 -3 -5 -4 -2 -3 -4 -4 -4   13   0   0   0   0  87   0   0   0   0   0   0   0   0   0   0   0   0   0   0  1.73 0.51
  153 N   -1  2  5 -1 -4  0  2 -3  2 -3 -2  2  3 -4 -3 -1 -2 -4 -3 -3    6  12  35   0   0   2  14   0   5   0   3  13  10   0   0   0   0   0   0   0  0.49 0.22
  154 V    0  1  1  1  3  0  1 -1 -1 -1 -2  1  0 -2 -2  1 -1 -3  1 -1   10   7  10   7  10   4   8   1   0   4   1  10   3   0   0  13   1   0   7   4  0.13 0.09
  155 M   -4 -5 -6 -6 -4 -4 -5 -5 -4  2 -1 -5  4  3 -6 -5 -4 11  0 -1    0   0   0   0   0   0   0   0   0  15   3   0  12  12   0   0   0  54   0   2  2.00 0.44
  156 I   -2 -3 -3 -4  5 -3 -3 -4  3  3  2 -3  1 -1 -4 -2  0  2 -2  2    0   0   0   0  16   0   0   0  11  20  23   0   4   2   0   0   8   3   0  14  0.42 0.18
  157 S   -1  0  1  1 -3  1  1 -2 -2 -1  1  2  0  1 -2  1 -1  3 -1 -1    0   2   8   8   0   5   7   0   0   2  17  18   1   7   0  15   1   4   0   3  0.13 0.11
  158 I    0 -2 -1 -2 -2  0 -1 -3  2  3  0 -2  0  1 -3  0  0 -2  2  1    9   0   1   0   0   4   4   0   8  32   7   0   0   4   0  11   3   0   8   6  0.16 0.12
  159 L   -3 -3 -4 -4 -3 -3 -4 -4 -4  2  5 -3  4  1 -4 -3 -2 -3 -2  0    1   0   0   0   0   0   0   0   0  12  64   0  12   6   0   0   0   0   0   0  0.74 0.24
  160 N   -2  3  3 -1 -4  2  1 -2  1 -3 -2  3  0 -3 -2 -1 -1 -3 -2 -3    1  18  20   1   0   9  10   2   3   0   2  26   3   0   0   3   0   0   0   0  0.44 0.17
  161 P    0  0 -3 -3 -4 -3 -3  1 -3 -3 -4 -2 -3 -4  7 -2 -2 -4 -4 -1   10   6   0   0   0   0   0  10   0   0   1   0   0   0  65   0   0   0   0   4  1.43 0.32
  162 V    0  0 -2  0 -2  1  1 -3  0  2  0  0  1 -2 -2 -1 -1 -3 -2  1   11   5   0   4   0   7  13   0   3  24   5   6   5   0   0   0   3   0   0  12  0.12 0.09
  163 A    3 -1 -2 -3 -2 -2 -2 -2  1 -2 -2  1 -1  1 -3  1 -2 -2  5 -2   41   3   0   0   0   0   0   0   3   2   0  10   1   4   0   8   0   0  24   0  0.44 0.21
  164 S    4 -3 -2 -2  3 -2 -2 -2 -3 -3 -3 -2 -3 -2 -2  4 -1 -4 -3 -2   44   0   0   0   6   0   0   0   0   0   0   0   0   1   0  46   0   0   0   0  0.77 0.30
  165 S   -2  0 -3 -4 -3 -2 -3 -4  2  0  3 -2  6  1 -4  0 -2 -3  0 -1    0   6   0   0   0   0   0   0   7   2  32   0  36   4   0  10   0   0   3   0  0.54 0.24
  166 L   -3 -4 -5 -5 -3 -4 -4 -5 -4  1  5 -4  2 -1 -4 -4 -2 -3  1  1    0   0   0   0   0   0   0   0   0   4  79   0   2   0   0   0   0   0   6   8  0.89 0.28
  167 K   -3  2 -2 -3 -5  0 -1 -3 -3 -5 -4  7 -3 -5 -3 -1 -2 -5 -4 -4    0   6   0   0   0   0   0   0   0   0   0  91   0   0   0   3   0   0   0   0  1.42 0.41
  168 W   -4  0 -4 -5 -4  0 -4 -5 -3 -2  0 -3 -2  7 -5 -4 -3  6  1  0    0   5   0   0   0   7   0   0   0   0   5   0   0  66   0   0   0  10   0   6  1.18 0.33
  169 R   -3  6 -2 -3  0  0 -2 -4  4 -4 -4  3 -3  0 -4 -2 -3 -4 -2 -4    0  64   0   0   2   2   0   0  10   0   0  15   0   6   0   0   0   0   0   0  1.05 0.31
  170 C   -2 -3 -3  0  5 -3 -3 -4 -3 -1  3 -3  0 -1  3 -3 -2 -3  2  0    0   0   0   7  14   0   0   0   0   0  46   0   0   0  16   0   0   0  10   7  0.52 0.21
  171 P   -1 -4 -4 -3 -4 -3  0 -4 -4  0 -4 -3  0 -5  8 -1 -3 -5 -5 -3    3   0   0   0   0   0   5   0   0   7   0   0   2   0  79   4   0   0   0   0  1.91 0.39
  172 F   -4 -4 -4 -5 -4 -3 -4 -4  2 -3 -3 -4 -3  5  1 -2 -3  8  6 -3    0   0   0   0   0   0   0   0   6   0   0   0   0  25   7   3   0  25  35   0  1.38 0.34
  173 P    0 -2  0 -1 -3 -2  0 -3 -2  0 -3 -1 -2 -3  6  1  1 -3  0 -2    6   0   4   3   0   0   5   0   0   9   0   4   0   0  42  10  11   0   4   0  0.69 0.18
  174 D   -1 -1  2  5 -3 -1  1 -1  0 -3 -4  1 -3 -4  0  1  0 -4 -3 -3    3   2  12  40   0   0   6   3   2   0   0   8   0   0   3  13   6   0   0   0  0.50 0.16
  175 Q   -1  1 -1  3 -3  3  0  2 -2 -3 -3  1 -2 -4 -2  0  1 -4 -3 -2    3   6   0  19   0  19   3  21   0   0   0  12   0   0   0   2  12   0   0   3  0.35 0.15
  176 W   -2  0  0 -3 -3 -2 -2 -3  2  0 -1  1  0  1 -3  0  1  8  0 -2    0   6   6   0   0   0   0   0   8   8   4  10   2   5   0   8  13  28   0   0  0.60 0.19
  177 I   -1  0  2  1 -2 -1  0  0 -1  0 -1 -1 -1 -2  1 -1  2 -3  1  0    0   6  14   8   0   0   8   6   0   7   3   0   0   0   7   0  23   0   6  10  0.14 0.10
  178 K   -1  0  1  2  0  0  4 -2  0 -4 -3  3 -3 -4 -2  0  0 -4 -3 -3    2   3   8  10   3   0  33   2   2   0   0  27   0   0   0   6   4   0   0   0  0.44 0.17
  179 D   -1 -2  1  2 -2  0  0  0 -1 -2 -2 -1 -2 -1  0  1  1 -1  4 -2    1   1   6  14   0   4   4   8   0   2   1   1   0   1   4  16  13   0  21   1  0.23 0.11
  180 F   -1  0 -2 -2 -2 -2 -1 -1 -1  2  0 -2  0  3 -2 -1  1 -1  2  1    1   6   1   1   0   1   4   4   0  14   6   1   2  22   1   1  12   0  10  13  0.17 0.09
  181 Y   -1  0 -1 -1 -3  0  2 -2 -1 -2 -2  2 -1  1  0  1  1 -1  4 -1    1   3   1   2   0   2  14   1   0   1   1  16   2   6   4  11  11   0  21   3  0.22 0.12
  182 I   -2 -3 -4 -4  1 -3 -3 -4 -1  3  0 -3 -1  2 -4 -3 -2 -1  6  2    1   0   0   0   4   0   0   1   0  27   6   0   0   4   0   0   0   0  40  14  0.69 0.23
  183 P    0 -3 -3 -3 -2 -2 -3 -3 -3  1  3 -2  0  2  5  0 -2 -3 -2  0    6   0   0   0   0   0   0   1   0   7  34   0   0  10  28   8   0   0   0   4  0.50 0.17
  184 H   -1  0 -1  4  3 -1  0  0  1  0 -2  0 -1 -2 -2 -1  1 -3  0 -2    3   5   0  33   8   2   2   6   3   8   1   4   2   0   0   1  13   0   5   0  0.26 0.13
  185 G   -1 -4  0 -3 -4 -3 -3  7 -3 -5 -5 -3 -4 -4 -3  0  0 -4 -4 -4    0   0   3   0   0   0   0  85   0   0   0   0   0   0   0   4   6   0   0   0  1.43 0.33
  186 N   -1 -1  1  3 -3  1  2 -2 -2  1 -2  1 -1 -3 -2 -1  1 -3 -1  0    2   0   9  17   0   5  16   0   0  16   0  13   0   0   0   0   9   0   2   8  0.21 0.12
  187 K   -2  1 -2  0 -3  0  2 -3 -2  2  1  1  1 -2 -3 -1 -1 -3 -2  1    0   7   0   6   0   4  20   0   0  24  19   8   3   0   0   3   0   0   0   5  0.18 0.12
  188 M   -2  0 -3 -4  1  0 -2 -4  1  0  2  0  2  1 -3 -3 -2 -1  5 -1    0   6   0   0   4   4   0   0   4   6  24   6   8   5   0   0   0   0  31   0  0.41 0.18
  189 L   -3 -4 -5 -5 -3 -4 -4 -5 -3  2  4 -4  0  3 -4 -4 -3  3  2  0    0   0   0   0   0   0   0   0   0  14  56   0   0  15   0   0   0   4   8   3  0.69 0.23
  190 Q   -2 -2 -2 -3 -5  6 -1  1 -2 -5 -5 -1 -3 -5  6 -2 -3 -5 -4 -4    0   0   0   0   0  49   0  13   0   0   0   0   0   0  38   0   0   0   0   0  1.32 0.38
  191 P    0 -4 -4 -4  3 -3 -3 -4 -4  3  0 -3 -1 -3  5 -2 -1 -4 -3  2    9   0   0   0   9   0   0   0   0  21   6   0   0   0  31   0   3   0   0  21  0.62 0.19
  192 F   -4 -5 -5 -5 -4 -4 -5  0 -3  1 -2 -5 -2  5 -5 -4 -4 10  2 -3    0   0   0   0   0   0   0   8   0  10   0   0   0  33   0   0   0  46   4   0  1.76 0.37
  193 A    3 -1  0 -2  0  1 -2  3 -2 -3 -3  1 -2 -4 -2  0  1 -4 -3 -2   39   1   5   0   2   8   0  26   0   0   0  10   0   0   0   0  10   0   0   0  0.42 0.18
  194 P   -1  2 -2 -2 -3 -2 -2 -1 -3 -1 -3  1 -3 -4  6  1 -2 -4 -3 -3    4  17   0   0   0   0   0   5   0   6   0   8   0   0  47  10   0   0   0   0  0.91 0.22
  195 S    0 -1  0 -1  0  0  1 -2  0  0  1  1  0 -2  3  0 -1 -3  0 -1    7   1   6   0   2   3   9   0   3   7  16  15   1   0  15   6   1   0   5   3  0.14 0.07
  196 Y   -1 -2  0  3 -3 -1 -1 -2  4 -3 -3 -2 -2  0 -2  2  3  0  2 -2    0   0   2  19   0   2   0   0  15   0   0   0   0   5   0  20  26   1   9   0  0.42 0.18
  197 S   -1 -2 -1 -2 -2 -2 -2  0 -3 -3 -3 -2  2 -4 -3  5  4 -4 -3 -2    0   0   0   0   0   0   0   6   0   0   0   0   8   0   0  56  30   0   0   0  0.76 0.29
  198 A    2  2 -1 -2 -2 -1 -2 -2  2 -3 -3 -1 -2 -2 -2  2  4 -3  1 -2   19  15   0   0   0   0   0   0   5   0   0   0   0   0   0  18  35   0   8   0  0.44 0.20
  199 E   -2 -2 -2  0 -4  0  7 -3 -2 -4 -4 -1 -3 -4 -2 -2 -2 -4 -3 -4    1   1   0   1   0   0  91   1   0   1   1   1   0   0   1   1   1   0   0   1  1.42 0.35
  200 M    0 -2 -2 -3  3 -2 -2  0 -2  0  1 -2  2 -1 -2 -1  2 -1  3  0    8   1   0   1   9   0   1   9   0   3  14   1  10   0   1   1  20   0  14   7  0.18 0.11
  201 R   -2  7 -2 -3 -4  0 -1 -3 -2 -4 -3  0 -3 -4 -3 -2  0 -4 -3 -3    1  81   0   1   0   3   1   1   0   1   1   1   0   0   1   1   7   0   0   1  1.26 0.31
  202 L   -2 -3 -3 -3  4 -2 -3 -3 -3  2  4 -3  2 -1 -3  0 -2 -3 -2  0    1   1   0   1  10   0   1   1   0  11  56   1   6   0   1   8   1   0   0   2  0.47 0.17
  203 L   -2 -3 -2 -3  2 -3 -3 -3 -3  2  1 -3  2  4 -3 -2 -1 -2  0  3    1   1   2   1   5   0   1   1   0  11  11   1   7  27   1   1   3   0   0  28  0.37 0.15
  204 S   -1 -2  1 -2  1  0 -2 -2 -2  2  0 -2  0 -2 -2  0  1 -3 -2  3    1   1  12   1   3   6   1   2   0  10   9   1   0   0   1  10   9   0   0  34  0.18 0.12
  205 I    1 -1  0 -1  1  0  0 -2  1  1  0 -1 -1  0  1  0  1 -2 -1  1   12   1   7   1   4   3   5   1   6  13   5   1   0   6   6   6  11   0   0  12  0.06 0.05
  206 Y   -1 -1 -1  0 -1  0 -1  2  0  0 -1 -1 -1  0  1  0 -1 -1  2  0    3   2   1   8   2   5   2  20   2   7   6   4   0   5   7   6   1   0  12   8  0.08 0.05
  207 T    0 -1  2  2 -2  0 -1 -1  0 -1 -2 -1 -2 -3  4  1  0 -3 -2 -2    6   1  12  14   0   5   1   4   2   6   1   2   0   1  22  14   6   0   1   1  0.34 0.10
  208 G    0 -1  1  2 -2  0  1  2 -1 -2 -2  0 -2  2 -2  0  1 -2 -1 -2    8   3   7  12   0   2  12  16   0   1   1   6   0  12   1   7  10   0   0   1  0.16 0.08
  209 E    1  1  0  0 -2  1  1  0  1 -2 -2  1 -1 -2  0  1  1 -2  0 -1   15   8   5   3   0   4   7   4   6   2   3  14   0   1   4   6  13   0   3   1  0.12 0.05
  210 N   -1  3  2  0 -3  0 -1 -1 -1 -3 -3 -1 -2  2  4 -1 -2 -3 -1 -3    5  22  16   5   0   4   2   5   0   1   1   1   0  13  22   2   1   0   0   1  0.40 0.14
  211 M   -1  1 -1 -2 -2  0 -2  0 -2  2  1 -1  1 -1  0 -1  0 -2  1  1    2  10   3   2   0   5   1   9   0  24  10   1   5   1   3   1   6   0   7  12  0.07 0.07
  212 R    0  2 -1  1 -3  0 -1 -2 -1 -1 -1  2  1  0  0  0  1 -2  0 -1    6  17   2  12   0   0   1   1   0   5   6  20   5   4   4   3   9   0   4   2  0.13 0.09
  213 L    0 -2 -2  1 -2 -1 -1 -1 -1  0  1 -1  1  1 -2 -1  0 -1  3  0    9   1   0  10   0   0   3   3   0   5  21   5   3   6   1   4   8   0  14   7  0.08 0.07
  214 T    0  1  1 -1 -1 -1  0 -2 -1  0  0  1 -1  0 -1  1  1 -2  1  0    8  10   7   1   2   1   5   1   0   5  11   8   0   2   2  12   8   0   8   8  0.04 0.04
  215 R    0  1  3  0  2 -1  0  0  1 -2 -1  0 -2  1  1  0  0 -2  1 -1    7   8  19   2   7   0   6   5   3   1   4   3   0   7   7   4   8   0   6   3  0.11 0.07
  216 V   -1 -1 -2  0 -2  0  0 -2 -2  2  1 -2  1  3 -2 -1  0 -1  1  1    5   2   1   5   0   4   6   1   0  15   8   1   5  18   1   1   8   0   3  14  0.11 0.07
  217 T    0  2  0  2 -2  0 -1 -2 -2  1 -1  0 -1 -1 -2  0  2 -3 -2  0    6  16   2  14   0   4   1   1   0  17   4   5   0   2   1   4  19   0   0   3  0.14 0.10
  218 K   -1  1  1 -1 -2  0  1 -2  1  0  0  1  0 -2  1 -1 -1 -3 -2  0    1  11   8   2   0   4   8   2   5   5  12  13   4   0   7   4   1   0   0  12  0.09 0.06
  219 S   -2 -2  1  1 -3 -1  1 -3  1 -1 -1 -1 -1  0 -3 -1 -2 -1  6 -1    2   0   9  10   0   2  12   0   2   2   4   3   2   0   0   5   0   0  42   5  0.52 0.21
  220 D   -1 -1  3  5 -3  0  1 -2  0 -3 -3  0 -3 -3 -2 -1  0 -3  0 -3    6   1  14  41   0   4   9   1   2   1   1   7   0   0   1   1   6   0   5   1  0.52 0.17
  221 A    2 -2  2  0  5 -1 -2 -2  2 -2 -1 -2 -2 -3 -2  1  0 -3 -2 -1   19   1  16   4  20   1   1   1   6   1   5   1   0   1   1  15   4   0   0   5  0.32 0.14
  222 V   -1  2 -1 -1 -2  0  1 -1 -1  1 -1  1 -1 -2 -2  0  1 -2  1  1    2  16   2   1   0   3  10   3   0  10   4  12   0   0   1   4  12   0   6  13  0.11 0.08
  223 N   -1  0  2  2 -3  1  2  0  0 -2 -2  2 -2 -3 -2  0  0 -3 -2  0    3   3  14  10   0   3  18   5   2   1   2  17   0   0   1   7   5   0   0   9  0.21 0.09
  224 Y   -3 -3 -3 -4 -3 -2 -3 -4  5  0 -1 -3 -2  3 -4 -3 -3  0  7  0    1   1   0   1   0   0   1   1  16   7   3   1   0  13   1   1   1   0  49   5  0.97 0.27
  225 E   -2 -2 -2  3 -4  0  6 -2  0 -4 -4 -1 -3 -4 -3 -1 -2 -4  1 -1    0   0   0  14   0   0  64   3   2   0   0   0   0   0   0   3   0   0   5   5  0.89 0.30
  226 K   -1  1  1  2 -4  1  4 -1 -1 -4 -4  3 -3 -4 -2  0 -1 -4 -3 -3    3   7   5  12   0   4  38   4   0   0   0  20   0   0   0   3   3   0   0   0  0.53 0.19
  227 K   -1  1 -2 -2 -4  5  0 -3 -2 -2 -2  5 -2 -4 -3 -2 -2 -4 -1 -3    3   4   0   0   0  37   0   0   0   3   4  45   0   0   0   0   0   0   2   0  0.83 0.30
  228 M   -3 -4 -5 -5  5 -3 -5 -5 -4 -1  3 -4  7  4 -5 -4 -3 -3 -2 -1    0   0   0   0  15   0   0   0   0   0  23   0  42  19   0   0   0   0   0   0  1.07 0.35
  229 Y    1 -3  0 -4 -4 -3 -3 -3  3 -2 -2 -3 -2  6 -4 -1 -3 -1  5 -3   17   0   7   0   0   0   0   0   8   0   0   0   0  45   0   4   0   0  20   0  0.86 0.29
  230 Y   -1 -4 -4 -5 -4 -3 -4 -4  4 -3 -3 -4 -3  5 -5 -3 -4  6  7 -3    6   0   0   0   0   0   0   0  12   0   0   0   0  23   0   0   0  13  46   0  1.38 0.36
  231 L   -4 -4 -4 -5 -4 -4 -4 -5  3 -2  1 -4 -2  6 -5 -4 -4  0  7 -2    0   0   0   0   0   0   0   0   7   0  12   0   0  39   0   0   0   0  41   2  1.25 0.34
  232 N   -4 -3  8 -1 -5 -2 -3 -3 -2 -6 -6 -3 -5 -6 -5 -2 -2 -6 -5 -5    0   0 100   0   0   0   0   0   0   0   0   0   0   0   0   0   0   0   0   0  2.21 0.54
  233 K    0 -1  2 -1 -2 -1 -1 -2  0 -2 -2  1  3 -3 -2  1  4 -3 -2 -1    9   0  14   3   0   0   0   0   2   0   1  12  11   0   0  10  33   0   0   4  0.32 0.17
  234 I   -1  2 -1  1  1 -1  0 -3  0  2 -1  1  1 -2 -2 -1 -1 -3 -2  2    1  16   2  11   3   0   3   1   3  18   1  11   6   0   1   2   3   0   0  18  0.14 0.10
  235 V    0 -1 -1 -2 -2 -1 -2 -2 -2  1  0  0  1 -1 -2  1  1 -2  2  2    5   3   2   1   0   3   1   3   0  11   7   6   3   0   0  12  10   0  11  23  0.10 0.08
  236 R   -3  7  0 -1 -4 -1 -1 -2 -2 -4 -1  0 -3 -4 -3 -2 -2 -4 -3 -3    1  76   4   3   0   0   2   4   0   0   7   0   0   0   0   1   0   0   0   1  1.14 0.33
  237 N   -1  0  4  0 -3  0  1 -2 -1 -2 -1  0 -1  2 -1  0  1 -2  0 -2    1   5  26   3   0   2  12   1   0   1   7   6   0  12   2   8   9   0   4   1  0.20 0.11
  238 K   -1  3  1  1  0  2  0 -2  2 -3 -3  2 -2 -3 -2  0  0 -3 -2 -2    5  26   7  10   2  11   4   1   5   1   1  15   0   1   1   4   4   0   0   1  0.31 0.11
  239 V   -2 -2  1 -2 -2 -2 -2 -3 -1  2  0  1 -1  0 -3 -2 -1 -1  5  2    1   1   9   1   0   1   1   1   0  12   6  13   0   0   1   1   3   0  26  24  0.29 0.15
  240 V    0 -2  0  0 -2 -1  0 -1  3  2  0 -2  0 -2 -2 -1  1 -3 -1  2    8   1   6   5   0   0   8   3  12  13   5   1   2   0   1   1  10   0   0  24  0.12 0.10
  241 V    0  0  0 -2 -2  0 -1 -2 -1  0  1  0 -1  1 -2  0 -1  4  2  0   10   7   5   1   0   5   1   1   0   6  13   6   0   6   1  11   1   7  11   9  0.11 0.09
  242 N   -2  1  4  3 -3 -1 -1 -2  3 -3  0 -1 -2 -3  1  0 -2 -4 -2 -3    1  11  23  23   0   0   1   1   9   0  13   0   0   0   9   7   0   0   0   1  0.40 0.20
  243 F   -2 -3  0  0  5 -2 -2 -3  4 -2 -2 -3 -2  4 -3 -2 -2 -1  5 -2    1   0   5   7  18   0   0   1  14   0   1   0   0  23   0   0   0   0  27   0  0.70 0.24
  244 D   -2 -1  1  5  1  0  2 -2  2 -3 -1  1 -2 -3 -2  0 -1 -3 -2 -3    1   1   4  43   4   1  11   1   5   1   7  12   0   1   1   5   1   0   1   1  0.44 0.15
  245 Y   -2  0 -1  1 -3 -1  0 -1  5  0  0  0 -1  1 -2 -2 -2 -1  4  0    1   4   1  11   0   1   5   4  19   7   9   5   0   5   1   1   1   0  19   6  0.22 0.13
  246 P   -1 -2 -2 -2  4 -2 -2 -2 -1 -1  1 -2 -1 -1  4  0 -1  3  3  0    1   1   1   1  14   1   1   1   0   1  15   1   0   1  23   7   3   5  18   5  0.42 0.15
  247 N    1  1  4  2 -2  0  0 -1 -1 -2 -2  1 -2 -3  1  1  0 -3 -2 -1   12  10  28  11   0   1   1   1   0   1   1   6   0   0   6  13   3   0   0   5  0.26 0.10
  248 Q    2  1 -1  1 -2  3  0 -1  4 -1 -2  0 -1 -2 -2  0 -1 -2 -1 -1   26   8   1  11   0  22   1   1  15   7   1   1   0   1   1   1   1   0   1   1  0.25 0.12
  249 E    0 -1 -1  2 -3  0  4  1  3 -1 -3  0 -2 -3 -2 -1 -2  4 -2 -3    6   0   0  10   0   0  43  14  11   5   0   2   0   0   0   0   0   7   0   0  0.43 0.17
  250 Y   -2  2 -2 -3 -3 -1 -1 -3  0  0 -1  0 -1  1 -3  0 -2  0  6  0    0  15   0   0   0   0   5   0   0   6   6   4   0   0   0   7   0   0  45   9  0.46 0.19
  251 D   -2  0  1  5 -4 -1  2  0 -2 -3 -1 -1 -3 -4 -2  0 -2 -4 -3 -3    0   6   5  52   0   0  17   8   0   0   8   0   0   0   0   5   0   0   0   0  0.62 0.20
  252 Y    0 -3 -3  0 -2 -3 -3 -4 -3  4  2 -3  0  2 -3 -2 -2 -2  2  2    7   0   0   7   0   0   0   0   0  37  20   0   0  11   0   0   0   0   8   9  0.31 0.13
  253 F   -1 -3 -2  1 -2 -3 -2 -3 -2  1  3 -3  0  4 -3 -2  0 -1  1 -1    7   0   0  13   0   0   0   0   0   7  35   0   0  27   0   0   7   0   3   0  0.31 0.14
  254 H    0  1  1 -1 -3  0  2 -3  6  0 -2 -1 -2 -2 -3  0 -1 -3  2 -2    7   8   6   0   0   3  16   0  32  10   0   0   0   0   0   7   2   0   9   0  0.38 0.16
  255 M   -1  2 -1  0  1  0  1  0  2 -2  0  2  3 -2 -2 -1 -1 -3 -2 -2    5  15   0   5   5   0  12   7   9   0   7  15  17   0   0   0   4   0   0   0  0.16 0.11
  256 Y   -2  2 -2 -3 -2 -1 -2 -3  0  0  0 -1  0  4 -3 -2 -1  0  4  1    0  25   0   0   0   0   0   0   0   0   0   0   0  25   0   0   0   0  25  25  0.29 0.04
  257 F   -2 -3  0  1  2 -2 -2 -3  4  1  2 -3  0  3 -4 -2 -2  2  2 -1    0   0   6  10   7   0   0   0  15  10  27   0   0  15   0   0   0   3   8   0  0.28 0.14
  258 M    0 -1 -2 -2  3  0 -1 -3 -2  1  2  1  4 -1 -2 -1 -1 -3 -2  0   10   0   0   0   9   4   5   0   0  11  21  12  21   0   0   4   0   0   0   0  0.20 0.12
  259 L    0 -2 -3 -3  4 -2 -2 -3 -3  0  4  0  0 -1 -3 -2  0 -2 -2  0   10   1   0   1  11   0   1   1   0   1  57   7   0   0   1   1   6   0   0   1  0.36 0.15
  260 R    0  1  1 -1 -2  0  0 -1 -1 -1  0  2 -1  0  2  1 -1 -2 -1 -1   11   7   7   1   0   4   7   1   0   1  11  17   0   5  12  10   1   0   1   5  0.13 0.05
  261 T   -1 -1  1  2  2  0  2 -2 -1 -2 -2 -1 -2 -3  0  1  3 -3 -2 -2    1   1   7  11   6   1  21   1   0   1   2   1   0   1   4  14  26   0   1   1  0.30 0.13
  262 V    0  0 -1 -2 -2 -2 -2  0 -2  1  2 -2  0  0 -2 -1 -1 -2  1  2    5   6   5   1   0   1   1   7   0   9  23   1   0   1   1   1   1   0   8  28  0.12 0.08
  263 Y    0 -1  0 -2 -2 -1 -1 -2  1  0  0  0  1  1  1  0  0 -1  3  1    7   1   4   1   0   1   1   1   4   5  12   8   4   5   7   5   6   0  18  11  0.10 0.07
  264 C    1 -2 -2 -2  5 -1 -2 -2 -2 -2 -2  0 -1  1  1  1  1 -2  2 -1   13   1   1   1  20   1   1   1   0   1   1   9   0   7   8  12   8   0   9   5  0.25 0.12
  265 N    0 -2  3  0 -2 -1 -1 -1 -1 -2  0 -1 -1 -2  2  2  1 -2  0 -1    8   1  18   6   0   1   1   1   0   1  15   1   0   1  13  19   9   0   3   1  0.21 0.11
  266 K    1  0 -1  1  3  0  0 -2 -2 -2  0  3 -1 -3 -2  0 -1 -3 -2 -2   16   3   0   9   9   0   5   1   0   1  13  32   0   0   1   7   1   0   0   1  0.22 0.14
  267 T    1  0  1  1 -2  0  2 -2 -1 -2 -2  1 -2 -2  0  1  2 -2  1 -1   10   4   7   9   0   0  16   1   0   0   1   8   0   0   4  12  15   0   6   6  0.17 0.09
  268 F    0 -3 -2 -3 -3 -2 -3 -3 -1 -2 -1 -3 -1  6 -3  0  1  3  4 -2    7   1   1   1   0   1   1   1   0   1   1   1   0  42   1   7  14   4  17   1  0.62 0.22
  269 P    0 -2 -1  1 -3  0  0  3 -2 -2 -2  0 -2 -3  3  1  0 -4 -3 -2    6   0   0   9   0   4   6  24   0   2   4   7   0   0  14  14   7   0   0   2  0.28 0.12
  270 T    0 -2 -1  3 -3 -1  2  0 -2  0 -3  0 -2 -3 -2  3  2 -4 -3 -1    3   0   0  17   0   0  16   8   0   6   0   4   0   0   0  30  12   0   0   4  0.31 0.17
  271 T    0 -2  0 -1 -3 -2 -1 -3 -2  0  2 -1  0  2  3 -1  0 -2  1  0    7   0   8   4   0   0   4   0   0   7  28   4   0  10  16   0   5   0   5   2  0.19 0.11
  272 K    0  3 -1  1 -3  0  0 -2 -1 -3 -3  4 -2 -2 -2  1  1 -3  2 -3    5  15   0   7   0   0   4   0   0   0   0  41   0   0   0  13   7   0   9   0  0.40 0.17
  273 A    2  0  1  0 -3  1  1  1 -1 -1 -3  2 -2 -3 -2  1 -1 -4 -3 -2   25   0   6   5   0   8  12   9   0   5   0  23   0   0   0   8   0   0   0   0  0.24 0.11
  274 K   -1  2  1  1 -3  0  2 -1 -1 -3 -3  4 -2 -3 -2  1 -1 -3 -2 -3    1  12   7   6   0   0  15   4   0   0   1  37   0   0   0  13   1   0   0   1  0.39 0.13
  275 V    0 -3 -3 -4 -2 -3 -3 -3 -4  3  0 -3  0 -2 -3 -2 -1 -3 -2  5    6   0   0   0   0   0   1   1   0  13   1   1   0   0   0   1   1   0   0  73  0.68 0.22
  276 L    0 -2 -2 -2 -2 -1  0  1 -2  1  3  0  0 -1 -2 -2 -1 -2 -2  1    6   0   0   0   0   0   9  12   0   6  41   7   0   0   0   1   1   0   0  14  0.16 0.09
  277 F    1  2 -1 -2 -2  1 -1 -2  0 -2 -1 -1 -1  4 -1  1 -1 -1  1 -2   11  20   0   0   0   6   1   1   2   0   5   1   0  24   3  20   1   0   4   1  0.22 0.12
  278 L   -2 -3 -4 -5 -2 -3 -4 -5 -4  1  4 -3  3  2 -4 -3 -2 -3 -1  2    0   0   0   0   0   0   0   0   0   3  62   0   7   8   0   0   0   0   0  21  0.63 0.20
  279 Q    1 -1 -1 -2 -2  3 -1 -2  3  0 -1 -1 -1 -3 -2  3  1 -3 -2 -2   15   0   0   0   0  19   0   0  12   6   5   0   0   0   0  36   7   0   0   0  0.34 0.18
  280 Q   -2  0  3  0 -4  4  1 -3  5 -4 -3  2  1 -3 -3  0 -2 -4 -1 -3    0   0  15   3   0  22   8   0  24   0   0  18   5   0   0   4   0   0   0   0  0.55 0.20
  281 S    0  1 -1  0 -3  0  3 -1 -2 -3 -3 -1 -2 -4 -2  4  2 -4 -3 -3    7  10   0   3   0   0  25   2   0   0   0   0   0   0   0  42  11   0   0   0  0.46 0.19
  282 I   -3 -4 -5 -5 -3 -4 -5 -5 -4  6  1 -4  2  2 -4 -4 -2 -3 -2  1    0   0   0   0   0   0   0   0   0  80   8   0   5   8   0   0   0   0   0   0  0.95 0.29
  283 F   -1 -3 -2 -2 -3 -2 -2 -3 -2 -2 -2 -2 -2  5 -3  4  2 -2  0 -2    0   0   0   0   0   0   0   0   0   0   0   0   0  37   0  49  15   0   0   0  0.69 0.27
  284 R   -1  4  1  1 -4  0  3 -3 -1 -3 -3  3 -2 -4 -2 -1 -2 -4 -3 -2    5  27   8   5   0   0  22   0   0   0   0  30   0   0   0   0   0   0   0   4  0.51 0.17
  285 F   -1  0 -2 -3 -3  1  0 -3  4 -2 -2 -1 -1  6 -3 -1  0 -1  1 -2    3   5   0   0   0   7   6   0  15   0   0   2   0  50   0   4   9   0   0   0  0.56 0.20
  286 L   -3 -4 -5 -5 -3 -4 -4 -5 -4  2  5 -4  1 -1 -4 -4 -2 -3 -2  0    0   0   0   0   0   0   0   0   0   9  91   0   0   0   0   0   0   0   0   0  0.99 0.26
  287 N   -1  2  3 -1 -4 -1  0  4 -1 -4 -4  2 -3 -4 -3 -1 -2 -4 -3 -4    0  16  24   0   0   0   7  40   0   0   0  13   0   0   0   0   0   0   0   0  0.61 0.17
  288 I   -3 -4 -4 -4 -3 -4 -4 -5 -3  5  0 -4  0  4 -4 -3 -2 -1  3  1    0   0   0   0   0   0   0   0   0  62   0   0   0  27   0   0   0   0  11   0  0.74 0.20
  289 P   -2 -3 -3 -2 -4 -2 -2 -3 -3 -4 -4 -2 -4 -5  8 -2 -2 -5 -4 -3    0   0   0   0   0   0   0   0   0   0   0   0   0   0 100   0   0   0   0   0  2.39 0.18

                      K         Lambda
Standard Ungapped    0.1404     0.3239
Standard Gapped      0.0436     0.2670
PSI Ungapped         0.1430     0.3146
PSI Gapped           0.0436     0.2670
