
Last position-specific scoring matrix computed, weighted observed percentages rounded down, information per position, and relative weight of gapless real matches to pseudocounts
           A  R  N  D  C  Q  E  G  H  I  L  K  M  F  P  S  T  W  Y  V   A   R   N   D   C   Q   E   G   H   I   L   K   M   F   P   S   T   W   Y   V
    1 M   -1 -3 -3 -4 -1 -2 -3 -3 -3  2  1 -2  3 -1 -3 -2  0 -3 -1  4    0   0   0   0   0   0   0   0   0   0   0   0  20   0   0   0   0   0   0  80  0.39 0.04
    2 Q   -5  8 -4 -5 -7  0 -3 -6 -1 -6 -6  2 -5 -6 -5 -4 -4 -6 -5 -6    0  87   0   0   0   2   0   0   2   0   0   9   0   0   0   0   0   0   0   0  2.18 0.66
    3 M   -5 -5 -6 -7 -5 -4 -6 -7 -6 -1  1 -5 10 -4 -6 -5 -3 -5 -5 -2    0   0   0   0   0   0   0   0   0   2  12   0  83   0   0   0   1   0   0   2  2.68 0.83
    4 K   -5 -3 -3 -5 -2 -2 -4 -6 10 -4 -6  1 -5 -4 -6 -5 -5 -5  4 -6    0   1   0   0   1   1   0   0  74   1   0   8   0   0   0   0   0   0  15   0  2.62 0.81
    5 G    3 -1  0 -3 -2 -3 -3  1 -4 -4 -4 -1 -4 -5 -1  4  3 -5 -4 -2   22   4   3   0   0   0   0  12   0   0   0   4   0   0   2  31  22   0   0   1  0.61 0.36
    6 K   -2  5  2 -2 -5 -1 -2 -1  2 -5 -5  3 -4 -5  4 -1 -2 -5 -4 -4    2  32   9   1   0   1   0   4   6   0   0  18   0   0  19   5   2   0   0   1  0.79 0.38
    7 G   -2  4 -2 -2 -3 -3 -1  5 -2 -6 -6  3 -5 -6 -4 -2 -2 -5 -5 -5    2  21   1   2   1   0   3  49   1   0   0  17   0   0   0   1   2   0   0   0  1.03 0.44
    8 K   -4  5 -2 -4 -7 -2 -3 -4  2 -6 -6  7 -5 -6 -5 -4 -3 -6 -2 -6    0  26   1   0   0   0   0   1   4   0   0  66   0   0   0   0   1   0   1   0  1.70 0.66
    9 G   -2 -6 -4 -5 -7 -6 -6  8 -6 -8 -8 -6 -7 -7 -6 -4 -6 -7 -7 -7    3   0   0   0   0   0   0  97   0   0   0   0   0   0   0   0   0   0   0   0  2.56 0.82
   10 I   -3  1 -3 -4 -4  1 -3 -5 -2  4  1  3  2 -2 -4  0 -2 -5 -4 -1    0   6   1   0   0   6   0   0   1  31  12  24   6   1   0   9   2   0   0   2  0.52 0.35
   11 S    0 -5 -4 -5 -5 -4 -4 -4 -5 -7 -7 -4 -6 -7 -5  7 -3 -7 -6 -6    7   0   0   0   0   0   0   0   0   0   0   0   0   0   0  93   0   0   0   0  2.18 0.90
   12 G    0  0 -2 -2 -1  3 -2  4  3 -3 -5  0 -1 -5 -4  3 -2 -5 -4 -4    8   5   0   2   1  17   1  29   8   2   0   4   1   0   0  21   1   0   0   0  0.61 0.39
   13 S   -2 -2 -4 -5 -5 -4 -4 -5 -5 -7 -4 -4 -6 -7 -3  7 -1 -7 -6 -6    1   2   0   0   0   0   0   0   0   0   2   0   0   0   1  91   3   0   0   0  2.09 0.92
   14 A    4 -1 -2  0  0 -3 -3 -3 -4  0 -2  1 -1 -4 -3  0  3 -5 -4  1   34   3   1   6   2   0   0   0   0   4   3  11   1   0   0   4  18   0   0  11  0.42 0.33
   15 L   -3  4 -1 -4 -1 -2 -3 -5 -2  2  3  2 -2 -3 -3 -3 -2 -5 -4 -1    1  29   3   0   1   1   0   0   1  13  29  15   0   0   1   0   2   0   0   2  0.60 0.38
   16 P   -5 -6 -6 -5 -6 -5 -5 -6 -2 -2 -2 -5 -5 -6  8 -3 -5 -7 -6 -2    0   0   0   0   0   0   0   0   1   3   4   0   0   0  83   2   0   0   0   3  2.54 0.93
   17 F    0 -5 -4 -4  0 -3 -3 -5 -2 -1 -1 -5  1  2 -1 -3 -2 -1  8  0    7   0   1   1   2   1   1   0   1   3   5   0   3   8   4   1   2   0  51   7  1.20 0.56
   18 K    0  5  0 -2  0 -1 -2 -2  2 -3 -1  2 -2 -4 -4  2  0 -2 -2 -2    6  33   5   2   2   1   1   2   6   1   5  11   1   0   0  15   5   1   1   3  0.46 0.32
   19 R   -2  6 -2  0  1 -2 -2 -3 -2 -2 -2  1 -2 -3 -1 -1  2 -5 -4 -3    3  44   2   6   3   0   2   2   1   2   3   7   1   1   3   2  15   0   0   2  0.71 0.42
   20 R    0  1  1 -1 -3  1  2 -1 -1 -2 -3  2 -1 -1 -3  2  2 -4 -1 -2    5   6   8   1   0   5  14   4   1   2   0  12   1   3   0  16  17   0   3   1  0.26 0.23
   21 S    2 -2 -2 -3 -3 -2 -1 -3  0 -2 -2  0 -2 -2  5  0 -1 -4 -1  2   20   1   2   0   0   1   3   1   2   1   3   5   1   2  26   8   2   0   3  18  0.49 0.31
   22 P   -1 -5 -5 -5  0 -2 -5 -5  0 -6 -4 -5 -6 -7  8 -2 -5 -7 -6 -6    4   0   0   0   2   2   0   0   3   0   2   0   0   0  82   2   0   0   0   0  2.45 0.86
   23 K    1 -1  0  0 -3  0  2 -2 -1 -3 -2  0  0 -4 -1  3  3 -5 -4 -2   12   2   3   4   0   3  17   1   1   1   3   4   2   0   2  26  19   0   0   2  0.38 0.29
   24 W   -6 -6 -3 -7 -1 -5 -6 -4 -1 -6 -4 -6 -5 -1 -6 -6 -6 12 -1 -3    0   0   1   0   1   0   0   2   1   0   2   0   0   2   0   0   0  80   1   2  3.66 1.15
   25 L   -1 -3 -2 -4  1 -1 -3 -4 -3  1  3 -2  2  1 -4  1 -1 -3 -1  2    4   0   1   0   3   2   0   0   0   8  37   2   5   5   0  12   3   0   1  16  0.36 0.26
   26 H   -3  0  1  1 -2  1  0 -2  0 -3 -4  5 -1 -5 -1 -2  0 -5 -4 -3    1   3   6   9   1   7   4   2   2   1   1  47   1   0   3   2   7   0   0   1  0.69 0.42
   27 M   -1 -2 -1 -2 -1 -1 -2 -2 -1  1  2 -1  2  1 -2 -1  1 -2  2  1    3   1   3   2   1   3   2   3   2  10  24   4   7   5   1   2  12   0   8   9  0.15 0.15
   28 T   -1 -1  0  2 -3 -2 -1 -1 -3  0 -3  1 -1 -4  0  3  4 -4 -3 -2    4   2   4  14   0   0   2   3   0   5   0   7   2   0   4  24  27   0   0   0  0.38 0.28
   29 P    2 -1 -1 -1 -3 -1  0 -2 -3 -2 -1  0 -3 -4  4  3  0 -4 -3 -1   16   3   2   2   0   2   4   2   0   3   5   6   0   0  22  24   5   0   0   3  0.40 0.26
   30 S   -1 -1  1  4 -4  0  3 -2  1 -2 -3  1 -3 -2 -1  0 -1 -4 -1 -2    4   3   6  24   0   3  26   3   3   2   2   7   0   2   2   6   3   0   2   2  0.37 0.22
   31 T    0 -1  2  4 -3  1  3 -1 -1 -3 -3  0  0 -1 -2  0  0 -3 -2 -3    5   0  11  25   0   7  21   4   0   0   0   5   5   4   0   6   4   0   0   0  0.35 0.18
   32 V    0 -2 -2 -3  3 -2 -2  1 -2  1  1 -2  2 -1 -2 -1  1 -2  2  1   11   1   0   1  10   0   1  11   0  11  11   1  10   0   1   1  11   0  10  11  0.12 0.09
   33 V    0  0  0  0  1  1  3 -1 -2 -1 -1  2 -2 -3 -2  0  0 -3 -3  0    5   4   4   4   4   4  24   4   0   5   4  19   0   0   0   6   5   0   0   8  0.19 0.15
   34 D   -1 -1  0  3 -4  2  4 -2 -2 -4 -3  2 -1 -4 -3  0  0 -4 -2 -3    5   1   3  16   0   7  35   3   0   0   3  14   2   0   0   4   5   0   1   0  0.50 0.29
   35 L   -2  1 -1 -1 -3  3 -1 -3  1  1  2  1  2 -1 -2 -1  0 -3 -1 -1    1   6   2   4   0  19   2   0   4   8  24   7   7   1   1   2   5   0   1   3  0.18 0.20
   36 S   -1 -4 -4 -4 -3 -4 -4 -4 -4  6  0 -4  0 -2 -4 -2 -1 -4 -3  4    4   0   0   0   0   0   1   1   0  54   3   0   2   0   0   2   3   0   0  27  0.93 0.42
   37 V   -1 -3 -3 -2  3 -1 -2 -3  0  2  1 -2  2  0 -3 -2 -1 -2  2  3    4   0   0   1   8   2   3   2   3  12  15   2   7   2   0   2   2   0   9  25  0.23 0.18
   38 K   -1  1  1  1 -4  1  2 -2 -2 -2 -3  4 -2 -4 -2  0  0 -4 -3 -3    2   5   9   6   0   6  16   2   0   2   2  38   0   0   0   4   4   0   0   1  0.43 0.25
   39 L   -1 -2 -2 -3 -2 -2 -3 -4  0  0  4 -1  2  1 -3 -1 -1 -2  2  0    4   2   2   0   0   0   0   1   2   2  55   3   6   4   0   4   3   0   8   2  0.41 0.26
   40 A    4  0  0 -2 -2  0 -2  0  3 -3 -3  0 -2 -1 -2  0 -1  2  1 -2   45   7   5   0   0   3   0   6   8   0   1   4   0   2   0   6   2   3   6   1  0.35 0.26
   41 K   -1  3  1  0 -4  1  1 -1 -2 -4 -3  5 -1 -4 -2 -1 -1 -4 -3 -3    4  14   5   4   0   3   7   5   0   0   1  49   2   0   0   1   4   0   0   1  0.58 0.31
   42 K   -1  2  0  1 -3  3  2 -3 -2 -3 -2  4 -1 -4 -2  0  0 -4 -3 -1    2   7   2   7   0  14  10   1   0   0   2  39   2   0   0   4   4   0   0   4  0.43 0.26
   43 G   -3 -4  0  0 -5 -4 -1  7  0 -6 -6 -4 -5 -5 -4 -1 -4 -5 -5 -5    0   0   4   4   0   0   4  78   3   0   1   0   0   0   0   3   0   0   0   0  1.60 0.55
   44 L   -2 -2  1 -2 -3  0 -2 -4  2  1  3 -1  2  0 -2 -2 -1 -2  2  1    2   1   9   2   0   4   0   0   6   5  29   5   6   3   1   2   2   0   9  11  0.22 0.20
   45 T   -1 -1  0  0 -3  0 -1 -2 -1 -3 -2  0  0 -4  3  2  4 -4 -3 -2    4   2   3   5   0   5   2   2   1   0   2   5   2   0  14  18  32   0   0   2  0.46 0.32
   46 P    1 -1 -1 -2  1  0 -2 -1 -3 -2 -1 -1  0 -3  5  1  1 -4 -3 -1   11   3   3   0   3   3   1   3   0   0   8   3   3   0  32  12  11   0   0   3  0.49 0.23
   47 S    3 -3 -2 -3  2 -2 -2 -2 -3  0 -3 -2 -3 -4  1  5  1 -4 -3 -2   24   0   0   0   5   0   1   1   0   6   1   1   0   0   8  46   5   0   0   1  0.63 0.35
   48 Q   -1  0 -2  1 -3  4  2 -2  0 -1 -1  0  4 -3 -3 -1 -1 -3 -1  0    3   3   0   8   0  24  14   3   2   3   4   4  14   0   0   3   3   0   2   8  0.29 0.22
   49 I   -1 -2 -2 -2 -1 -2 -2 -3 -2  3  2 -2  1  0 -2 -2 -1 -2 -1  2    2   1   1   1   0   1   1   2   0  55  14   1   0   1   1   1   1   0   1  14  0.20 0.01
   50 G    0  3  0 -1 -2  0  0  3 -1 -2 -2  0 -1 -2 -1  2  0 -2 -2 -2    2  26   1   1   0   1   2  27   1   1   2   1   1   1   1  27   1   0   1   2  0.24 0.01
   51 V    0  0 -1 -3 -3 -1  1 -3 -3  1  0 -2  3 -1 -3 -1  0 -3 -2  4    5   5   4   1   0   1  11   1   0   6   8   2   8   1   0   4   4   0   0  37  0.29 0.21
   52 I   -1 -1  1 -2  3 -1  0 -3 -1  4  0  1  0 -1 -3 -1  0 -3  0  1    2   2   9   1   7   3   6   1   1  30   6   9   2   2   1   3   4   0   4   9  0.23 0.17
   53 L   -3 -2 -3  0 -3 -1 -2 -4 -3 -1  5  1  2 -2 -1 -3 -2 -3 -3 -1    1   1   0   8   0   3   1   1   0   1  64  10   4   0   3   1   1   0   0   1  0.59 0.29
   54 R   -4  7 -3  1 -5 -2 -3 -2  1 -5 -4  2 -4 -5  0 -1 -3 -5 -4 -4    1  57   0   9   0   0   1   4   3   0   1  10   0   0   6   4   1   0   0   1  1.14 0.46
   55 D   -4 -4 -2  7 -5 -3  1 -4  2 -5 -1  0 -4 -5 -4 -3 -4 -5 -4 -5    1   0   0  67   0   0   6   1   6   0   8   6   0   0   0   1   1   0   0   1  1.48 0.59
   56 Q   -1  1 -1 -2  1  3  1 -2 -2 -2 -2  1  0 -2  1  3 -1 -4 -3 -2    3   6   3   0   3  14  11   3   0   2   3   8   2   2   8  24   3   0   0   3  0.25 0.22
   57 H   -2 -1 -1 -2  0 -1 -1 -4  8 -3 -2 -1  0  0 -4 -2 -1  1  5 -1    3   2   3   2   2   3   3   1  34   0   3   4   2   3   0   3   4   2  20   6  0.87 0.41
   58 G    0 -1 -2 -1  0 -2 -2  5  0 -4 -3  0 -3 -4  1 -1  0 -4 -3 -3    5   2   0   2   2   0   0  55   2   0   3   6   0   0   8   3   8   0   0   0  0.69 0.28
   59 I   -1 -3 -3 -3 -2 -3 -1 -4 -3  4  0 -3  1 -2 -3 -3 -2  4 -2  4    4   0   0   0   0   0   5   1   0  29   5   1   4   0   0   1   1   7   0  36  0.49 0.26
   60 P    1 -2 -1 -2 -3 -2 -2  1 -2 -2 -1  0 -2 -2  5  0  0 -3  1  0   15   0   3   0   0   0   1   9   0   0   5   6   0   0  34   4   5   0   7   8  0.52 0.22
   61 Q   -1  0  0  1 -3  5  0  1 -1 -2 -1  0  0 -1 -2  0 -1 -2  1 -1    3   3   4   9   0  37   1  10   0   0   5   4   3   3   0   4   3   0   6   6  0.30 0.22
   62 V    0 -3 -3 -3 -1 -3 -2 -3 -4  1 -1 -1  1 -3 -1 -1  1 -4 -3  5    9   1   0   2   1   0   2   1   0   5   2   4   3   0   3   4   7   0   0  56  0.58 0.34
   63 R   -2  4 -2 -2 -2  0  0 -1  1 -4 -3  5 -3 -3 -3 -1 -2 -4 -3 -3    1  28   1   1   1   3   5   4   3   0   1  44   0   1   0   3   1   0   0   1  0.80 0.40
   64 F    0 -1  0  0 -2  0  0 -2  0  0  1 -2  0  2  2  0 -1  1  1  0    8   2   4   6   0   3   5   2   2   6  16   0   1  13  11   8   3   2   5   4  0.10 0.10
   65 L    0 -2 -3 -1  0 -3 -1 -4 -3  3  0 -3  0  1  0 -2 -2 -3 -1  4    5   2   0   5   2   0   3   0   0  21   6   0   2   7   4   0   0   0   2  38  0.35 0.25
   66 T   -1 -1  0 -3  1 -2 -2 -3 -3  0  0  0  0 -1  0  0  5 -3 -3 -1    4   2   4   0   3   0   0   0   0   5  12   5   2   2   5   6  46   0   0   2  0.41 0.30
   67 G   -1 -2  0  1  1 -2 -1  5  1 -4 -4  1 -3 -4 -3 -1 -1 -4 -3 -4    4   0   4   8   3   0   3  55   5   0   1   8   0   0   0   4   4   0   0   0  0.73 0.33
   68 Q    0  0  2 -2  4  0  0 -1 -2 -2 -1  3  1 -1  1  0  0 -3 -2 -1    8   4  12   0  10   4   4   4   0   0   4  22   4   3   6   5   4   0   0   4  0.20 0.19
   69 K   -2  1  1  1 -4  1  0 -1 -2 -3 -2  4 -3  0 -3  0  0 -4 -3 -3    1   6   6   9   0   5   6   5   0   0   5  38   0   5   0   7   7   0   0   0  0.40 0.28
   70 I   -2 -4 -4 -5 -3 -4 -4 -5 -4  6  2 -4  1 -2 -4 -4 -1 -4  0  3    2   0   0   0   0   0   0   1   0  51  14   0   3   0   0   1   3   0   3  19  0.89 0.39
   71 L   -1 -2 -1 -2 -3 -1 -1  0 -3 -1  3  1  0 -1 -3  1  2 -3 -3 -1    2   0   2   2   0   2   3   8   0   0  36   9   2   1   0  10  19   0   0   4  0.25 0.24
   72 R   -1  5 -2  0 -4  3  1 -2 -1 -3 -3  2  0 -4 -3 -1 -1 -4  0 -3    4  39   0   6   0  12  10   2   1   1   2   9   2   0   0   3   2   0   4   1  0.58 0.33
   73 I   -1 -4 -4 -4 -3 -4 -4 -4 -4  6  0 -1  0  1 -4 -1 -1 -4 -1  2    4   0   0   0   0   0   0   1   0  59   5   4   2   6   0   4   2   0   2  10  0.85 0.41
   74 L   -3 -4 -4 -4  0 -4 -2 -2 -4  1  5 -4  3  0 -4 -4 -3 -3 -3  0    1   0   0   0   2   0   4   4   0   5  66   0   7   3   0   1   0   0   0   5  0.85 0.42
   75 K    0  2  0 -1 -4  0  2 -2 -2 -4 -4  5  0 -4 -3 -1 -2 -4 -3 -3    8  10   3   2   0   2  17   2   0   0   1  46   2   0   0   2   2   0   0   2  0.69 0.38
   76 K    1  0  0  0  1  0  2  0  1 -1 -2  1  0 -3 -1  1 -1 -3  0 -1   12   3   5   5   3   3  15   6   3   3   4   8   3   0   3  14   3   0   3   3  0.12 0.14
   77 N    0  1  1 -1 -2  1  0  0  2 -1  0  1  1 -2 -2  0  0 -2  1  0    7   7   7   0   0   7   7   7   7   0   7   7   7   0   0   7   7   0   7   7  0.08 0.12
   78 G    0  1  2  1 -2  0  1  1  2 -3 -3  1 -2 -3 -2  1  1 -3 -2 -2   10  10   9  10   0   0  10  10   9   0   1  10   0   0   0  10  10   0   0   1  0.20 0.10
   79 C    0 -1 -1 -3  1  0  0 -3  0  0  2 -2  1  0  2 -1 -1  2 -2  1   10   3   3   0   3   3   6   0   3   4  24   0   3   3   9   4   3   3   0  12  0.13 0.14
   80 A    3  0 -1  0 -3  0  1  0 -1 -2 -2  1 -1 -1 -1  0  0 -3  0 -1   34   5   2   4   0   2   9   6   1   1   2  11   1   3   2   4   4   0   3   4  0.21 0.17
   81 P   -1 -3 -1 -1 -4 -1 -1 -1 -3 -1 -2 -2 -1 -1  7  0 -1 -4 -2 -3    5   1   3   3   0   3   3   4   0   4   4   2   2   3  50   7   3   0   2   1  0.96 0.37
   82 Q    0  0  0  2 -3  1  3 -1  0 -1 -2  1 -2 -3  0  0  0 -3 -2 -1    5   3   3  12   0   4  31   4   3   3   4  11   0   1   4   5   4   0   1   4  0.23 0.09
   83 L   -2 -3 -3 -3 -2 -3 -3 -3 -3  4  2 -3  2  1 -3 -2 -1 -2  1  3    1   1   1   1   0   1   1   1   0  36  18   1   5   5   1   1   1   0   6  21  0.39 0.16
   84 P   -2  0 -3 -2 -3 -2 -2 -3 -3 -3 -1  0 -3 -4  7  0 -2 -4 -3 -3    1   6   1   1   0   1   1   1   0   1   7   7   0   0  66   6   1   0   0   1  1.38 0.31
   85 E   -3 -2 -2  0 -5  0  6 -3  0 -2 -4  0 -3 -2 -3 -2 -3  0 -1 -1    1   0   0   3   0   0  71   2   2   2   1   5   0   2   0   1   0   2   2   5  1.03 0.39
   86 D   -3 -3  2  7 -5  1  1 -3 -3 -4 -5 -2 -4 -5 -3 -2  0 -5 -4 -4    1   0   7  73   0   6   4   1   0   0   1   0   0   0   0   1   5   0   0   1  1.38 0.42
   87 L   -3 -3 -4 -4 -3 -3 -4 -4  0  2  5 -3  2  0 -4 -2 -2 -3 -2  0    1   0   0   0   0   0   0   1   3  11  67   0   4   2   0   3   0   0   0   4  0.75 0.29
   88 Y   -2  0 -1 -1 -3  0 -1 -3  0 -1 -1 -1  2  1  0 -1 -1  2  6 -2    2   6   3   3   0   4   5   1   1   4   3   2   6   4   5   3   2   2  42   2  0.52 0.25
   89 F    0 -1  4  1  0  1 -1 -2  4 -3 -3  0  0  1 -3  0 -1 -1  2 -3    7   2  24   7   3   6   1   1  15   0   1   6   3   7   0   8   1   1   8   1  0.33 0.18
   90 L   -3 -3 -4 -4  1 -3 -4 -4 -4  1  5 -4  2 -1 -4 -4 -3 -3 -3 -1    1   0   0   0   2   0   1   1   0   5  80   1   5   0   0   1   1   0   0   1  1.01 0.34
   91 I    0 -3 -3 -4 -2 -2 -3 -3 -3  3  1 -3  5  1 -3 -2 -2 -2  1  2    7   1   0   1   0   0   1   1   0  21   8   1  26   7   1   1   1   0   7  18  0.44 0.22
   92 K    0  2  0  0 -3  1  2 -1  1 -2 -2  3  0 -3 -2  0 -1 -3 -2 -1    5  10   4   5   0   5  13   5   4   1   1  30   4   0   1   5   1   0   0   6  0.27 0.14
   93 K   -2  3  0 -2 -4  2  0 -3 -1 -3 -2  5 -2 -3 -2 -1  0 -3 -3 -3    0  19   4   0   0   8   4   0   0   0   4  49   0   0   0   0   5   0   0   0  0.54 0.24
   94 A    5 -3 -3 -3  1 -2 -2  0 -3 -1 -3 -2 -2 -3 -2  1 -2 -3  1 -1   69   0   0   0   3   0   0   6   0   4   0   0   0   0   0   6   0   0   6   3  0.72 0.34
   95 L   -1 -1  0 -2 -2 -1 -1 -3 -3  2  1 -1  0 -2 -3 -2  0 -3 -1  4    4   3   7   2   0   2   3   1   0  10  14   5   2   0   0   1   4   0   2  42  0.25 0.17
   96 S    2  3  3 -1 -2  0 -1  0  0 -2 -2  1 -1 -3 -2  1  0 -3 -1 -2   20  18  17   0   0   2   2   7   1   2   2   5   2   0   0  13   3   0   2   2  0.22 0.14
   97 I   -1 -3 -3 -4 -2 -2 -3 -4  1  3  2 -3  4 -1 -3 -2 -1 -3 -2  3    3   0   0   0   0   0   0   1   6  20  25   0  15   0   0   1   3   0   0  25  0.43 0.21
   98 R   -2  6  0 -3 -4  2  0 -3  2 -1 -2  0  0 -4 -3 -1 -2 -4 -1 -3    2  55   3   0   0  11   3   1   4   5   3   2   2   0   1   4   0   0   1   1  0.80 0.34
   99 K    0  1  0 -1 -4  0  1 -3 -2 -2 -3  5 -1 -4 -3  0 -1 -4 -3 -2    7   6   3   2   0   2   9   0   0   3   2  53   1   0   0   6   2   0   0   2  0.62 0.31
  100 H   -4 -2  0 -4 -5 -1 -3 -5 11 -6 -5 -3 -4 -1 -5 -4 -4 -5 -1 -5    0   2   3   0   0   2   0   0  87   0   0   0   0   3   0   0   0   0   0   0  2.67 0.73
  101 L   -2 -4 -4 -5 -3 -1 -4 -2 -4  1  5 -4  3 -1 -3 -4 -3 -3 -3  1    1   0   0   0   0   3   0   3   0   7  65   0   8   1   1   0   0   0   0   8  0.77 0.33
  102 E   -1 -1  0  1 -4  2  5 -1 -2 -4 -2  1 -2 -3 -3  0 -1 -4 -3 -2    5   1   4   6   0   8  47   3   0   0   4  10   1   1   0   5   2   0   0   2  0.57 0.28
  103 K   -1  4 -1 -1 -3  1  2 -2  0 -1 -1  2 -2 -3 -3  0 -1 -4 -3 -1    4  32   2   2   0   6  17   1   2   3   7  10   0   0   0   4   3   0   0   5  0.35 0.19
  104 N    0 -2  6 -1 -3  1 -2 -2  3 -3 -3 -2 -3  1 -3  0  0 -3  2 -3    8   0  45   1   0   6   1   1  10   0   1   1   0   6   0   6   6   0   7   1  0.59 0.28
  105 R   -1  4  1  0 -3  1 -1 -1  1 -3 -2  2 -2 -3  2  0  0 -3 -2 -3    5  29   5   4   0   5   1   5   5   0   5  12   0   0  13   5   5   0   0   1  0.33 0.16
  106 K    0  1  1 -1  3  1  1  0  2 -2 -2  1  1 -3 -2  1  1 -3 -2 -2    8   8   8   0   8   8   8   8   8   0   1   8   8   0   0   8   8   0   0   0  0.17 0.14
  107 D   -3 -3  1  7 -4 -2  1 -3 -3 -4 -5 -3 -4 -5 -3  0  0 -5 -4 -4    1   1   6  66   0   0   9   1   0   1   1   1   0   0   1   6   6   0   0   1  1.31 0.46
  108 K   -1  2  0 -2  0  0  0 -2  1 -1 -1  4  0 -1 -2 -1 -1 -3  0 -1    4  10   3   1   2   3   4   3   4   4   5  38   3   2   1   3   3   0   3   6  0.29 0.20
  109 D   -1  0  1  5 -4  2  0 -2  5 -3 -3 -1 -3 -4 -2  0 -1 -4 -1 -3    4   4   7  34   0   8   2   2  20   1   2   2   0   0   2   5   3   0   2   2  0.61 0.30
  110 S    3 -2  4 -2  0 -1 -2 -1 -2 -3 -4 -2 -3 -2 -3  3  0 -4 -3 -2   24   0  28   0   2   2   1   3   0   0   1   0   0   2   0  27   6   0   0   2  0.58 0.33
  111 K   -2  2 -2 -3 -4 -1 -1 -2 -3 -1 -3  6  0 -4 -3 -2 -1 -4 -4 -1    2   9   0   0   0   1   2   2   0   3   2  64   3   0   0   2   4   0   0   4  0.94 0.43
  112 Y   -2  4 -2 -3 -3 -1 -2 -3  2  0 -1  1 -1  4 -3 -1  0 -2  2 -1    1  31   0   0   0   0   1   1   5   5   5   7   0  21   0   5   5   0   7   5  0.35 0.22
  113 R    0  3  0 -2  1  1 -1  2  3 -3 -2  0 -2 -3  0  0 -2  2 -2 -3    6  24   4   0   4   5   1  20  11   0   5   5   0   0   4   5   0   4   0   1  0.29 0.18
  114 L   -2 -1 -4 -4 -3 -2 -4 -4 -4  0  5 -3  1 -2 -2 -2 -3 -3 -1 -1    2   4   0   0   0   2   0   1   0   2  76   0   2   0   2   2   0   0   2   2  0.87 0.39
  115 I   -2 -1 -1 -1 -3  4  0 -3  1  4 -1  0  1 -1 -3 -2 -1 -3 -2  0    2   2   3   2   0  23   5   2   3  36   3   5   4   3   0   0   2   0   0   3  0.36 0.27
  116 L   -3 -3  0 -1 -1 -1 -1 -4  1  0  4 -2  0  0 -2 -2 -2 -3 -2  0    1   0   7   4   1   4   4   1   3   4  60   2   0   3   2   2   0   0   0   3  0.46 0.28
  117 V   -1 -3 -1 -4  0 -3 -3 -4 -4  5  1 -3  1 -2 -3 -2  2 -4 -3  2    4   0   4   0   2   0   0   1   0  46  10   0   3   0   0   0  14   0   0  13  0.56 0.29
  118 E   -2 -2 -1  1 -4  1  6 -3 -2 -1 -3  0  3 -4 -3 -1 -1 -4 -3 -3    1   0   2   4   0   5  65   1   0   4   1   2   9   0   0   2   3   0   0   0  0.94 0.42
  119 S    1 -2  1 -1 -3 -2 -2 -2 -2 -4 -4 -2 -3 -4 -2  6 -1 -4 -3 -3   11   0   6   3   0   0   1   1   0   0   1   1   0   0   0  73   1   0   0   1  0.94 0.41
  120 R   -1  1  1 -2  3  1 -1 -2  3 -3 -2  1 -2 -1 -2  1  1  5  2 -2    1  10   9   0   9   9   1   1   9   0   1  10   0   0   0  10  10   9   9   1  0.29 0.16
  121 I   -2 -3 -3 -3 -2 -3 -3 -4 -3  5  2 -3  3 -1 -3 -3 -1 -3 -2  2    1   1   1   1   0   1   1   1   0  58  12   1  10   0   1   1   1   0   0  11  0.58 0.20
  122 H   -1  1  1 -2 -3  1 -1  1  3 -2 -1  1 -1 -1 -2  0 -1  5  2 -2    1  10   9   0   0   9   1  10   9   0  10  10   0   0   0  10   1   9   9   1  0.21 0.13
  123 R   -2  7 -1 -2 -4  1 -1 -3  2 -4 -3  2 -2 -4 -3  0 -2 -3 -2 -3    1  71   0   1   0   5   1   1   4   0   1   6   0   0   0   7   1   0   0   1  1.00 0.28
  124 L   -2 -3 -3 -3  2 -2 -3 -3 -3  1  4 -3  2 -1 -3 -1 -2 -2 -2  1    1   1   1   1   4   1   1   1   0   5  65   1   4   0   1   4   1   0   0   8  0.49 0.17
  125 S    2 -2 -2 -1 -1 -1 -1 -1 -2  2  0 -2  0 -2 -2  1  0 -3 -2  2   32   1   1   3   0   1   3   4   0  16   4   1   3   0   1  11   4   0   0  16  0.16 0.10
  126 R   -1  4  0  0  0  0  0 -2  0 -3 -3  3 -2 -3 -2  0 -1 -3 -1 -1    2  36   3   4   2   2   3   1   2   1   1  27   0   0   1   5   3   0   2   4  0.45 0.18
  127 Y   -3 -3 -3 -4 -4 -3 -3 -4  3 -3 -3 -3 -3  1  0 -3 -3  0  9 -3    1   1   0   1   0   0   1   1   8   1   1   1   0   0   5   1   1   0  77   1  1.63 0.39
  128 Y   -3 -3 -3 -4 -4 -3 -3 -4  3 -3 -2 -3 -2  2 -4 -3 -3  0  9 -3    1   1   1   1   0   1   1   1   5   1   1   1   0   4   1   1   1   0  79   1  1.66 0.36
  129 K   -1  3 -1 -2 -3  1  0 -2  1 -2 -3  5 -2 -3 -2 -1 -1 -3 -2 -2    2  18   1   1   0   4   2   1   3   2   1  55   0   0   1   3   2   0   0   3  0.62 0.20
  130 L   -1  3 -1 -1 -3  0  1  1 -1 -2 -3  2 -2 -4 -2  0  3 -4 -3 -2    3  22   2   2   0   2   7  11   1   1   1  16   0   0   1   4  26   0   0   1  0.34 0.17
  131 N   -1  1  2  1 -1 -1  1 -3 -2  0 -3  4 -2 -4 -2  1  2 -4 -3  0    2   5  10   6   1   0   6   0   0   7   0  34   0   0   0   8  14   0   0   7  0.30 0.17
  132 Q   -1  2  0 -2 -2  3  0  4 -1 -4 -2  2  0 -3 -3 -1 -2 -4 -3 -3    2  13   2   1   1  14   6  34   1   0   4  15   3   1   0   2   1   0   0   0  0.43 0.20
  133 K   -1  2 -1 -3 -3  1 -1 -3 -2  2 -1  2 -1 -2 -3 -1 -1 -3 -2  3    4  14   3   0   0   8   2   1   0  15   2  17   1   0   0   1   2   0   1  28  0.26 0.18
  134 L   -3 -4 -5 -5 -3 -4 -5 -5 -5  3  5 -4  2 -2 -1 -4 -3 -4 -3  0    0   0   0   0   0   0   0   0   0  17  74   0   3   0   3   0   0   0   0   3  1.02 0.35
  135 P    0 -4 -3  1 -5 -2 -1 -3 -4 -5 -4 -2 -5 -6  8 -1 -3 -6 -5 -4    8   0   1   7   0   1   4   1   0   0   1   1   0   0  72   3   1   0   0   1  1.82 0.49
  136 P    1 -2 -2 -2 -4  1  1 -2 -2 -3 -4  1 -2 -5  6  0  0 -5 -3 -3   13   1   1   1   0   8   8   3   1   1   1   8   1   0  43   6   5   0   1   1  0.83 0.30
  137 K   -2 -3  5  4 -4 -1  0  0 -2 -4 -5 -1 -4 -4 -3  0  2 -5 -4 -3    1   0  38  26   0   1   5   5   0   0   0   2   0   1   0   4  14   0   0   2  0.81 0.34
  138 W   -6 -6 -7 -7 -6 -5 -6 -3 -5 -3 -3 -6 -4  4 -7 -6 -5 12  0 -5    0   0   0   0   0   0   0   2   0   1   2   0   0  18   0   0   0  73   2   0  3.16 0.75
  139 K   -2  2 -2 -3 -5  0  1 -4 -3 -4 -4  6 -3 -2 -3 -1  2 -5 -2 -1    1   8   1   0   0   2   6   0   0   0   0  59   0   2   0   2  14   0   1   5  0.85 0.37
  140 Y   -4 -4 -4 -6 -5 -4 -5 -6  4 -4 -3 -4 -4  1 -2 -4 -3 -1  9 -4    0   0   0   0   0   0   0   0  10   0   1   0   0   1   2   0   1   0  85   0  2.28 0.61
  141 N   -2 -1  0  3 -4  1  4 -2 -2 -3 -4  2 -3 -4 -1  1  1 -5 -4 -2    0   1   4  16   0   6  35   1   0   1   0  11   0   0   1  14   8   0   0   2  0.53 0.24
  142 A    0 -1 -2 -3 -1 -2 -2 -3 -1 -2 -2 -2 -3 -1  4  4 -1 -3  3 -3    7   3   1   0   1   0   0   0   1   2   3   0   0   2  23  46   0   0  12   0  0.71 0.33
  143 Q    2 -1  0  1 -3  1  3 -2 -2 -3 -2 -1 -2 -1 -2  2  0 -4 -3 -1   18   2   3   8   0   4  23   0   0   1   3   2   0   3   0  24   6   0   0   3  0.32 0.19
  144 T   -1 -1  1 -2 -3  0 -1 -3 -2 -1 -2  0 -2 -3 -3  0  5 -4 -3  1    2   3   7   1   0   4   3   0   0   3   3   6   0   0   0   5  54   0   1   9  0.59 0.31
  145 A    6 -4 -4 -1 -3 -3 -3 -2 -4 -3 -2 -3 -2 -3 -3  0 -2 -5 -4 -2   87   0   0   3   0   0   0   1   0   0   4   0   1   1   0   3   0   0   0   1  1.27 0.48
  146 S    0  1 -1 -1 -3  1  2 -2 -2 -3 -3  1 -3 -3 -3  4 -1 -4 -3 -1    7   7   0   0   0   5  15   1   0   0   1   9   0   1   0  45   0   0   0   6  0.47 0.27
  147 A    3 -3 -2 -1 -2 -1  1 -3 -1  0  2 -2  1 -1 -3  0  2 -3 -2  0   29   0   1   2   0   1  11   0   2   5  22   0   4   1   0   2  17   0   0   2  0.24 0.18
  148 L   -2 -3 -3 -5  0 -3 -5 -5 -5  1  5 -4  2 -1 -5 -4 -3 -4 -3  0    2   1   1   0   2   1   0   0   0   5  82   0   4   1   0   0   0   0   0   2  1.02 0.35
  149 V   -2 -4 -5 -5 -3 -4 -4 -5 -5  3  2 -4  0 -2 -4 -4 -2 -4 -3  5    1   0   0   0   0   0   0   0   0  16  22   0   1   0   0   0   0   0   0  60  0.90 0.32
  150 Q   -1  1  2  1 -3  1  3 -2 -1 -4 -4  2 -3 -4 -2  3 -1 -4 -3 -3    0   5  11   4   0   5  27   0   0   0   0  15   0   0   0  33   0   0   0   0  0.50 0.16

                      K         Lambda
Standard Ungapped    0.1360     0.3198
Standard Gapped      0.0484     0.2670
PSI Ungapped         0.1580     0.3142
PSI Gapped           0.0484     0.2670
