
Last position-specific scoring matrix computed, weighted observed percentages rounded down, information per position, and relative weight of gapless real matches to pseudocounts
           A  R  N  D  C  Q  E  G  H  I  L  K  M  F  P  S  T  W  Y  V   A   R   N   D   C   Q   E   G   H   I   L   K   M   F   P   S   T   W   Y   V
    1 F   -3 -3 -4 -5 -3 -3 -4 -4 -3  3  1 -3  7  5 -4 -3 -2 -2  1  0    0   0   0   0   0   0   0   0   0  17   3   0  44  33   0   0   0   0   3   0  0.87 0.21
    2 H   -4 -2  8 -2 -6  0 -3 -3  5 -6 -6 -3 -5 -6 -5 -2 -2 -6 -4 -6    0   1  78   0   0   3   0   0  17   0   0   0   0   0   0   0   1   0   0   0  1.93 0.54
    3 E   -1 -3 -4 -1 -3 -2  1 -4 -4 -1 -3 -1 -4 -5  7 -2 -2 -6 -5  0    4   1   0   3   0   1  11   0   0   3   2   3   0   0  59   2   1   0   0  10  1.34 0.39
    4 M   -5 -5 -5 -7 -4 -4 -6 -6 -5 -2 -1 -4 11 -3 -6 -5 -4 -2 -5 -3    0   0   0   0   0   0   0   0   0   0   2   1  96   0   0   0   0   1   0   0  2.98 0.80
    5 R   -3  6 -1 -3 -5  3  0 -4 -3 -4 -1  2 -2 -4 -4 -2 -1  0 -3 -4    1  58   2   0   0  11   4   0   0   0   7  10   1   0   0   1   3   2   0   0  1.02 0.38
    6 E   -2  1 -1  2 -4  2  5 -3 -2 -1 -3  2 -3 -4 -3 -1 -1 -5 -4  0    2   6   2   8   0   6  42   1   0   4   0  13   0   0   0   2   3   0   0  10  0.54 0.26
    7 P   -3 -5 -5 -5 -4 -4 -4 -5 -5  4  2 -4 -1 -3  6 -4 -3 -5 -4  2    0   0   0   0   0   0   0   0   0  30  21   0   1   0  37   0   0   0   0  11  1.08 0.36
    8 R   -2  6 -2 -3 -3  0 -1 -4  2 -2 -3  4 -1 -1 -4 -1 -1 -4 -1 -1    1  45   0   0   0   3   2   0   5   2   1  24   1   3   0   4   3   0   2   4  0.72 0.30
    9 I   -4 -5 -6 -6 -4 -5 -6 -6 -6  7  1 -5 -1 -3 -5 -5 -3 -5 -4  3    0   0   0   0   0   0   0   0   0  71  10   0   0   0   0   0   0   0   0  19  1.41 0.44
   10 E    0  2  0  2 -1  2  4 -1  0 -4 -4  0 -2 -3 -3 -1  0 -2 -3 -3    9  10   2  14   2   9  37   3   2   0   0   2   1   1   0   3   4   1   0   1  0.48 0.23
   11 K   -3 -1 -3 -4 -6 -1 -2 -5 -4 -6 -6  8 -4 -6 -4 -2 -4 -6 -5 -5    1   0   0   0   0   0   0   0   0   0   0  98   0   0   0   1   0   0   0   0  2.09 0.63
   12 V   -1 -5 -5 -5 -3 -4 -5 -5 -5  3  3 -4 -1 -2 -5 -4 -2 -4 -3  5    3   0   0   0   0   0   0   0   0  14  35   0   0   0   0   0   0   0   0  47  0.91 0.34
   13 V   -2 -5 -4 -5  6 -4 -4 -5 -5  0 -2 -4 -1 -4 -4 -2  4 -5 -4  5    1   0   0   0  19   0   0   0   0   2   0   0   1   0   0   2  26   0   0  50  1.05 0.40
   14 V   -2 -5 -5 -5 -3 -4 -5 -6 -5  3  4 -4  0 -2 -5 -4 -2 -4 -3  5    1   0   0   0   0   0   0   0   0  19  39   0   0   0   0   0   0   0   0  41  0.92 0.33
   15 H   -4 -3  8 -1 -6 -3 -3 -4  6 -6 -6 -3 -5 -6 -5 -1 -3 -7 -4 -6    0   0  79   1   0   0   0   0  17   0   0   0   0   0   0   3   0   0   0   0  2.03 0.59
   16 M   -4 -5 -5 -6  2 -4 -5 -6 -5  6 -1 -5  7 -1 -5 -4 -2 -5 -4  1    0   0   0   0   4   0   0   0   0  57   1   0  31   2   0   0   1   0   0   4  1.39 0.48
   17 G   -1 -5 -2 -4  7 -4 -4  6 -4 -5 -5 -4 -5 -5 -4  2 -3 -5 -5 -5    4   0   1   0  24   0   0  57   0   0   0   0   0   0   0  14   0   0   0   0  1.40 0.44
   18 I   -2 -5 -5 -6 -2 -5 -5 -4 -6  1 -1 -5 -2 -3 -4 -3 -1 -5 -4  7    2   0   0   0   1   0   0   1   0   4   4   0   0   0   0   1   3   0   0  84  1.41 0.49
   19 G   -3 -4 -3 -4 -6 -5 -3  7 -5 -7 -7 -5 -6 -6 -5 -3 -5 -6 -6 -6    0   1   0   0   0   0   1  98   0   0   0   0   0   0   0   0   0   0   0   0  2.28 0.62
   20 H   -2 -1 -2  0 -6  3  7 -4 -2 -6 -5  0 -4 -6 -4 -2 -2 -6 -5 -5    2   2   0   2   0  11  74   1   1   0   0   4   0   0   0   2   1   0   0   0  1.41 0.50
   21 A    3 -3 -1 -3 -3 -3 -2  2 -4 -4 -5 -2 -4 -5 -1  5 -1 -5 -4 -2   27   0   2   0   0   0   1  14   0   0   0   0   0   0   2  51   1   0   0   2  0.85 0.39
   22 N   -2  0  1 -3 -5 -2 -3  5 -4 -5 -5  5 -4 -5 -4 -2 -2 -5 -5 -4    1   3   7   0   0   0   0  50   0   0   0  35   0   0   0   1   1   0   0   1  1.09 0.40
   23 A    7 -4 -4 -4 -3 -4 -3  0 -4 -3 -4 -4 -4 -5 -4 -1 -3 -5 -5 -3   90   0   0   1   0   0   1   4   0   1   0   0   0   0   0   1   0   0   0   1  1.55 0.55
   24 E    3 -2 -2 -1 -2  0  3 -2 -3 -1 -2  0  0 -3 -3  0 -2 -4  0  0   36   1   0   2   0   3  27   2   0   2   2   5   3   0   0   5   1   0   3   7  0.40 0.25
   25 D   -1  2  0  1 -5  0  1 -2 -2 -3 -4  6 -1 -5 -3 -1  0 -5 -4 -4    4   8   4   6   0   2  10   2   0   1   1  53   1   0   0   3   4   0   0   0  0.72 0.32
   26 I   -1 -4 -4  0 -3 -4 -2 -5 -5  3  2 -4  0 -3 -4 -3 -2 -4 -3  5    3   0   0   7   0   0   2   0   0  17  17   0   2   0   0   0   1   0   0  50  0.72 0.31
   27 L   -4 -5 -6 -6 -4 -4 -5 -6 -5  2  6 -5  3 -2 -5 -5 -3 -4 -3  0    0   0   0   0   0   0   0   0   0  10  78   0   7   0   0   0   0   0   0   4  1.26 0.43
   28 G   -2 -1 -3  0 -5  1  6 -2 -2 -4 -4  1 -3 -5 -4 -1 -2 -5 -4 -4    2   1   0   3   0   6  69   3   0   1   1   6   1   0   0   4   2   0   0   1  1.14 0.43
   29 E    0 -1  0  0 -4  5  3 -3  0 -3 -1  0  1 -4 -3 -1  0 -4 -4 -3    8   2   3   3   0  35  23   0   1   1   5   5   4   0   0   3   6   0   0   1  0.59 0.30
   30 I   -4 -5 -6 -6 -4 -5 -5 -6 -5  5  5 -5  1 -2 -5 -5 -3 -4 -3  1    0   0   0   0   0   0   0   0   0  35  57   0   2   0   0   0   0   0   0   6  1.15 0.40
   31 T    0 -4 -3 -4 -2 -3 -3 -4 -4 -3 -4 -2 -2 -2 -4  2  7 -5 -4 -1    5   0   0   0   1   0   0   0   0   1   0   1   0   1   0  15  70   0   0   4  1.25 0.49
   32 G   -2 -4 -1  0 -5 -3 -1  7 -2 -5 -6 -1 -4 -6 -5 -2 -4 -5 -5 -5    1   0   2   6   0   0   4  80   1   0   0   3   0   0   0   1   0   0   0   0  1.53 0.47
   33 Q   -2 -1 -2 -3 -4  8 -1 -4  1 -5 -3  0 -1 -6 -4 -2 -4 -5 -4 -3    3   1   1   0   0  78   1   0   3   0   2   4   2   0   0   2   0   0   0   1  1.69 0.60
   34 M   -2 -1 -1 -1 -4  2  1 -3 -2 -4 -4  5 -3 -5 -3  0  4 -5 -4 -3    2   1   1   2   0  11   8   0   0   0   0  43   0   0   0   4  27   0   0   0  0.79 0.36
   35 P   -1 -5 -5 -4 -2 -4 -4 -4 -5 -4 -5 -4 -5 -6  8  0 -2 -6 -6 -2    5   0   0   0   1   0   0   1   0   0   0   0   0   0  79   8   1   0   0   4  2.19 0.60
   36 V   -1 -4 -4 -5  0 -2 -4 -5 -5  2 -1 -4  0 -2 -5 -1 -1 -5 -3  6    2   0   1   0   2   2   0   0   0   8   3   0   1   1   0   5   2   0   0  72  1.03 0.41
   37 R   -2  4 -3 -4 -4  0 -2 -3 -1  0 -1  0 -2  4 -2 -3 -1 -2  2  0    2  29   0   0   0   4   1   1   1   7   6   4   0  25   2   0   4   0   8   6  0.46 0.24
   38 T   -2  2 -2 -3 -1 -3 -3 -2 -3 -4 -4 -2 -3 -5 -4  4  5 -5 -4 -3    1  12   0   0   1   0   0   2   0   0   0   0   0   0   0  36  45   0   0   0  0.99 0.44
   39 K   -2  2 -1 -2 -4  0  0 -3 -1  0 -1  5 -2 -1 -3 -2  0 -4  1 -2    0  11   2   1   0   3   5   0   1   7   7  45   1   2   0   1   7   0   5   2  0.48 0.26
   40 A    6 -4 -4 -4 -1 -3 -3 -1 -4 -4 -4 -3 -4 -5 -4  2 -1 -5 -5 -3   77   0   0   0   1   0   0   3   0   0   0   0   0   0   0  17   2   0   0   0  1.29 0.50
   41 K   -3  6 -2 -4 -6 -1 -1 -2  0 -5 -5  6 -4 -6 -4 -3 -2 -5 -4 -4    1  40   1   0   0   1   2   3   2   0   0  48   0   0   0   0   2   0   0   0  1.26 0.45
   42 R   -2  3 -2 -3 -4  1 -1 -3 -1 -1 -1  3 -1  0 -3 -2 -1 -2  5 -1    2  15   1   0   0   6   2   1   1   3   5  26   2   3   1   1   2   0  27   4  0.50 0.27
   43 T   -1 -1 -3 -3 -4 -2 -3 -4 -4 -2 -4 -3 -3 -5 -3  2  7 -5 -4 -2    4   3   0   1   0   1   0   0   0   1   0   0   0   0   0  14  75   0   0   1  1.37 0.53
   44 V   -2 -3  2 -3 -3  0 -1 -4 -4  4  0 -3  1 -3 -4 -2 -2 -5 -3  4    2   0  13   0   0   5   4   0   0  30   7   0   2   0   0   1   0   0   0  34  0.54 0.28
   45 G    0  6 -3 -4 -5  0 -2 -3 -3 -5 -5  2 -2 -5  4 -2 -3 -5 -4 -4    9  54   0   0   0   3   1   2   0   0   0  10   1   0  20   1   1   0   0   0  1.14 0.42
   46 E    1 -2  1  3 -3  0  2  0 -2 -4 -4 -2 -3 -4 -2  3  2 -5 -4 -3   10   0   6  19   0   4  13   8   0   0   0   1   0   0   1  26  12   0   0   0  0.46 0.24
   47 F   -5 -6 -6 -7 -6 -6 -6 -6 -5 -3  0 -6 -3  9 -7 -6 -5  5  0 -4    0   0   0   0   0   0   0   0   0   0   7   0   0  84   0   0   0   8   1   0  2.33 0.64
   48 D   -2 -3  1 -1 -5 -3 -3  6 -3 -6 -6  1 -5 -6 -4  0 -3 -5 -5 -6    1   0   7   2   0   0   1  73   1   0   0  10   0   0   0   5   0   0   0   0  1.39 0.45
   49 I   -3 -5 -5 -6 -4 -5 -6 -5 -6  7  1 -4 -1 -3 -5 -5 -1 -5 -4  2    1   0   0   0   0   0   0   1   0  76   7   1   0   0   0   0   3   0   0  11  1.41 0.47
   50 R   -4  8 -3 -5 -7 -2 -3 -5 -1 -6 -4  2 -4 -6 -5 -3 -4 -6 -5 -6    0  89   0   0   0   0   0   0   1   0   1   8   0   0   0   1   0   0   0   0  2.13 0.64
   51 E   -2  6 -3 -2 -5  1  2 -4 -2 -5 -3  4 -4 -5 -1 -2 -3 -5 -3 -4    2  43   0   1   0   6  11   0   0   0   2  31   0   0   3   1   0   0   0   1  1.00 0.38
   52 G   -3 -2  6 -2 -5 -3 -4  5 -2 -6 -6  0 -5 -6 -5 -2 -3 -6 -5 -6    0   2  38   0   0   0   0  52   0   0   0   6   0   0   0   0   0   0   0   0  1.38 0.47
   53 D   -1 -3 -3  2 -5  1  6 -3 -3 -4  0 -2  3 -3 -4 -2 -3 -1 -1 -4    6   0   0  10   0   6  54   1   0   0  10   0   8   0   0   1   0   1   2   0  0.80 0.37
   54 P   -2 -2  0 -3 -5 -1 -2 -4 -4 -5 -4  5 -4 -6  7 -2 -2 -6 -5 -5    3   0   4   0   0   1   2   0   0   0   1  37   0   0  48   2   2   0   0   0  1.43 0.47
   55 I   -4 -6 -4 -6 -4 -6 -6 -7 -6  8 -1 -6 -1 -3 -6 -5 -4 -6 -4  0    0   0   1   0   0   0   0   0   0  95   2   0   1   0   0   0   0   0   0   2  2.06 0.62
   56 G    4 -4 -3 -3 -4 -4 -4  5 -4 -5 -5 -3 -4 -5 -4  1 -3 -5 -5 -4   38   0   0   0   0   0   0  52   0   0   0   0   0   0   0   9   0   0   0   0  1.21 0.43
   57 A    2 -5 -5 -5  8 -5 -5 -5 -5 -1 -1 -5 -2 -4 -5 -3  0 -5 -4  4   15   0   0   0  35   0   0   0   0   1   5   0   0   0   0   0   7   0   0  37  1.19 0.43
   58 K   -1  0 -1 -3 -4 -1 -2 -4  7 -3 -4  5  1 -2 -4 -1 -3 -5  1 -3    4   2   2   0   0   1   0   0  28   1   0  47   4   1   0   3   0   0   5   1  1.03 0.42
   59 V   -2 -5 -5 -5  6 -5 -5 -6 -6  0 -2 -5 -2 -4 -5 -4 -1 -5 -3  6    2   0   0   0  17   0   0   0   0   1   1   0   0   0   0   0   3   0   1  75  1.46 0.51
   60 T   -3 -4 -2 -4 -4 -4 -4 -5 -5 -4 -5 -4 -4 -4 -4 -2  8 -6 -3 -3    0   0   1   0   0   0   0   0   0   0   0   0   0   0   0   0  96   0   1   1  2.09 0.69
   61 L   -3 -5 -6 -6 -3 -5 -5 -6 -5  2  5 -5  1 -2 -5 -4 -3 -4 -3  4    0   0   0   0   0   0   0   0   0  10  56   0   2   0   0   0   0   0   0  32  1.04 0.38
   62 R   -4  8 -2 -5 -7 -2 -3 -6 -1 -6 -6 -1 -5 -6 -5 -3 -4 -6 -5 -6    0  96   1   0   0   0   0   0   1   0   0   1   0   0   0   1   0   0   0   0  2.37 0.69
   63 D   -2  1 -2 -1 -5 -4 -3  7 -4 -6 -6 -1 -5 -6 -5 -2 -4 -5 -5 -6    1   8   1   3   0   0   1  81   0   0   0   3   0   0   0   1   0   0   0   0  1.61 0.49
   64 E    2 -1 -1  2 -4  1  4 -3 -2 -4 -4  2 -3 -5  2 -1 -2 -5 -4 -3   18   1   2  13   0   4  37   1   0   1   1  12   0   0   8   1   1   0   0   0  0.60 0.28
   65 M   -1  2  0  2 -5  0  0 -3 -1 -4 -4  6 -2 -5 -2 -2 -2 -5 -4 -4    4  11   4  11   0   2   5   1   1   1   0  56   1   0   1   1   2   0   0   1  0.85 0.36
   66 A    6 -4 -4 -4 -3 -4 -4 -3 -5 -2 -4 -4  3 -5 -4 -2 -2 -5 -5 -2   86   0   0   0   0   0   0   0   0   2   0   0   9   0   0   0   2   0   0   1  1.46 0.55
   67 E   -2  0 -2  0 -4  0  5 -3  1 -1 -1  0  1 -3 -3 -2 -2  2  3  0    2   5   0   3   0   2  44   1   3   3   5   4   5   0   0   1   1   3  10   6  0.50 0.28
   68 E   -2 -2  0  3 -6  1  6 -3 -2 -4 -5  1 -4 -6 -4 -2 -2 -1 -4 -5    3   1   3  14   0   5  60   1   1   1   0   8   0   0   0   2   2   1   0   0  1.06 0.41
   69 F   -3 -5 -6 -6 -4 -5 -6 -6 -4  4  1 -5 -1  7 -6 -5 -3 -3 -1  0    1   0   0   0   0   0   0   0   0  30  11   0   1  51   0   0   1   0   0   4  1.28 0.43
   70 L   -3 -5 -6 -6 -4 -5 -5 -6 -5  1  6 -5  0 -1 -4 -5 -4 -4 -3  0    1   0   0   0   0   0   0   0   0   4  88   0   0   1   1   0   0   0   0   4  1.41 0.47
   71 Q   -2  1  0  2 -5  1  5 -3 -2 -4 -4  3 -1 -4 -3 -1 -1 -5 -4 -4    2   6   3  10   0   3  45   0   0   1   1  22   2   0   0   3   2   0   0   0  0.74 0.32
   72 T   -2  5  0  0 -4 -1 -1 -4 -3 -4 -3  4  0 -5 -3 -1  2 -1 -4 -3    2  34   3   5   0   0   2   0   0   0   1  30   2   0   0   3  14   1   0   0  0.72 0.32
   73 A    4 -4 -3 -3 -1 -3 -3  4 -4 -2  0 -3 -1 -3 -3  0 -2 -4 -4  0   40   0   0   1   1   0   0  31   0   1  12   0   1   1   0   4   1   0   0   7  0.59 0.28
   74 L   -4 -5 -6 -6 -4 -5 -5 -6 -5  1  6 -5  0  3 -5 -5 -4 -3 -2 -1    1   0   0   0   0   0   0   0   0   5  77   0   1  14   0   0   0   0   0   2  1.23 0.42
   75 P    0  0 -1  0 -4  0  1 -2 -2 -2 -4  4 -3 -4  3  0  0  3  0 -2    6   4   2   5   0   2  11   1   0   2   0  34   0   0  13   4   5   5   3   2  0.42 0.22
   76 L    2 -1 -4 -4 -1 -3 -3 -2 -4  3  0 -3 -1 -2 -4 -2 -1 -4 -3  5   23   3   0   0   1   0   1   3   0  15   7   0   0   1   0   0   1   0   0  44  0.58 0.29
   77 A    1  3 -2 -3 -3 -1 -2 -3 -3  0 -2  4 -2 -2 -3 -1 -1 -4 -1  2   13  18   1   0   0   1   0   0   0   6   1  33   0   1   0   2   2   0   2  19  0.43 0.25
   78 E   -2  1  0  3 -5  0  5  1 -2 -5 -4  0 -4 -5 -3 -2 -2 -5 -4 -4    1   9   3  17   0   2  49  10   0   0   2   4   0   0   0   1   2   0   0   0  0.80 0.33
   79 L   -3 -4 -5 -5 -3 -4 -5 -5 -5  4  5 -4  0 -1 -5 -4 -3 -4 -2  2    0   0   0   0   0   0   0   0   0  24  60   0   0   1   0   0   0   0   1  12  0.99 0.35
   80 A   -1  3  1  0 -3 -1 -1 -2  0 -3 -2  3 -2 -2  2  2 -1 -1  1 -3    4  16   9   4   0   1   1   2   2   1   4  20   0   2  11  17   1   1   5   1  0.29 0.18
   81 T    2  2 -1  0 -3  1  1 -1 -1 -2 -3  2 -2 -3  1  1 -1  0 -1 -2   19  13   2   3   0   4  10   3   1   2   1  19   1   0   7   9   2   1   2   3  0.23 0.14
   82 S   -1  3  1 -1 -3 -1  0 -2  0 -4 -4  3 -3 -2 -3  3  0  0  2 -3    2  15   8   2   0   1   4   2   2   0   0  18   0   0   0  28   4   1  10   0  0.40 0.23
   83 Q   -1 -2  5 -2  2  4 -2 -2 -2 -4 -4 -1 -3 -4 -3  4 -2 -4 -2 -4    4   1  31   0   5  22   0   1   0   0   0   1   0   0   0  30   0   0   2   0  0.80 0.36
   84 F   -5 -4 -5 -4 -5 -5 -5 -6 -4 -1 -2 -5 -3  9 -6 -5 -5  0  0 -2    0   1   0   1   0   0   0   0   0   4   1   0   0  87   0   0   0   1   1   2  2.17 0.59
   85 D   -2 -3 -1  7 -3 -2 -1 -3 -3 -5 -5 -3 -4 -5 -2  4 -1 -5 -4 -4    1   0   1  58   0   0   0   1   0   0   1   0   0   0   1  31   3   0   0   0  1.25 0.43
   86 D    0  0  2  4 -3  1  2  1 -2 -3 -4  1 -3 -4 -2  0 -1 -4 -3 -3    6   5  10  24   0   5  14  13   0   1   0   9   0   0   1   5   4   0   0   0  0.39 0.17
   87 T   -1  2  1 -1 -3  1  0 -3  1 -2 -2 -1 -1  0 -3  0  4 -1  0 -2    2  12   8   1   0   7   7   0   3   1   3   1   1   4   0   5  37   1   4   1  0.36 0.23
   88 G   -3 -5 -3 -4 -1 -5 -5  7 -5 -6 -6 -4 -5 -6 -5 -3 -4 -5 -6 -6    0   0   0   0   1   0   0  96   0   0   0   0   0   0   0   0   0   0   0   0  2.22 0.60
   89 N   -4 -3  8 -1  2 -3 -2 -3 -2 -3 -6 -3 -5 -6 -5 -1 -1 -6 -4 -5    0   0  84   1   5   0   1   0   0   2   0   0   0   0   0   3   2   0   1   0  1.93 0.60
   90 F   -4 -5 -5 -5 -4 -5 -5 -5 -3 -1  1 -5  0  7 -5 -4 -4 -1  3  2    0   0   0   0   0   0   0   0   0   2  10   0   1  57   0   0   0   0  10  16  1.29 0.42
   91 S    1 -3 -2 -3  2 -3 -3  4 -3 -4 -4 -3 -4 -2 -3  4 -1 -4 -4 -4   10   0   1   0   4   0   0  37   0   0   0   0   0   2   0  43   1   0   0   0  0.88 0.36
   92 F   -5 -5 -6 -6 -4 -6 -6 -6 -4 -3 -1 -6  2  9 -6 -5 -4 -2  0 -4    0   0   0   0   0   0   0   0   0   0   3   0   4  88   0   0   0   0   1   0  2.29 0.62
   93 G   -3 -5 -3 -4 -5 -5 -5  7 -5 -7 -6 -4 -6 -6 -5 -3 -5  0 -6 -6    0   0   0   0   0   0   0  97   0   0   0   0   0   0   0   0   0   1   0   0  2.26 0.61
   94 L   -3 -4 -4 -5 -3 -3 -4 -5 -4  1  3 -4  9 -2 -4 -4 -3 -4 -3 -1    1   0   0   0   0   0   1   1   0   6  26   1  59   0   0   1   1   0   0   3  1.49 0.47
   95 D   -3 -3  1  7 -5 -2  0 -3 -3 -4 -3 -3 -3 -2 -3 -2 -3 -5 -4 -4    1   1   5  76   0   1   3   2   0   1   2   1   1   2   1   2   1   0   0   1  1.52 0.44
   96 V   -3 -5 -5 -5 -3 -4 -3 -5 -4  3  0 -4 -1  5 -5 -4 -3 -3 -1  5    1   0   0   0   0   0   2   0   0  15   3   0   0  32   0   0   0   0   1  45  0.98 0.37
   97 T    0 -1  1 -3  4 -2 -3 -2  0 -1 -3  0 -2  1 -3  0  2 -2  5 -2   10   3  10   0   9   0   0   2   2   3   0   5   1   6   0   8  13   0  26   0  0.41 0.24
   98 V   -2 -4 -5 -4  0 -2  1 -5 -5  3 -1 -4 -1 -3 -4 -4 -2 -5 -4  6    1   0   0   0   2   2   9   0   0  13   1   0   1   0   0   0   1   0   0  68  1.04 0.41
   99 N   -1 -3  1 -1  1  2 -2 -4 -1  1 -2 -2 -2 -3 -3 -1  3 -4 -3  4    3   0   9   2   3  10   0   0   2   4   0   2   0   0   0   4  18   0   0  42  0.45 0.28
  100 L   -4 -5 -6 -6 -4 -4 -5 -6 -5  2  5 -5  3  2 -5 -5 -3 -4 -3  0    0   0   0   0   0   0   0   0   0  10  70   0   8   7   0   0   0   0   0   4  1.12 0.40
  101 V    0  0 -1 -1 -3  0  3  2 -2  0 -3  1 -2 -3 -3  0  0 -4 -3  0    6   3   2   2   0   1  27  21   0   8   0  10   1   1   0   4   6   0   0  10  0.27 0.18
  102 R   -4  8 -3 -3 -6 -2 -3 -5 -3 -6 -5  2 -4  2 -5 -4 -4 -5 -3 -5    0  78   0   1   0   0   0   0   0   0   0  11   0   9   0   0   0   0   0   0  1.78 0.56
  103 P    0  1 -3 -4 -3 -3 -4 -4 -4 -6 -6 -1 -5 -7  8 -3 -4 -7 -6 -5    7   8   1   0   1   0   0   1   0   0   0   3   0   0  79   0   0   0   0   0  2.20 0.60
  104 G   -3 -4 -3 -4 -6 -4  1  7 -5 -7 -7 -4 -6 -6 -5 -3 -4 -5 -6 -6    0   1   0   0   0   0  10  89   0   0   0   0   0   0   0   0   0   0   0   0  1.97 0.56
  105 Y   -2 -3 -1 -2 -4 -2 -2 -4  2  2 -1 -3 -1  4 -5 -3 -1 -1  7 -2    4   0   3   2   0   1   3   0   5  12   3   1   1  19   0   1   3   0  40   1  0.81 0.33
  106 R   -3  7  0  0 -4 -2 -1 -2 -2 -4 -5 -1 -4 -5 -4  1 -2 -6 -4 -4    0  69   4   5   0   0   3   3   0   1   0   0   0   0   0  12   1   0   0   1  1.30 0.47
  107 V   -3 -5 -3 -5 -3 -5 -5 -6 -5  5 -1 -4 -1 -2 -5 -4 -2 -4  3  5    0   0   1   0   0   0   0   0   0  32   1   0   1   0   0   0   1   0   9  54  1.13 0.42
  108 A    3  0 -1  1 -1  0  0 -1 -2 -3 -3  1  0 -4 -2  2  0 -4 -3 -2   36   5   1   9   1   3   4   3   1   0   1  11   3   0   1  18   3   0   1   0  0.34 0.22
  109 K   -3  5 -2  2 -2  0 -1 -3  0 -4 -3  5 -3 -4 -4 -2 -2 -5  0 -4    0  35   1  11   1   2   2   1   3   0   2  37   0   0   0   2   1   0   3   0  0.86 0.35
  110 R   -4  7 -3 -4 -6 -2 -3 -5 -3 -1 -4  2 -2 -4 -5 -3 -3 -5 -4 -1    0  75   0   0   0   0   0   0   0   4   0  13   1   1   0   0   1   0   0   6  1.58 0.52
  111 D   -2  5 -1  3 -4 -1 -1 -4 -1 -4 -4  5 -4 -5 -3 -1 -2 -5 -4 -4    2  33   2  18   0   0   1   0   1   0   1  34   0   0   0   4   2   0   0   1  0.89 0.37
  112 K   -2  5 -3 -4 -2  0 -2 -4  2  2 -2  3 -2 -4 -4 -2 -2 -3 -2 -1    3  40   0   0   1   3   0   0   6  13   4  21   1   0   0   1   1   0   1   5  0.68 0.32
  113 A    1  3 -1 -3  5  1 -1 -2  0 -2 -2  3 -1 -4 -3 -1 -2 -4 -3  0   15  19   2   0  13   8   3   2   3   2   2  19   1   0   0   3   1   0   0   9  0.35 0.21
  114 S   -1  5  0 -3 -4  1 -2 -3 -2 -4 -4  4 -3 -5  0  0  3 -5 -4 -3    3  32   3   0   0   7   0   1   0   0   0  24   0   0   4   6  18   0   0   1  0.68 0.32
  115 R    1  2 -1 -2 -4  0 -2  3 -1 -4 -4  1 -3 -5 -3  3 -1 -5 -3 -3   13  15   1   0   0   3   0  28   1   0   0  10   0   0   0  25   2   0   0   1  0.53 0.27
  116 S   -2  4 -1 -1  4  0 -1 -3  1 -4 -4  4 -1 -5 -1  1  0 -5 -3 -3    0  22   1   3   8   2   1   1   4   0   0  33   1   0   2  14   6   0   0   1  0.58 0.29
  117 I   -3 -5 -6 -6 -4 -5 -5 -6 -6  6  1 -5 -1 -2 -5 -5 -2 -5 -4  5    0   0   0   0   0   0   0   0   0  54   9   0   1   0   0   0   1   0   0  36  1.28 0.43
  118 P   -2 -5 -3 -4 -5 -4 -4  6 -5 -6 -6 -3 -5 -6  6 -2 -2 -6 -6 -4    1   0   0   0   0   0   0  56   0   0   0   1   0   0  36   2   2   0   0   1  1.58 0.49
  119 T    2  1  1 -2 -2  0 -1 -2 -1 -1 -2  2  0  0 -1  1  1 -3 -1 -1   20   8   6   1   0   1   2   1   1   4   2  19   2   4   2  14   8   0   1   3  0.17 0.14
  120 K    0  3  1  0 -4  1  0 -1 -1 -4 -4  3 -3 -3  0  2  0 -4 -3 -4    5  15   8   5   0   7   3   2   1   0   0  25   0   1   4  20   4   0   0   0  0.40 0.22
  121 H   -3 -4 -3 -5 -6  3 -3 -5 10 -3 -4 -4 -3 -5 -5 -4 -5 -6 -2 -5    2   0   0   0   0  14   0   1  79   2   1   0   1   0   0   0   0   0   0   1  2.60 0.73
  122 R   -4  7 -3 -4 -5  0 -2 -4 -1 -3 -1  3 -3 -3 -4 -3 -3 -5 -4 -3    0  63   0   0   0   3   0   1   1   2   7  18   0   1   0   0   1   0   0   2  1.26 0.45
  123 L   -3 -4 -4 -5 -2 -4 -5 -5 -5  5  2 -4  1 -2 -4 -3 -1 -3 -3  5    0   0   0   0   0   0   0   0   0  33  17   0   3   0   0   1   3   0   0  41  0.89 0.33
  124 N   -2 -1  2  0 -3 -2 -2 -1 -2 -4 -4  1 -3 -5 -3  3  5 -5 -3 -2    1   2   8   4   0   1   0   5   1   0   1   9   0   0   0  23  45   0   1   1  0.69 0.35
  125 P   -1  3 -2  0 -5  1 -1 -4 -3 -4 -4  6 -4 -5  1 -2 -2 -2 -4 -3    6  15   1   5   0   4   1   0   0   1   0  56   0   0   8   1   1   1   0   2  0.91 0.38
  126 A   -1 -3 -2  3 -6  1  6 -4 -3 -6 -4 -1 -5 -6 -3 -2 -2 -6 -5 -4    5   0   1  15   0   3  67   0   0   0   1   2   0   0   1   1   2   0   0   1  1.28 0.48
  127 D   -4 -3 -2  5 -7 -1  6 -5 -3 -6 -6 -2 -5 -6 -4 -3 -4 -6 -5 -6    0   0   0  36   0   1  63   0   0   0   0   1   0   0   0   0   0   0   0   0  1.70 0.56
  128 A    5 -4 -3 -4  0 -3 -3 -1 -4 -3 -4 -3 -3 -5 -3  2  3 -5 -4 -2   62   0   0   0   1   0   1   3   0   1   0   0   0   0   0  12  19   0   0   1  0.98 0.43
  129 V   -2 -1 -4 -5 -4 -1 -3 -5 -4  5  0  1  7 -3 -5 -4 -2 -5 -4  1    3   3   0   0   0   2   1   0   0  38   3  10  30   0   0   0   1   0   0   9  0.90 0.39
  130 A    1  2  1  0 -1  1  2 -2 -1 -3 -2  3 -2 -4 -2  0 -1 -2 -3 -1   17  10   5   4   1   7  18   1   1   1   3  22   0   0   0   5   1   0   0   3  0.31 0.18
  131 F   -6 -6 -7 -7 -6 -6 -6 -6 -5 -4 -1 -6 -4  6 -7 -6 -5 11  3 -5    0   0   0   0   0   0   0   0   0   0   6   0   0  39   0   0   0  46   9   0  2.53 0.65
  132 I   -3 -5 -5 -6 -3 -5 -5 -6 -4  1  3 -5  3  7 -6 -5 -4 -2  0  0    2   0   0   0   0   0   0   0   0   7  27   0   9  47   0   0   0   0   1   6  1.11 0.39
  133 E   -2  1 -1 -2 -3  5  3 -3 -1 -3 -4  4 -2 -5 -3 -1  0 -5 -4 -1    2   5   2   1   0  29  16   0   1   1   0  27   1   0   0   2   6   0   0   5  0.65 0.31
  134 S    0 -1  1  1 -4  4  3 -2 -1 -4 -4  2 -3 -5 -3  1  0 -4 -4 -3    6   2   8   8   0  26  20   1   1   1   0  11   0   0   0   9   6   0   0   1  0.52 0.26
  135 T   -2  2  3 -1 -4  1  2 -3 -1 -3 -3  4 -2 -4 -3 -1  1 -5 -3 -2    1  11  14   1   0   4  12   0   1   1   2  36   1   1   0   2  11   0   0   3  0.53 0.26
  136 Y   -5 -5 -6 -6 -5 -5 -6 -6 -1 -3  1 -5 -3  7 -6 -5 -5  0  7 -4    0   0   0   0   0   0   0   0   1   0  11   0   0  47   0   0   0   0  40   0  1.81 0.53
  137 D   -2 -2  2  5 -5  0  2  3 -3 -5 -6 -1 -5 -4 -4 -1 -3 -5 -5 -5    1   1   9  40   0   3  12  28   0   0   0   3   0   1   0   3   0   0   0   0  0.89 0.33
  138 V    1 -4 -4 -5 -3 -4 -4  2 -5  1  0 -4  0 -3 -4 -3 -2 -5 -3  6    9   0   0   0   0   0   0  15   0   4   5   0   2   0   0   0   1   0   0  63  0.82 0.31
  139 E   -2  0  1  1 -4  1  4 -3 -2  1 -3  1 -3 -4 -3  0  2 -4 -3 -1    1   3   7   6   0   6  38   1   0  11   0   7   0   0   0   3  14   0   0   3  0.45 0.22
  140 V   -3 -5 -6 -6 -3 -5 -5 -6 -6  4 -1 -5 -1 -3 -5 -4 -3 -5 -4  6    0   0   0   0   0   0   0   0   0  25   0   0   0   0   0   0   0   0   0  75  1.44 0.42

                      K         Lambda
Standard Ungapped    0.1355     0.3181
Standard Gapped      0.0637     0.2670
PSI Ungapped         0.2070     0.3129
PSI Gapped           0.0637     0.2670
