
Last position-specific scoring matrix computed, weighted observed percentages rounded down, information per position, and relative weight of gapless real matches to pseudocounts
           A  R  N  D  C  Q  E  G  H  I  L  K  M  F  P  S  T  W  Y  V   A   R   N   D   C   Q   E   G   H   I   L   K   M   F   P   S   T   W   Y   V
    1 K   -2  3 -1 -2 -4  1  0 -3 -2 -4 -4  6 -2 -4 -2 -1 -2 -4 -3 -3    0  14   0   0   0   3   0   0   0   0   0  83   0   0   0   0   0   0   0   0  0.98 0.17
    2 I   -2 -4 -5 -4 -2 -4 -4 -5 -5  7  1 -4  1 -1 -4 -4 -2 -4 -3  2    0   0   0   0   0   0   0   0   0  94   2   0   1   0   0   0   0   0   0   4  1.05 0.19
    3 R   -3  7 -2 -3 -5  0 -1 -4 -2 -5 -4  1 -3 -4 -4 -2 -2 -4 -3 -4    0 100   0   0   0   0   0   0   0   0   0   0   0   0   0   0   0   0   0   0  1.56 0.23
    4 I   -3 -4 -5 -5 -3 -4 -5 -5 -5  7  0 -4  0 -1 -4 -4 -2 -4 -3  2    0   0   0   0   0   0   0   0   0 100   0   0   0   0   0   0   0   0   0   0  1.16 0.20
    5 K   -3  7 -2 -3 -5  0 -1 -3 -1 -4 -4  3 -3 -4 -3 -2 -2 -4 -3 -4    0  87   0   0   0   0   0   0   0   0   0  12   0   0   0   1   0   0   0   0  1.30 0.20
    6 L   -3 -3 -5 -5 -2 -3 -4 -5 -4  1  5 -4  2 -1 -4 -4 -2 -3 -2  0    0   0   0   0   0   0   0   0   0   1  98   0   1   0   0   0   0   0   0   0  0.99 0.18
    7 R   -2  2 -1 -2 -4  0  0 -3 -2 -4 -4  6 -3 -4 -2 -1 -2 -4 -3 -4    0   7   0   0   0   1   2   0   0   0   0  90   0   0   0   0   0   0   0   0  1.12 0.20
    8 G    5 -2 -2 -3 -2 -2 -2  1 -3 -3 -3 -2 -2 -3 -2  2 -1 -4 -3 -2   79   0   0   0   0   0   0  10   0   0   0   0   0   0   0  11   0   0   0   0  0.73 0.16
    9 F   -3 -3 -4 -5 -4 -3 -4 -5  0 -2 -2 -4 -2  6 -5 -3 -3  1  8 -2    0   0   0   0   0   0   0   0   0   0   0   0   0  35   0   0   0   0  65   0  1.47 0.21
   10 D   -3 -3  0  7 -5 -1  2 -3 -2 -5 -5 -2 -4 -5 -3 -1 -2 -5 -4 -4    0   0   0  87   0   0  13   0   0   0   0   0   0   0   0   0   0   0   0   0  1.45 0.21
   11 H   -3 -2 -1 -3 -3 -1 -2 -4 10 -5 -4 -2 -3 -2 -3 -2 -3 -3  3 -5    1   0   1   0   0   0   0   0  90   0   0   0   0   0   1   0   0   0   8   0  1.91 0.26
   12 K   -1  4  0 -1 -4  2  2 -2 -1 -3 -3  3 -2 -3 -2  0 -1 -3 -2 -2    1  40   2   1   0   8  12   2   1   0   1  23   1   0   0   4   3   0   0   2  0.50 0.10
   13 T    0 -3 -4 -4 -2 -3 -3 -4 -4  3  3 -3  1 -1 -3 -2 -1 -3 -2  3    7   0   0   0   0   0   0   0   0  24  41   0   2   0   0   0   3   0   0  24  0.42 0.09
   14 L   -2 -3 -4 -5 -2 -3 -4 -5 -4  3  4 -3  1 -1 -4 -3 -2 -3 -2  1    0   0   0   0   0   0   0   0   0  26  67   0   0   0   0   0   0   0   0   6  0.69 0.13
   15 D   -3 -3  0  7 -5 -2  1 -3 -2 -5 -5 -2 -5 -5 -3 -2 -2 -6 -5 -5    0   0   0  98   0   0   2   0   0   0   0   0   0   0   0   0   0   0   0   0  1.68 0.23
   16 A    0  0  1 -1 -3  6  1 -2 -1 -3 -2  1 -1 -3 -2  0  0 -3 -2 -2    8   1   6   1   0  64   2   0   0   0   2   3   0   0   0   5   4   0   0   2  0.68 0.16
   17 S    1 -2 -1 -2 -2 -1 -1 -2 -2 -4 -4 -1 -3 -4 -2  6  0 -4 -3 -3    6   0   0   0   0   0   0   0   0   0   0   0   0   0   0  94   0   0   0   0  1.02 0.21
   18 A    5 -2 -2 -3  0 -2 -2 -1 -3 -2 -2 -2 -2 -3 -2  1  2 -4 -3 -1   78   0   0   0   1   0   0   0   0   0   0   0   0   0   0   3  15   0   0   2  0.68 0.16
   19 Q    1  1  0  1 -2  2  2 -1 -1 -2 -1  2 -1 -3 -2  1  0 -3 -2 -2   15  10   1   5   0  10  23   3   0   1   5  12   1   0   0   7   4   0   0   1  0.22 0.05
   20 K   -2  2 -1  0 -4  2  4 -3 -1 -4 -3  5 -2 -4 -2 -1 -2 -4 -3 -3    0   5   0   3   0   5  31   0   0   0   2  54   0   0   0   0   0   0   0   0  0.71 0.14
   21 I   -3 -4 -5 -5 -3 -4 -5 -5 -5  7  0 -4  0 -1 -4 -4 -2 -4 -3  2    0   0   0   0   0   0   0   0   0 100   0   0   0   0   0   0   0   0   0   0  1.20 0.22
   22 V   -1 -4 -4 -4 -2 -3 -4 -4 -4  2  0 -4  0 -2 -4 -3 -1 -4 -2  6    3   0   0   0   0   0   0   0   0   2   1   0   0   0   0   0   0   0   0  94  0.95 0.19
   23 E   -1 -1  2  4 -4  1  5 -2 -1 -4 -4  0 -3 -4 -2  0 -2 -4 -3 -3    5   0   8  27   0   2  55   0   1   0   0   1   0   0   0   2   0   0   0   0  0.77 0.14
   24 A    1 -2 -1 -2 -2 -2 -2 -3 -3 -2 -2 -2 -2 -3 -2  1  6 -4 -3 -1   10   0   0   0   0   0   0   0   0   0   0   0   0   0   0   3  86   0   0   2  0.97 0.20
   25 A    5 -3 -3 -3  0 -2 -2 -1 -3 -1 -2 -2 -2 -3 -2  0 -1 -4 -3  1   89   0   0   0   1   0   0   0   0   1   0   0   0   0   0   1   0   0   0   8  0.81 0.18
   26 R   -2  2  0 -1 -4  1  0 -3 -2 -3 -3  6 -2 -4 -2 -1 -1 -2 -3 -3    0   9   2   0   0   5   3   0   0   1   0  74   0   0   0   0   3   0   0   1  0.80 0.16
   27 R   -2  7 -1 -3 -5  0 -1 -3 -1 -4 -3  3 -3 -4 -3 -1 -2 -4 -3 -4    1  79   1   0   0   1   1   1   0   0   0  14   0   0   0   2   1   0   0   0  1.12 0.18
   28 S    0 -2  0 -2 -2 -2 -2 -3 -3 -2 -3 -2 -2 -3 -2  2  6 -4 -3 -1    4   0   4   0   0   0   0   0   0   0   0   0   0   0   0   9  83   0   0   0  0.94 0.19
   29 G   -1 -4 -1 -2 -4 -2 -3  7 -3 -5 -5 -3 -4 -4 -3 -1 -3 -4 -4 -4    0   0   1   2   0   1   0  96   0   0   0   0   0   0   0   1   0   0   0   0  1.52 0.19
   30 A    6 -3 -3 -3 -1 -2 -2  0 -3 -2 -3 -2 -2 -3 -2  1 -1 -4 -3 -1   92   0   0   0   1   0   0   2   0   0   0   0   0   0   0   4   1   0   0   1  0.87 0.18
   31 Q   -1  2  0  0 -3  3  2 -1  0 -2 -2  2 -1 -3 -2  0  0 -3 -2 -1    3  14   3   4   0  19  12   2   1   1   3  19   2   0   0   8   6   0   0   6  0.24 0.06
   32 V   -1 -4 -4 -4 -2 -3 -4 -4 -4  3  0 -3  0 -2 -4 -3 -1 -4 -1  6    1   0   0   0   0   0   0   0   0  12   1   0   0   0   0   0   1   0   1  84  0.83 0.17
   33 S    2  2  0 -2 -1 -1 -1 -1 -1 -2 -2  0 -2 -3 -2  4  0 -4 -2  0   15  15   1   0   1   0   0   0   1   1   1   4   0   0   0  52   1   0   0   7  0.37 0.11
   34 G   -1 -4 -2 -3 -4 -3 -3  7 -3 -5 -5 -3 -4 -5 -4 -2 -3 -4 -4 -5    0   0   0   0   0   0   0 100   0   0   0   0   0   0   0   0   0   0   0   0  1.66 0.21
   35 P   -2 -4 -4 -3 -4 -3 -3 -4 -4 -4 -5 -3 -4 -5  8 -2 -3 -5 -5 -4    0   0   0   0   0   0   0   0   0   0   0   0   0   0 100   0   0   0   0   0  2.63 0.26
   36 I   -2 -4 -4 -4 -2 -4 -4 -5 -4  6  0 -4  0 -1 -4 -3 -2 -4 -2  4    0   0   0   0   0   0   0   0   0  71   0   0   0   0   0   0   0   0   0  29  0.86 0.16
   37 P   -2 -4 -4 -3 -4 -3 -3 -4 -4 -4 -5 -3 -4 -5  8 -2 -3 -5 -5 -4    0   0   0   0   0   0   0   0   0   0   0   0   0   0 100   0   0   0   0   0  2.63 0.26
   38 L   -3 -3 -5 -5 -2 -3 -4 -5 -4  1  6 -4  1 -1 -4 -4 -2 -3 -2  0    0   0   0   0   0   0   0   0   0   1  99   0   0   0   0   0   0   0   0   0  1.01 0.18
   39 P   -2 -4 -4 -3 -4 -3 -3 -4 -4 -4 -5 -3 -4 -5  8 -2 -3 -5 -5 -4    0   0   0   0   0   0   0   0   0   0   0   0   0   0 100   0   0   0   0   0  2.63 0.26
   40 T   -1 -3 -1 -2 -2 -2 -2 -3 -3 -2 -3 -2 -2 -4 -2  0  7 -4 -3 -1    0   0   0   0   0   0   0   0   0   0   0   0   0   0   0   1  98   0   0   1  1.23 0.23
   41 R   -2  3 -1  2 -4  1  4 -3  0 -4 -3  2 -2 -4 -2 -1 -1 -4 -3 -3    0  20   1   8   0   1  49   0   1   0   0  14   0   0   0   2   1   0   0   1  0.62 0.12
   42 V   -2  3 -2 -2 -3  0 -1 -3 -2  3 -1  4 -1 -3 -3 -2 -1 -4 -3  0    0  21   0   0   0   0   0   0   0  29   1  44   0   0   0   0   1   0   0   2  0.46 0.13
   43 R   -1  0  3  1 -3  2  4 -2  0 -4 -4  0 -3 -4 -2  1  0 -4 -3 -3    2   5  21   2   0   6  44   0   1   0   0   1   0   0   0  12   6   0   0   0  0.53 0.11
   44 R   -2  3 -2 -3 -2 -1 -2 -3 -2  3  1  2  0 -2 -3 -2 -1 -3 -2  2    0  21   0   0   0   0   0   0   0  24  10  21   0   0   0   0   0   0   0  23  0.28 0.09
   45 F   -3 -3 -4 -4 -3 -3 -4 -4  0  2 -1 -3 -1  5 -4 -3 -2  0  6  2    0   0   0   0   0   0   0   0   0  12   0   0   0  32   0   0   0   0  39  16  0.80 0.14
   46 T   -1 -3 -1 -1  4 -2 -2 -3 -3 -2 -2 -2 -2 -3 -3  0  6 -4 -3 -1    0   0   1   3  12   0   0   0   0   0   0   0   0   0   0   1  82   0   0   1  0.96 0.20
   47 V   -2 -4 -4 -4 -2 -4 -4 -5 -4  5  0 -4  0 -1 -4 -3 -1 -4 -2  5    0   0   0   0   0   0   0   0   0  45   0   0   0   0   0   0   0   0   0  55  0.79 0.15
   48 I   -2 -3 -1 -4 -2 -3 -4 -5 -4  3  5 -3  1 -1 -4 -3 -2 -3 -2  0    0   0   4   0   0   0   0   0   0  16  79   0   0   0   0   0   0   0   0   1  0.72 0.14
   49 R   -2  7 -2 -3 -4  0 -1 -4 -2 -1 -3  1 -2 -4 -3 -2 -2 -4 -3 -2    1  88   0   0   0   1   0   0   0   5   0   2   0   0   0   1   2   0   0   2  1.20 0.20
   50 G    3 -2 -1 -2 -2 -1 -1  0 -2 -3 -3 -1 -2 -3 -2  5  0 -4 -3 -2   29   0   0   0   0   0   0   6   0   0   0   0   0   0   0  65   0   0   0   0  0.68 0.16
   51 P   -2 -3 -3 -3 -3 -3 -3 -4 -4 -2 -3 -2 -3 -4  7 -2  0 -5 -4  2    0   0   0   0   0   0   0   0   0   0   0   0   0   0  73   0   5   0   0  21  1.64 0.20
   52 F   -3 -2 -1 -3 -5 -1 -2 -4 10 -5 -4 -2 -3  0 -4 -3 -3 -4  1 -5    0   0   0   0   0   0   0   0  96   0   0   0   0   3   0   0   0   0   1   0  2.11 0.28
   53 K   -1  0 -2 -3 -3 -1 -1 -3 -3  2 -1  4  0 -3 -3 -2 -1 -4 -2  3    0   0   0   0   0   0   0   0   0  13   0  48   1   0   0   0   0   0   0  38  0.45 0.14
   54 H   -3 -2  4  4 -4 -1 -1 -3  3 -3 -3 -2 -3  1 -3 -1 -2 -1  5 -3    0   0  26  27   0   0   0   0   7   0   0   0   0   3   0   0   0   0  37   0  0.73 0.15
   55 K   -2  1 -1 -2 -5  0  0 -3 -2 -4 -4  7 -3 -5 -2 -1 -2 -4 -3 -4    0   0   0   0   0   0   0   0   0   0   0  99   0   0   0   1   0   0   0   0  1.26 0.22
   56 D   -2 -1  0  6 -4 -1  0 -2 -2 -4 -4  3 -4 -5 -2 -1 -1 -5 -4 -4    1   0   0  69   0   0   0   0   0   0   0  25   0   0   0   2   2   0   0   0  1.02 0.17
   57 S    2 -2 -1 -2 -2 -1 -1 -1 -2 -4 -4 -1 -3 -4 -2  6  0 -4 -3 -3   14   0   0   0   0   0   0   0   0   0   0   0   0   0   0  86   0   0   0   0  0.91 0.20
   58 R   -3  7 -2 -3 -5  0 -1 -4 -2 -4 -4  1 -2 -4 -4 -2 -3 -4 -3 -4    0  98   0   0   0   1   0   0   0   0   0   0   1   0   0   0   0   0   0   0  1.53 0.23
   59 E   -2 -1 -1  3 -5  1  6 -3 -1 -5 -4 -1 -3 -5 -2 -1 -2 -4 -3 -4    0   0   0  12   0   0  88   0   0   0   0   0   0   0   0   0   0   0   0   0  1.26 0.21
   60 H   -2  0 -1 -2 -4  8  1 -3  3 -4 -4  0 -2 -5 -3 -2 -2 -4 -3 -4    1   0   0   0   0  91   1   0   7   0   0   0   0   0   0   0   0   0   0   0  1.41 0.25
   61 F   -4 -4 -4 -5 -4 -4 -5 -5 -2 -1 -1 -4 -1  8 -5 -4 -3  0  3 -2    0   0   0   0   0   0   0   0   0   0   1   0   0  90   0   0   0   0   8   0  1.57 0.22
   62 E   -2 -1 -2  0 -5  1  7 -4 -1 -5 -4  0 -3 -5 -3 -1 -2 -4 -4 -4    0   0   0   0   0   0 100   0   0   0   0   0   0   0   0   0   0   0   0   0  1.46 0.23
   63 L   -2 -1 -3 -4 -2  1 -3 -4 -3  3  1 -2  6 -1 -3 -2  0 -3 -2  1    0   3   0   0   0   7   0   0   0  30   6   1  46   0   0   0   4   0   1   1  0.56 0.15
   64 R   -3  7 -2 -3 -5  0 -1 -4 -2 -4 -3  1 -3 -4 -4 -2 -3 -4 -3 -4    0  97   0   0   0   0   0   0   0   0   1   2   0   0   0   0   0   0   0   0  1.50 0.23
   65 T   -1 -3 -1 -2 -2 -2 -2 -3 -3 -1 -2 -2 -2 -3 -3  0  7 -4 -3  0    0   0   0   0   0   0   0   0   0   1   0   0   0   0   0   0  96   0   0   3  1.17 0.23
   66 H   -3 -2 -1 -3 -5 -1 -2 -4 10 -5 -5 -2 -3 -3 -4 -3 -3 -4  0 -5    0   0   0   0   0   0   0   0 100   0   0   0   0   0   0   0   0   0   0   0  2.28 0.30
   67 N   -2  1 -1 -2 -4  0  0 -3 -2 -4 -3  6 -2 -4 -2 -1 -2 -4 -3 -3    0   2   2   0   0   1   0   0   0   0   2  92   0   0   0   0   0   0   0   1  1.07 0.20
   68 R   -3  8 -2 -3 -5  0 -1 -4 -2 -5 -4  1 -3 -4 -4 -2 -3 -4 -3 -4    0 100   0   0   0   0   0   0   0   0   0   0   0   0   0   0   0   0   0   0  1.60 0.24
   69 L   -2 -3 -4 -5 -2 -3 -4 -5 -4  1  5 -4  2 -1 -4 -3 -2 -3 -2  1    0   0   0   0   0   0   0   0   0   1  89   0   4   0   0   0   0   0   0   6  0.85 0.16
   70 V   -2 -4 -4 -4 -2 -3 -4 -5 -4  5  2 -4  3 -1 -4 -3 -2 -3 -2  2    0   0   0   0   0   0   0   0   0  69  17   0   8   0   0   0   0   0   0   6  0.74 0.14
   71 D   -3 -3  0  7 -5 -2  1 -3 -2 -5 -5 -2 -5 -5 -3 -2 -2 -6 -5 -5    0   0   0  98   0   0   2   0   0   0   0   0   0   0   0   0   0   0   0   0  1.68 0.23
   72 I   -3 -4 -5 -5 -3 -4 -5 -5 -5  7  0 -4  0 -1 -4 -4 -2 -4 -3  2    0   0   0   0   0   0   0   0   0  97   0   0   0   0   0   0   0   0   0   3  1.14 0.21
   73 I   -1 -3 -3 -3 -2 -3 -3 -4 -2  3  3 -2  1  0 -3 -2 -1 -3 -1  3    1   0   0   1   0   0   1   0   1  22  36   2   3   1   0   0   2   0   2  28  0.37 0.08
   74 N   -2  0  4  4 -4  1  3 -2 -1 -4 -4  0 -2 -4 -2  0 -1 -4 -1 -3    0   5  26  31   0   4  24   1   0   0   0   3   1   0   0   3   0   0   2   0  0.59 0.11
   75 P   -2 -4 -3 -3 -4 -3 -3 -4 -4 -4 -4 -2 -4 -5  8 -1 -2 -2 -4 -4    2   0   0   0   0   0   0   0   0   0   0   0   0   0  96   2   0   1   0   0  2.45 0.25
   76 N   -1 -2  2 -2 -2 -1 -2 -2 -2 -2 -3 -2 -2 -3 -2  2  6 -4 -3 -2    0   0  10   0   0   1   0   0   0   0   0   0   0   0   0  17  72   0   0   0  0.81 0.18
   77 R    0 -1  0  1 -3  3  0 -2 -2 -4 -3  0 -2 -4  6  0 -1 -4 -3 -3    7   1   5  10   0  23   2   1   0   0   1   3   0   0  42   5   0   0   0   1  0.82 0.12
   78 K   -2  1 -1 -2 -4  4  1 -2 -1 -4 -4  6 -2 -4 -2 -1 -2 -4 -3 -3    0   0   1   0   0  25   2   0   0   0   0  69   0   0   0   1   1   0   0   0  0.87 0.17
   79 T    0 -3 -1 -2 -2 -2 -2 -3 -3 -2 -3 -2 -2 -4 -2  0  7 -4 -3 -1    3   0   0   0   0   0   0   0   0   0   0   0   0   0   0   1  96   0   0   0  1.18 0.23
   80 I   -1 -4 -4 -4 -2 -3 -4 -4 -4  3  0 -3  1 -2 -4 -3 -1 -4 -2  5    1   0   0   0   0   0   0   0   0  12   3   0   2   0   0   0   1   0   0  81  0.78 0.16
   81 E   -3 -3  0  7 -5 -1  2 -3 -2 -5 -5 -2 -4 -5 -3 -1 -2 -5 -4 -4    0   0   1  84   0   0  14   0   0   0   0   0   0   0   0   0   0   0   0   0  1.39 0.20
   82 Q    5 -2 -2 -2 -2 -1 -2 -1 -2 -2 -2 -2 -2 -3 -2  3  0 -4 -3 -1   72   0   0   0   0   1   0   0   0   0   1   0   0   0   0  24   0   0   0   1  0.67 0.16
   83 L   -3 -3 -5 -5 -2 -3 -4 -5 -4  1  5 -4  1 -1 -4 -4 -2 -3 -2  0    0   0   0   0   0   0   0   0   0   2  98   0   0   0   0   0   0   0   0   0  0.99 0.18
   84 M   -2 -2 -2 -4 -3 -1 -3 -4 -3  0  0 -2  9 -2 -4 -2  1 -3 -3 -1    0   1   1   0   0   1   0   0   0   1   0   2  85   0   0   1   8   0   0   0  1.25 0.25
   85 T   -1  4 -1 -2 -4  1  0 -1  1 -4 -3  5 -2 -4 -2  0 -1 -4 -2 -3    1  29   1   0   0   2   0   2   4   0   0  55   0   0   0   3   2   0   0   0  0.70 0.14
   86 L   -3 -3 -5 -5 -2 -3 -4 -5 -4  1  5 -4  2 -1 -4 -4 -2 -3 -2  0    0   0   0   0   0   0   0   0   0   5  93   0   1   0   0   0   0   0   0   1  0.91 0.17
   87 D   -2 -2  3  6 -5 -1  2 -2 -2 -4 -5 -1 -4 -5 -3 -1 -2 -5 -4 -4    1   0  12  73   0   1  13   0   0   0   0   0   0   0   0   1   0   0   0   0  1.16 0.17
   88 L   -3 -3 -5 -5 -2 -3 -4 -5 -4  1  5 -4  1 -1 -4 -4 -2 -3 -2  0    0   0   0   0   0   0   0   0   0   0  98   0   1   0   0   0   0   0   0   1  0.95 0.17
   89 P    1 -3 -3 -3 -3 -2 -2 -3 -3 -4 -4 -2 -3 -5  8  0 -2 -5 -4 -3   15   0   0   0   0   0   0   0   0   0   0   0   0   0  77   8   0   0   0   0  1.75 0.19
   90 T    5 -2 -2 -2 -1 -2 -2 -1 -2 -2 -3 -2 -2 -3  0  3  0 -4 -3 -1   72   0   0   0   0   0   0   0   0   0   0   0   0   0   2  24   2   0   0   0  0.65 0.14
   91 G   -1 -4 -1 -1 -4 -3 -3  7 -3 -5 -5 -3 -4 -4 -3 -1 -3 -4 -4 -4    0   0   0   3   0   0   0  96   0   0   0   0   0   0   0   1   0   0   0   0  1.51 0.18
   92 V   -1 -4 -4 -5 -2 -3 -4 -4 -4  2  0 -4  0 -2 -4 -3 -1 -4 -2  6    0   0   0   0   0   0   0   0   0   0   0   0   0   0   0   0   0   0   0 100  1.01 0.20
   93 E   -2 -2  2  7 -5 -1  2 -2 -2 -4 -5 -2 -4 -5 -3 -1 -2 -5 -4 -4    1   0   7  82   0   0   8   0   0   0   0   0   0   0   0   3   0   0   0   0  1.24 0.17
   94 I   -2 -4 -4 -4 -2 -4 -4 -5 -4  5  0 -4  0 -1 -4 -3 -1 -4 -2  4    0   0   0   0   0   0   0   0   0  63   0   0   0   0   0   0   0   0   0  37  0.79 0.15
   95 E   -2 -1 -1  0 -5  3  6 -3 -1 -4 -4  0 -3 -4 -2 -1 -2 -4 -3 -3    0   0   1   1   0  11  82   0   0   0   0   1   0   0   0   1   0   0   0   1  1.06 0.18
   96 I   -3 -4 -5 -4 -2 -4 -5 -5 -5  7  1 -4  0 -1 -4 -4 -2 -4 -3  2    0   0   0   0   0   0   0   0   0  97   2   0   1   0   0   0   0   0   0   1  1.06 0.19
   97 K   -2  1 -1 -2 -4  1  0 -3 -2 -4 -4  7 -3 -4 -2 -1 -2 -4 -3 -4    0   1   0   0   0   1   0   0   0   0   0  98   0   0   0   0   0   0   0   0  1.19 0.20
   98 T    3 -2 -1 -2 -1 -1 -1 -1 -2  0 -1 -1 -1 -2 -1  1  3 -3 -2  2   39   0   0   0   0   0   0   0   0   0   0   0   0   0   0   4  33   0   0  24  0.25 0.02

                      K         Lambda
Standard Ungapped    0.1383     0.3218
Standard Gapped      0.0604     0.2670
PSI Ungapped         0.1959     0.3108
PSI Gapped           0.0604     0.2670
