
Last position-specific scoring matrix computed, weighted observed percentages rounded down, information per position, and relative weight of gapless real matches to pseudocounts
           A  R  N  D  C  Q  E  G  H  I  L  K  M  F  P  S  T  W  Y  V   A   R   N   D   C   Q   E   G   H   I   L   K   M   F   P   S   T   W   Y   V
    1 G   -1 -4 -1 -2 -4 -3 -3  7 -3 -5 -5 -3 -4 -4 -3 -1 -3 -4 -4 -4    0   0   0   0   0   0   0 100   0   0   0   0   0   0   0   0   0   0   0   0  1.58 0.19
    2 V    0 -1 -1 -3 -3 -1 -2 -3 -3 -1 -1  3  7 -3 -3  1 -1 -4 -3 -1    5   0   2   0   0   0   1   1   0   0   0  25  51   0   0  13   1   0   0   2  0.73 0.30
    3 G    1 -2 -1 -3 -2 -2 -3  6 -2 -4 -4  2 -3 -4 -3 -1 -1 -4 -4 -2    9   0   1   0   1   0   0  64   0   0   0  18   0   0   0   3   2   0   0   3  0.90 0.26
    4 K   -1  0 -2 -3 -4  0 -1 -3 -3 -4 -4  7 -3 -4 -3  1 -2 -5 -4 -2    4   0   0   0   0   1   0   1   0   0   0  79   0   1   0  13   0   0   0   2  1.10 0.37
    5 P   -2 -4 -4 -4  6 -3 -3 -4 -4 -3 -4 -3 -4 -5  7 -2  2 -5 -5 -3    2   0   0   0  21   0   0   0   0   1   0   0   0   0  61   0  13   0   0   1  1.73 0.42
    6 R   -2  5  3 -2  1 -1 -2 -3  2 -4 -2  1 -1 -1 -4 -1 -2 -4 -1 -3    2  47  18   0   4   1   0   0   6   0   4   6   2   4   0   4   0   0   1   1  0.68 0.29
    7 G   -2 -5 -3 -4 -2 -4 -4  7 -4 -6 -6 -4 -5 -6 -5 -1 -4 -5 -5 -6    0   0   0   0   1   0   0  95   0   0   0   0   0   0   0   3   0   0   0   0  2.00 0.52
    8 I   -3 -3 -4 -4 -3 -2 -1 -5 -4  2  4 -1  3  0 -4 -4 -3 -4 -3  2    0   1   0   0   0   2   5   0   0  12  51   5   8   2   0   0   0   0   0  15  0.63 0.29
    9 R   -3  4  3 -3  2 -1 -3 -1  2 -4 -2  0 -2  4 -3 -3 -3 -3  3 -4    0  31  15   0   5   2   0   5   6   0   2   3   1  19   1   0   0   0   9   0  0.61 0.31
   10 A    4 -2  0 -3  1 -2 -3 -2 -3 -3 -4  2 -3 -4 -3  0  4 -5 -4 -2   41   0   3   0   3   1   0   1   0   0   0  16   0   0   0   5  29   0   0   1  0.67 0.36
   11 G    5 -3 -3 -4 -4 -4 -4  4 -4 -4 -5 -3 -4 -5 -4 -1 -2 -5 -5 -2   58   1   0   0   0   0   0  36   0   0   0   0   0   0   0   2   1   0   0   2  1.17 0.46
   12 R   -4  8 -1 -4 -6 -2 -3 -2 -1 -6 -5  1 -4 -6 -4 -2 -3 -1 -2 -6    0  81   3   0   0   0   0   3   1   0   0   5   0   0   1   2   1   1   2   0  1.77 0.61
   13 K   -3 -1 -1 -3 -6  0 -1 -4 -3 -4 -5  7 -1 -6 -4 -3 -3 -6 -5 -4    1   1   2   0   0   2   2   0   0   1   1  85   2   0   0   1   0   0   0   1  1.70 0.62
   14 L   -2 -4 -4 -3 -2  0 -3 -4 -3  0  5 -2  2 -1 -4 -2  0 -4 -3 -1    2   0   0   1   1   6   1   1   0   3  65   3   4   2   1   3   5   0   0   2  0.70 0.34
   15 A   -2  4 -2 -3  3 -1 -1 -3 -3 -1 -1  4 -2 -4  0 -1 -2 -5 -4  1    1  30   1   0   7   1   2   1   0   4   4  27   1   0   4   2   1   0   0  14  0.53 0.29
   16 R   -1  3  1 -1 -3 -1  0 -3 -1 -2 -1  2 -1 -4 -3  3  1 -4 -3  0    3  18   7   3   0   1   6   0   1   2   5  13   1   0   0  24   8   0   0   8  0.30 0.22
   17 H   -2  1  1  0 -4  1 -1 -3  7 -2 -3  3 -3 -4 -3  0  1 -4  0 -1    2   6   6   6   0   5   1   1  28   2   1  19   0   0   1   5   8   0   2   6  0.54 0.29
   18 R   -1  7 -2 -3 -1  1 -2 -4  0 -2 -5  3 -4 -5 -3  0 -3  1 -3 -4    3  58   1   1   1   4   0   1   2   3   0  14   0   0   1   9   0   2   1   0  1.08 0.45
   19 K   -2  5 -2 -1 -3  2  0 -4 -2 -3 -2  4 -2 -5 -3  1 -2  0 -4 -4    1  34   1   3   1   9   3   0   0   1   5  28   0   0   0  10   0   1   0   0  0.74 0.35
   20 D   -1  1  1  3 -4  0  0 -1  0 -1 -3  2 -2 -2 -2  0  1 -3 -3 -1    4   8   8  23   0   2   5   4   2   4   1  19   0   2   1   3  10   0   0   3  0.28 0.18
   21 Q    0 -1  2 -2 -3  5 -1 -3  0 -4 -3  1 -2  2 -1  0  0 -4 -1 -2    7   1  13   0   0  34   2   0   2   0   1  10   0  12   2   8   6   0   2   2  0.49 0.31
   22 R   -3  6 -2 -3 -5 -1 -1 -4 -3 -5 -3  4 -3 -2  1 -2 -2 -5 -4 -3    1  51   1   0   0   1   3   1   0   0   2  27   0   2   8   1   1   0   0   1  1.07 0.41
   23 W    0 -1 -1 -5 -5 -4 -5 -4 -5 -5 -3 -2 -1 -1 -5  0 -2 11  0 -5    8   3   3   0   0   0   0   1   0   0   2   2   1   2   0   9   3  63   2   0  2.35 0.65
   24 A    2 -1  1 -1 -3 -1 -1 -1  5 -2  0  1 -2 -3 -2  2 -1 -3 -1 -2   24   1   5   3   0   1   1   4  17   1  10  10   0   0   1  15   2   0   2   2  0.27 0.18
   25 D   -2 -2  0  6 -4  2  0 -2 -1 -3 -3  0  0 -4 -3  1 -1 -4 -2 -3    3   1   4  48   0   8   3   2   1   1   2   5   3   0   1  13   2   0   2   1  0.70 0.28
   26 N   -2  1  0 -2 -3 -1 -1 -3 -2 -1 -2  5 -3 -3  4  0 -1 -2  0 -2    1   6   4   1   1   1   2   1   1   4   3  41   0   1  18   6   4   1   3   2  0.52 0.25
   27 D    2  1  0  1 -3  3  1  0  1 -3 -3  1 -2 -2 -2  0  0  0  0 -2   23   7   5   6   0  15   6   7   3   0   1   6   1   1   1   6   4   1   3   2  0.19 0.13
   28 F   -3 -4 -4 -4 -3 -3 -4 -4  0 -2  2 -4 -2  3 -4 -1 -3  3  8 -2    1   0   0   0   1   0   1   1   1   1  18   1   0   9   0   4   1   3  56   1  1.29 0.42
   29 N   -1  2  3 -2 -3  0 -1 -1 -2 -3 -3  5 -3 -4 -3 -1 -1 -4 -3 -2    3   9  19   0   0   3   1   5   0   1   1  46   0   0   0   3   4   0   0   3  0.64 0.29
   30 K   -2  4  0 -2 -4  0 -1 -3 -1 -2 -3  5 -3 -2 -3 -1 -2 -3 -1 -2    2  26   3   1   0   2   1   1   1   2   2  49   0   2   1   3   1   0   2   2  0.79 0.30
   31 R    2  3 -1 -2 -2 -1 -1  2 -1 -2 -2  1 -2 -3 -2  1 -1 -3 -2 -2   23  24   2   1   0   1   1  14   1   1   3   8   1   1   1  12   1   0   1   2  0.30 0.16
   32 L    0 -1 -1 -2 -3  0 -1 -3  6  0 -1 -1  2  0 -1 -2 -1 -2  3 -1    7   2   2   1   0   5   2   1  29   6   6   4   7   4   3   1   2   0  11   4  0.39 0.19
   33 L   -2 -2  3 -2 -2 -1 -2 -2 -2  0  4 -2  0  1 -3 -1 -1 -1 -1 -1    1   1  16   1   0   2   1   3   0   4  50   1   1   6   1   4   2   1   1   2  0.36 0.19
   34 G    0  0 -1  0 -3 -1 -1  4  0 -3 -3  0 -2 -3 -2  2  0  1 -3 -2    3   4   2   4   0   2   3  39   3   1   1   7   0   1   1  21   4   3   0   3  0.44 0.19
   35 S   -1 -2  0 -2 -2 -1 -2 -2 -1  0  2  0  1  0 -2  0  3 -3 -1 -1    5   1   6   1   0   3   1   2   1   6  26   5   2   4   1   6  28   0   2   1  0.19 0.15
   36 R    2  2  0  0 -3  1  1 -2 -1 -1 -1  3 -1 -2 -2  0 -1  1 -2 -1   20  12   2   5   0   4   9   1   1   3   4  26   0   1   1   2   3   2   0   4  0.21 0.12
   37 W   -2  0 -1 -2 -3 -1  0 -1 -2 -1  1  3 -1  0 -2 -1 -1  6  2 -1    1   3   2   0   0   2   8   5   0   1  21  25   1   3   2   2   2  13   8   2  0.30 0.16
   38 R   -1  2 -1 -2 -4  0  0 -3  0 -3 -3  6 -2 -4 -2 -1 -1 -4 -3 -2    4   8   1   1   0   2   2   1   2   1   2  66   0   0   1   3   2   0   0   2  0.83 0.29
   39 N   -1  0  4  1 -3  1  0 -1  1 -3 -2  0 -1 -2  1  1  0 -3  1 -2    4   3  31   7   0   7   3   2   4   1   3   6   1   1   6  10   3   0   7   1  0.28 0.13
   40 P   -1 -3 -3 -2 -3 -2 -2 -3 -3 -3 -3 -2 -3 -4  7 -1  2 -4 -3 -1    3   1   0   2   0   1   1   1   0   1   2   1   0   0  63   2  17   0   1   4  1.40 0.33
   41 F   -2 -2 -1  0 -1 -2 -2 -3 -2  0  2 -1  0  5 -2 -2 -1 -1  1 -1    3   1   4   6   2   1   1   1   0   3  22   4   1  42   1   1   3   0   2   3  0.39 0.17
   42 M    0  0 -1 -1 -2  1  2  3 -1 -1 -1  0 -1 -3 -2  0 -1 -3 -2 -1    9   6   2   1   1   8  15  31   1   4   5   4   2   0   1   2   2   0   0   6  0.21 0.09
   43 G   -1 -1  0 -2 -2 -2 -2  5 -2 -3 -3 -2 -3 -3 -1  1 -1 -3 -2 -2    2   4   5   1   0   1   1  62   0   1   1   1   0   1   2   9   3   0   1   4  0.71 0.18
   44 A    4 -2  0 -1  2 -1 -1 -1 -1 -2 -2 -1 -2 -3 -2  3  0 -3 -2 -1   45   1   3   1   5   0   1   1   2   2   1   2   0   0   1  33   2   0   0   2  0.44 0.18
   45 S   -1 -2 -1 -2 -1 -2 -2 -2 -1 -3 -3 -2 -3 -1  6  4  0 -3 -1 -3    2   1   1   1   1   1   1   1   1   1   1   1   0   4  40  42   2   0   1   1  0.88 0.23
   46 H   -2  0  0 -2 -2  4 -1 -3  7 -3 -2 -1  2 -2  0 -2 -2 -3  0 -3    2   4   3   1   1  30   1   1  36   1   2   1  10   1   4   1   1   0   3   1  0.68 0.23
   47 A    4  0 -2 -2  2 -1 -1  0 -2 -2 -2  2 -1 -3 -2  0  0 -3 -2 -1   58   3   1   1   4   1   1   4   0   1   3  17   1   0   1   2   3   0   0   1  0.41 0.18
   48 K   -1  4 -1 -2 -3  0  0 -2 -1 -3 -3  5 -2 -3 -2  0 -1 -3 -2 -3    2  31   1   1   0   1   4   1   0   1   1  46   0   0   1   7   2   0   0   1  0.66 0.20
   49 G    0 -1 -1 -2 -3 -1 -2  6 -2 -4 -4 -2 -3 -3 -3 -1 -2 -3 -3 -3    3   3   1   1   0   2   3  80   0   1   1   1   0   0   1   1   1   0   0   1  1.09 0.22
   50 L   -2 -3 -2 -3 -2 -3 -3 -3 -3  5  1 -3  1 -1 -3 -2 -1 -3 -2  3    1   1   3   1   0   1   1   1   0  58   7   1   2   1   1   2   1   0   0  21  0.49 0.16
   51 V    0 -3 -3 -3  6 -3 -3 -2 -3  1 -1 -3 -1 -2 -3 -2 -1 -3 -2  4    6   1   0   1  20   0   1   2   0   4   1   1   0   0   1   1   1   0   1  59  0.56 0.19
   52 T   -1 -2 -3 -3 -2 -1 -2 -3 -3  1  4 -2  1 -1 -2 -1  2 -2 -2  1    3   1   0   1   0   2   1   1   0   5  56   1   1   0   1   2  16   0   0   9  0.35 0.13
   53 E   -1  2 -1  0 -3  1  5 -1 -1 -3 -2  1 -2 -3 -2  0 -1 -3 -3 -2    5  11   0   1   0   3  60   3   0   1   4   4   0   0   1   3   2   0   0   2  0.58 0.18
   54 K   -1  1  0 -2 -3  0 -1 -2 -2 -1 -2  5 -2 -3 -2 -1 -1 -3 -2  1    1   4   4   1   0   0   1   1   0   2   1  62   0   0   1   2   1   0   1  18  0.51 0.19
   55 I   -1 -1 -2 -3 -2 -2 -2  0 -3  3  0 -1  0 -1 -2 -1  0 -3 -1  3    2   3   0   1   0   0   1   7   0  19   5   5   1   2   0   6   3   0   2  42  0.20 0.10
   56 G    0 -1 -1  0 -2  0 -1  5 -2 -2 -2 -1  0 -3 -2  0  1 -3 -3 -2    4   2   0   4   0   4   4  54   0   2   1   1   4   0   1   1  15   0   0   2  0.49 0.12
   57 I   -1 -3 -3 -3 -1 -2 -3 -3 -3  3  1 -2  2  0 -2 -2  0 -3 -1  4    3   1   1   1   0   0   1   1   0  25   5   1   8   2   1   2   3   0   0  47  0.35 0.11
   58 E   -1 -1 -1  0 -3  1  5 -1 -1 -3 -3  1 -2 -3 -1  0  2 -3 -2 -2    2   1   1   1   0   0  61   4   0   1   1   7   0   0   2   2  17   0   0   1  0.57 0.15
   59 S    4 -1 -2 -2 -1  0 -1 -1 -2 -2 -2 -1 -2 -3  3  1  0 -3 -2 -1   55   2   0   1   0   3   1   2   0   1   1   3   0   0  18   7   5   0   0   1  0.46 0.13
   60 K   -2  3  0 -1 -3  0  1 -2 -1 -3 -3  6 -2 -3 -2 -1 -1 -3 -2 -3    1  11   2   1   0   0   4   1   0   1   1  74   0   0   1   1   1   0   0   1  0.74 0.18
   61 Q   -2  2 -1 -1 -3  6  1 -2 -1 -3 -3  3 -1 -3 -2 -1 -1 -3 -2 -3    1   7   0   1   0  62   3   1   0   1   1  17   0   0   1   1   1   0   0   1  0.74 0.20
   62 P   -2 -2 -3 -2 -3 -2 -2 -3 -3 -3 -2 -2 -3 -4  8 -1 -2 -4 -3 -3    1   2   0   0   0   0   1   1   0   0   5   1   0   0  83   3   1   0   0   1  1.85 0.25
   63 N   -2 -1  7  0 -3 -1 -1 -1  2  0 -3 -1 -2 -3 -3  0 -1 -4 -1 -2    1   0  72   0   0   0   1   1   4   9   1   2   0   0   0   4   1   0   2   1  0.78 0.20
   64 S    0 -2  0 -1 -2 -1 -1 -1 -2 -3 -3 -1 -2  0 -2  5  0 -3 -2 -2    3   0   0   0   0   0   1   1   0   0   1   1   0   6   0  83   1   0   0   1  0.70 0.22
   65 A    4 -2 -1 -2 -1  0 -1  2 -2 -2 -2 -1 -2 -3 -1  1  1 -3 -2 -1   60   1   0   1   0   6   1  13   0   1   1   1   0   0   1   3  10   0   0   2  0.39 0.13
   66 V   -2 -2 -2 -3 -2 -2 -3 -4 -3  5  2 -1  1 -1 -3 -2 -1 -3 -1  2    1   2   1   0   0   2   1   1   0  61  13   3   3   0   0   1   1   0   2   7  0.41 0.13
   67 R   -2  7 -2 -2  0  0 -1 -2 -2 -2 -1  1 -2 -3 -1 -2 -2 -4 -3 -3    0  75   0   2   2   2   0   2   0   2   8   0   0   0   3   0   0   0   0   0  0.92 0.26
   68 K   -2  1  0 -2 -4  0  0 -3 -2 -1 -3  6 -2 -4  1 -1 -2 -4 -3 -3    0   0   4   0   0   0   4   0   0   4   0  74   0   0   7   0   0   0   0   0  0.79 0.26
   69 C    0 -4 -3 -4  9 -3 -4 -2 -1 -1 -3 -3 -2 -1 -4  2 -1  2  1 -1    5   0   0   0  56   0   0   2   2   2   0   0   0   2   0  18   2   3   6   4  1.09 0.27
   70 V    2 -3 -3 -4  1 -3 -3  0 -3  1 -1 -3  0 -1 -3 -1 -1  4 -2  4   25   0   0   0   3   0   0   7   0   3   0   0   2   2   0   0   2   8   0  48  0.41 0.18
   71 R   -2  6 -2 -3 -4  0 -1 -1 -2 -4 -3  2 -3  1 -3  0 -2 -4 -2 -4    0  67   0   0   0   0   0   6   0   0   0  10   0   8   0   9   0   0   0   0  0.88 0.26
   72 V   -1 -4 -4 -4  1 -3 -3 -4 -4  2  0 -3 -1 -2 -3  0 -1 -4 -3  5    3   0   0   0   3   0   0   0   0   7   3   0   0   0   0   8   0   0   0  76  0.71 0.25
   73 L   -2  3 -2 -2 -4  7  0 -3  0 -4 -3  0 -2 -5 -3  1 -2 -4 -3 -4    0  19   0   0   0  61   0   0   2   0   3   2   0   0   0  14   0   0   0   0  1.00 0.36
   74 L   -3 -2 -4 -5  1 -4 -4 -2 -4  0  5 -4  0 -1 -4 -1 -3  2 -3  0    0   2   0   0   3   0   0   4   0   3  78   0   0   0   0   6   0   3   0   2  0.82 0.37
   75 R   -1  0 -2 -1  3 -2 -2 -3 -2  4  0 -1  0 -1 -2 -2  0 -2 -2  1    3   8   1   5   7   1   1   2   0  43   4   3   0   2   1   2   6   0   1   8  0.25 0.15
   76 K    0  1  1 -2 -3 -1 -1 -1 -2 -3 -3  5  1 -4 -3  2  1 -4 -3 -3    6   3   7   0   0   0   0   3   0   0   0  49   6   0   0  17   9   0   0   0  0.56 0.31
   77 N   -2 -2  7  1 -4 -2 -2 -2 -1 -4 -4 -1 -3 -1 -3  1  2 -4 -1 -4    0   0  63   4   0   0   0   0   0   0   1   2   0   3   0  10  13   0   2   0  1.01 0.40
   78 S    0  1  0 -1 -1 -1 -3  5 -3 -4 -3 -1 -2 -4 -3  0  0  0 -4 -3    7   8   4   2   1   3   0  59   0   0   3   1   1   0   0   4   5   1   0   0  0.73 0.28
   79 K   -1  2  0 -2 -3  0  0 -3  1  1 -1  3  1  0 -3  0  0 -3  0 -1    4  10   4   0   0   4   4   1   3  10   4  29   4   4   0   8   4   0   4   4  0.21 0.19
   80 K   -2  1  0 -1 -4  2  4 -3 -2 -1 -3  2 -3 -4  0  0  0 -4 -3 -1    0   5   4   0   0   7  35   0   0   5   1  14   0   0   5   5   5   0   0   5  0.39 0.32
   81 I   -1 -4 -3 -4 -2 -3 -3 -4 -4  4  1 -3 -1 -2 -3  0  0 -4 -3  4    3   0   0   0   0   0   0   0   0  32   8   0   0   0   0  10   5   0   0  39  0.57 0.23
   82 A    0 -2  0 -3 -3  1 -2 -1 -3 -1 -2 -2  0 -2 -2  0  6 -4 -3 -2    8   2   3   0   0   9   0   5   0   3   3   0   2   2   1   4  58   0   0   0  0.64 0.30
   83 A    6 -4 -4 -4  1 -3 -3 -2 -4 -3 -1 -3 -3 -4 -1  1 -2 -5 -4 -1   76   0   0   0   3   0   0   0   0   0   7   0   0   0   3   7   0   0   0   3  0.95 0.36
   84 F   -2 -2 -3 -4 -2 -2 -3 -4  0  0  2 -3  1  4 -3 -2 -2  1  5  0    0   0   0   0   0   0   0   0   0   0  33   0   0  33   0   0   0   0  33   0  0.47 0.02
   85 V    1 -3 -3 -3  1 -2 -2 -3 -3  3  0 -3  1  0 -3 -2 -1 -2  1  3   11   0   0   0   3   0   3   1   0  24   3   0   3   2   0   1   2   0   7  36  0.31 0.15
   86 P   -1 -3 -3 -3 -4 -3 -3 -1  0 -3 -1 -3 -3 -4  8 -2 -2 -4 -4 -1    4   0   0   0   0   0   1   4   3   0   6   0   0   0  74   1   0   0   0   4  1.66 0.34
   87 M   -1  0  3 -1 -1 -2 -2  4 -1 -2 -2 -1 -1 -2 -3  0 -1  2 -1 -1    1   5  19   0   2   0   1  40   2   0   2   2   2   2   0   6   3   4   2   8  0.39 0.15
   88 D   -2 -2  1  6 -3 -1  1 -3 -2  1 -2 -2  2 -3 -3 -1 -1 -4 -3 -1    1   0   6  52   0   0   7   1   0  11   1   0   9   0   0   3   3   0   0   3  0.63 0.22
   89 G    0 -3 -1 -3 -1 -3 -3  6 -1 -4 -4 -1 -4 -4 -3 -2 -3 -4 -4 -3    8   0   1   0   1   0   0  80   2   0   0   3   0   0   0   0   0   0   0   1  1.24 0.30
   90 C    3 -2 -2 -2  7 -2 -2  1 -2 -2 -1 -2 -1 -1 -2  1 -1 -2 -2 -1   29   1   1   1  31   1   1  10   1   1   4   1   2   3   1   8   1   0   1   2  0.48 0.15
   91 L   -1 -2 -2 -2 -2 -2 -2 -3 -2  2  3 -2  1  0 -2  0 -1 -2 -1  1    2   1   1   1   0   1   1   2   1  18  47   1   2   2   1   9   1   0   1   6  0.28 0.11
   92 N   -2 -1  6  0 -3 -1 -1 -1  4 -3 -3  0 -3 -3 -3  0  1 -4 -2 -3    1   1  52   2   0   0   1   3  15   0   3   6   0   0   0   4  10   0   0   1  0.71 0.24
   93 F   -2 -2  2 -2 -3 -2 -3 -3  1 -1 -1 -2 -1  6 -3 -1  0 -1  4 -1    1   0  14   0   0   0   1   1   3   2   3   1   1  41   0   4   8   0  16   4  0.53 0.20
   94 L   -2 -3 -3 -3 -2 -3 -3 -4 -3  5  2 -3  0 -1 -3  0  0 -3 -2  2    1   0   0   0   0   0   1   1   0  54  18   1   0   2   0   8   5   0   0   8  0.49 0.19
   95 A   -2  1  1  5 -4  3  3 -3 -1 -4 -4  0 -3 -4 -2 -1 -2 -4 -3 -4    2   7   4  38   0  16  26   0   0   0   0   3   0   0   0   2   0   0   0   0  0.72 0.23
   96 E   -1 -1 -1  1 -4  0  6 -3 -1 -2 -3  1 -3 -4 -2 -1 -2 -4 -3 -2    2   0   1   3   0   0  74   1   1   2   1   7   0   0   1   2   0   0   0   2  0.96 0.31
   97 N   -3 -2  6 -1 -4 -1 -2 -3  8 -4 -4 -2 -3 -4 -3 -1  0 -4 -1 -4    0   0  47   0   0   0   0   0  41   0   0   0   0   0   0   2   7   0   0   0  1.24 0.36
   98 D   -2 -2  1  6 -4 -1  0 -2 -1 -4 -4 -1 -4 -4 -2  2  1 -5 -4 -4    1   0   3  66   0   0   1   1   1   0   0   2   0   0   0  15   8   0   0   0  0.96 0.28
   99 E   -2  1 -1  0 -4  0  5 -3  0 -1 -3  0 -2 -3 -1 -2 -1 -4 -2  1    0   9   1   3   0   1  54   0   3   2   1   3   1   0   2   0   2   0   1  16  0.56 0.24
  100 V   -1 -4 -4 -4 -1 -3 -4 -4 -4  1  0 -3  0  1 -4 -2 -2 -4 -2  6    2   0   0   0   1   0   0   0   0   3   2   0   1   8   0   3   0   0   0  77  0.84 0.31
  101 L   -2 -3 -3 -3 -2 -2 -2 -4 -1  1  4 -3  1 -1 -2 -2  1  4  0  1    0   0   0   2   0   1   2   0   2   7  55   0   2   0   2   1   9   8   2   6  0.45 0.19
  102 V   -2 -3 -4 -4 -2 -3 -4 -3 -4  4  1 -3  0  2 -2 -3 -1 -3 -2  4    1   0   0   0   0   0   0   1   0  37   7   0   1   8   2   0   2   0   0  37  0.52 0.21
  103 A    2 -1 -1  0 -1  0  2  0 -1 -1  0  0 -1 -2  0  0  0 -2 -2 -1   27   1   1   3   1   3  24   6   0   2  10   3   1   1   3   6   3   0   1   3  0.16 0.10
  104 G   -1  0 -1  1 -3 -2 -2  5 -2 -2 -3 -1 -1 -3 -2 -1 -1 -3 -2 -3    1   6   1   9   0   1   1  62   0   2   2   2   2   1   1   3   2   0   2   1  0.72 0.20
  105 L   -2 -3 -3 -3  0 -3 -3 -2 -2  3  2 -3  1  5 -3 -2 -2 -1  0  0    1   1   1   1   2   1   1   3   0  24  16   1   4  37   1   1   1   0   1   1  0.44 0.16
  106 G   -1 -2 -1 -2 -1 -2 -2  6 -2 -2 -3 -2 -2 -1 -2 -1 -2 -3 -3  0    2   2   1   1   2   1   2  68   0   1   2   1   0   3   1   1   1   0   1   9  0.81 0.20
  107 R    0  5 -1 -2 -1  1 -1 -2 -1 -2 -2  1 -2 -3  1  0  0  0 -1  0    5  40   2   1   2   4   1   1   1   1   1   8   0   1   9   5   7   1   1   9  0.35 0.14
  108 Q   -1  4 -1 -1 -4  2  0 -2 -2 -3 -2  4  1 -4 -3  0 -2 -4 -3 -3    2  26   0   2   0   7   3   2   0   0   4  42   6   0   0   7   0   0   0   0  0.56 0.23
  109 G    1 -3 -1 -3 -4 -3 -2  6 -3 -5 -5 -2 -4 -5 -3 -1 -3 -4 -5 -4    9   1   2   0   0   0   3  82   0   0   0   2   0   0   1   2   0   0   0   0  1.34 0.35
  110 H   -2  4 -1 -2 -4  0 -1  3  6 -4 -4  1 -3 -3 -3 -2 -2 -3 -1 -4    1  25   1   0   0   2   1  26  28   0   1  11   0   0   0   1   0   0   1   1  0.65 0.23
  111 A    4  2 -2 -3 -2 -1 -2 -2 -2 -2 -3 -1 -2 -4 -1  2 -1 -4 -3  0   50  16   0   0   0   1   0   0   0   0   0   1   0   0   2  21   1   0   0   8  0.49 0.24
  112 V   -2 -1 -3 -4 -1 -2 -3 -4 -3  1  0  2  3 -1  1 -2 -2 -3  0  4    0   2   0   0   1   0   0   0   0   4   2  18  13   1   8   0   0   0   4  47  0.42 0.24
  113 G   -1 -2 -2 -3 -4 -2 -3  6 -3 -5 -5  2 -4 -5 -3  1 -2 -4 -4 -4    0   1   0   0   0   0   0  73   0   0   0  14   0   0   1  10   0   0   0   1  1.13 0.31
  114 D   -3 -3 -1  7 -1 -2  0 -3 -2 -5 -5 -2 -5 -4 -3 -1 -3 -5  2 -5    0   0   0  87   2   0   0   1   0   0   0   0   0   0   0   3   0   0   8   0  1.52 0.38
  115 I   -3 -3 -3 -4 -2 -4 -4 -5 -4  6  3 -4  2 -1 -4 -4 -1 -4 -3  1    0   1   1   0   1   0   0   0   0  68  23   0   4   0   0   0   2   0   0   1  0.83 0.27
  116 P   -3 -4 -4 -3 -5 -3 -3 -4  0 -5 -5 -3 -5 -6  8 -1 -3 -6 -5 -4    0   0   0   0   0   0   0   0   2   0   0   0   0   0  94   4   0   0   0   0  2.55 0.46
  117 G   -1 -2 -2 -3 -4 -3 -4  7 -4 -5 -5 -3 -4 -5 -4 -2 -2 -4 -5 -5    1   2   0   0   0   0   0  94   0   0   0   0   0   0   0   0   3   0   0   0  1.65 0.36
  118 V   -2 -4 -4 -5  0 -4 -4 -5 -5  2  0 -4  1 -2 -4 -3 -1 -4 -3  6    0   0   0   0   2   0   0   0   0   9   0   0   2   0   0   0   1   0   0  86  1.02 0.32
  119 R   -3  7 -1 -3  3  0 -1 -4  0 -4 -4  2 -3 -4 -3 -1 -2 -4 -3 -4    0  75   2   0   8   0   0   0   2   0   0   9   0   0   0   2   0   0   0   0  1.13 0.30
  120 F   -4 -4 -4 -5 -4 -4 -4 -5 -1 -1 -1 -4 -2  7 -5 -4 -3  3  6 -2    0   0   0   0   0   0   0   0   0   2   0   0   0  58   0   0   0   3  36   0  1.41 0.33
  121 K   -2  1 -1 -2 -3  2  0 -3  4 -4 -4  6 -3 -4 -1 -1 -2 -4 -2 -3    0   1   0   0   0   7   4   0  12   0   0  71   0   0   2   1   1   0   0   2  0.89 0.29
  122 V   -1 -4 -4 -4  0 -4 -4 -4 -4  4  0 -4  0 -2 -4 -3 -1 -4 -3  6    2   0   0   0   2   0   0   0   0  22   1   0   0   0   0   0   0   0   0  72  0.85 0.27
  123 V   -1 -3 -2 -2  1 -2 -2 -3 -3  3  0 -3  0  0 -3 -1  0 -3 -1  4    1   1   1   2   3   0   3   1   0  21   2   1   0   3   1   3   5   0   1  51  0.39 0.16
  124 C    0  1 -1 -2 -1  0  0 -2 -2 -2 -2  5  1 -3 -2 -1 -1 -3 -2 -2    6   1   1   1   1   1   3   2   0   1   3  65   6   1   1   2   1   0   1   1  0.58 0.20
  125 V   -2 -4 -4 -4 -2 -3 -4 -4 -4  1  0 -3 -1 -2 -3 -3 -1 -4 -2  6    1   0   0   0   0   0   0   1   0   2   3   0   0   0   0   1   0   0   0  90  1.03 0.31
  126 K    3  2  4 -1 -3  0 -1  0 -1 -3 -3  0 -2 -4 -2  1 -1 -4 -3 -3   31  16  29   0   0   5   0   5   0   0   0   1   0   0   0  11   2   0   0   0  0.44 0.19
  127 G   -1 -2  4  1 -4 -2 -2  5 -2 -5 -5 -1 -4 -4 -3  0 -1 -4 -2 -4    0   2  28   5   0   0   0  55   0   0   0   2   0   0   0   5   1   0   1   0  0.89 0.24
  128 I    1 -3 -1 -4 -1 -2 -3 -4 -4  2 -1 -3 -1 -2 -3 -2  1 -4 -2  5   11   0   3   0   1   1   0   0   0   9   0   1   0   1   0   1  10   0   0  64  0.56 0.23
  129 S    0 -2  0 -2  0 -1 -2  0 -2 -3  0 -2 -1 -2 -1  5  0 -4 -3 -2    5   0   2   0   2   1   0   7   0   0  14   0   1   1   2  64   1   0   0   0  0.51 0.24
  130 L   -3 -2 -3  2 -3 -3 -3 -4 -4  1  5 -3  1  0 -4 -3 -2 -3 -2 -1    0   2   0  16   0   0   0   0   0   3  74   0   3   2   0   0   0   0   0   0  0.69 0.25
  131 L   -1  0  0 -1  0 -1 -1 -3  0  0  2  1  0 -1 -3  0  1  0 -1 -1    3   4   5   4   2   1   4   0   3   5  38  10   1   0   0   4  12   1   1   0  0.11 0.10
  132 A    5 -2 -2 -1 -2  0  3 -1 -2 -3 -2 -1 -2 -4 -2  0 -1 -4 -3 -1   63   0   0   2   0   2  24   2   0   0   2   0   0   0   0   3   1   0   0   2  0.63 0.26
  133 L   -2 -3 -4 -4 -3 -3 -4  1 -4  2  4 -3  2 -1 -3 -3 -2 -3 -3  0    1   0   0   0   0   0   0  16   0  12  65   0   5   0   0   1   0   0   0   1  0.62 0.23
  134 F   -2 -2 -4 -5 -3 -3 -4 -4 -1  0  0 -3 -1  3 -4 -3 -2  5  5  4    0   2   0   0   0   0   0   0   1   2   7   0   0  15   0   0   0  10  25  38  0.70 0.24
  135 K   -1  3  0 -1 -4  0  0 -3 -1 -1 -1  5 -2 -4 -2  0  0 -4 -3 -2    3  14   4   2   0   1   5   0   1   4   6  51   0   0   0   3   5   0   0   0  0.47 0.20
  136 G   -1 -2  1  1 -4 -1  2  6 -1 -5 -5  0 -4 -5 -3 -1 -2 -4 -4 -4    0   1   5   6   0   1  16  63   1   0   0   5   0   0   0   2   0   0   0   0  0.90 0.25
  137 K   -3  5  0 -2 -5  0 -1 -3 -2 -4 -4  6 -3 -5 -3 -2 -2 -5 -3 -4    0  33   4   1   0   0   0   0   0   1   0  62   0   0   0   0   0   0   0   0  1.10 0.33
  138 K   -1  2 -1 -2 -4  1 -1 -3 -2 -1 -3  6  2 -4 -3 -2 -2 -4 -3 -2    3   5   1   0   0   4   1   0   0   3   0  73   7   0   0   0   0   0   0   1  0.90 0.31
  139 E   -3 -1 -1  0 -5  5  6 -4 -2 -4 -4  0 -2 -5 -2 -2 -2 -4 -4 -3    0   0   1   2   0  28  64   0   0   0   0   1   0   0   1   0   0   0   0   1  1.13 0.34
  140 K   -1  4 -2 -2 -4  0 -1  0 -2 -4 -4  5 -3 -4 -3  0 -2 -4 -3 -4    5  26   0   0   0   0   0   8   0   0   0  54   0   0   0   7   0   0   0   0  0.79 0.27
  141 R   -2  6 -1 -2 -4  2  0 -3 -1 -4 -3  2 -2 -4 -3 -1 -2 -3 -2 -3    0  88   0   0   0   7   0   0   0   0   0   5   0   0   0   0   0   0   0   0  1.00 0.11

                      K         Lambda
Standard Ungapped    0.1396     0.3222
Standard Gapped      0.0462     0.2670
PSI Ungapped         0.1514     0.3147
PSI Gapped           0.0462     0.2670
