
Last position-specific scoring matrix computed, weighted observed percentages rounded down, information per position, and relative weight of gapless real matches to pseudocounts
           A  R  N  D  C  Q  E  G  H  I  L  K  M  F  P  S  T  W  Y  V   A   R   N   D   C   Q   E   G   H   I   L   K   M   F   P   S   T   W   Y   V
    1 A    6 -3 -3 -3 -2 -2 -2 -1 -3 -3 -3 -2 -2 -4 -2  2 -1 -4 -3 -2   89   0   0   0   0   0   0   0   0   0   0   0   0   0   0  11   0   0   0   0  1.01 0.22
    2 E    1 -1  1  1 -2  2  1 -2 -2 -1 -2  2 -1 -3 -2  1  2 -3 -2  0   16   0   5   7   0  11  11   0   0   3   1  14   0   0   0   5  18   0   0   7  0.20 0.08
    3 N    0 -2  3 -1 -3  1  1 -2 -1 -1 -2 -1 -2 -3 -1  0  2 -4 -3  2   10   0  21   1   0   8  13   0   0   2   1   0   0   0   2   3  17   0   0  22  0.25 0.11
    4 Q   -3  1 -2 -3 -5  6  0 -4 -1 -4 -4  1 -2 -2 -3 -1 -2  5  4 -4    0   5   0   0   0  58   0   0   0   0   0   8   0   0   0   3   1   8  15   0  1.00 0.25
    5 Y   -3 -3  4 -3 -4 -3 -3 -4  2 -3 -3 -3 -3  4 -5 -2 -3  0  8 -3    0   0  23   0   0   0   0   0   3   0   0   0   0  14   0   1   0   0  57   0  1.28 0.26
    6 Y   -4 -4 -1 -5 -4 -4 -4 -5  0 -2 -3 -4  0  2 -5 -4 -3  2  9 -3    0   0   3   0   0   0   0   0   1   1   1   0   2   3   0   0   1   1  86   0  1.94 0.34
    7 G    0 -4 -2 -3 -4 -4 -4  7 -4 -6 -6 -3 -5 -5 -4 -2 -3 -4 -5 -5    5   0   0   0   0   0   0  94   0   0   0   0   0   0   0   0   0   0   0   0  1.76 0.28
    8 T   -2 -3 -2 -3 -3 -3 -3 -4 -4 -3 -3 -3 -3 -4 -3 -1  7 -5 -4 -1    0   0   0   0   0   0   0   0   0   0   0   0   0   0   0   0  99   0   0   1  1.66 0.35
    9 G   -2 -4 -2 -3 -5 -4 -4  7 -4 -6 -6 -4 -5 -5 -4 -2 -4 -5 -5 -5    0   0   0   0   0   0   0 100   0   0   0   0   0   0   0   0   0   0   0   0  1.97 0.31
   10 R   -4  8 -3 -4 -6 -1 -2 -5 -2 -5 -4  1 -4 -5 -4 -3 -3 -5 -4 -5    0  98   0   0   0   0   0   0   0   0   0   2   0   0   0   0   0   0   0   0  1.95 0.34
   11 R   -4  8 -3 -4 -6 -1 -2 -5 -2 -5 -4  0 -4 -5 -4 -3 -3 -5 -4 -5    0 100   0   0   0   0   0   0   0   0   0   0   0   0   0   0   0   0   0   0  2.01 0.35
   12 K   -3  0 -2 -3 -5 -1 -1 -4 -3 -5 -5  7 -4 -5 -3 -2 -3 -5 -4 -5    0   0   0   0   0   0   0   0   0   0   0 100   0   0   0   0   0   0   0   0  1.71 0.34
   13 S   -1 -1  0 -1 -1 -1 -1 -2  1 -3 -3  1 -3 -4 -2  4  4 -4 -3 -3    0   1   3   1   1   1   2   0   4   0   0  11   0   0   0  46  30   0   0   0  0.60 0.19
   14 S    2 -3 -1 -2 -3 -2 -2 -2 -3 -4 -4 -2 -3 -4 -3  6 -1 -5 -4 -3   18   0   0   0   0   0   0   0   0   0   0   0   0   0   0  82   0   0   0   0  1.14 0.28
   15 A    1 -3 -3 -3 -2 -3 -3 -3 -4  2 -1 -3 -1 -2 -3  1  3 -4 -3  4    9   0   0   0   0   0   0   0   0  11   0   0   0   0   0  11  20   0   0  49  0.51 0.16
   16 A    7 -4 -4 -4 -2 -3 -3 -2 -4 -3 -4 -3 -3 -4 -3  0 -2 -5 -4 -2   99   0   0   0   0   0   0   0   0   0   0   0   0   0   0   1   0   0   0   0  1.42 0.32
   17 R   -4  8 -3 -4 -6 -1 -2 -5 -2 -5 -5  0 -4 -5 -4 -3 -3 -5 -4 -5    0  99   0   0   0   0   0   0   0   0   0   1   0   0   0   0   0   0   0   0  2.05 0.37
   18 V   -2 -5 -5 -5 -3 -4 -5 -5 -5  1 -1 -4 -1 -3 -5 -4 -2 -5 -3  7    0   0   0   0   0   0   0   0   0   2   0   0   0   0   0   0   0   0   0  98  1.48 0.32
   19 F   -4  3 -4 -5 -4 -3 -4 -5 -2 -2 -2 -3 -2  7 -5 -4 -4  2  4 -3    0  22   0   0   0   0   0   0   0   0   0   0   0  58   0   0   0   3  16   0  1.23 0.26
   20 I   -2 -4 -5 -5 -3 -4 -4 -5 -4  3  5 -4  3 -1 -4 -4 -2 -3 -3  1    3   0   0   0   0   0   0   0   0  20  65   0   7   0   0   0   0   0   0   4  0.80 0.19
   21 K   -1  3 -2 -3 -3  0 -1 -3 -2 -1 -1  4  0 -2 -3 -1  0 -3  1  2    1  22   0   0   0   2   0   0   0   1   3  31   2   1   0   4   7   0   6  21  0.35 0.14
   22 P    1  0 -2 -3 -4 -1 -2 -3 -3 -3 -3  1 -3 -5  7  0 -2 -5 -4 -2   11   4   2   0   0   2   1   0   0   1   1  11   0   0  57   6   1   0   0   2  1.21 0.22
   23 G   -2 -5 -2 -3 -5 -4 -4  7 -4 -6 -6 -4 -5 -5 -4 -2 -4 -5 -5 -5    0   0   0   0   0   0   0 100   0   0   0   0   0   0   0   0   0   0   0   0  2.02 0.33
   24 N   -1 -1  2  0 -1 -1  1 -2 -2 -3 -3  1 -3 -4 -2  3  4 -4 -3 -2    1   0  10   5   1   1   8   1   0   0   0   9   0   0   0  29  35   0   0   0  0.49 0.16
   25 G   -2 -5 -2 -3 -5 -4 -4  7 -4 -6 -6 -4 -5 -5 -4 -2 -4 -5 -5 -5    0   0   0   0   0   0   0 100   0   0   0   0   0   0   0   0   0   0   0   0  2.02 0.33
   26 K   -1  1  4  1 -4  1  0 -2 -1 -4 -4  4 -3 -4 -3  0 -1 -4 -3 -3    5   4  30   5   0   7   4   1   0   0   1  37   0   0   0   3   2   0   0   2  0.57 0.16
   27 I   -3 -5 -5 -5 -3 -5 -5 -6 -5  7  0 -5  0  0 -5 -4 -3 -4 -3  2    0   0   0   0   0   0   0   0   0  86   1   0   1   3   0   0   0   0   0   9  1.32 0.28
   28 V   -2 -3 -2 -3 -1 -2 -2 -4 -3  2 -1 -2 -1 -2 -3  0  5 -4 -3  3    0   0   0   0   1   0   1   0   0  13   4   1   1   0   0   3  49   0   0  26  0.59 0.19
   29 I   -2 -5 -5 -5 -3 -4 -5 -5 -5  6  0 -4 -1 -2 -4 -4 -2 -5 -3  5    0   0   0   0   0   0   0   0   0  50   0   0   0   0   0   0   0   0   0  50  1.10 0.25
   30 N   -4 -3  8 -1 -5 -2 -3 -3 -2 -6 -6 -2 -5 -6 -4 -2 -2 -6 -5 -5    0   0 100   0   0   0   0   0   0   0   0   0   0   0   0   0   0   0   0   0  2.17 0.39
   31 Q   -2  0  2  1 -4  1 -1  4 -1 -4 -4  4 -3 -4 -3  0 -2 -4 -4 -4    0   2  12  10   0   7   0  32   1   0   0  32   0   0   0   3   1   0   0   0  0.57 0.16
   32 R   -3  7 -2 -3 -2  0 -2 -4 -2 -4 -3  4 -3 -5 -4 -2 -2 -5 -4 -4    0  64   0   0   1   2   0   0   0   0   2  29   0   0   0   0   1   0   0   1  1.23 0.26
   33 S   -1 -2  0  4 -3 -1  1 -2 -2 -4 -4 -1 -3 -4  5  2  1 -5 -4 -3    3   1   2  27   0   1   6   1   0   0   0   1   0   0  29  19  10   0   0   0  0.70 0.16
   34 L   -2 -4 -5 -5 -3 -3 -4 -5 -4  4  4 -4  3 -1 -4 -3 -2 -3 -2  2    2   0   0   0   0   0   0   0   0  31  49   0   7   1   0   0   0   0   0   9  0.70 0.17
   35 E   -2 -3  2  6 -5  0  4 -3 -2 -5 -4 -1 -4 -5 -3 -2 -2 -6 -4 -5    2   0   8  61   0   2  25   0   0   0   1   1   0   0   0   0   1   0   0   0  1.15 0.24
   36 Q   -2 -2  0  3 -4  3  5 -3 -2 -3 -4  0 -3 -4 -3 -1 -1 -4 -3 -1    2   0   2  19   0  14  49   1   0   1   0   2   0   0   0   1   3   0   0   5  0.73 0.19
   37 Y   -4 -4 -5 -6 -5 -4 -5 -6 -1 -3 -3 -4 -3  4 -6 -4 -4  0  9 -3    0   0   0   0   0   0   0   0   0   0   0   0   0  15   0   0   0   0  85   0  2.18 0.38
   38 F   -5 -5 -5 -6 -5 -6 -6 -6 -4 -2  0 -5 -2  9 -6 -5 -4 -1  1 -3    0   0   0   0   0   0   0   0   0   1   4   0   0  95   0   0   0   0   0   0  2.12 0.36
   39 G    0 -4 -2 -1 -3 -3 -3  6 -2 -5 -5 -3 -4 -5  0  1 -2 -4 -5 -4    5   0   1   2   0   0   0  77   1   0   0   0   0   0   4  10   1   0   0   0  1.24 0.24
   40 R   -3  6 -3 -4 -4 -1 -2 -4 -2 -2  2  0 -1 -2 -4 -3 -3 -4  0 -3    0  65   0   0   0   0   0   0   0   1  28   0   1   1   0   1   0   0   3   0  1.00 0.25
   41 E   -2 -2 -2  1 -5  1  6 -4 -2 -5 -5  1 -4 -5  0 -2 -3 -5 -3 -2    0   0   0   5   0   4  75   0   0   0   0   7   0   0   5   0   0   0   0   3  1.14 0.26
   42 T   -2 -3 -2 -3 -3 -3 -3 -4 -4 -3 -3 -3 -3 -4 -3 -1  7 -5 -4 -1    0   0   0   0   0   0   0   0   0   0   0   0   0   0   0   1  96   0   0   4  1.62 0.36
   43 A    2 -3 -2 -1 -2 -2 -2  1 -3 -1  3 -2 -1 -2 -3  2 -1 -3 -3 -1   25   0   1   4   0   1   1  11   0   0  37   0   0   0   0  20   0   0   0   0  0.30 0.14
   44 R   -2  5 -2 -2  2  1  0 -4 -2 -1 -1  4 -2 -4 -3 -2 -2 -4 -3 -3    0  46   0   1   6   4   2   0   0   4   5  29   0   0   0   1   0   0   0   0  0.74 0.19
   45 M   -2 -3 -4 -5 -3 -3 -4 -5 -4  0  2 -3  9 -2 -5 -3 -1 -4 -2  2    1   1   0   0   0   0   0   0   0   2  12   0  67   0   0   0   2   0   1  12  1.28 0.30
   46 V   -2 -4 -5 -4 -3 -4 -4 -5 -5  6  0 -4  0 -2 -4 -4 -1 -4 -3  5    0   0   0   1   0   0   1   0   0  52   2   0   0   0   0   0   1   0   0  43  0.97 0.23
   47 V   -1 -4 -5 -5 -1 -4 -4 -5 -5  2  0 -4 -1 -3 -4 -2 -2 -5 -3  6    4   0   0   0   1   0   0   0   0   7   2   0   0   0   0   2   0   0   0  84  1.10 0.26
   48 R   -3  7  1 -3 -1  0 -2 -4 -2 -4 -3  3  0 -4 -4 -2 -3 -5 -3 -4    0  67   6   0   1   1   0   0   0   0   2  20   3   0   0   0   0   0   0   0  1.15 0.25
   49 Q   -3 -1 -2 -3 -5  8  0 -4 -2 -5 -5 -1 -3 -6 -4 -2 -3 -4 -4 -5    0   1   0   0   0  96   1   0   0   0   0   0   0   0   0   1   0   0   0   0  2.01 0.40
   50 P   -2 -5 -4 -4 -5 -4 -3 -5 -5 -5 -5 -3 -5 -6  9 -3 -3 -6 -5 -5    2   0   0   0   0   0   0   0   0   0   0   0   0   0  97   1   0   0   0   0  2.78 0.40
   51 L   -3 -4 -5 -6 -3 -4 -5 -6 -5  0  6 -4  1  0 -5 -4 -3 -3 -3 -1    0   0   0   0   0   0   0   0   0   1  97   0   1   2   0   0   0   0   0   0  1.30 0.28
   52 E    0 -2  0  0 -4  1  5 -3 -1 -1 -2 -1 -2 -3 -3 -1  0 -4 -3  1    7   0   4   2   0   3  56   1   1   2   2   1   0   1   0   0   5   0   0  16  0.58 0.18
   53 L    1 -3 -4 -4  0 -2 -3 -4 -4  1  5 -3  1 -1 -4 -2  0 -3 -3  1   12   0   0   0   1   1   1   0   0   2  70   0   1   0   0   1   5   0   0   5  0.62 0.18
   54 V    0 -3 -2 -3 -2 -3 -3 -4 -4  0  0 -3 -2 -3 -3 -1  6 -4 -3  3    6   0   0   0   0   0   0   0   0   1   6   0   0   1   0   0  64   0   0  21  0.81 0.24
   55 D   -2 -2  2  4 -5  1  5  1 -2 -5 -5  0 -4 -5 -3 -1 -2 -5 -4 -4    1   0  12  24   0   3  45  11   0   0   0   2   0   0   0   2   0   0   0   0  0.77 0.19
   56 M    0 -2  3 -2 -3 -1 -2 -3  2 -1  0 -2  5 -2 -3  0  4 -4 -2 -1    5   0  16   0   0   1   0   0   5   0   7   1  21   0   0   6  35   0   1   3  0.43 0.17
   57 V    1 -2 -1 -1 -2 -1  0 -1 -2  1  2 -1  1 -2 -2  0  2 -3 -2  2   12   0   2   2   0   2   7   4   0   4  24   3   3   0   0   3  18   0   0  16  0.12 0.07
   58 E   -1 -2  1  4 -4  0  3  3 -2 -4 -5 -1 -4 -5 -3  0 -1 -5 -4 -4    2   0   7  33   0   1  26  23   0   0   0   0   0   0   0   5   2   0   0   0  0.67 0.16
   59 K   -1  2  1 -2 -3  2 -1 -2 -1 -4 -4  5 -3 -4 -3  0  1 -4 -3 -3    2   9   5   0   0   7   1   1   1   0   0  59   0   1   0   6   8   0   0   0  0.70 0.19
   60 L   -4 -5 -5 -5 -4 -5 -5 -5 -3 -1  1 -5 -1  8 -5 -4 -4 -1  4 -1    0   0   0   0   0   0   0   0   0   1  10   0   0  72   0   0   0   0  14   4  1.48 0.28
   61 D   -4 -4  0  8 -6 -2 -1 -4 -3 -6 -6 -3 -5 -6 -4 -2 -3 -7 -5 -6    0   0   2  98   0   0   0   0   0   0   0   0   0   0   0   0   0   0   0   0  2.08 0.36
   62 L   -1 -4 -5 -5 -2 -4 -4 -5 -5  4  2 -4  0  0 -4 -3 -2 -4 -2  5    2   0   0   0   0   0   0   0   0  33  12   0   1   3   0   0   0   0   0  48  0.75 0.18
   63 Y   -2 -1  1 -3 -2 -1 -2 -3  0  1  1  1  2  1 -3 -2 -1 -1  4  0    0   2   8   0   0   2   0   0   1  10  17  13   6   5   0   1   2   0  24   7  0.24 0.10
   64 I    1 -4 -4 -5  3 -4 -4 -4 -5  4 -1 -4 -1 -2 -4 -3 -2 -4 -3  5   10   0   0   0   6   0   0   0   0  24   0   0   0   0   0   0   0   0   0  60  0.82 0.21
   65 T   -2 -1  5 -1 -3 -2 -2 -3 -2 -2 -3  0 -3 -3 -3  0  5 -5 -3 -2    0   3  41   0   0   0   0   0   0   2   1   4   0   1   0   2  46   0   0   0  0.87 0.24
   66 V   -1 -5 -5 -5 -3 -4 -5 -5 -5  1 -1 -4 -1 -3 -4 -4 -2 -5 -3  7    3   0   0   0   0   0   0   0   0   1   0   0   0   0   0   0   0   0   0  95  1.39 0.31
   67 K    0  1  0 -1  0  0  0 -2  4 -1 -3  3 -2 -3 -2  1  0 -3  0 -1    9   7   5   1   2   3   4   1  16   3   0  25   0   0   0  10   6   0   2   5  0.25 0.10
   68 G   -2 -5 -2 -3 -5 -4 -4  7 -4 -6 -6 -4 -5 -5 -4 -2 -4 -5 -5 -5    0   0   0   0   0   0   0 100   0   0   0   0   0   0   0   0   0   0   0   0  2.02 0.33
   69 G   -2 -5 -2 -3 -5 -4 -4  7 -4 -6 -6 -4 -5 -5 -4 -2 -4 -5 -5 -5    0   0   0   0   0   0   0 100   0   0   0   0   0   0   0   0   0   0   0   0  2.02 0.33
   70 G   -2 -5 -2 -3 -5 -4 -4  7 -4 -6 -6 -4 -5 -5 -4 -2 -4 -5 -5 -5    0   0   0   0   0   0   0 100   0   0   0   0   0   0   0   0   0   0   0   0  2.02 0.33
   71 I   -1 -2  0 -1 -2 -1  1 -1 -1  1  0 -2  0  2  0  0  1 -2  2  1    2   0   4   2   0   0  16   4   1  17   4   0   2  12   5   7   9   0   8   8  0.08 0.06
   72 S   -1 -3  1 -2 -3 -2 -2 -2 -3 -3 -3 -2 -3 -1 -3  5  5 -4 -3 -3    1   0   5   0   0   0   0   0   0   0   0   0   0   4   0  47  43   0   0   0  0.85 0.24
   73 G   -1 -4 -2 -3 -5 -4 -4  7 -4 -6 -6 -4 -5 -5 -4 -2 -4 -5 -5 -5    1   0   0   0   0   0   0  98   0   0   0   0   0   0   0   1   0   0   0   0  1.93 0.32
   74 Q   -3 -1 -2 -3 -6  9  0 -4 -2 -5 -5 -1 -3 -6 -4 -3 -3 -5 -4 -5    0   0   0   0   0 100   0   0   0   0   0   0   0   0   0   0   0   0   0   0  2.17 0.43
   75 A    6 -3 -3 -4 -2 -3 -3 -2 -4 -3 -4 -3 -3 -4 -3  0 -2 -5 -4 -2   97   0   0   0   0   0   0   0   0   0   0   0   0   0   0   3   0   0   0   0  1.36 0.31
   76 G   -2 -4 -2 -3 -5 -4 -4  7 -4 -6 -6 -4 -5 -5 -4 -2 -4 -5 -5 -5    0   0   0   0   0   0   1  99   0   0   0   0   0   0   0   0   0   0   0   0  1.98 0.33
   77 A    7 -4 -4 -4 -2 -3 -3 -2 -4 -3 -4 -3 -3 -4 -3 -1 -2 -5 -4 -2  100   0   0   0   0   0   0   0   0   0   0   0   0   0   0   0   0   0   0   0  1.45 0.33
   78 I   -3 -5 -5 -5 -3 -5 -5 -6 -5  7  0 -5  0 -2 -5 -4 -2 -5 -3  3    1   0   0   0   0   0   0   0   0  81   1   0   1   0   0   0   1   0   0  16  1.25 0.27
   79 R   -4  8 -3 -4 -6 -1 -2 -5 -2 -5 -5  1 -4 -5 -4 -3 -3 -5 -4 -5    0  97   0   0   0   0   0   0   0   0   0   3   0   0   0   0   0   0   0   0  1.98 0.36
   80 H   -4 -3 -2 -4 -5  0 -3 -5 10 -5 -1 -3 -3 -4 -5 -3 -4 -5 -1 -5    0   0   0   0   0   2   0   0  89   0   8   0   0   0   0   0   0   0   0   0  2.38 0.40
   81 G   -2 -4 -2 -3 -5 -4 -4  7 -4 -6 -6 -4 -5 -5 -4 -2 -4 -5 -5 -5    1   0   0   0   0   0   0  99   0   0   0   0   0   0   0   0   0   0   0   0  1.99 0.33
   82 I   -3 -5 -5 -5 -3 -5 -5 -6 -5  7  1 -5  0 -2 -5 -4 -3 -4 -3  1    0   0   0   0   0   0   0   0   0  86  10   0   0   0   0   0   0   0   0   4  1.34 0.28
   83 T    3 -3 -2 -3 -2 -2 -2 -2 -3 -3 -3 -2 -3 -4 -3  3  5 -4 -3 -2   28   0   0   0   0   0   0   0   0   0   0   0   0   0   0  22  50   0   0   0  0.81 0.23
   84 R   -4  8 -3 -4 -3 -1 -2 -5 -2 -5 -4  1 -4 -5 -4 -3 -3 -5 -4 -5    0  97   0   0   1   0   0   0   0   0   0   2   0   0   0   0   0   0   0   0  1.96 0.36
   85 A    7 -4 -4 -4 -2 -3 -3 -2 -4 -3 -4 -3 -3 -4 -3 -1 -2 -5 -4 -2   99   0   0   0   0   0   0   0   0   0   0   0   0   0   0   0   0   0   0   1  1.42 0.32
   86 L   -3 -4 -6 -6 -3 -4 -5 -6 -5  0  6 -4  0 -1 -5 -4 -3 -4 -3 -1    0   0   0   0   0   0   0   0   0   1  99   0   0   0   0   0   0   0   0   0  1.37 0.29
   87 M   -2 -3 -3 -5 -1 -3 -4 -5 -4  4  3 -3  5 -1 -4 -3 -2 -3 -2  2    0   0   1   0   1   0   0   0   0  24  34   0  24   0   0   0   1   0   0  14  0.67 0.17
   88 E   -1  0  0  3 -4  3  4 -3 -1 -3 -3  2 -3 -4 -2 -1 -1 -4 -3 -2    4   1   2  17   0  19  33   1   1   1   2  15   0   0   0   1   1   0   0   3  0.55 0.15
   89 Y    2 -3 -3 -4 -3 -3 -3 -4 -1 -2 -2 -3 -1  2 -4 -2 -2  0  7  1   21   0   1   0   0   0   0   0   0   0   2   0   1   7   0   2   0   0  54  10  0.95 0.24
   90 D   -4 -3  3  7 -5 -2  0 -2 -3 -5 -5 -3 -5 -6 -4 -2 -3 -6 -5 -5    0   0  11  84   0   0   1   1   0   0   1   0   0   0   0   1   0   0   0   0  1.67 0.31
   91 E    2 -2 -1  0 -4  0  5 -1 -2 -3 -4 -1 -3 -4  2  0 -2 -4 -3 -2   23   0   2   2   0   1  50   4   0   1   0   1   0   0  10   4   0   0   0   2  0.62 0.18
   92 S    1 -2  1  2 -3  0  3  0 -2 -3 -3 -1 -2 -4 -2  1  3 -4 -3 -2   10   0   7  15   0   0  25   4   0   0   1   0   0   0   0  12  23   0   0   1  0.39 0.13
   93 L   -3 -4 -1 -5 -3 -3 -4 -5 -2  0  5 -4  2  3 -4 -3 -3 -1  3 -1    0   0   3   0   0   0   0   0   0   0  69   0   4  10   0   1   0   0  12   0  0.78 0.20
   94 R   -3  7 -2 -3 -5 -1 -2 -4 -1 -5 -4  4 -3 -5 -4 -3 -3 -5 -4 -5    0  76   0   0   0   0   0   0   1   0   0  24   0   0   0   0   0   0   0   0  1.53 0.30
   95 S   -1 -2 -2 -2 -4 -1 -2  1 -3 -3 -4 -2 -3 -3  7  1 -1 -5 -4 -3    4   1   1   1   0   2   0  11   0   1   1   2   0   1  59  14   2   0   0   1  1.27 0.23
   96 E    2 -2 -1 -1 -2 -1  1 -2 -2  0 -2 -1 -2 -3  2  1  1 -4 -3  1   27   1   2   3   0   2  11   0   0   4   0   2   0   0  10  10  12   0   0  15  0.23 0.10
   97 L   -3 -4 -5 -6 -3 -4 -5 -6 -5  0  6 -4  2 -1 -5 -4 -3 -4 -3 -1    0   0   0   0   0   0   0   0   0   1  96   0   3   0   0   0   0   0   0   0  1.30 0.28
   98 R   -2  5 -2 -3 -5 -1 -1 -3 -2 -5 -4  5 -3 -5 -3  1 -2 -5 -3 -4    0  42   0   0   0   0   0   0   0   0   0  43   0   0   0  14   0   0   0   0  0.99 0.24
   99 K    1  2  0 -2 -4  1  0 -1 -1 -4 -4  5 -3 -4 -3  0 -1 -4 -3 -3   13   9   2   1   0   5   2   2   1   0   0  57   0   0   0   6   2   0   0   0  0.66 0.19
  100 A    6 -2 -3 -3 -2 -2 -1 -1 -3 -3 -4 -2 -3 -4 -3  0 -2 -5 -4 -2   92   1   0   0   0   0   4   1   0   0   0   1   0   0   0   1   0   0   0   0  1.19 0.29
  101 G   -2 -4 -2 -3 -5 -4 -4  7 -4 -6 -6 -4 -5 -5 -4 -2 -4 -5 -5 -5    0   0   1   1   0   0   0  98   0   0   0   0   0   0   0   0   0   0   0   0  1.95 0.32
  102 F   -4 -4 -5 -6 -4 -5 -5 -5 -1 -2  0 -5 -1  8 -5 -4 -4 -1  5 -3    0   0   0   0   0   0   0   0   1   0   8   0   1  70   0   0   0   0  21   0  1.57 0.29
  103 V   -2 -4 -5 -5 -3 -4 -4 -5 -5  2  4 -4  1 -2 -4 -4 -2 -4 -3  5    0   0   0   0   0   0   0   0   0   4  44   0   2   0   0   0   0   0   0  50  0.81 0.20
  104 T   -2 -3 -2 -3 -3 -3 -3 -4 -4 -3 -4 -3 -3 -5 -3 -1  8 -5 -4 -2    0   1   0   0   0   0   0   0   0   0   0   0   0   0   0   0  99   0   0   0  1.74 0.37
  105 R   -4  8 -3 -4 -6 -1 -2 -5 -2 -5 -5  0 -4 -5 -5 -3 -3 -5 -4 -5    0 100   0   0   0   0   0   0   0   0   0   0   0   0   0   0   0   0   0   0  2.07 0.37
  106 D   -4 -4 -1  8 -6 -3 -1 -4 -3 -6 -6 -3 -6 -6 -4 -2 -3 -7 -6 -6    0   0   0 100   0   0   0   0   0   0   0   0   0   0   0   0   0   0   0   0  2.16 0.37
  107 A    5 -3 -3 -2 -3 -2 -2 -2 -3 -4 -4 -2 -3 -4  5  2 -2 -5 -4 -3   53   0   0   1   0   0   0   0   0   0   0   0   0   0  32  13   0   0   0   0  1.02 0.23
  108 R   -4  8 -3 -4 -6 -1 -2 -5 -2 -5 -5  0 -4 -5 -5 -3 -3 -5 -4 -5    0 100   0   0   0   0   0   0   0   0   0   0   0   0   0   0   0   0   0   0  2.07 0.37
  109 Q   -1 -1 -3 -2  0  2  4 -4 -2 -1 -1  1  6 -3 -3 -2 -2 -4 -3 -1    5   2   0   0   2   7  36   0   0   1   0   8  37   0   0   1   0   0   0   2  0.68 0.22
  110 V   -2 -2 -3 -4 -3 -2 -3 -4 -4  0 -2  4 -2 -3 -4 -3 -1 -5 -3  5    0   0   0   0   0   0   0   0   0   0   0  36   0   0   0   0   1   0   0  63  0.86 0.25
  111 E   -3 -2 -2 -1 -6  0  7 -4 -2 -6 -5 -1 -4 -6 -3 -2 -3 -5 -4 -5    0   0   0   0   0   0 100   0   0   0   0   0   0   0   0   0   0   0   0   0  1.88 0.37
  112 R   -4  8 -3 -4 -6 -1 -2 -5 -2 -5 -5  0 -4 -5 -5 -3 -3 -5 -4 -5    0 100   0   0   0   0   0   0   0   0   0   0   0   0   0   0   0   0   0   0  2.07 0.37
  113 K   -3  1 -2 -3 -5 -1 -1 -4 -3 -5 -5  7 -4 -5 -3 -2 -3 -5 -4 -5    0   3   0   0   0   0   0   0   0   0   0  97   0   0   0   0   0   0   0   0  1.69 0.35
  114 K   -3  0 -2 -3 -5 -1 -1 -4 -3 -5 -5  8 -4 -6 -3 -2 -3 -5 -4 -5    0   0   0   0   0   0   0   0   0   0   0 100   0   0   0   0   0   0   0   0  1.76 0.36
  115 V   -2 -4 -4 -5 -2 -4 -4 -5 -2  1 -1 -4 -1  0 -3 -3 -2 -1  6  5    0   0   0   0   1   0   0   0   0   5   1   0   0   2   1   0   0   0  39  51  0.99 0.25
  116 G   -2 -4 -2 -3 -5 -4 -4  7 -4 -6 -6 -4 -5 -5 -4 -2 -4 -5 -5 -5    0   0   0   0   0   0   0 100   0   0   0   0   0   0   0   0   0   0   0   0  1.97 0.31
  117 L   -3 -2 -5 -5 -3 -2 -4 -5 -4  0  6 -3  0  1 -5 -4 -3 -3 -2 -1    0   2   0   0   0   1   0   0   0   0  89   1   0   6   0   0   0   0   0   0  1.05 0.24
  118 R   -3  5 -2 -3 -5  0 -1 -4  6 -5 -4  4 -3 -4 -2 -2 -3 -4 -2 -4    0  36   0   0   0   0   0   0  25   0   0  37   0   0   2   0   0   0   0   0  1.04 0.23
  119 K    2  0 -2 -3 -4 -1 -1  0 -3 -4 -4  6 -3 -5 -3 -1 -2 -5 -4 -3   20   0   0   0   0   0   0   8   0   0   0  69   0   0   0   3   0   0   0   0  0.90 0.24
  120 A    6 -3 -3 -4 -2 -3 -3 -2 -4 -3 -3 -3 -3 -4 -3  0 -2 -5 -4 -2   98   0   0   0   0   0   0   0   0   0   0   0   0   0   0   2   0   0   0   0  1.35 0.31
  121 R   -4  8 -2 -4 -6 -1 -2 -5 -2 -5 -4  0 -3 -5 -4 -3 -3 -5 -4 -5    0 100   0   0   0   0   0   0   0   0   0   0   0   0   0   0   0   0   0   0  1.96 0.34
  122 R   -2  7 -2 -3 -3 -1 -1 -4 -2 -5 -4  4 -3 -5 -4 -2 -3 -5 -4 -4    2  70   0   0   1   0   0   0   0   0   0  27   0   0   0   0   0   0   0   0  1.31 0.25
  123 R    4  5 -2 -3 -3 -1 -2 -2 -2 -4 -3  1 -3 -4 -3  0 -2 -4 -3 -3   48  41   0   0   0   1   0   1   0   0   0   7   0   0   0   3   0   0   0   0  0.75 0.20
  124 P   -2 -2 -3 -3 -3 -2 -2 -4 -3 -4 -4  2 -4 -2  7 -1  1 -5 -2 -3    0   1   0   0   0   0   0   0   0   0   0  16   0   3  67   3   8   0   1   0  1.55 0.24
  125 Q   -3 -1 -2 -3 -5  8  0 -4 -2 -5 -5 -1 -3 -6 -4 -2 -3 -4 -4 -5    0   0   0   0   0 100   0   0   0   0   0   0   0   0   0   0   0   0   0   0  2.05 0.38
  126 F   -4 -5 -5 -6 -4 -5 -5 -5 -3 -2 -2 -5 -2  8 -6 -4 -4  1  4 -3    0   0   0   0   0   0   0   0   0   0   0   0   0  88   0   0   0   1  11   0  1.91 0.31
  127 S   -1 -3 -1 -2 -3 -2 -2 -2 -3 -4 -5 -2 -4 -5 -3  7  0 -5 -4 -4    0   0   0   0   0   0   0   0   0   0   0   0   0   0   0  99   1   0   0   0  1.44 0.32
  128 K   -3  0 -2 -3 -5 -1 -1 -4 -3 -5 -5  7 -3 -5 -3 -2 -3 -5 -4 -4    0   0   0   0   0   0   0   0   0   0   0 100   0   0   0   0   0   0   0   0  1.66 0.32
  129 R   -4  8 -2 -4 -6 -1 -2 -5 -2 -5 -4  0 -3 -5 -4 -3 -3 -5 -4 -5    0 100   0   0   0   0   0   0   0   0   0   0   0   0   0   0   0   0   0   0  1.96 0.34

                      K         Lambda
Standard Ungapped    0.1363     0.3200
Standard Gapped      0.0635     0.2670
PSI Ungapped         0.2071     0.3163
PSI Gapped           0.0635     0.2670
