
Last position-specific scoring matrix computed, weighted observed percentages rounded down, information per position, and relative weight of gapless real matches to pseudocounts
           A  R  N  D  C  Q  E  G  H  I  L  K  M  F  P  S  T  W  Y  V   A   R   N   D   C   Q   E   G   H   I   L   K   M   F   P   S   T   W   Y   V
    1 M   -1 -2 -3 -4 -1 -2 -3 -3 -3  2  1 -2  5 -1 -3 -2 -1 -3 -1  3    0   0   0   0   0   0   0   0   0   0   0   0  43   0   0   0   0   0   0  57  0.37 0.04
    2 S    5 -2 -2 -2 -2 -2 -2 -1 -3 -3 -3 -2 -2 -4 -1  4  0 -4 -3 -2   61   0   0   0   0   0   0   0   0   0   0   0   0   0   1  36   2   0   0   0  0.74 0.19
    3 Y   -1  0 -3 -1 -2 -1  1 -4 -3  1 -1  0 -1 -1 -3 -2 -1 -3 -1  4    0   4   0   3   0   2  12   0   0   5   0   9   0   2   0   0   0   0   2  60  0.38 0.14
    4 L   -3 -3 -5 -5 -3 -3 -4 -5 -4  0  6 -4  3 -1 -4 -4 -2 -3 -2  0    0   0   0   0   0   0   0   0   0   0  95   0   5   0   0   0   0   0   0   0  1.06 0.21
    5 I   -3 -4 -5 -5 -2 -4 -4 -5 -4  5  4 -4  1 -1 -4 -4 -2 -3 -2  1    0   0   0   0   0   0   0   0   0  56  44   0   0   0   0   0   0   0   0   0  0.83 0.18
    6 R   -2  2 -2 -2 -3  1 -1 -3 -2 -3  0  6 -1 -3 -3 -1 -2 -4 -3 -3    1   9   0   0   0   3   0   0   0   0  15  70   1   0   0   1   1   0   0   0  0.74 0.19
    7 K   -2  1 -2 -2 -5  0  0 -3 -2 -3 -4  7 -3 -5 -3 -2 -2 -5 -3 -3    0   1   0   0   0   2   1   0   0   1   0  94   0   0   0   0   0   0   0   1  1.29 0.27
    8 A    6 -3 -3 -3 -2 -2 -2 -1 -2 -3 -3 -2 -2 -4 -2  0 -1 -4 -3 -1   97   0   0   0   0   0   1   0   0   0   0   0   0   0   0   0   1   0   0   0  1.10 0.25
    9 A    5 -3 -3 -3  4 -2 -2 -1 -3 -1 -1 -2 -2 -3 -2  0 -1 -4 -3  0   79   0   0   0   9   0   0   0   0   2   6   0   0   0   0   1   0   0   0   3  0.76 0.20
   10 G   -1 -2  1 -2 -4 -2 -3  6 -3 -5 -5  1 -4 -4 -3 -1 -3 -4 -4 -4    0   0   7   0   0   0   0  78   0   0   0  14   0   0   0   1   0   0   0   0  1.20 0.20
   11 I   -2 -4 -4 -4 -2 -4 -4 -5 -4  5  2 -3  0 -1 -4 -3 -2 -4 -2  4    0   0   0   0   0   0   0   0   0  55  15   1   1   0   0   0   0   0   0  29  0.74 0.16
   12 G    0 -1  0  2 -4  3  5 -2 -1 -4 -4  1 -3 -4  0 -1 -1 -4 -3 -3   10   0   2   8   0  13  51   0   0   0   0  10   0   0   4   1   1   0   0   0  0.63 0.14
   13 K   -1  1 -1 -2 -4  0 -1 -2 -1 -4 -3  6 -3 -4 -2  2  0 -4 -3 -3    0   4   0   0   0   0   0   0   1   0   0  66   0   0   0  23   5   0   0   0  0.78 0.19
   14 G    1 -4 -2 -3 -4 -3 -3  7 -3 -5 -5 -3 -4 -5 -3 -1 -3 -4 -4 -4   11   0   0   0   0   0   0  89   0   0   0   0   0   0   0   0   0   0   0   0  1.49 0.23
   15 S    0 -2 -1 -2 -2 -2 -2 -2 -2 -4 -4 -2 -3 -4 -2  6  0 -4 -3 -3    3   0   0   0   0   0   0   0   0   0   0   0   0   0   0  96   2   0   0   0  1.19 0.27
   16 S    1 -3  0 -2 -3 -2 -2  6 -3 -4 -4 -2 -3 -4 -1  1 -2 -4 -4 -4   10   0   3   0   0   0   2  67   0   0   0   1   0   0   3  15   0   0   0   0  0.92 0.16
   17 T   -1 -1  0  0 -3  1  4 -3 -2 -1 -2  1 -2 -3 -2 -1  1 -4 -3  2    2   2   4   1   0   4  48   0   0   1   0   6   0   0   0   0  11   0   0  20  0.45 0.14
   18 P   -3 -4 -4 -3 -5 -3 -3 -4 -4 -5 -5 -3 -4 -6  8 -2 -3 -6 -5 -4    0   0   0   0   0   0   0   0   0   0   0   0   0   0  99   1   0   0   0   0  2.69 0.32
   19 N   -3 -1  7  0 -4 -1 -2 -2  6 -5 -4 -1 -3 -4 -4 -1 -2 -5 -2 -4    1   1  66   1   0   0   0   0  27   0   2   2   0   0   0   0   0   0   0   0  1.24 0.24
   20 K   -2  3 -1 -2 -4  0 -1 -3 -2 -3 -3  5 -2 -4 -2 -1  3 -4 -3 -3    0  19   0   0   0   0   0   0   0   0   1  55   0   0   0   1  23   0   0   0  0.72 0.18
   21 A   -1  0  2  2 -3  1  1 -2  0 -2 -2  2 -2 -3 -2  0  2 -4 -2  0    3   1  15  11   0   7   8   0   2   0   1  18   0   0   0   1  23   0   0   9  0.26 0.09
   22 K   -2  1 -1 -2 -5  0 -1 -3 -2 -3 -4  7 -3 -4 -3 -2 -1 -5 -3 -3    0   1   0   0   0   1   0   0   0   1   0  94   0   0   0   0   2   0   0   0  1.27 0.26
   23 V   -1 -4 -4 -5 -2 -4 -4 -5 -5  1 -1 -4 -1 -2 -4 -3 -2 -4 -3  6    2   0   0   0   0   0   0   0   0   1   0   0   0   0   0   0   0   0   0  97  1.17 0.25
   24 G    4 -3 -2 -3 -3 -3 -3  5 -3 -4 -4 -2 -3 -4 -3 -1 -2 -4 -4 -3   45   0   0   0   0   0   0  55   0   0   0   0   0   0   0   0   0   0   0   0  0.97 0.19
   25 K   -1  0  0 -2 -3  1 -1 -2 -1 -3 -3  5 -2 -4 -2  2  3 -4 -3 -3    1   0   1   0   0   3   0   0   0   0   0  54   0   0   0  19  20   0   0   0  0.62 0.17
   26 L   -2 -4 -4 -4 -2 -3 -4 -5 -4  4  2 -4  1 -1 -4 -3 -2 -3 -2  4    0   0   0   0   0   0   0   0   0  40  24   0   1   0   0   0   0   0   0  35  0.66 0.14
   27 N   -1 -2  0 -2 -2 -2 -2 -2 -3 -2 -3  0 -2 -4 -2  2  6 -4 -3 -2    0   0   2   0   0   0   0   1   0   0   0   5   0   0   1  14  76   0   0   0  0.92 0.22
   28 W   -1  4 -1 -2 -4  1  0 -3 -2 -3 -2  4  2 -3 -2 -1 -1  3 -2 -3    3  37   0   1   0   6   2   0   0   0   0  31   8   0   0   3   1   6   0   0  0.57 0.14
   29 D    3 -2  0  4 -3 -1  2 -2 -2 -3 -3  0 -3 -4 -2  0 -1 -4 -3 -2   40   0   1  37   0   1  11   0   0   0   0   4   0   0   0   4   1   0   0   1  0.57 0.14
   30 Q   -2  0 -2 -1 -5  8  0 -3 -1 -5 -4  2 -2 -5 -3 -2 -2 -4 -3 -4    0   0   0   1   0  86   1   0   0   0   0  11   0   0   0   0   0   0   0   0  1.46 0.29
   31 V   -1 -4 -4 -4  0 -3 -4 -4 -4  2  3 -3  0 -1 -4 -3 -1 -4 -2  5    4   0   0   0   1   0   0   0   0   9  29   0   0   0   0   0   0   0   0  57  0.62 0.15
   32 L   -2  6 -1 -2 -5  2  2 -3 -1 -4 -3  3 -2 -4 -3 -2 -2 -4 -3 -3    0  56   0   0   0  12  15   0   0   0   2  14   1   0   0   0   0   0   0   0  0.85 0.17
   33 E   -2 -1 -2  1 -5  2  6 -3 -2 -5 -4  1 -3 -5 -3 -1 -2 -4 -3 -4    1   0   0   3   0   6  83   1   0   0   0   5   0   0   0   1   1   0   0   0  1.20 0.23
   34 I   -3 -5 -5 -5 -3 -4 -5 -5 -5  7  0 -4  0 -2 -4 -4 -2 -4 -3  1    0   0   0   0   0   0   0   0   0  99   0   0   0   0   0   0   0   0   0   1  1.36 0.26
   35 A    6 -3 -3 -3 -2 -2 -2 -1 -3 -3 -3 -2 -2 -4 -2  0 -1 -4 -3 -2   98   0   0   0   0   0   0   1   0   0   0   0   0   0   0   1   0   0   0   0  1.14 0.25
   36 K   -2  0  0  0 -4  3  5 -3 -1 -4 -4  2 -3 -4 -2 -1  0 -4 -3 -3    0   1   2   0   0  15  58   0   0   0   0  16   0   0   0   1   6   0   0   1  0.80 0.18
   37 T   -1 -2 -1 -2 -2  1 -2 -3 -3  0  1  0  0 -2 -2  0  5 -3 -2  0    3   1   0   0   0   7   0   0   0   5  14   5   3   1   0   2  58   0   1   2  0.46 0.15
   38 K   -2  1 -2 -2 -5  0 -1 -3 -2 -4 -4  7 -3 -5 -3 -2 -2 -5 -4 -4    0   0   0   0   0   0   0   0   0   0   0 100   0   0   0   0   0   0   0   0  1.47 0.28
   39 M   -2 -2 -4 -4 -3 -1 -2 -4 -3 -1  1  0  9 -2 -4 -3 -2 -3 -3 -1    1   0   0   0   0   2   3   0   0   0   7   5  82   0   0   0   0   0   0   0  1.39 0.29
   40 P    0 -2 -3 -2 -4  0  0 -3 -3 -4 -4  0 -3 -5  7 -1 -2 -5 -4 -2    8   1   0   1   0   6   6   0   0   0   0   5   0   0  70   1   1   0   0   2  1.54 0.21
   41 D   -4 -3  0  8 -5 -2  0 -3 -3 -5 -5 -2 -5 -5 -3 -2 -3 -6 -5 -5    0   0   0 100   0   0   0   0   0   0   0   0   0   0   0   0   0   0   0   0  1.89 0.29
   42 L   -3 -4 -5 -5 -3 -4 -4 -5 -4  1  6 -4  1 -1 -4 -4 -3 -3 -2  0    0   0   0   0   0   0   0   0   0   1  97   0   2   0   0   0   0   0   0   0  1.11 0.22
   43 N   -3 -2  8  0 -4 -1 -2 -2 -1 -5 -5 -2 -4 -5 -4 -1  0 -5 -4 -4    0   0  94   0   0   1   0   0   0   0   0   0   0   0   0   1   4   0   0   0  1.64 0.29
   44 A    6 -3 -3 -3 -2 -2 -2 -1 -3 -3 -3 -2 -2 -4 -2  0 -1 -4 -3 -1   97   0   0   0   0   0   0   0   0   0   0   0   0   0   0   1   2   0   0   1  1.11 0.24
   45 G    3 -1  6  0 -2 -1 -1  0  0 -3 -4 -1 -3 -3 -3  0  0 -4 -3 -2   36   1  50   1   0   0   0   4   1   0   0   0   0   0   0   2   2   0   0   0  0.67 0.17
   46 S   -2 -3  1  6 -4 -2  0 -2 -2 -4 -5 -2 -4 -5 -3  3  0 -5 -4 -4    0   0   4  67   0   0   0   0   0   0   0   0   0   0   0  25   4   0   0   0  1.07 0.21
   47 V   -2 -3 -4 -4 -2 -3 -3 -5 -4  4  2 -3  1 -1 -4 -3 -1 -3 -2  3    0   0   0   0   0   0   2   0   0  40  23   1   3   0   0   0   0   0   0  32  0.59 0.13
   48 E   -2 -2 -1  4 -5  0  6 -3 -2 -5 -5 -1 -4 -5 -3 -2 -2 -5 -4 -4    0   0   1  28   0   1  70   1   0   0   0   0   0   0   0   0   0   0   0   0  1.19 0.22
   49 A    5 -2 -2 -3 -2  0 -2 -1 -2 -3 -3 -2 -2 -4 -2  1  0 -4 -3 -2   82   0   1   0   0   5   0   2   1   0   0   0   1   0   0   5   4   0   0   0  0.79 0.20
   50 A    6 -3 -3 -3 -2 -2 -2 -1 -3 -3 -3 -2 -2 -4 -2  0 -2 -4 -3 -2   98   0   0   0   0   0   0   2   0   0   0   0   0   0   0   0   0   0   0   0  1.15 0.25
   51 A    1 -3 -3 -3 -2 -2 -1 -3 -3  0  0 -2  8 -2 -3 -1 -1 -3 -3  1   15   0   0   1   0   0   5   0   0   2   0   2  64   0   0   3   1   0   0   8  0.83 0.22
   52 N   -1  4  1 -2 -4  0  0 -2 -1 -3 -3  4 -2 -4 -2  1 -1 -4 -3 -3    1  30   6   0   0   1   1   0   1   0   2  42   0   0   0  16   0   0   0   0  0.62 0.15
   53 T   -2 -3 -4 -4 -3 -2 -4 -4 -4  5  1 -3  6 -1 -4 -2  1 -3 -3  1    0   0   0   0   0   1   0   0   0  50   1   0  37   0   0   1   9   0   0   1  0.81 0.20
   54 V   -2 -4 -5 -5 -2 -4 -4 -5 -5  6  0 -4  0 -2 -4 -3 -2 -4 -3  4    0   0   0   0   0   0   0   0   0  65   0   0   0   0   0   0   0   0   0  35  0.96 0.20
   55 A    4 -2 -2 -1 -3 -1  4 -2 -2 -3 -3 -1 -2 -4 -2  0 -2 -4 -3 -2   59   1   0   0   0   0  38   0   0   0   0   1   0   0   0   1   0   0   0   0  0.72 0.19
   56 G   -1 -4 -2 -3 -4 -3 -4  7 -4 -5 -5 -3 -4 -5 -4 -2 -3 -4 -5 -5    0   0   0   0   0   0   0 100   0   0   0   0   0   0   0   0   0   0   0   0  1.80 0.26
   57 T   -2 -3 -2 -3 -2 -2 -2 -3 -3 -2 -3 -2 -2 -4 -3  1  7 -4 -3 -2    0   0   0   0   0   0   0   0   0   0   0   0   0   0   0   6  94   0   0   0  1.33 0.28
   58 A    6 -3 -3 -3  1 -2 -2 -1 -3 -3 -3 -2 -2 -4 -2  0 -2 -4 -3 -2   98   0   0   0   2   0   0   0   0   0   0   0   0   0   0   0   0   0   0   0  1.14 0.25
   59 R   -3  7 -2 -3 -5  0 -2 -4 -2 -5 -4  2 -3 -5 -4 -2 -3 -4 -3 -4    0  92   1   0   0   0   0   0   0   0   0   7   0   0   0   1   0   0   0   0  1.56 0.27
   60 S    0 -2  3 -1 -3 -1 -2 -2 -2 -4 -4 -2 -3 -4 -2  6  0 -4 -3 -3    1   0  17   0   0   1   0   0   0   0   0   0   0   0   0  81   0   0   0   0  0.99 0.24
   61 M   -3 -3 -4 -5 -3 -2 -4 -5 -4 -1  0 -3 10 -2 -5 -4 -3 -3 -3 -1    0   0   0   0   0   0   0   0   0   0   0   0 100   0   0   0   0   0   0   0  2.09 0.37
   62 G   -1 -4 -2 -3 -4 -3 -4  7 -4 -5 -5 -3 -4 -5 -4 -2 -3 -4 -5 -5    0   0   0   0   0   0   0 100   0   0   0   0   0   0   0   0   0   0   0   0  1.80 0.26
   63 V   -2 -4 -4 -4 -2 -4 -4 -5 -4  5  1 -4  0 -1 -4 -3 -2 -4 -2  4    0   0   0   0   0   0   0   0   0  58   7   0   0   0   0   0   0   0   0  35  0.84 0.18

                      K         Lambda
Standard Ungapped    0.1237     0.3088
Standard Gapped      0.0633     0.2670
PSI Ungapped         0.2054     0.3136
PSI Gapped           0.0633     0.2670
