
Last position-specific scoring matrix computed, weighted observed percentages rounded down, information per position, and relative weight of gapless real matches to pseudocounts
           A  R  N  D  C  Q  E  G  H  I  L  K  M  F  P  S  T  W  Y  V   A   R   N   D   C   Q   E   G   H   I   L   K   M   F   P   S   T   W   Y   V
    1 M   -3 -4 -5 -6 -4 -3 -5 -5 -4 -1  1 -4 10 -2 -5 -4 -3 -4 -4 -2    0   0   0   0   0   0   0   0   0   0   5   0  95   0   0   0   0   0   0   0  2.32 0.58
    2 S    1 -3 -1 -2 -3 -2 -2 -2 -3 -4 -4 -1 -3 -4  1  6  0 -5 -4 -3   11   0   2   1   0   0   0   1   0   0   0   2   0   0   7  74   3   0   0   0  0.95 0.37
    3 F   -2 -2 -4 -4 -3 -3 -1 -5 -3  1  5 -3  1  1 -4 -2 -1 -3  0 -1    1   2   0   0   0   0   6   0   0   6  68   0   2   4   0   4   4   0   3   0  0.61 0.25
    4 V   -1 -2 -4 -3 -1  0  0 -4 -4  2  0 -2  4 -2 -1 -2 -1 -4 -3  5    2   1   0   0   1   5   6   0   0  10   1   1  16   0   3   2   2   0   0  49  0.53 0.27
    5 I    0 -2 -2 -3 -2 -2 -2 -3 -3  3  1 -1  3 -1 -2  0  0 -3 -2  2   10   0   1   0   0   1   1   1   0  28  13   3  11   1   1   6   6   0   1  15  0.26 0.16
    6 E   -1 -2  1 -1 -4  1  3  0 -2 -3 -3 -1 -1 -4  5  1  0 -4 -4 -2    5   0   6   2   0   7  21   6   0   1   1   2   1   0  30  10   4   0   0   3  0.56 0.23
    7 K   -3 -2 -1  3 -5  2  6 -3 -2 -5 -5  1 -4 -5 -3 -1 -2 -5 -4 -5    1   0   1  17   0   9  56   1   0   0   0   9   0   0   0   3   1   0   0   0  1.06 0.41
    8 E    0  0  1  2 -4  2  3  0  0 -4 -3  3 -3 -4  0  0 -2 -4 -3 -3    6   2   7  11   0  10  17   6   2   0   1  28   0   0   5   4   1   0   0   1  0.41 0.21
    9 S    0  0  0  2 -2  2  3  0 -1 -2 -2  0  0 -3  0  1  0 -3 -2 -2    5   3   3  10   0  10  24   6   1   1   2   5   2   1   3  13   6   0   1   2  0.25 0.13
   10 D   -2 -2  2  4 -3  2  4 -2 -1 -3 -3 -1 -3 -3 -2  1 -1 -3 -3 -3    2   1   9  23   0   8  32   2   1   1   2   2   0   1   1   9   4   0   1   2  0.58 0.24
   11 F   -5 -5 -5 -3 -5 -5 -2 -5 -4  2  1 -5  0  8 -4 -5 -2 -2  2 -1    0   0   0   2   0   0   3   1   0  11  10   0   1  62   1   0   2   0   4   2  1.39 0.50
   12 K   -3  5 -1 -4 -6  7 -2 -5 -2 -5 -5  3 -4 -6 -5 -2 -3 -6 -5 -5    1  26   2   0   0  48   0   0   0   0   0  20   0   0   0   1   1   0   0   0  1.45 0.59
   13 Y   -3 -2 -3 -2 -6 -1 -2 -5  9 -4 -4 -3 -5  0 -3 -4 -5 -4  6 -6    2   2   0   3   0   3   2   0  54   1   1   1   0   3   1   0   0   0  28   0  1.93 0.66
   14 I   -4 -3 -5 -6 -5 -5 -6 -7 -6  6  0 -5  6  3 -6 -5 -4 -5 -3  0    0   2   0   0   0   0   0   0   0  56   7   0  21  10   0   0   0   0   0   3  1.42 0.56
   15 H    2 -5 -5 -6 -3 -4 -5 -5 -3  2  3 -5 -1 -2 -4 -3 -3 -5 -4  4   18   0   0   0   0   0   0   0   1  12  32   0   0   1   0   1   0   0   0  36  0.79 0.39
   16 R   -5  8 -4 -6 -8  0 -3 -5 -2 -7 -6 -2 -5 -7 -2 -5 -5 -7 -6 -7    0  92   0   0   0   3   1   0   1   0   0   0   0   0   2   0   0   0   0   0  2.51 0.87
   17 I   -3 -6 -6 -6 -4 -5 -6 -7 -6  6  2 -6  2 -2 -6 -5 -4 -6 -4  4    1   0   0   0   0   0   0   0   0  55  14   0   5   1   0   0   0   0   0  24  1.35 0.52
   18 L    3 -3 -3 -2 -1 -2 -3  1 -2 -2  3 -3  2  1 -4  0 -2 -4 -1 -1   30   1   0   2   1   1   1  10   1   0  31   0   6   6   0   5   0   0   2   2  0.40 0.29
   19 N   -4  0  6  2 -6  1 -2  4 -3 -6 -6 -2 -5 -6 -5 -1 -3 -6 -5 -6    0   4  46   9   0   6   2  27   0   0   0   1   0   0   0   3   1   0   0   0  1.17 0.51
   20 T   -3 -3 -1 -4 -1 -1 -2 -5 -5 -1 -4 -1 -3 -5 -4 -1  6 -6 -5  3    1   1   2   0   1   2   2   0   0   2   0   5   0   0   0   2  62   0   0  20  1.21 0.58
   21 N   -5 -5  6  7 -7 -4 -2 -4 -4 -3 -7 -4 -6 -7 -5 -3 -3 -7 -6 -6    0   0  40  55   0   0   1   1   0   2   0   0   0   0   0   0   1   0   0   0  1.91 0.70
   22 I   -3 -5 -6 -6 -4 -5 -6 -6 -6  5  4 -5  0 -3 -5 -5 -2 -5 -4  3    2   0   0   0   0   0   0   0   0  36  40   0   1   0   0   0   1   0   0  20  1.10 0.45
   23 D   -4 -4  1  7 -6  0  0 -4 -4 -6 -6 -2 -6 -7  4 -2 -4 -7 -6 -6    1   1   5  59   0   3   4   1   0   0   0   2   0   0  22   2   1   0   0   0  1.52 0.59
   24 G   -4  2 -1 -3 -6 -4 -3  7 -1 -7 -7 -2 -6 -7 -5 -4 -4 -6 -6 -7    0  13   2   1   0   0   2  77   1   0   0   1   0   0   0   0   1   0   0   0  1.77 0.65
   25 K   -2  3  3  1 -4  1  2 -2  0 -4 -3  3 -3 -3 -3  0  2 -1 -4 -4    2  15  14   8   0   5  11   2   2   0   2  16   0   1   0   4  17   1   0   0  0.43 0.28
   26 R   -4  4 -2 -3 -4  3 -2 -4 -3 -2 -2  6  0 -4 -4 -3 -3  1 -4 -3    0  22   1   1   0  12   1   1   0   2   4  46   2   0   0   1   1   2   0   2  0.99 0.48
   27 I   -2  4  0 -3 -4  1 -1 -4  0 -4 -4  5 -4 -5  2  1  0 -5 -4 -4    3  20   3   0   0   4   3   0   2   0   0  38   0   0  10   9   6   0   0   1  0.74 0.39
   28 T   -2 -3 -5 -6 -1 -5 -5 -5 -6  5  1 -5  1 -3 -5 -4  0 -5 -4  5    2   1   0   0   1   0   0   1   0  32  10   0   2   0   0   1   5   0   0  44  1.01 0.44
   29 P    2 -1 -2 -2 -4  0  3 -2 -1  0 -2 -1  4 -3  2 -2 -2 -2 -2  1   18   2   1   1   0   4  25   2   1   6   2   2  13   1   9   1   1   1   1   9  0.33 0.27
   30 I   -3  1 -3 -3 -3 -2 -4 -4 -1  3 -1 -3  0  5 -4 -3 -2  0  5  1    1   8   1   2   0   2   0   1   1  20   4   1   2  24   0   1   2   1  22   7  0.66 0.35
   31 A    6 -5 -4 -5 -4 -4 -2  2 -5 -5 -4 -4 -4 -6 -4  1 -2 -6 -5 -3   67   0   0   0   0   0   3  17   0   0   1   0   0   0   0   8   2   0   0   1  1.21 0.56
   32 L   -5 -5 -6 -7 -4 -5 -6 -7 -6  3  6 -6  2 -3 -6 -5 -4 -5 -4 -1    0   0   0   0   0   0   0   0   0  15  79   0   3   0   0   0   0   0   0   1  1.56 0.60
   33 T    0  1 -3 -3 -1  0 -4 -5 -5 -4 -5 -3 -3 -5 -3  0  7 -6 -5 -3    9   6   0   1   1   4   0   0   0   0   0   1   0   0   1   6  70   0   0   1  1.39 0.63
   34 G    2 -1 -1  1 -2  0  1  2 -2 -4 -3  1  0 -2 -3  1 -1 -3  4 -3   19   2   2   7   1   4   7  13   0   0   1   7   3   0   0  12   2   0  18   1  0.31 0.25
   35 I   -4 -6 -6 -6 -4 -5 -6 -7 -6  7  0 -6  3 -2 -6 -5 -3 -6 -5  2    0   0   0   0   0   0   0   0   0  74   5   0   6   1   0   0   1   0   0  12  1.72 0.64
   36 R   -4  2  1 -3 -6 -2 -3 -4 -2 -5 -5  6 -4  0 -1 -3 -2 -4  4 -4    1   9   5   1   0   0   0   1   0   0   0  56   0   3   3   0   2   0  17   1  1.13 0.54
   37 G   -4 -6 -4 -4 -7 -6 -6  8 -6 -8 -8 -6 -7 -7 -6 -4 -6 -7 -7 -5    0   0   0   1   0   0   0  98   0   0   0   0   0   0   0   0   0   0   0   1  2.60 0.86
   38 I   -4 -6 -7 -7  1 -6 -6 -7 -7  7 -1 -6  0 -4 -6 -5 -4 -6 -3  5    1   0   0   0   2   0   0   0   0  59   2   0   1   0   0   0   0   0   1  34  1.63 0.63
   39 G   -4 -6 -3 -3 -7 -6 -5  8 -6 -8 -8 -6 -7 -7 -6 -3 -5 -3 -7 -6    0   0   1   1   0   0   0  95   0   0   0   0   0   0   0   2   0   0   0   1  2.45 0.85
   40 R   -4  6 -3 -3 -4  0 -2 -5 -1  0 -2  1  0 -1 -2 -3 -3  1  2 -2    1  52   0   1   0   4   2   0   1   7   5   8   2   2   2   1   0   2   8   2  0.91 0.47
   41 R    0  7  1 -4 -5 -2 -3 -4  1 -5 -5 -1 -1 -6 -2  1  1 -6 -5 -3    6  55   7   0   0   0   0   0   3   0   0   2   2   0   2  11  10   0   0   1  1.08 0.54
   42 F   -2 -2 -3 -5 -2 -3 -4 -5 -2 -1  0 -3  2  4 -5 -1  4 -2  5 -1    3   2   1   0   1   0   0   0   0   3   7   0   6  21   0   5  25   0  21   4  0.72 0.41
   43 A    6 -4 -4 -5 -4 -4 -4 -2 -5 -5 -5 -4 -5 -6 -4  4 -2 -6 -5 -3   68   0   0   0   0   0   0   2   0   0   0   0   0   0   0  27   1   0   0   1  1.47 0.68
   44 Y   -2  3  4 -1 -5  2 -1 -3  3 -1 -2  1 -1 -3 -2 -2  1 -3  1 -3    1  16  27   2   0   9   3   1   8   4   4   6   2   1   1   1   8   0   4   1  0.43 0.30
   45 I    2 -1 -3 -2 -2  0 -1 -3 -4  3  1  0  1 -2 -3 -2  0 -4 -3  2   20   2   0   1   1   5   4   1   0  20  11   8   3   0   0   1   4   0   0  19  0.26 0.22
   46 I   -3 -6 -6 -6 -1 -6 -6 -7 -6  6  0 -6 -1 -2 -6 -5 -4 -6 -4  5    2   0   0   0   1   0   0   0   0  52   8   0   0   1   0   0   0   0   0  37  1.43 0.59
   47 C    2 -3 -5 -6  8 -4 -4 -4 -5  0  3 -5 -1 -4 -5 -3 -1 -5 -4  0   16   1   0   0  31   0   1   1   0   4  35   0   1   0   0   1   4   0   0   6  1.06 0.49
   48 K    0  4 -1  0 -5  0  1 -2 -1 -4 -4  5 -2 -5 -4 -1 -2 -1 -4 -3    9  22   2   6   0   2   9   2   1   0   1  38   1   0   0   2   2   1   0   1  0.71 0.39
   49 V   -1  2 -1 -1 -3  0  1 -1 -2 -1 -2  5  0 -5 -4 -1  0 -5 -3  0    5   9   2   2   0   3   7   4   0   3   3  45   2   0   0   2   5   0   1   7  0.54 0.34
   50 L    5 -1 -4 -5 -2 -4 -4 -4 -5 -3  2 -4 -1 -3 -4 -1  2 -5 -4 -2   57   3   0   0   1   0   0   0   0   0  20   0   1   1   0   2  14   0   0   1  0.91 0.52
   51 K   -2  0  2  5 -6 -1  0  5 -4 -6 -6  0 -5 -6 -4 -2 -4 -6 -5 -6    1   5  10  29   0   2   7  40   0   0   0   6   0   0   0   1   0   0   0   0  0.98 0.46
   52 I   -4 -5 -6 -6 -4 -5 -5 -6 -4  6  1 -3  0 -1 -5 -5 -2 -5 -3  4    0   0   0   0   0   0   0   0   1  46  11   1   1   2   0   0   1   0   1  34  1.16 0.49
   53 D   -4 -1  4  7 -7 -3 -1 -4 -2 -7 -6 -4 -6 -7 -1 -2 -4 -7 -6 -6    1   4  17  70   0   0   1   0   1   0   0   0   0   0   3   2   0   0   0   0  1.78 0.70
   54 P   -2  1 -3 -3 -2 -2 -1 -3  1 -1  2 -1  1 -2  5 -1 -1 -5 -4 -1    1   9   0   0   1   1   4   2   3   3  23   4   4   1  34   3   3   0   0   3  0.63 0.34
   55 N   -2  0  4  3 -3 -1  0 -2  1 -4 -3  0 -2 -3 -4  1  3 -2 -1 -4    2   5  24  15   0   1   6   2   4   0   2   5   1   1   0   8  20   1   2   0  0.48 0.31
   56 A    1  2 -3 -2 -2  1  0 -3 -3 -2 -3  4  1 -4 -3 -1  2 -5 -2 -1   15   9   0   1   1   6   5   1   0   2   1  34   4   0   0   2  15   0   1   3  0.48 0.33
   57 R   -4  7 -2 -4 -6  0 -1 -5 -3 -2 -2  2 -2 -4 -3 -3  1 -6 -5 -2    0  57   2   0   0   3   3   0   0   2   5  13   1   1   1   0   9   0   0   3  1.11 0.53
   58 A    4 -4 -4 -5  1 -4 -4 -3 -4  2  1 -4  0  1 -4 -2 -2 -4 -3  2   43   0   0   0   3   0   0   1   0  11  16   0   2   7   0   1   2   0   0  14  0.59 0.36
   59 G   -3  0 -2 -3 -6 -3 -5  7 -3 -6 -6  1 -4 -6 -5 -3 -5 -6 -3 -6    0   6   1   1   0   1   0  78   0   0   0   8   1   0   0   1   0   0   1   0  1.67 0.64
   60 L   -2  0  1  3 -5  0  5 -4  0 -5 -3  0 -3 -1 -4 -2 -2 -4  2 -4    3   5   5  17   0   2  44   0   2   0   3   3   0   2   0   2   2   0   8   0  0.74 0.40
   61 L   -5 -4 -6 -7  0 -2 -6 -7 -6  0  6 -5  1 -3 -4 -5 -4 -2 -4 -2    0   1   0   0   2   2   0   0   0   3  86   0   3   0   1   0   0   1   0   1  1.58 0.64
   62 T   -2 -4  0  2 -4 -2 -1 -3 -4 -2 -4 -2 -3 -5  0  3  5 -5 -3 -4    2   0   4  11   0   1   3   1   0   2   0   1   0   0   4  26  43   0   0   0  0.84 0.48
   63 E    0 -3 -1  5 -6  0  5 -4 -3 -5 -5 -2 -5 -6  0 -1 -2 -6 -5 -4    9   0   2  32   0   4  40   0   0   0   0   1   0   0   5   2   2   0   0   1  1.03 0.50
   64 D    0 -3 -3  5 -6 -1  5 -3 -2 -5 -5 -1 -5 -6 -4 -1 -3 -6 -5 -5    9   0   0  35   0   1  44   1   1   1   1   2   0   0   0   4   1   0   0   0  1.19 0.55
   65 Q   -3 -3 -2  2 -6  3  6 -4 -2 -5 -6 -1 -3 -6 -4 -2 -2 -6 -5 -2    1   0   1  10   0  11  62   1   0   0   0   2   1   0   0   2   2   0   0   3  1.25 0.59
   66 C   -1 -5 -6 -6 -2 -2 -4 -6 -5  5  2 -5  1 -3 -2 -4 -2 -5 -3  5    4   0   0   0   1   2   1   0   0  29  20   0   2   0   2   0   1   0   1  37  0.88 0.41
   67 N    0  0  2  3 -5  0  5 -2  0 -4 -3  2 -4 -5 -4 -1 -2 -5 -4 -4    9   3   8  16   0   3  36   2   2   0   2  11   0   0   0   4   2   0   0   1  0.62 0.35
   68 K   -1  5  1 -2 -1 -1  1 -3 -2 -4 -4  4 -4 -5 -4  0 -1 -5 -4 -4    6  30   6   2   2   1   8   1   1   1   1  32   0   0   0   7   2   0   0   1  0.75 0.39
   69 I   -2 -5 -6 -6 -4 -5 -6 -6 -6  6  4 -5  0 -3 -5 -5 -4 -5 -4  3    3   0   0   0   0   0   0   0   0  46  32   0   1   0   0   0   0   0   0  16  1.18 0.49
   70 T   -2  4 -2  0 -3  0  2 -4 -3  2 -2  0  3 -4 -4 -1 -1 -5 -4  3    2  22   1   4   0   3  15   1   0  11   0   4   8   0   0   4   3   0   0  21  0.41 0.30
   71 D    0 -1  1  2 -4  0  3 -3 -2 -3 -4  1 -4 -5 -3  0  3  1 -4 -1    6   2   7  13   0   3  24   1   1   0   1   9   0   0   0   4  22   2   0   6  0.46 0.32
   72 L    2 -4 -5 -4 -1 -3 -2 -4 -2  5  0 -3 -1 -1 -4 -3 -1 -4  1  3   18   0   0   0   1   1   4   1   1  35   6   1   1   2   0   0   2   0   4  23  0.60 0.34
   73 I   -2 -5 -6 -6 -4 -5 -5 -6 -5  5  1 -4  5 -2 -5 -4 -1 -5 -4  4    2   0   0   0   0   0   0   0   0  37  13   1  14   1   0   0   3   0   0  28  1.06 0.46
   74 A    1  0  1  2 -4  4  3 -2 -2 -4 -2  0 -3 -4 -3  1 -1 -4 -4 -3   10   4   5  11   0  21  22   3   0   0   5   6   0   0   0   8   3   0   0   1  0.44 0.28
   75 D   -2 -1  7  2 -5 -1  1 -1  0 -5 -5  1 -2 -5 -4  0 -2 -6 -4 -4    3   3  48  12   0   1   8   4   2   0   0   7   1   0   0   7   1   0   0   1  0.97 0.45
   76 P   -3 -2 -1 -2 -5 -3 -1 -4 -2 -2 -2 -1 -3  1  7 -2 -3 -4  2 -3    1   2   4   2   0   0   4   1   1   3   3   4   0   7  52   3   1   0   9   1  1.16 0.45
   77 E    0  2 -1  1 -1  0  1 -2  1 -1  0  0 -1 -1 -1  0  0 -1  1 -1    8  18   2   8   1   4   8   3   3   3   9   5   1   2   2   4   8   0   7   4  0.09 0.09
   78 A    1  0  0  0 -3  4  1 -2  1 -1 -3  2 -2 -3 -1  1 -1 -3 -1 -3   13   3   4   3   0  24   6   2   3   5   2  15   0   0   2  11   3   0   2   1  0.34 0.23
   79 H   -2 -2 -1  0 -2 -1  1 -2  3 -2 -1 -1 -2  2 -1  0 -1 -1  5 -1    3   1   2   6   1   2  12   3   7   2   5   3   0  10   2   8   2   0  25   4  0.36 0.20
   80 G   -1  1  1  0 -3  0  0  2 -1 -2 -2  4 -1 -1 -2  0 -1 -3 -2 -2    5   7   8   4   0   2   6  15   1   3   3  29   1   3   1   5   3   0   1   2  0.27 0.16
   81 I   -1 -3 -2 -3 -2 -3 -3 -3 -3  5  1 -3  1  2 -3 -2 -2 -3 -1  2    4   1   2   1   0   1   1   2   0  43   9   1   2   8   1   2   2   0   2  15  0.56 0.24
   82 P   -3 -4 -4 -3 -4  0 -3 -4 -4 -4 -4 -3 -4 -4  8 -3 -3 -4 -4 -4    2   1   1   1   0   5   1   1   0   1   2   1   0   1  77   1   1   0   1   1  2.14 0.62
   83 T    1 -2  0  3 -2 -1  1 -1  0 -2 -2 -1 -1 -3 -1  1  1  0 -1 -1   12   1   3  20   0   2  10   2   2   2   3   3   1   1   3  13  12   2   2   6  0.22 0.15
   84 W   -4 -2 -4 -4 -4 -4 -4 -1 -4 -4 -4 -4 -4 -2 -4 -2 -3 12  0 -4    2   2   1   1   0   1   1   6   0   1   2   1   0   1   1   3   2  70   3   1  2.88 0.74
   85 L   -1 -3 -3 -4 -3 -2 -3 -4 -3 -1  2 -3  6  6 -3 -2 -2 -2  1 -2    4   1   1   1   0   2   1   1   0   3  16   1  21  37   1   3   2   0   3   1  0.86 0.35
   86 L   -1 -2 -1 -3 -2 -1 -3 -3 -2  0  4 -2  2  1 -3 -2 -1 -1  2  1    4   2   3   1   0   2   1   2   1   3  47   2   4   6   1   2   3   1   6   7  0.38 0.20
   87 N   -3 -3  8 -1 -4 -3  0 -3  0 -4 -4 -3 -4 -4 -4 -2 -2 -4 -4 -4    1   1  75   2   0   1   5   1   2   1   2   1   0   1   1   2   2   0   1   1  1.79 0.59
   88 R   -3  7 -2 -3 -4  1 -2 -4  3 -3 -4 -1 -2 -2 -3 -2 -3  0 -1 -4    1  64   1   1   0   5   1   1   8   2   2   1   1   2   1   2   1   1   2   1  1.30 0.47
   89 I   -3  4 -2 -2 -4  6  0 -3 -2 -3 -4  0 -3 -4  1 -2 -3 -4 -3 -3    1  26   1   2   0  42   5   1   0   2   2   5   0   1   6   1   1   0   1   2  0.97 0.43
   90 N   -2  3  1 -1 -2 -1  0 -2 -1 -3 -3  6 -2 -2 -3 -1 -2 -4 -3 -3    2  13   6   3   1   1   6   2   1   1   2  52   1   2   1   3   1   0   1   2  0.79 0.35
   91 D   -3 -3  0  7 -4 -3  0  0 -3 -4 -4 -3 -4 -4 -3 -3 -3 -4 -1 -4    2   1   4  70   0   1   4   7   0   1   1   1   0   1   1   1   1   0   2   1  1.51 0.52
   92 F   -2 -2 -3 -3 -3 -2 -3 -2 -2  3  1 -3  0  2  2 -2 -2 -1  4  2    2   2   1   1   0   1   1   3   1  17  11   1   1  10  11   2   1   1  15  18  0.35 0.20
   93 K   -1  0 -1 -1 -3  1  2 -2 -1 -1 -1  3 -2  1 -2 -2 -1 -2  3  1    3   4   2   2   0   7  15   2   1   3   4  24   0   6   1   1   4   0  10  12  0.25 0.19
   94 D   -2 -3 -1  5 -3 -2 -1  0 -3 -3 -3 -2 -3 -4 -3  1  4 -4 -3 -3    3   1   2  34   0   1   2   6   0   1   2   1   0   1   1  11  32   0   1   1  0.77 0.36
   95 G   -2 -4 -1 -2 -4 -4 -4  7 -4 -5 -5 -4 -4 -4 -4 -2 -3  3 -4 -4    3   1   3   2   0   1   1  76   0   1   1   1   0   1   1   3   1   5   0   1  1.58 0.52
   96 K   -1  2 -1  0 -4  0  3 -2 -2 -2 -2  5 -3 -4 -3 -1  0 -4 -3 -2    3  10   2   4   0   3  22   2   0   3   4  35   0   1   1   2   5   0   0   3  0.53 0.28
   97 N   -2 -3  3  4  0 -2 -1 -3  0 -2 -3 -2 -3  0 -2 -1  1 -1  4 -3    2   1  15  27   2   1   2   1   2   2   1   2   0   3   2   3  11   1  19   2  0.57 0.30
   98 Y   -1  0 -1 -2 -2 -1 -1 -2  0 -1  0  1  2 -2 -3  3  1 -2  1 -1    2   6   1   1   0   1   3   2   2   3  12   9   7   1   1  30  10   0   6   3  0.24 0.21
   99 Q   -4 -1 -1 -4 -5  6 -2 -4  9 -3 -4 -3 -1 -4 -4 -3 -4 -4 -2 -5    1   2   3   1   0  33   2   1  47   2   2   1   2   0   1   1   1   0   1   1  1.78 0.64
  100 M   -2 -3 -3 -4 -2 -2 -1 -4 -2  1  4 -1  1 -2 -4 -3 -2 -2 -2  4    2   1   1   1   1   2   5   1   1   7  38   4   3   1   1   1   2   1   1  28  0.50 0.27
  101 A   -3 -4 -5 -5 -2 -4 -4 -6 -5  3  3 -5  1 -1 -4 -3  2 -5 -1  4    1   0   0   0   1   0   1   0   0  16  27   0   2   2   1   1  12   0   1  35  0.77 0.38
  102 S    2 -4 -3 -2 -4 -3  3  4 -4 -5 -5 -3 -4 -5 -2  3  1 -5 -5 -3   18   0   0   1   0   0  20  27   0   0   0   0   0   0   2  22   9   0   0   1  0.70 0.41
  103 N    0 -3  6 -2 -4  0 -3  2 -3 -4 -5 -2 -1 -5 -2  2  1 -6 -5 -4    6   0  39   1   0   3   0  17   0   1   0   2   1   0   2  17   9   0   0   1  0.81 0.43
  104 T    0 -2  1  6 -5  1  1  1 -3 -4 -4  0 -2 -5 -4 -2 -2 -6 -5 -3    8   1   6  45   0   5  10  12   0   1   1   4   1   0   0   2   2   0   0   2  0.79 0.40
  105 L   -4 -5 -6 -7 -3 -5 -5 -7 -6  1  6 -6  0 -2 -4 -5 -4 -5 -3  1    0   0   0   0   0   0   1   0   0   7  77   0   2   0   1   0   0   0   1  10  1.43 0.59
  106 D   -2  3  0  5 -5  0  2 -2 -3  0 -3 -1 -2 -4 -2 -1 -2 -6 -4 -1    3  17   3  39   0   3  11   2   0   5   2   2   1   0   2   3   2   0   0   5  0.65 0.36
  107 T    0  2  2 -3 -3 -1 -2 -2 -2  0  1 -1  4  1 -4  1  1 -1 -1 -1    6  15  11   0   0   2   2   1   0   4  14   2  12   7   0  11   7   1   1   3  0.21 0.21
  108 K    0  0 -2  0 -1  1  2 -3 -3 -3 -4  4 -3 -4 -3 -1  2 -5  0 -2   10   2   1   4   1   4  17   1   0   1   1  33   0   0   0   3  16   0   4   2  0.51 0.35
  109 M   -2  1 -2 -5 -3 -2 -3 -5 -1  2  4 -1  1  0 -4 -3 -2  0  0  2    3   9   2   0   0   2   1   0   1  11  40   3   3   2   0   1   1   1   3  15  0.44 0.28
  110 R    0  7 -1 -1 -4  2 -1 -3  0 -6 -5  1 -1 -6 -3 -1 -2 -6 -5 -5    8  55   3   3   0   9   3   2   2   0   0   6   1   0   1   4   2   0   0   0  1.07 0.52
  111 E   -3 -2  1  4 -5  1  4 -3  1 -4  0 -2  4 -2 -4 -3 -3 -5 -4 -3    2   2   5  20   0   6  34   1   4   0  10   1  12   2   0   0   1   0   0   1  0.69 0.41
  112 D   -5 -4  3  8 -7 -2 -2 -4 -4 -5 -5 -4  0 -6 -5 -2 -4 -4 -2 -5    0   1  15  72   0   1   1   1   0   1   1   0   2   0   0   2   0   0   2   1  1.84 0.73
  113 L   -4 -6 -5 -6 -4 -5 -6 -5 -6  6  4 -5  1 -2 -5 -5 -4  2 -3  1    0   0   1   0   0   0   0   1   0  50  34   0   2   1   0   0   0   3   0   7  1.24 0.53
  114 E   -4 -1  4  0 -6 -1  5 -4 -3 -6 -6  3 -3 -6 -4 -2 -1 -6 -5 -5    0   2  21   4   0   1  44   1   0   0   0  21   0   0   0   1   4   0   0   0  1.11 0.55
  115 R   -4  7 -2 -4 -6 -1 -2 -4 -4 -3 -1  0 -2 -3 -5 -4 -2 -3 -4 -3    1  72   2   1   0   2   2   1   0   1   7   4   1   1   0   0   2   0   0   1  1.52 0.64
  116 L   -3 -3 -5 -4 -4 -2  0 -1 -5 -1  5 -4  6 -3 -3 -4 -1 -4 -3 -2    1   1   0   0   0   1   7   6   0   2  50   0  25   0   1   1   3   0   0   0  0.94 0.49
  117 K   -3  2 -2 -4 -5  1 -1 -4 -4  0 -4  6  3 -5 -4 -3 -2 -1 -5 -2    2   9   1   0   0   4   3   1   0   5   0  59   8   0   0   0   2   1   0   3  1.08 0.54
  118 K   -3  2 -3  1 -6 -1  2 -4 -4 -3 -5  6  3 -6 -4 -3 -1 -6 -5 -4    1   9   0   7   0   2  14   1   0   1   0  54   8   0   0   1   3   0   0   1  1.08 0.55
  119 I   -4 -6 -3 -2 -4 -5 -6 -4 -6  7  0 -5  3 -2 -6 -2  0 -6 -4  1    0   0   1   3   0   0   0   1   0  67   5   0   8   1   0   3   5   0   0   5  1.31 0.59
  120 K   -3  6  0  0  0  0 -2  2 -2 -6 -4  3 -3 -5 -4 -2 -4  0 -4 -5    1  43   3   5   2   4   1  16   0   0   1  18   0   0   0   2   0   1   0   0  0.88 0.45
  121 S    3 -3 -1 -1  6 -3 -2 -2  0 -3 -2 -3 -2 -4 -4  4  0 -5 -2 -1   22   1   3   3  20   0   1   1   2   0   3   0   1   0   0  31   4   0   1   5  0.67 0.40
  122 H   -5 -5 -1 -5 -6 -4 -3 -6  8 -1 -5 -4 -5 -2 -3 -3 -5  6  7 -2    0   0   2   0   0   0   2   0  32   3   0   1   0   0   2   1   0  11  41   3  1.87 0.73
  123 R   -5  8 -4 -5 -7 -1 -4 -6 -4 -6 -3  3 -5 -6 -6 -3 -5 -6 -5 -6    0  78   0   0   0   1   0   0   0   0   3  15   0   0   0   2   0   0   0   0  2.08 0.80
  124 G   -2 -4 -4 -5 -6 -5 -5  7 -6 -7 -5 -5 -4 -7 -6 -3 -5  0 -6 -6    2   1   0   0   0   0   1  91   0   0   1   0   1   0   0   1   0   1   0   0  2.21 0.79
  125 L   -3 -3 -4 -6  3 -4 -5 -6 -5  4  4 -4  1 -1 -5 -4 -2 -1  1  2    0   2   1   0   6   0   0   0   0  26  40   1   3   1   0   1   1   1   5  13  0.77 0.38
  126 R   -5  8 -4 -5 -1 -3 -4 -6  0 -6 -5 -2 -5 -6 -6 -4 -4 -6 -5 -6    0  91   0   0   2   0   0   0   2   0   1   0   0   0   0   1   1   0   0   0  2.46 0.87
  127 H   -6 -4 -4 -4 -7 -4 -4 -6 11 -4 -1 -5 -5 -5 -6 -5 -4 -6 -2 -5    0   0   0   1   0   0   0   0  88   1   6   0   0   0   0   0   1   0   1   1  3.20 1.02
  128 F    0  3 -2 -1 -3 -1  2 -3  2 -3 -2  0  1  3 -4  0 -3  1  4 -3    9  16   1   2   0   1  15   1   5   0   3   5   4  14   0   6   0   2  14   0  0.36 0.26
  129 W   -2  3 -2 -5  0 -2 -3 -3 -2 -3  1  1  0 -1 -5 -2 -1  9  0 -2    3  18   2   0   2   1   1   1   1   1  14   8   2   3   0   4   3  32   2   2  1.06 0.46
  130 G   -3 -3  0 -3 -6 -5 -5  7 -2 -7 -7 -5 -4 -7 -6 -2 -5 -6 -6 -7    0   1   4   1   0   0   0  88   1   0   0   0   0   0   0   3   0   0   0   0  2.11 0.75
  131 L   -4 -4 -4 -6 -5  2 -5 -6  1  0  6 -2  0 -3 -6 -5 -4 -3 -1 -2    0   0   1   0   0   9   0   0   3   3  76   2   1   0   0   0   0   0   2   1  1.25 0.57
  132 K   -4  5 -4 -4 -1 -2 -3 -5 -2 -6 -5  5 -5 -6  4 -4 -4 -3 -5 -6    0  34   0   0   2   0   0   0   1   0   1  39   0   0  23   0   1   0   0   0  1.42 0.62
  133 V   -2 -6 -6 -4  1 -6 -6 -7 -7 -1 -2 -6 -3 -5 -4 -5 -2 -7 -5  7    2   0   0   1   3   0   0   0   0   1   2   0   0   0   1   0   2   0   0  89  1.92 0.76
  134 R   -5  8 -3 -5 -7  0 -1 -6  1 -7 -6 -2 -5 -7 -6 -5 -5 -2 -5 -7    0  88   1   0   0   3   3   0   4   0   0   0   0   0   0   0   0   1   0   0  2.34 0.85
  135 G   -4 -6 -4 -2 -2 -6 -6  8 -6 -8 -8 -5 -7 -7 -6 -3 -5 -6 -7 -7    0   0   0   2   1   0   0  96   0   0   0   0   0   0   0   2   0   0   0   0  2.45 0.81
  136 Q   -3 -2 -1 -4 -7  9 -2 -6 -4 -7 -6 -3 -4 -7 -4 -4 -5 -6 -5 -6    1   1   2   0   0  94   0   0   0   0   0   0   0   0   1   0   0   0   0   0  2.71 0.98
  137 H   -5  6 -3 -5 -2 -2 -3 -5  8 -6 -4  2 -5 -5 -5 -3 -4 -6 -3 -6    0  47   1   0   1   0   0   0  38   0   1  10   0   0   0   1   0   0   0   0  1.81 0.67
  138 T   -4 -5 -4 -5 -5 -1 -4 -2 -5 -4 -4 -4 -3 -6 -5 -1  8 -6 -5 -3    0   0   0   0   0   2   0   3   0   0   1   0   0   0   0   3  88   0   0   1  2.00 0.79
  139 K   -2  4 -3 -4 -1  0 -2 -5 -1 -6 -5  7 -2 -6 -4 -3 -3 -6 -5 -3    2  23   0   0   1   2   1   0   2   0   0  65   1   0   0   0   0   0   0   1  1.49 0.61
  140 T   -2 -4 -2 -2 -2 -1 -4 -3 -4 -4 -5 -4 -4 -5 -4  4  6 -6 -5 -4    1   0   1   1   1   2   0   1   0   0   0   0   0   0   0  33  58   0   0   0  1.39 0.63
  141 S   -3 -4  5 -3 -5 -1 -4 -4  2 -5 -5 -4 -4 -6 -4  1  6 -6 -5 -4    1   0  29   0   0   2   0   0   5   0   0   0   0   0   0   7  56   0   0   0  1.39 0.61
  142 G    2 -4 -4 -4 -5 -5 -4  7 -2 -6 -6 -4 -5  0 -5 -2 -4  1 -5 -5   16   1   0   0   0   0   0  74   1   0   0   0   0   5   0   1   0   2   0   0  1.57 0.57
  143 R   -3  8 -4 -5  1 -3 -3 -6  1 -6 -6 -1 -5 -6 -2 -4 -5 -6 -5 -6    2  88   0   0   3   0   1   0   3   0   0   0   0   0   2   0   0   0   0   0  2.22 0.76
  144 H   -3  5 -2 -4 -2  0 -3 -1  3 -4 -3  2 -3  0 -4 -1  3 -5 -3 -2    0  36   0   0   1   2   0   5   7   0   2  12   0   4   0   4  25   0   0   2  0.68 0.38
  145 G   -2  2 -3 -3 -4 -4  0  7 -5 -7 -6 -2 -5 -6 -5 -2 -4 -6 -6 -6    2  11   0   1   0   0   6  77   0   0   0   1   0   0   0   1   0   0   0   0  1.62 0.57
  146 V   -1  5 -2 -2  0  0 -2  0  1 -3 -1  3  0 -4  0  1 -1 -4 -2 -3    4  32   0   1   2   2   0   8   3   1   7  19   2   0   5   9   2   0   1   1  0.42 0.26
  147 V   -1 -2 -2 -4  1 -3 -2 -5 -5 -2 -4 -1 -4 -4 -4  0  7 -6 -5 -2    5   1   1   0   2   1   2   0   0   2   0   3   0   0   0   6  73   0   0   2  1.33 0.59
  148 C   -1 -4 -5 -6  1 -5 -5 -6 -5  3  0 -3  3 -3 -5 -4 -3 -5 -2  6    5   0   0   0   2   0   0   0   0  14   6   1   8   0   0   0   0   0   1  62  1.09 0.46
  149 G    1 -3 -3 -3 -1 -5 -5  7 -5 -6 -6 -4 -5 -6 -5 -2 -3 -6 -6 -6    9   2   0   1   1   0   0  83   0   0   0   1   0   0   0   2   1   0   0   0  1.78 0.60
  150 V   -1 -4  0 -5 -4 -5 -5 -1 -5  0 -2 -4 -2 -4 -5 -3 -1 -6 -3  7    5   0   6   0   0   0   0   5   0   2   0   0   0   0   0   1   3   0   1  78  1.28 0.54
  151 V    0  1 -2 -3 -3  1 -1 -2 -3 -1 -2  3 -2 -3 -1  4  0 -5 -3  0    5   6   0   0   0   5   2   1   0   5   3  17   0   1   2  43   4   0   0   6  0.44 0.31
  152 R   -4  5 -3 -4 -6  0 -2 -4 -2 -6 -5  6 -4 -6 -4 -3 -3 -6 -5 -5    0  37   0   0   0   2   1   1   0   0   0  58   0   0   0   0   0   0   0   0  1.60 0.58
  153 K   -3  2 -2 -4 -6  0 -1 -4 -4 -6 -5  7 -4 -6 -4 -2 -2 -6 -5 -5    1   8   1   0   0   3   3   0   0   0   0  82   0   0   0   1   2   0   0   0  1.64 0.59
  154 N   -4  2 -2 -3 -6 -1  0 -4 -3 -6 -5  7 -4 -6 -4 -2 -3 -6 -5 -5    0  10   1   0   0   0   3   0   0   0   0  82   0   0   0   2   1   0   0   0  1.65 0.57

                      K         Lambda
Standard Ungapped    0.1403     0.3228
Standard Gapped      0.0503     0.2670
PSI Ungapped         0.1641     0.3121
PSI Gapped           0.0503     0.2670
