
Last position-specific scoring matrix computed, weighted observed percentages rounded down, information per position, and relative weight of gapless real matches to pseudocounts
           A  R  N  D  C  Q  E  G  H  I  L  K  M  F  P  S  T  W  Y  V   A   R   N   D   C   Q   E   G   H   I   L   K   M   F   P   S   T   W   Y   V
    1 M   -3 -3 -4 -5 -3 -2 -4 -5 -3 -1  0 -3 10 -2 -4 -3 -2 -3 -3  0    0   0   0   0   0   0   0   0   0   0   0   0  98   0   0   0   0   0   0   2  1.87 0.33
    2 V   -2 -5 -5 -5 -3 -4 -5 -5 -5  1  0 -4  1 -3 -5 -3  1 -5 -3  6    0   0   0   0   0   0   0   0   0   2   5   0   4   0   0   0   8   0   0  82  1.24 0.35
    3 K   -3  3 -3 -3 -6 -1 -2 -4 -3 -5 -5  7 -4 -6 -4 -2 -3 -6 -4 -4    0  11   0   0   0   0   0   0   0   0   0  87   0   0   0   1   0   0   0   1  1.68 0.42
    4 I   -4 -5 -6 -6 -4 -5 -6 -6 -6  7  1 -5  2 -2 -5 -5 -3 -5 -4  0    0   0   0   0   0   0   0   0   0  89   8   0   4   0   0   0   0   0   0   0  1.67 0.41
    5 R   -4  8 -3 -4 -6 -2 -3 -5 -3 -6 -5  0 -4 -6 -5 -3 -4 -6 -5 -5    0  97   0   0   0   0   0   0   0   0   0   3   0   0   0   1   0   0   0   0  2.23 0.50
    6 L   -4 -5 -6 -6 -4 -4 -5 -6 -5 -1  6 -5  2 -1 -5 -4 -3 -4 -3 -1    0   0   0   0   0   0   0   0   0   0  94   0   3   1   0   1   0   0   0   1  1.47 0.38
    7 A    1  4 -1 -3 -2  1 -1 -3  0 -3 -3  4 -1 -4 -3  0  1 -4 -3 -3   12  23   2   0   1   4   0   0   2   0   0  36   1   0   0   6  12   0   0   0  0.57 0.21
    8 R   -4  8 -3 -4 -6 -2 -3 -5 -3 -6 -4 -1 -4 -6 -5 -4 -4 -6 -5 -5    0  99   0   0   0   0   0   0   0   0   1   0   0   0   0   0   0   0   0   0  2.32 0.51
    9 F   -2 -3 -4 -5 -4 -3 -4  1  1 -1  1 -3  9  2 -5 -4 -3 -4 -2 -1    1   1   0   0   0   0   0  10   4   2   9   0  61   8   0   0   1   0   1   2  1.25 0.37
   10 G   -2 -5 -3 -4 -5 -4 -5  7 -5 -7 -6 -4 -5 -6 -5 -3 -4 -5 -6 -6    0   0   0   0   0   0   0 100   0   0   0   0   0   0   0   0   0   0   0   0  2.24 0.46
   11 S    4  1 -2 -2 -2  1 -1 -2 -2 -4 -4  2 -2 -4 -3  3 -1 -4 -3 -3   41   6   0   0   0   8   1   0   1   0   0  14   0   0   0  27   2   0   0   0  0.57 0.23
   12 K   -3  0 -1 -3 -5 -1 -2 -4  1  0 -4  7 -2 -5 -4 -3 -2 -5 -4 -4    1   2   2   0   0   0   0   0   3   6   0  84   1   0   0   0   2   0   0   0  1.42 0.40
   13 H   -3  3  0 -3 -5  0 -2 -2  2 -5 -4  6 -4 -3 -3 -2 -3 -5 -4 -5    1  14   3   0   0   1   0   3   5   0   0  71   0   1   0   0   0   0   0   0  1.22 0.35
   14 N    2  4  3 -1 -3  0 -1 -2 -1 -4 -3  2 -2 -4 -3  1 -1 -4 -2 -3   26  25  18   1   0   3   0   0   1   0   1  12   1   0   0   8   1   0   1   0  0.46 0.19
   15 P   -3 -5 -5 -4 -6 -4 -4 -5 -5 -6 -6 -4 -6 -7  9 -3 -4 -7 -6 -5    1   0   0   0   0   0   0   0   0   0   0   0   0   0  99   1   0   0   0   0  3.03 0.56
   16 H   -4 -4 -5 -6 -5 -3 -5 -5  4 -2 -2 -5 -2  8 -6 -3 -4 -2  3 -3    1   0   0   0   0   1   0   0   9   1   0   0   0  77   0   2   0   0   8   1  1.81 0.41
   17 Y   -5 -5 -5 -6 -6 -5 -5 -6 -1 -4 -4 -5 -4  0 -6 -5 -5 -1 10 -4    0   0   0   0   0   0   0   0   0   0   0   0   0   0   0   0   0   0 100   0  2.95 0.60
   18 R   -3  8 -3 -4 -6 -1 -3 -5 -1 -6 -5  0 -4 -4 -5 -2 -4 -5 -4 -5    1  93   0   0   0   1   0   0   1   0   0   2   0   0   0   2   0   0   0   0  2.05 0.47
   19 I   -3 -5 -5 -5 -3 -5 -5 -6 -5  7  1 -5  0 -2 -5 -4 -3 -5 -3  3    0   0   0   0   0   0   0   0   0  70   6   0   1   0   0   0   0   0   0  23  1.31 0.34
   20 V   -3 -5 -2 -6 -3 -5 -5 -6 -6  1 -2 -5 -2 -2 -5 -4 -2 -5 -4  7    0   0   2   0   0   0   0   0   0   5   0   0   0   1   0   0   0   0   0  93  1.58 0.42
   21 V    1 -5 -5 -5 -3 -4 -5 -5 -5  1 -2 -4 -2 -3 -4 -3 -2 -5 -4  7   13   0   0   0   0   0   0   0   0   4   0   0   0   0   0   0   0   0   0  83  1.33 0.38
   22 T    6 -4 -4 -4 -1 -2 -3 -2 -4 -2 -3 -3  0 -4 -3  0  0 -5 -4 -1   83   0   0   0   1   1   0   0   0   1   0   0   3   0   0   4   5   0   0   2  1.16 0.36
   23 D   -4 -4  0  8 -6 -3  0 -4 -4 -6 -6 -3 -6 -6 -4 -3 -3 -7 -6 -6    0   0   1  96   0   0   2   0   0   0   0   0   0   0   0   0   1   0   0   0  2.28 0.49
   24 A    2 -3 -2 -3 -3 -2 -1 -2 -3 -3 -4 -2 -4 -5 -3  6 -1 -5 -4 -2   16   0   0   0   0   0   2   0   0   1   0   1   0   0   0  76   0   0   0   3  1.14 0.37
   25 R   -3  8 -2 -4 -6 -2 -3 -5 -1 -6 -5  0 -4 -6 -5 -3 -3 -6 -4 -5    1  95   1   0   0   0   0   0   1   0   0   1   0   0   0   0   1   0   0   0  2.14 0.49
   26 R    2  0  0 -2  0 -2 -1 -2 -2 -3 -3  0  1 -1 -3  4  1 -2  1 -3   17   4   2   0   2   0   2   0   0   0   0   4   6   3   0  48   7   0   5   0  0.49 0.23
   27 K   -2  1 -4 -4 -5 -3 -3 -5 -4 -5 -5  1 -5 -6  8 -3 -4 -6 -5 -5    3   8   0   0   0   0   0   0   0   0   0   9   0   0  79   1   0   0   0   0  2.16 0.44
   28 R   -3  8 -3 -4 -6 -2 -3 -5 -3 -6 -5 -1 -4 -6 -5 -4 -4 -6 -5 -5    1  99   0   0   0   0   0   0   0   0   0   0   0   0   0   0   0   0   0   0  2.32 0.51
   29 D   -4 -4  1  8 -6 -3 -1 -4 -4 -6 -6 -3 -6 -6 -4 -2 -4 -7 -6 -6    0   0   5  94   0   0   1   0   0   0   0   0   0   0   0   1   0   0   0   0  2.20 0.48
   30 G   -2 -5 -3 -4 -5 -4 -5  7 -5 -7 -6 -4 -5 -6 -5 -3 -4 -5 -6 -6    0   0   0   0   0   0   0 100   0   0   0   0   0   0   0   0   0   0   0   0  2.24 0.46
   31 K   -1  7 -2 -4 -5 -1 -2 -2 -3 -5 -4  3 -3 -5 -4 -3 -3 -5 -4 -3    4  74   1   0   0   1   0   2   0   0   0  16   0   0   0   0   0   0   0   1  1.48 0.38
   32 Y   -1 -5 -4 -5 -1 -3 -5 -5 -1  0 -2 -5 -2  8 -2 -2 -3 -1  4 -1    5   0   1   0   2   1   0   0   1   4   0   0   0  68   2   2   1   0  11   3  1.34 0.34
   33 I   -4 -6 -6 -6 -4 -5 -6 -6 -6  8  0 -5 -1 -3 -5 -5 -2 -5 -4  1    0   0   0   0   0   0   0   0   0  92   3   0   0   0   0   0   1   0   0   5  1.76 0.42
   34 E   -2 -3 -3  1 -6  0  7 -5 -3 -6 -6 -2 -5 -6 -4 -3 -3 -6 -5 -5    2   0   0   6   0   1  91   0   0   0   0   0   0   0   0   0   1   0   0   0  1.83 0.46
   35 K   -2  0  0 -1 -3  2  5 -3 -2 -1 -3  2 -2 -4 -2  0  2 -4 -3 -1    0   4   4   0   0   9  43   0   0   4   1  12   1   0   0   5  13   0   0   4  0.53 0.21
   36 I   -3 -5 -5 -5 -3 -5 -5 -6 -5  6  2 -5  0 -2 -5 -4 -3 -4 -3  3    0   0   0   0   0   0   0   0   0  61  18   0   0   0   0   0   0   0   0  21  1.12 0.30
   37 G   -2 -5 -3 -4 -5 -4 -5  7 -5 -7 -6 -4 -5 -6 -5 -3 -4 -5 -6 -6    0   0   0   0   0   0   0 100   0   0   0   0   0   0   0   0   0   0   0   0  2.24 0.46
   38 Y   -2 -3 -2 -4 -3 -1 -3 -4  2 -2 -2 -1 -3  1 -4 -1  5  0  5 -2    1   0   1   0   0   1   0   0   5   2   2   3   0   4   0   3  47   1  29   0  0.84 0.30
   39 Y   -5 -5 -5 -6 -6 -5 -5 -6 -1 -4 -4 -5 -4  1 -6 -5 -5 -1 10 -4    0   0   0   0   0   0   0   0   0   0   0   0   0   3   0   0   0   0  97   0  2.84 0.58
   40 D   -4 -3  7  5 -5 -2 -2 -3  2 -6 -5 -3 -5 -5 -4 -2 -3 -6 -4 -5    0   0  58  34   0   1   0   0   5   0   0   0   0   0   0   0   0   0   0   0  1.53 0.38
   41 P   -3 -5 -5 -4 -6 -4 -4 -5 -5 -5 -6 -4 -5 -6  9 -3 -4 -6 -6 -5    1   0   0   0   0   0   0   0   0   0   0   0   0   0  96   1   0   0   0   0  2.90 0.53
   42 R   -2  0  1 -3 -2 -2 -3 -3 -2  1  3 -2  3 -2 -3 -1  2 -3 -2  1    1   5   9   0   0   1   0   0   0   8  30   1  10   0   0   3  18   0   0  13  0.28 0.14
   43 K    0  1  0 -1  0  1  0 -1  0 -1 -1  4 -1 -2  0  0  0 -2 -1 -1    5   6   3   2   3   7   3   3   2   3   6  36   1   2   3   5   4   1   1   5  0.20 0.07
   44 T    1 -1 -1  1 -2 -1  1 -2 -2 -1 -1 -1 -1 -2 -1  1  4 -2 -1  1   11   1   2  10   0   2   8   2   1   1   3   3   1   1   2   7  33   0   1  10  0.24 0.10
   45 T   -2 -2  3  3 -4  2  4 -2  0 -4 -4  0 -3 -4 -2  0  0 -4 -3 -3    1   0  20  18   0   9  30   2   2   0   0   3   0   0   1   6   6   0   0   1  0.58 0.19
   46 P   -1 -4 -3 -2 -5 -3  1 -3 -4 -5 -5 -2 -2 -5  8 -3 -3 -5 -5 -4    3   0   0   2   0   1   9   1   0   0   0   1   1   0  78   1   0   0   0   1  2.02 0.40
   47 D    4 -2  1  0 -1 -1  0 -2 -1 -2 -3  1 -2 -4 -1  2  0 -4 -2 -1   41   0   6   6   1   1   7   0   1   1   0   9   0   0   2  20   2   0   1   3  0.38 0.18
   48 W   -1  2 -1 -1 -3  1  3 -3 -2 -1 -1  0 -1 -1 -2 -1  1  2 -1  1    4  12   1   2   0   7  27   0   0   3   3   2   1   2   1   2  12   3   1  16  0.22 0.13
   49 L   -3 -4 -5 -5 -2 -4 -5 -5 -5  5  2 -4  0  1 -4 -4 -2 -4 -1  4    0   0   0   0   0   0   0   0   0  36  14   0   0   6   0   0   0   0   2  41  0.85 0.25
   50 K   -2  1  1 -1 -4  1  1 -3 -1 -3 -4  5 -3 -4 -3  0  1 -5 -3 -1    1   3   8   2   0   3   7   1   1   0   0  54   0   0   0   5   8   0   0   7  0.64 0.24
   51 V   -3 -4 -5 -5 -3 -4 -5 -5 -5  5  2 -4  1  1 -4 -4 -2 -4 -3  4    0   0   0   0   0   0   0   0   0  41  22   0   3   4   0   0   0   0   0  30  0.84 0.24
   52 D   -4 -3  4  7 -4 -2  0 -3 -3 -5 -6  1 -5 -6 -4 -2 -3 -6 -5 -5    0   0  21  66   0   0   3   0   0   0   0   8   0   0   0   0   0   0   0   0  1.46 0.36
   53 V    1 -2 -1  0 -4  0  5 -2 -2 -2 -2  0  0 -2 -3  1 -1 -4 -3  0   16   0   1   2   0   1  48   2   0   1   2   3   2   2   0   9   3   0   0   7  0.51 0.21
   54 E   -2 -3 -2  3 -6 -1  7 -4 -3 -4 -5 -2 -5 -6 -4 -2 -3 -6 -5 -5    2   0   0  18   0   0  78   0   0   1   0   0   0   0   0   0   0   0   0   0  1.59 0.41
   55 R    0  5 -2 -2 -4 -1 -1 -3 -2 -3  0  5 -2 -4 -3 -1 -2 -4 -3 -2    9  34   1   1   0   0   2   0   0   1  10  38   0   0   0   2   0   0   0   1  0.72 0.25
   56 A    6 -4 -4 -4 -3 -3 -3 -2 -4  2 -2 -3 -2 -4 -3 -1 -1 -5 -4  2   72   0   0   0   0   0   0   0   0  11   1   0   0   0   0   0   2   0   0  14  0.97 0.32
   57 R   -1  0 -1 -2 -3  2 -1 -4 -2  0  2  3  2 -1 -3 -2 -2 -3 -2  0    3   4   2   1   0  14   1   0   0   4  31  25   6   2   0   0   1   0   0   6  0.30 0.16
   58 Y    0  0 -1  1 -4  1  1 -3  2 -4 -3  4 -3 -2 -3 -1 -2 -1  5 -3    6   1   2   7   0   4   8   1   5   0   0  35   0   0   0   2   1   0  25   0  0.54 0.22
   59 W   -6 -6 -7 -8 -6 -6 -7 -6 -6 -6 -5 -7 -5 -3 -7 -6 -6 13 -1 -7    0   0   0   0   0   0   0   0   0   0   0   0   0   0   0   0   0 100   0   0  4.64 0.75
   60 L   -3 -4 -5 -6 -3 -4 -5 -6 -5  3  6 -5  3 -2 -5 -5 -3 -4 -3  0    0   0   0   0   0   0   0   0   0  14  79   0   6   0   0   0   0   0   0   1  1.20 0.32
   61 S    2  0  1 -1 -3  2  0  2 -1 -3 -2  2 -1 -3 -2  2 -1 -4 -3 -3   18   3   8   2   0  10   3  14   1   0   3  13   2   0   0  22   1   0   0   0  0.28 0.14
   62 V   -2 -1  5  0 -3  1 -1 -3 -1 -2 -3  3 -3 -4 -3 -1  1 -5 -3  2    1   1  34   4   0   6   2   0   1   0   1  21   0   0   0   1   9   0   0  19  0.51 0.22
   63 G   -2 -5 -3 -4 -5 -4 -5  7 -5 -7 -6 -4 -5 -6 -5 -3 -4 -5 -6 -6    0   0   0   0   0   0   0 100   0   0   0   0   0   0   0   0   0   0   0   0  2.24 0.46
   64 A    7 -4 -4 -4 -3 -3 -3 -2 -4 -4 -4 -3 -4 -5 -3 -1 -3 -5 -4 -3   99   0   0   0   0   0   0   1   0   0   0   0   0   0   0   0   0   0   0   0  1.69 0.45
   65 Q   -3 -2 -3 -3 -6  8 -1 -5 -2 -3 -4  2 -3 -6 -4 -3 -2 -5 -4 -4    0   0   0   0   0  83   1   0   0   1   1  11   0   0   0   0   1   0   0   1  1.84 0.48
   66 P   -2 -5 -5 -4 -6 -4 -4 -5 -5 -5 -4 -4 -3 -6  9 -4 -4 -7 -6 -4    2   0   0   0   0   0   0   0   0   0   1   0   0   0  96   0   0   0   0   1  2.85 0.54
   67 T   -2 -3 -2 -3 -3 -3 -3 -3 -4 -4 -4 -3 -3 -5 -3  4  6 -5 -4 -3    0   0   0   0   0   0   0   0   0   0   0   0   0   0   0  34  66   0   0   0  1.38 0.41
   68 D   -3 -4  0  7 -6 -1  3 -4 -3 -5 -6 -3 -4 -6 -4 -2 -3 -6 -5 -5    1   0   1  75   0   1  20   0   0   0   0   0   0   0   0   0   0   0   0   0  1.67 0.39
   69 T   -2  2 -2 -3 -3  0 -3 -3 -4 -2 -3 -2 -2 -4 -1 -1  6 -5 -4  0    1  10   0   0   0   3   0   1   0   2   0   0   0   0   3   0  73   0   0   6  1.12 0.36
   70 A    1 -5 -5 -5 -3 -4 -5 -5 -5  1 -1 -4 -2 -3 -4 -3 -2 -5 -4  7   14   0   0   0   0   0   0   0   0   1   0   0   0   0   0   0   1   0   0  84  1.33 0.38
   71 R    1  5 -1 -3 -4 -1 -1 -2  0 -4 -2  3 -2 -3 -3 -1 -2 -4 -3 -3   13  46   2   0   0   1   1   3   3   0   3  23   1   1   0   3   0   0   0   1  0.73 0.24
   72 R    1  3  4  0 -3  0 -1 -1 -1 -3 -3  2 -2 -3 -3  2 -1 -4 -2 -2   13  20  24   2   0   1   0   2   0   0   1  12   0   1   0  18   1   0   1   2  0.41 0.18
   73 L   -3 -4 -5 -5 -3 -4 -5 -6 -5  4  5 -4  2  2 -5 -4 -3 -3 -2  0    0   0   0   0   0   0   0   0   0  23  64   0   3   8   0   0   0   0   0   2  0.97 0.27
   74 L   -4 -4 -6 -6 -4 -5 -5 -6 -4  0  5 -5  1  5 -5 -5 -3 -3 -1 -1    0   0   0   0   0   0   0   0   0   1  73   0   1  25   0   0   0   0   0   0  1.22 0.33
   75 R   -1  1  0  0 -4  0  0 -2 -2 -4 -4  5 -3 -4 -3  3 -1 -5 -3 -2    2   7   3   4   0   1   5   1   1   0   0  40   0   0   0  33   2   0   0   2  0.63 0.24
   76 Q    0  1  1 -1 -4  2  0 -2 -1 -1 -2  4 -2 -3 -3  0 -1 -4 -3 -2   10   7   7   3   0   9   2   1   1   6   3  42   1   1   0   4   1   0   0   2  0.39 0.18
   77 A    4 -2  1 -2 -3  2  2 -2  0 -3 -3 -1 -2 -3 -3  0  1 -4 -2 -1   44   0   7   1   0  10  13   1   2   0   1   3   0   1   0   2  11   0   1   3  0.42 0.20
   78 G   -2 -5  0 -3 -5 -4 -3  7 -4 -6 -6 -4 -5 -6 -5 -2 -4 -5 -6 -6    1   0   3   1   0   0   1  94   0   0   0   0   0   0   0   0   0   0   0   0  2.01 0.43
   79 V   -2 -4 -4  0 -2 -4 -4 -5 -5  5  1 -4 -1 -2 -4 -4 -2 -5 -3  4    1   0   0   7   0   0   0   0   0  44  10   0   0   0   0   0   1   0   0  37  0.84 0.26
   80 F   -3 -2 -4 -4 -3 -2 -1 -4 -3  2  3 -2  6  0 -4 -3 -2  6  0  0    0   1   0   0   0   1   6   0   0  11  25   1  32   3   0   1   2  11   2   2  0.70 0.25
   81 R    1  0 -1  0 -4  3  3 -3 -2 -4 -3  4 -2 -4 -2 -1 -1 -4 -3 -3   11   2   0   4   0  13  24   0   0   0   2  37   0   0   1   1   4   0   0   0  0.59 0.22
   82 Q   -2  2 -2 -3 -5  1  1 -4 -3 -5 -5  7 -3 -5 -3 -2 -3 -5 -4 -4    1  10   0   0   0   5   5   0   0   0   0  79   0   0   0   1   0   0   0   0  1.35 0.35
   83 E   -1  1  1  1 -4  2  3 -2 -1 -4 -3  4 -2 -4 -2  0 -1 -4 -3 -3    0   0   7   5   0   6  25   0   0   0   0  50   0   0   0   6   0   0   0   0  0.54 0.09

                      K         Lambda
Standard Ungapped    0.1388     0.3236
Standard Gapped      0.0665     0.2670
PSI Ungapped         0.2169     0.3149
PSI Gapped           0.0665     0.2670
