
Last position-specific scoring matrix computed, weighted observed percentages rounded down, information per position, and relative weight of gapless real matches to pseudocounts
           A  R  N  D  C  Q  E  G  H  I  L  K  M  F  P  S  T  W  Y  V   A   R   N   D   C   Q   E   G   H   I   L   K   M   F   P   S   T   W   Y   V
    1 D   -3 -2  2  5 -5  0  6 -3 -2 -5 -5 -1 -4 -5 -3 -2 -2 -5 -4 -4    0   0   8  32   0   0  60   0   0   0   0   0   0   0   0   0   0   0   0   0  1.13 0.23
    2 F   -3 -4 -5 -5 -3 -4 -4 -5 -3  1  5 -4  1  4 -4 -4 -3 -2  1 -1    0   0   0   0   0   0   0   0   0   4  69   0   2  19   0   0   0   0   5   0  0.82 0.19
    3 E   -1 -1 -1  0 -4  2  4 -3 -2  1 -2  3 -1 -3 -2  0  0 -4 -3 -1    1   0   1   2   0   9  37   0   0  11   2  22   0   0   0   3   7   0   0   4  0.40 0.13
    4 E   -3 -2 -2  3 -6  0  7 -4 -2 -5 -5 -1 -4 -5 -3 -2 -2 -5 -4 -4    0   0   0  17   0   1  81   0   0   0   0   0   0   0   0   0   1   0   0   0  1.37 0.28
    5 K   -3  6  1 -2 -5  1 -1 -3 -1 -4 -4  5 -3 -5 -3 -2 -2 -4 -3 -4    0  46   6   0   0   5   0   0   0   0   0  43   0   0   0   0   0   0   0   0  1.01 0.22
    6 M   -2 -4 -5 -5 -2 -4 -4 -5 -5  2  1 -4  1 -2 -4 -3 -2 -4 -3  6    0   0   0   0   0   0   0   0   0   7   7   0   3   0   0   0   0   0   0  83  1.03 0.24
    7 I   -2 -4 -5 -5 -3 -4 -4 -5 -5  3 -1 -4 -1 -3 -4 -4 -2 -5 -3  7    0   0   0   0   0   0   0   0   0   9   0   0   0   0   0   0   0   0   0  91  1.24 0.28
    8 L    2 -2  0 -1 -2  0  0 -2  3 -2 -1 -1 -1  2 -2  1  2 -2  2 -1   27   0   4   2   0   3   4   0  11   0   3   1   0  10   0  10  15   0   8   1  0.21 0.10
    9 I   -3 -5 -5 -5 -3 -4 -5 -6 -5  7  1 -4  0 -2 -5 -4 -2 -4 -3  2    0   0   0   0   0   0   0   0   0  83   8   0   0   0   0   0   0   0   0   9  1.19 0.26
   10 R   -3  1  8 -1 -5 -2 -2 -2 -1 -5 -5 -1 -4 -5 -4  0 -2 -6 -4 -5    1   8  85   0   0   0   0   1   0   0   0   1   0   0   0   4   0   0   0   0  1.53 0.31
   11 R   -4  8 -2 -4 -6 -1 -2 -5 -1 -5 -4  0 -3 -5 -4 -3 -3 -5 -4 -5    0  99   0   0   0   0   0   0   1   0   0   0   0   0   0   0   0   0   0   0  1.94 0.36
   12 T   -2 -4 -3 -5  0 -4 -4 -5 -5  2 -1 -4 -1 -3 -4 -3  0 -5 -3  6    0   0   1   0   1   0   0   0   0   5   0   0   0   0   0   0   5   0   0  88  1.10 0.27
   13 A    5 -3 -2 -3 -2 -2 -2 -2 -3 -3 -3 -2 -2 -4 -2  2  3 -4 -3 -2   59   0   0   0   0   0   0   0   0   0   0   0   0   0   0  18  23   0   0   0  0.74 0.21
   14 R   -3  1 -2 -3 -5 -1 -1 -4 -3 -5 -5  7 -3 -5 -3 -2 -3 -5 -4 -4    0   1   0   0   0   0   0   0   0   0   0  99   0   0   0   0   0   0   0   0  1.62 0.34
   15 M   -2 -4 -4 -5 -3 -4 -4 -5 -5  1 -1 -4  0 -3 -4 -3  2 -5 -3  6    0   0   0   0   0   0   0   0   0   0   0   0   1   0   0   0  12   0   0  87  1.10 0.27
   16 Q   -2 -4 -5 -5 -3 -2 -4 -5 -4  1 -1 -4  0 -3 -4 -3 -1 -5 -2  7    0   0   0   0   0   2   0   0   0   0   1   0   1   0   0   0   2   0   1  93  1.18 0.28
   17 A   -2  1 -2 -3 -5  0 -1 -4 -3 -5 -4  7 -3 -5 -3 -2 -2 -5 -4 -4    1   0   0   0   0   1   0   0   0   0   0  96   0   0   0   0   1   0   0   0  1.51 0.32
   18 G   -2 -4 -2 -3 -5 -4 -4  7 -4 -6 -6 -3 -5 -5 -4 -2 -4 -5 -5 -5    0   0   0   0   0   0   0 100   0   0   0   0   0   0   0   0   0   0   0   0  1.93 0.31
   19 G   -2 -4 -2 -3 -5 -4 -4  7 -4 -6 -6 -3 -5 -5 -4 -2 -4 -5 -5 -5    0   0   0   0   0   0   0 100   0   0   0   0   0   0   0   0   0   0   0   0  1.93 0.31
   20 R   -3  8 -2 -4 -6 -1 -2 -4 -2 -5 -4  1 -3 -5 -4 -3 -3 -5 -4 -5    0  95   0   0   0   0   0   0   0   0   0   4   0   0   0   0   1   0   0   0  1.82 0.34
   21 R   -3  7  3 -2 -5 -1 -2 -4  0 -1 -3  1 -3 -4 -4 -2 -1 -5 -3 -2    0  68  16   0   0   0   0   0   1   5   0   3   0   0   0   0   4   0   0   3  1.02 0.24
   22 F   -3 -4 -5 -5 -4 -4 -5 -5 -3 -1  1 -5  3  8 -5 -4 -4 -1  1 -2    2   0   0   0   0   0   0   0   0   0   9   0   8  79   0   0   0   0   1   0  1.48 0.28
   23 R   -1  5 -1 -2 -4 -1 -1 -2 -1 -4 -4  1 -3 -4 -3  4 -1 -4 -3 -4    2  47   1   0   0   0   0   2   1   0   0   6   0   0   0  39   1   0   0   0  0.79 0.22
   24 F   -4 -5 -5 -6 -5 -5 -5 -5 -3 -2 -1 -5 -2  9 -6 -5 -4 -1  1 -3    0   0   0   0   0   0   0   0   0   0   3   0   0  97   0   0   0   0   0   0  2.07 0.35
   25 G    3 -2  0 -2 -2 -2 -2  0 -3 -3 -3 -2 -3 -4 -2  5  2 -4 -3 -2   28   0   3   0   0   0   0   3   0   0   0   0   0   0   0  51  15   0   0   0  0.66 0.20
   26 A    6 -3 -3 -4 -1 -3 -3 -2 -4 -3 -3 -3 -3 -4 -3  0 -1 -4 -4 -1   94   0   0   0   1   0   0   0   0   0   0   0   0   0   0   1   1   0   0   2  1.19 0.29
   27 L   -3 -4 -5 -5 -3 -4 -4 -5 -4  2  5 -4  1 -1 -4 -4 -2 -3 -2  2    0   0   0   0   0   0   0   0   0  10  79   0   0   1   0   0   0   0   0  10  0.90 0.21
   28 V   -2 -4 -5 -5 -2 -4 -4 -5 -5  1 -1 -4  2 -3 -4 -3 -2 -5 -3  7    0   0   0   0   0   0   0   0   0   1   0   0   5   0   0   0   0   0   0  93  1.26 0.29
   29 V   -2 -4 -5 -5 -3 -4 -4 -5 -5  3 -1 -4 -1 -3 -4 -3 -2 -5 -3  6    1   0   0   0   0   0   0   0   0   9   0   0   0   0   0   1   0   0   0  90  1.20 0.28
   30 V   -2 -4 -5 -5 -3 -4 -4 -5 -5  2 -1 -4 -1 -3 -4 -4 -2 -5 -3  7    1   0   0   0   0   0   0   0   0   3   1   0   0   0   0   0   0   0   0  96  1.31 0.30
   31 G   -2 -4 -2 -3 -5 -4 -4  7 -4 -6 -6 -3 -5 -5 -4 -2 -4 -5 -5 -5    0   0   0   0   0   0   0 100   0   0   0   0   0   0   0   0   0   0   0   0  1.93 0.31
   32 D   -4 -4  1  8 -6 -2  0 -3 -3 -5 -6 -3 -5 -6 -4 -2 -3 -6 -5 -5    0   0   5  95   0   0   0   0   0   0   0   0   0   0   0   0   0   0   0   0  1.90 0.33
   33 R   -1  2 -1 -2 -4  0  1  5  1 -5 -4  2 -3 -4 -3 -1 -2 -4 -2 -4    1  13   1   0   0   2  13  48   4   0   0  18   0   0   0   1   0   0   1   0  0.66 0.16
   34 Q   -2 -1  6  1 -3  1  0 -2  0 -5 -5  3 -3 -5 -3 -1 -2 -5 -3 -4    3   1  55   4   1   7   5   0   1   0   0  23   0   0   0   2   0   0   0   0  0.85 0.21
   35 G   -2 -4 -2 -3 -5 -4 -4  7 -4 -6 -6 -3 -5 -5 -4 -2 -3 -5 -5 -5    0   0   0   0   0   0   1  99   0   0   0   0   0   0   0   0   0   0   0   0  1.89 0.31
   36 R   -2  3  0 -3 -3  0 -1 -3  7 -1 -2  1  0 -2 -3 -1  0  0  1 -1    1  20   3   0   0   2   0   1  39   3   2   8   2   0   0   3   5   1   4   6  0.58 0.17
   37 V   -2 -5 -5 -5 -3 -4 -4 -5 -5  2 -1 -4 -1 -3 -4 -4 -2 -5 -3  7    1   0   0   0   0   0   0   0   0   3   0   0   0   0   0   0   0   0   0  96  1.33 0.30
   38 G   -1 -4 -2 -3 -5 -4 -4  7 -4 -6 -6 -3 -5 -5 -4 -2 -4 -5 -5 -5    1   0   0   0   0   0   0  99   0   0   0   0   0   0   0   0   0   0   0   0  1.91 0.31
   39 L    0 -3 -4 -4 -2 -3 -4 -4 -2  1  0 -3  0  5 -4 -2 -2  0  3  3    9   0   0   0   0   1   0   0   0   8   6   0   2  32   0   1   0   1  13  27  0.50 0.14
   40 G   -1 -4 -2 -3 -4 -4 -4  7 -4 -6 -6 -3 -5 -5 -4 -2 -3 -5 -5 -5    2   0   0   0   0   0   0  98   0   0   0   0   0   0   0   0   0   0   0   0  1.86 0.30
   41 F   -2 -2 -1 -3 -2 -2 -3 -4 -2  1  3 -2  3  0 -3 -1  3 -2  2 -1    0   1   3   0   0   0   0   0   1   6  34   2  10   2   0   2  30   0   9   0  0.34 0.14
   42 G   -1 -4 -2 -3 -4 -4 -4  7 -4 -6 -6 -3 -5 -5 -4 -2 -3 -5 -5 -5    1   0   0   0   0   0   0  98   0   0   0   0   0   0   0   1   0   0   0   0  1.88 0.31
   43 K   -3  0 -2 -3 -5 -1 -1 -4 -3 -5 -5  7 -3 -5 -3 -2 -3 -5 -4 -4    0   0   0   0   0   0   0   0   0   0   0 100   0   0   0   0   0   0   0   0  1.65 0.34
   44 A    6 -3 -3 -3 -2 -2 -3 -2 -3 -3 -3 -2 -3 -4 -3  2 -1 -4 -4 -2   89   0   0   0   0   0   0   0   0   0   0   0   0   0   0  11   0   0   0   0  1.12 0.28
   45 P    1  0  3 -1 -3  3 -1  0  0 -1 -1  1  0 -3 -1  0 -1 -4 -3 -2   16   1  21   0   0  22   0   8   2   3   4  11   3   0   2   5   2   0   0   1  0.25 0.11
   46 E   -3 -2 -2  0 -6  1  7 -4 -2 -5 -5 -1 -4 -5 -3 -2 -3 -5 -4 -5    0   0   0   0   0   2  97   0   0   0   0   0   0   0   0   0   0   0   0   0  1.69 0.34
   47 V   -2 -4 -5 -5 -3 -4 -4 -5 -5  2 -1 -4 -1 -3 -4 -4 -2 -5 -3  7    0   0   0   0   0   0   0   0   0   9   0   0   0   0   0   0   0   0   0  91  1.25 0.28
   48 P   -2 -4 -4 -4 -5 -2 -3 -4 -4 -4 -4 -3 -4 -6  8 -2 -1 -6 -5 -4    1   0   0   0   0   1   0   0   0   1   1   0   0   0  91   1   4   0   0   0  2.44 0.35
   49 L   -1 -2 -1  5 -5  0  5 -3 -2 -2 -3 -1 -3 -4 -3 -1 -2 -5 -4 -3    5   0   1  32   0   0  53   0   0   2   3   0   0   0   0   1   1   0   0   1  0.88 0.21
   50 A    6 -3 -3 -4 -2 -3 -3 -2 -4 -3 -3 -3 -3 -4 -3  0 -2 -5 -4 -2   99   0   0   0   0   0   0   0   0   0   0   0   0   0   0   1   0   0   0   0  1.32 0.31
   51 V   -3 -5 -5 -5 -3 -5 -5 -6 -5  7  0 -5 -1 -2 -5 -4 -3 -5 -3  2    0   0   0   0   0   0   0   0   0  94   2   0   0   0   0   0   0   0   0   4  1.43 0.30
   52 Q    0  7 -2 -3 -5  1 -1 -3 -1 -4 -4  3 -3 -4 -3 -1 -1 -4 -3 -4    7  69   1   0   0   6   0   0   0   0   0  13   0   0   0   2   2   0   0   0  1.07 0.24
   53 K   -3  0 -2 -3 -5 -1 -1 -4 -3 -5 -5  7 -3 -5 -3 -2 -3 -5 -4 -4    0   0   0   0   0   0   0   0   0   0   0 100   0   0   0   0   0   0   0   0  1.65 0.34
   54 A    4 -3 -2 -3 -3 -3 -3  5 -3 -4 -4 -3 -3 -4 -3 -1 -2 -4 -4 -3   50   0   0   0   0   0   0  50   0   0   0   0   0   0   0   0   0   0   0   0  1.03 0.23
   55 G   -1 -3 -3 -4 -1 -2 -3 -2 -4  4  0 -3  0 -2 -3 -1  1 -4 -3  4    3   0   1   0   1   1   1   2   0  37   2   0   1   0   0   4  10   0   0  38  0.49 0.15
   56 Y   -2 -2 -2  2 -5  2  6 -4 -2 -5 -5  0 -4 -5 -3 -2 -3 -4 -1 -4    2   0   0  11   0   7  76   0   0   0   0   1   0   0   0   0   0   0   3   0  1.18 0.26
   57 Y    1  0  1  6 -4  1  2 -2 -2 -4 -4  0 -3 -4 -3 -1 -2 -4 -2 -3   15   5   4  52   0   5  10   0   0   0   0   4   0   0   0   2   1   0   2   1  0.67 0.17
   58 A    6 -3 -3 -4 -2 -3 -3  0 -4 -3 -3 -3 -3 -4 -3 -1 -2 -5 -4 -2   97   0   0   0   0   0   0   3   0   0   0   0   0   0   0   0   0   0   0   0  1.27 0.30
   59 R   -3  3 -2 -3 -5  1 -1 -3 -2 -5 -4  7 -3 -5 -3 -2 -2 -5 -4 -4    0  13   0   0   0   3   0   0   0   0   0  83   0   0   0   0   0   0   0   0  1.29 0.28
   60 R   -3  2 -2 -2 -5  0 -1 -4 -2 -5 -4  7 -3 -5 -3 -2 -3 -5 -4 -4    0   9   0   0   0   0   0   0   0   0   0  89   0   0   0   0   0   0   0   0  1.41 0.30
   61 N   -3 -2  7  1 -4 -1 -1 -2  3 -5 -5 -1 -4 -5 -4  0 -1 -5 -3 -5    1   1  74   5   0   1   2   0   9   0   0   1   0   0   0   7   1   0   0   0  1.27 0.27
   62 M   -3 -3 -4 -5 -3 -3 -4 -5 -4  1  4 -4  6  1 -4 -4 -2 -3 -2  0    0   1   0   0   0   0   0   0   0   4  57   0  28   6   0   0   0   0   0   3  0.82 0.20
   63 V   -2 -4 -4 -4 -2 -3 -3 -5 -3  5  0 -4  0  3 -4 -3 -1 -3 -1  3    0   0   0   0   0   1   1   0   1  54   1   0   1  13   0   0   1   0   0  25  0.71 0.19
   64 E   -1  2  1  0 -3  1  3 -2  0 -3 -3  3 -2 -3 -1  1  1 -3 -1 -2    1  13   5   1   0   4  22   1   2   0   1  23   0   0   1   9  14   0   2   1  0.34 0.11
   65 V   -2 -4 -5 -5 -3 -4 -4 -5 -5  3 -1 -4  0 -2 -4 -4 -2 -5 -3  6    0   0   0   0   0   0   0   0   0  10   0   0   1   0   0   0   0   0   0  89  1.20 0.27
   66 P    0 -4 -2 -3 -3 -2 -2 -3 -4 -4 -5 -2 -4 -5  8  1 -1 -5 -5 -3    6   0   2   0   0   1   1   0   0   0   0   1   0   0  76  10   3   0   0   1  1.82 0.28
   67 L   -2  0 -3 -4 -2 -3 -3 -4 -3  3  4 -2  4 -1 -4 -3 -1 -3 -2  2    0   7   0   0   0   0   0   0   0  20  44   2  13   0   0   0   4   0   0  10  0.47 0.14
   68 Q   -1  0 -2 -1 -2  0 -1 -3 -1  2  0  0  0 -2 -3 -1  0 -4 -2  4    3   4   1   3   0   3   2   0   2  12   7   9   0   0   0   3   5   0   1  43  0.22 0.10
   69 N   -1 -1  3  1 -4  0  1  5 -1 -5 -5  0 -4 -4 -3 -1 -2 -4 -4 -4    1   2  16   9   0   3   8  53   1   0   0   6   0   0   0   1   0   0   0   0  0.73 0.16
   70 G   -1 -1 -1 -1 -3 -1 -2  3 -2 -3 -3 -1 -3 -3 -3  1  5 -4 -3 -2    2   2   2   1   0   1   1  29   1   0   0   2   0   0   0   8  50   0   0   1  0.62 0.18
   71 T   -2 -3 -2 -3 -3 -3 -3 -4 -4 -3 -3 -3 -3 -4 -3  1  7 -5 -4 -2    0   0   0   0   0   0   0   0   0   0   0   0   0   0   0   6  94   0   0   0  1.48 0.33
   72 I   -3 -4 -5 -5 -3 -4 -5 -5 -5  6  1 -4  0 -2 -4 -4 -1 -4 -3  3    0   0   0   0   0   0   0   0   0  75  10   0   0   0   0   0   2   0   0  13  1.04 0.23
   73 P   -3 -4 -4 -4 -5 -3 -3 -4 -4 -5 -5 -3 -5 -6  9 -3 -1 -6 -5 -4    0   0   0   0   0   0   0   0   0   0   0   0   0   0  94   0   4   0   0   1  2.58 0.37
   74 H   -4 -3 -2 -4 -3 -2 -2 -4 10 -5 -5 -3 -4  0 -5 -3 -4 -4  2 -5    0   0   0   0   0   0   0   0  91   0   0   0   0   4   0   0   0   0   4   0  2.41 0.40
   75 E   -1 -1 -1  1 -5  2  6 -3 -2 -4 -3 -1 -2 -5  2 -1 -1 -4 -4 -3    3   1   1   5   0   9  63   0   0   0   2   0   1   0  10   2   2   0   0   1  0.84 0.21
   76 I   -1 -4 -4 -4 -2 -3 -4 -5 -4  5  0 -3  1 -1 -4 -2  0 -4 -1  5    2   0   0   0   0   1   0   0   0  38   0   0   3   2   0   1   4   0   1  48  0.68 0.18
   77 E   -2 -2 -1 -2 -2  0  0 -4  0  3  1 -1  1 -1 -3 -2  1 -3 -1  2    0   1   2   0   0   6   8   0   2  34  15   2   3   1   0   0  12   0   1  12  0.23 0.10
   78 V   -1 -4 -2 -3 -3 -3 -4  7 -4 -5 -5 -3 -3 -5 -4 -1 -2 -4 -5 -2    3   0   0   0   0   0   0  90   0   0   0   0   0   0   0   2   1   0   0   3  1.53 0.27
   79 E   -1  2  0 -1 -3  1  3 -3  3  0 -2  2 -2 -3 -2 -1  0 -4 -2  0    2  15   2   1   0   4  24   0  10   7   0  19   0   0   0   1   4   0   0  10  0.29 0.11
   80 F   -2 -3 -4 -2 -4 -4 -3 -4  1 -2 -1 -3 -2  7 -5 -3 -3  1  5 -2    4   0   0   2   0   0   1   0   2   0   0   2   0  65   0   1   0   1  21   0  1.23 0.25
   81 G    0 -4 -1 -1 -2 -3 -3  6 -3 -5 -5 -2 -4 -5 -3  0 -3 -4 -4 -4    7   0   1   3   1   0   0  80   0   0   0   1   0   0   0   8   0   0   0   0  1.28 0.24
   82 A    5 -2 -2 -3 -2 -2 -2  2 -3 -3 -3 -1 -3 -4 -2  2  0 -4 -3 -2   67   0   0   0   0   0   0  16   0   0   0   2   0   0   0  13   3   0   0   0  0.74 0.20
   83 S    1 -4 -2 -3 -4 -3 -3  6 -4 -5 -5 -3 -4 -5 -3  0 -2 -4 -4 -4   10   0   0   0   0   0   1  80   0   0   0   0   0   0   0   7   2   0   0   0  1.31 0.24
   84 K   -2  4  1 -1 -3  1  1 -3  0 -3 -3  4 -2 -2 -3  0 -1 -2 -1 -1    0  31   6   1   1   4   5   0   2   0   1  33   0   2   0   6   1   0   2   5  0.48 0.14
   85 I   -2 -4 -5 -5 -3 -4 -4 -5 -5  3  0 -4 -1 -2 -4 -4 -2 -5 -3  6    0   0   0   0   0   0   0   0   0  16   1   0   0   0   0   0   0   0   0  83  1.14 0.26
   86 V   -3 -2 -5 -5 -3 -3 -4 -5 -3  1  5 -4  4  2 -4 -4 -2 -3 -1  0    0   1   0   0   0   0   0   0   0   5  66   0  14  10   0   0   0   0   1   3  0.77 0.19
   87 L   -3 -4 -5 -5 -3 -3 -4 -5 -4  3  5 -4  4  0 -4 -4 -2 -3 -2  0    0   0   0   0   0   0   0   0   0  17  64   0  14   2   0   0   0   0   0   2  0.82 0.19
   88 K   -3  3 -2 -3 -5  0 -1 -3 -2 -4 -2  6  2 -4 -3 -2 -2 -5 -3 -3    0  12   0   0   0   0   0   0   0   0   2  78   8   0   0   0   0   0   0   0  1.11 0.27
   89 P   -3 -4 -4 -4 -5 -4 -3 -4 -4 -5 -5 -3 -5 -6  9 -3 -2 -6 -5 -5    0   0   0   0   0   0   0   0   0   0   0   0   0   0  99   0   1   0   0   0  2.80 0.39
   90 A    6 -3 -3 -4 -2 -3 -3 -1 -4 -3 -3 -3 -3 -4 -3  0 -2 -5 -4 -2   98   0   0   0   0   0   0   1   0   0   0   0   0   0   0   1   0   0   0   0  1.31 0.31
   91 A    3 -1 -1 -2 -2  0  0 -1 -2 -2 -3  0 -2 -3  1  3  1 -4 -2  0   34   2   0   0   0   2   4   2   1   2   0   5   0   0   6  29   7   0   0   6  0.32 0.12
   92 P    1 -1 -2  0 -4  1  4 -3 -2 -4 -4  1 -3 -5  5 -1 -2 -5 -4 -3   11   1   0   2   0   4  36   0   0   0   0   7   0   0  35   1   1   0   0   1  0.86 0.19
   93 G   -2 -4 -2 -3 -5 -4 -4  7 -4 -6 -6 -3 -5 -5 -4 -2 -4 -5 -5 -5    0   0   0   0   0   0   0 100   0   0   0   0   0   0   0   0   0   0   0   0  1.93 0.31
   94 T   -1 -3 -2 -3 -2 -2 -3 -3 -4 -3 -3 -2 -3 -4 -3  2  7 -4 -4 -2    1   0   0   0   1   0   0   0   0   0   0   0   0   0   0  12  86   0   0   0  1.30 0.31
   95 G   -2 -4 -2 -3 -5 -4 -4  7 -4 -6 -6 -3 -5 -5 -4 -2 -4 -5 -5 -5    0   0   0   0   0   0   0 100   0   0   0   0   0   0   0   0   0   0   0   0  1.93 0.31
   96 V   -2 -4 -5 -5 -2 -4 -4 -5 -5  3  0 -4  0 -2 -4 -3 -2 -4 -3  6    0   0   0   0   0   0   0   0   0  13   5   0   1   0   0   0   0   0   0  81  1.05 0.25
   97 I    0 -4 -5 -5 -3 -4 -4 -5 -5  7  0 -2 -1 -2 -4 -3 -2 -4 -3  1   10   0   0   0   0   0   0   0   0  83   2   3   0   0   0   1   1   0   0   1  1.03 0.26
   98 A    6 -3 -3 -4 -2 -3 -3 -2 -4 -3 -3 -3 -3 -4 -3  0 -1 -5 -4 -2   99   0   0   0   0   0   0   0   0   0   0   0   0   0   0   1   1   0   0   0  1.32 0.31
   99 G   -1 -4 -2 -3 -4 -4 -4  7 -4 -6 -6 -3 -5 -5 -4 -1 -3 -4 -5 -5    2   0   0   0   0   0   0  97   0   0   0   0   0   0   0   2   0   0   0   0  1.81 0.30
  100 A    0 -3 -2 -3 -4 -3 -3  7 -4 -6 -5 -3 -4 -5 -4 -1 -3 -4 -5 -5    4   1   0   0   0   0   0  92   0   0   0   0   0   0   0   1   0   0   0   0  1.65 0.28
  101 V    3 -3 -3 -3 -3 -3 -3  0 -3 -3 -4 -2 -3 -4  6  0 -1 -5 -4 -2   36   0   0   0   0   0   0   5   0   0   0   1   0   0  50   4   2   0   0   3  1.17 0.22
  102 P    1 -4 -4 -4  0 -3 -4 -4 -4  1 -1 -3  1 -3 -1 -2 -1 -4 -3  6   14   0   0   0   2   0   0   0   0   2   0   0   3   0   3   0   1   0   0  75  0.79 0.22
  103 R   -4  8 -2 -4 -6 -1 -2 -5 -2 -5 -4  0 -4 -5 -4 -3 -3 -5 -4 -5    0 100   0   0   0   0   0   0   0   0   0   0   0   0   0   0   0   0   0   0  1.96 0.36
  104 A    6 -3 -2 -2 -1 -2 -2 -2 -3 -2 -3 -2 -2 -4  1  1 -1 -4 -3 -2   83   0   1   1   0   0   0   0   0   2   0   0   1   0   5   5   1   0   0   0  0.92 0.25
  105 I   -2 -4 -5 -5 -3 -4 -4 -5 -5  3  0 -4 -1 -2 -4 -3 -2 -5 -3  6    1   0   0   0   0   0   0   0   0  15   1   0   0   0   0   0   0   0   0  84  1.14 0.26
  106 L   -2 -4 -5 -5  2 -3 -4 -5 -4  1  5 -4  4  0 -4 -3 -2 -3 -2  2    0   0   0   0   4   0   0   0   0   4  63   0  17   2   0   0   0   0   0  11  0.75 0.19
  107 E   -3 -2 -2  1 -6  0  7 -4 -2 -5 -5 -1 -4 -5 -3 -2 -2 -5 -4 -5    1   0   0   2   0   1  96   0   0   0   0   0   0   0   0   0   1   0   0   0  1.65 0.33
  108 L    2 -3 -4 -4  3 -2 -3 -3 -4  0  4 -3  2 -1 -3 -1 -1 -3 -2  0   21   0   0   0   7   0   0   0   0   0  57   0   4   0   1   4   1   0   0   4  0.47 0.16
  109 A    6 -3 -3 -4 -1 -3 -3 -1 -3 -2 -2 -3 -2 -4 -3  0 -1 -4 -3  0   87   0   0   0   0   0   0   1   0   1   1   0   0   0   0   2   0   0   0   8  1.01 0.26
  110 G   -2 -4 -2 -3 -5 -4 -4  7 -4 -6 -6 -3 -5 -5 -4 -2 -4 -5 -5 -5    0   0   0   0   0   0   0 100   0   0   0   0   0   0   0   0   0   0   0   0  1.93 0.31
  111 V   -2 -4 -5 -5 -2 -4 -4 -5 -4  5  1 -4  0 -1 -4 -3 -2 -4  1  4    0   0   0   0   0   0   0   0   0  48   5   0   0   0   0   0   0   0   5  42  0.83 0.20
  112 T    0  2  0 -1 -3  1  0  0  4 -3 -3  3 -2 -3 -2  0  2 -4 -2 -3    9  13   2   2   0   7   2   5  14   0   0  24   0   0   0   6  14   0   0   0  0.33 0.11
  113 D   -4 -3  4  7 -5 -2  0 -3 -3 -5 -6 -2 -5 -5 -3 -2 -3 -6 -5 -5    0   0  17  83   0   0   0   0   0   0   0   0   0   0   0   0   0   0   0   0  1.66 0.30
  114 I   -2 -4 -5 -5 -1 -4 -5 -5 -5  6  0 -4  0 -2 -4 -4 -2 -4 -3  4    0   0   0   0   1   0   0   0   0  58   1   0   0   0   0   0   0   0   0  40  1.01 0.23
  115 L   -2  3 -3 -4 -3 -2 -3 -4 -3  0  4 -2  0 -1 -4 -2  1 -3 -1  0    0  22   0   0   0   0   0   0   0   0  58   0   0   1   0   1  13   0   2   2  0.52 0.17
  116 T    2 -3 -1 -2  0 -2 -2 -2 -3 -3 -3 -2 -2 -4 -2  3  5 -4 -3 -2   21   0   0   0   2   0   0   1   0   0   0   0   0   0   0  31  46   0   0   0  0.71 0.21
  117 K   -3  0 -2 -3 -5  0 -1 -4 -2 -5 -5  7 -3 -5 -3 -2 -3 -5 -4 -4    0   0   0   0   0   0   0   0   0   0   0  99   0   0   0   0   0   0   0   0  1.62 0.34
  118 E    1 -1  0 -2  5 -2 -1 -2 -3 -3 -4 -2 -3 -3 -3  5  0 -4 -3 -1    6   3   3   0  14   0   3   0   0   0   0   0   0   0   0  65   1   0   0   4  0.74 0.22
  119 L   -3 -3 -4 -5 -3 -1 -4 -5 -3  2  5 -2  1 -1 -4 -4 -2 -3 -1  0    0   0   0   0   0   3   0   0   0  13  76   3   1   1   0   0   1   0   2   1  0.78 0.20
  120 G   -2  1 -2 -3 -4 -3 -4  7 -4 -6 -5 -3 -4 -5 -4 -2 -3 -4 -5 -5    0  10   0   0   0   0   0  90   0   0   0   0   0   0   0   0   0   0   0   0  1.61 0.28
  121 S   -1 -2 -1 -2 -3 -2 -2 -1 -3 -4 -4 -2 -3 -4 -3  6  3 -5 -4 -3    1   1   0   0   0   0   0   2   0   0   0   0   0   0   0  80  17   0   0   0  1.06 0.28
  122 R   -1  1  6  2 -4 -1 -1 -1  1 -4 -5 -1 -3 -4 -2  2 -1 -5 -3 -4    3   7  56   8   0   1   0   1   3   0   0   1   0   0   1  18   2   0   0   0  0.81 0.20
  123 N   -3 -2  7 -1 -4 -2 -2 -2 -2 -4 -5 -2 -4 -5 -4 -1  3 -5 -4 -4    0   0  77   0   0   0   0   0   0   0   0   0   0   0   0   0  22   0   0   0  1.44 0.31
  124 P    1 -3 -4 -3 -4 -3 -2 -4 -3 -4 -4 -2 -4 -5  8 -1 -2 -5 -4 -2   13   0   0   0   0   0   1   0   0   0   0   1   0   0  78   3   1   0   0   2  1.93 0.30
  125 I   -2  2  0 -3  1 -1 -2 -3  5  4 -1 -1  1 -2 -3 -2 -1 -4  0  1    2  12   6   0   3   1   0   1  22  36   2   2   3   0   0   1   2   0   2   5  0.36 0.14
  126 N   -3 -3  8 -1 -5 -2 -2 -3 -1 -5 -6 -2 -4 -5 -4 -1 -2 -6 -4 -5    1   0  98   0   0   0   0   0   0   0   0   0   0   0   0   0   1   0   0   0  1.96 0.36
  127 I   -2 -4 -4 -5 -1 -2 -4 -5 -4  3  0 -3  6 -2 -4 -3 -1 -4 -3  5    1   0   0   0   1   1   0   0   0  15   3   0  32   0   0   0   1   0   0  47  0.81 0.22
  128 A   -1 -4 -5 -5 -2 -4 -4 -4 -5  2  0 -4 -1 -2 -4 -3 -1 -5 -3  6    4   0   0   0   0   0   0   0   0   8   3   0   0   0   0   1   1   0   0  83  1.00 0.25
  129 Y   -2  5  2 -2 -4  0 -1 -3  3 -4 -3  4 -3 -3 -3 -1 -2 -3  1 -4    1  38  14   0   0   1   0   0   8   0   1  27   0   0   0   1   1   0   6   0  0.66 0.18
  130 A    6 -3 -3 -4 -2 -3 -3 -1 -4 -3 -3 -3 -3 -4 -3 -1 -2 -5 -4 -2  100   0   0   0   0   0   0   0   0   0   0   0   0   0   0   0   0   0   0   0  1.34 0.31
  131 T    0 -3 -2 -3 -2 -3 -3 -3 -4 -3 -3 -3 -3 -4 -3  0  7 -5 -4 -1    7   0   0   0   0   0   0   0   0   0   0   0   0   0   0   0  91   0   0   1  1.36 0.32
  132 M   -1 -4 -4 -4 -2 -3 -4 -4 -3  4  2 -3  4  3 -4 -3 -2 -2 -1  2    3   0   0   0   0   0   0   0   0  31  17   0  20  15   0   0   0   0   0  14  0.54 0.15
  133 E    1 -1  2  3 -4  2  4 -2 -1 -4 -3  1 -3 -4 -2 -1 -1 -4 -3 -3   12   1  11  20   0   8  35   0   0   0   1   9   0   0   0   1   3   0   0   1  0.52 0.14
  134 A    3 -4 -2 -3 -3 -3 -3  6 -4 -5 -5 -3 -4 -5 -3 -1 -3 -4 -4 -4   29   0   0   0   0   0   0  71   0   0   0   0   0   0   0   0   0   0   0   0  1.25 0.24
  135 L   -3 -4 -5 -5 -3 -4 -5 -6 -5  1  6 -4  1 -1 -5 -4 -3 -3 -3 -1    0   0   0   0   0   0   0   0   0   3  96   0   0   1   0   0   0   0   0   0  1.20 0.26
  136 R    0  2 -1 -1 -2  2  1 -2 -2 -2 -2  4 -1 -4 -2  1  1 -4 -3 -2    9   8   1   1   1   8   5   1   0   1   2  37   2   0   0  14   9   0   0   1  0.34 0.12
  137 Q    0  2  2  0 -3  4  2 -1 -1 -4 -3  1 -1 -4 -2  3 -1 -4 -3 -3    4   9  11   1   0  23  11   4   0   0   1   7   2   0   0  26   1   0   0   0  0.39 0.13
  138 L   -3 -4 -5 -5 -2 -3 -4 -5 -4  0  5 -4  5 -1 -5 -4 -3 -3 -3  0    0   0   0   0   1   0   0   0   0   2  82   0  15   0   0   0   0   0   0   1  1.07 0.25
  139 R   -2  5 -1 -2 -4  2  1 -3 -1 -3 -4  5 -2 -4 -3 -1 -1 -3 -3 -3    0  36   0   0   0   7   6   0   1   1   0  40   1   0   0   3   3   0   0   2  0.76 0.19
  140 T   -1  3  1  1 -3 -1 -1 -2 -2 -3 -3  0 -2 -4 -2  3  4 -4 -3 -2    2  17   5   9   0   1   1   1   0   0   0   2   0   0   1  25  35   0   0   0  0.47 0.17
  141 K    4 -2 -3 -3 -2 -2 -2 -2 -3  0 -1 -1 -2 -3  4 -1 -1 -2 -2  1   47   2   0   0   0   0   0   0   0   4   4   2   0   0  25   0   0   1   2  12  0.60 0.18
  142 A   -1 -1 -1  2 -5  1  6 -3  0 -4 -4  0 -3 -4 -3 -1 -2 -5 -2 -4    5   2   2   7   0   3  69   0   2   1   0   5   0   0   0   1   1   0   1   0  0.96 0.25
  143 D   -1 -1 -1  3 -4  3  4 -3  0 -4 -3  0 -3 -4 -3  0 -1 -4 -2 -3    4   2   1  20   0  17  41   0   2   0   1   4   0   0   0   4   2   0   1   1  0.65 0.18
  144 V   -2 -4 -5 -5 -2 -4 -4 -5 -5  3  0 -4  0 -2 -4 -3 -2 -4 -2  6    1   0   0   0   0   0   0   0   0  12   1   0   2   1   0   0   0   0   1  80  1.08 0.27
  145 E    6 -2 -2 -3 -2 -2 -2 -1 -3 -3 -3 -2 -1 -4 -3  1 -2 -4 -4 -2   84   1   1   0   0   1   1   1   0   0   1   1   2   0   0   7   0   0   0   0  1.01 0.28
  146 R    2  3 -1 -1 -3  1  2 -2 -1 -3 -3  4 -2 -3 -2 -1 -2 -4 -2 -2   25  17   1   2   0   4  15   1   0   0   0  30   0   1   0   1   0   0   0   1  0.44 0.15
  147 L   -2  2 -3 -3 -3  0 -2 -4 -3  1  4  0  2 -1 -4 -2 -2 -3 -2  0    2  15   0   0   0   3   1   0   0   5  57   6   3   0   0   1   1   0   0   3  0.44 0.16
  148 R   -4  8 -3 -4 -6 -1 -2 -5 -3 -6 -5  0 -4 -5 -5 -3 -3 -5 -4 -5    0 100   0   0   0   0   0   0   0   0   0   0   0   0   0   0   0   0   0   0  2.10 0.41
  149 K   -2  1  4  3 -4  2  1 -2  0 -4 -4  1 -3 -2 -2  0 -1 -4 -1 -3    0   6  37  23   0   9   9   0   0   0   0  11   0   2   0   0   0   0   3   0  0.51 0.08
  150 G    0 -3 -1 -2 -3 -2 -2  6 -2 -4 -4 -2 -3 -3 -2  0 -2 -3 -3 -4    0   0   0   0   0   0   0 100   0   0   0   0   0   0   0   0   0   0   0   0  1.07 0.01

                      K         Lambda
Standard Ungapped    0.1394     0.3211
Standard Gapped      0.0658     0.2670
PSI Ungapped         0.2149     0.3161
PSI Gapped           0.0658     0.2670
