
Last position-specific scoring matrix computed, weighted observed percentages rounded down, information per position, and relative weight of gapless real matches to pseudocounts
           A  R  N  D  C  Q  E  G  H  I  L  K  M  F  P  S  T  W  Y  V   A   R   N   D   C   Q   E   G   H   I   L   K   M   F   P   S   T   W   Y   V
    1 I   -2 -4 -5 -5 -3 -4 -4 -5 -5  3  0 -4  3 -2 -4 -4 -2 -4 -3  6    0   0   0   0   0   0   0   0   0  15   5   0  10   0   0   0   0   0   0  70  1.01 0.31
    2 T    0 -2 -2 -2 -2 -2 -1 -3 -3  2  0  0  2 -2 -3  1  2 -4 -3  3    4   1   1   1   0   0   4   0   0  16   5   5   6   0   0  17  15   0   0  25  0.25 0.17
    3 V   -3 -4 -5 -2 -3 -2 -3 -5 -5  5  0 -4  4 -2 -5 -4 -2 -5 -3  5    0   0   0   2   0   2   2   0   0  38   2   0  12   0   0   0   0   0   0  42  0.95 0.37
    4 K   -2  3 -2 -1 -5  0  5 -4 -2 -3 -4  2 -3 -5 -2  0 -1 -5 -4  0    1  18   0   1   0   2  45   0   0   1   0  13   0   0   1   7   3   0   0   9  0.69 0.33
    5 Q   -2 -2 -2  0 -5  1  1 -4  4 -5 -5  1 -4 -5  6 -1 -2 -5 -4 -5    2   2   0   5   0   5   9   0  14   0   0   9   0   0  48   5   2   0   0   0  1.18 0.41
    6 T    1 -3 -2 -1 -5  0  2 -4  8 -5 -4 -2 -4 -4  1  0  0 -5 -1 -5   10   0   1   3   0   4  14   0  46   0   1   0   0   0   6   6   6   0   1   0  1.09 0.44
    7 N   -2  5  0  1 -5  2  0  0 -2 -4 -2  3 -3 -4 -4 -1 -2  0 -4 -3    2  38   4   8   0   7   5   8   0   0   3  18   0   0   0   2   0   1   0   2  0.60 0.29
    8 M   -4 -4 -2 -5 -5 -3 -4 -5  7  1  2 -4  2  5 -3 -4 -4  0  3 -3    0   0   2   0   0   1   0   0  26   9  19   0   6  28   1   0   0   1   8   0  0.99 0.42
    9 E    0 -2 -1  3 -5  0  4 -2  0 -5 -5  0 -4 -3  4  0 -2 -2 -1 -4    8   1   1  16   0   2  28   2   2   0   0   4   0   1  23   7   1   1   3   0  0.66 0.33
   10 N   -1 -3  4 -1 -5 -4 -2  6 -4 -6 -6 -4 -5 -6 -5 -1 -3 -6 -6 -6    4   1  19   4   0   0   2  66   0   0   0   0   0   0   0   2   1   0   0   0  1.43 0.52
   11 I   -1 -5 -5 -5 -1 -5 -5  1 -5  3 -1 -5 -2 -2 -5 -4 -1 -5 -4  6    5   0   0   0   1   0   0  10   0  18   2   0   0   1   0   0   3   0   0  60  1.03 0.46
   12 Y   -4 -5 -6 -6 -5 -1 -3 -6 -3 -3 -3 -4 -3  7 -6 -5 -5 -2  7  1    1   0   0   0   0   3   2   0   0   0   1   1   0  46   0   0   0   0  36  10  1.71 0.62
   13 E   -3  0 -2 -3 -3 -1  2 -4 -3  3  0 -2  0  1 -4 -3 -1  2  1  2    0   6   2   0   0   1  19   1   0  25   8   2   2   6   0   1   3   4   4  18  0.35 0.25
   14 C    2  2 -3 -4  2 -2 -3 -1 -2  2  1 -2 -1 -2 -3  0 -2  1 -2  2   22  16   0   0   5   0   0   3   0  11  11   1   1   1   0   8   0   2   1  17  0.25 0.21
   15 E   -2  5 -1  1 -4  0  2 -3  1  0 -2  2 -3 -3 -3 -1 -1 -4 -2 -2    1  35   2   7   0   3  12   1   4   7   2  15   0   1   0   2   3   0   1   2  0.52 0.27
   16 F    0 -2  0  0 -3 -1 -1  4 -2 -1  0 -2 -1  2 -2  0 -1 -3 -1 -1    6   2   5   5   0   2   3  34   0   2   9   2   1  11   1   8   4   0   2   4  0.26 0.16
   17 N   -1  1  0  0 -3 -1  1  1 -1 -1 -2  4 -1  1 -2 -1 -1 -3 -2 -1    2   5   4   4   0   1   8  12   2   5   3  34   1   9   1   4   2   0   1   3  0.27 0.18
   18 D   -2 -2  0  6 -4 -1  4 -1 -3 -4 -4  0 -4 -2 -3 -1 -2 -4 -4 -4    3   1   3  42   0   1  31   4   0   1   1   5   0   2   1   2   2   0   0   1  0.92 0.36
   19 G   -2 -2  0  5 -3 -2  0  4 -2 -3 -4 -1 -3 -2 -3 -1 -2 -3 -3 -3    1   2   3  34   0   1   4  36   0   1   2   4   0   3   1   4   1   0   1   2  0.71 0.27
   20 S    2  2 -1  0  0  0  2 -1 -2 -2 -1  1 -2 -3 -2  1  0 -3 -2 -1   20  11   2   4   2   4  16   2   0   2   4   8   0   1   1  11   7   0   0   3  0.18 0.13
   21 F   -1  0  0  2 -2  1  2 -1  0 -1 -1  2  0 -1 -1  0  0 -2 -1 -1    3   5   5  12   1   4  18   4   2   5   7  14   3   3   1   3   4   0   2   4  0.12 0.07
   22 R    0  3 -1 -2 -2  2 -1 -2  1  0  0  1  2 -1 -2  0  0 -1 -2 -1    6  23   2   1   0   9   2   3   3   5  12   9   6   2   1   5   4   1   1   3  0.16 0.10
   23 L   -3 -3 -6 -6 -4 -5 -5 -6 -5  3  6 -5 -1 -1 -3 -5 -4 -4 -4 -1    1   1   0   0   0   0   0   0   0  17  78   0   0   1   1   0   0   0   0   0  1.31 0.49
   24 C    4 -4 -4 -4  4 -3 -4 -2 -4 -1  0 -3  1 -3 -4  0 -2  0  1  3   39   0   0   0   9   0   0   1   0   1  10   0   3   0   0   8   1   1   6  20  0.53 0.32
   25 T   -2 -5 -4 -5 -4 -4 -4 -5 -5 -2 -5 -4  0 -6 -5 -2  8 -6 -5 -3    2   0   0   0   0   0   0   0   0   1   0   0   2   0   0   0  95   0   0   0  2.20 0.79
   26 R   -2  5 -3 -3 -2  1  0 -4 -1  0  0  4 -2 -3 -4 -3 -2 -2 -2 -2    2  31   0   0   1   4   6   0   1   5  11  33   0   0   0   0   1   0   1   3  0.63 0.32
   27 N   -2 -3  7 -2  2 -2 -2 -2 -2 -4 -4 -2 -3 -4 -2  2  2 -4 -4 -4    3   1  53   1   5   1   1   2   0   1   1   1   0   0   2  16  11   0   0   1  1.03 0.40
   28 L    0  0 -3 -3 -3  0 -2 -3 -3  1  3  0  4 -1 -1  0  0 -3 -2 -1    6   5   1   1   0   5   2   1   0   5  37   6  12   2   3   9   4   0   1   2  0.26 0.19
   29 V    1 -2  0 -1 -2 -2 -2 -3 -2  0 -1 -2 -1  2 -1  0  1 -2  2  3   16   1   4   4   0   1   1   1   0   3   2   1   1   8   2   4  11   0   8  31  0.24 0.19
   30 P   -2  0 -2 -3 -4 -2 -2 -2 -2 -2 -3 -1 -3 -3  7  1 -1 -4 -4 -1    2   4   1   1   0   1   1   3   1   2   2   4   0   1  57  10   2   0   0   6  1.24 0.41
   31 N   -2 -2  0 -1 -4  0 -1  6 -4 -1 -5 -3 -4 -5 -2 -1 -1 -5 -5 -3    1   2   3   4   0   4   4  67   0   4   0   0   0   0   1   3   3   0   0   2  1.09 0.41
   32 F   -1 -1  1  2 -2  1  4 -3  2 -2 -3  2 -2 -2 -2  0 -1 -4 -2 -1    5   2   6   9   1   5  32   1   5   3   1  13   1   2   1   6   2   0   1   5  0.36 0.22
   33 N    0  1 -1  2 -3  1  0  0 -2 -1 -3  1 -2 -4  2  2  0 -4 -3 -2    8  10   1  12   0   6   3   7   0   5   1   7   0   0  13  22   4   0   0   2  0.26 0.15
   34 V   -1 -3 -3  0 -2 -3 -3 -1 -1  1 -1 -3 -1  0 -3 -3 -2 -3 -2  6    2   1   1   6   0   1   1   6   2   5   3   1   0   5   1   1   1   0   0  64  0.68 0.30
   35 Y   -4 -4 -4 -5  3 -4 -4 -5 -1 -3 -3 -4 -3  3 -4 -4 -4 -1  9 -3    1   1   0   1   6   0   1   1   0   1   1   1   0  11   1   1   1   0  73   1  1.98 0.55
   36 G   -2 -2  1  0 -4 -1 -1  6 -3 -4 -4 -1 -4 -4 -3  0 -2 -4 -4 -4    1   2   7   6   0   2   3  66   0   1   1   2   0   0   1   5   2   0   0   1  1.04 0.33
   37 E   -3 -2 -2  2 -5 -1  7 -4 -2 -5 -4 -2 -4 -5 -3 -2 -3 -4 -4 -4    1   1   1   9   0   0  81   1   0   1   1   1   0   0   1   1   1   0   0   1  1.58 0.50
   38 R   -2  3 -1 -1 -3  1  2 -3  0 -3 -2  4  0 -3  2 -1 -1 -3 -3 -3    1  14   3   2   0   5  13   1   2   1   4  34   3   1  10   3   3   0   0   1  0.45 0.20
   39 L   -2  3 -2 -3  3 -1 -2 -3  0  1  2 -1  1 -1 -3 -1  2 -3 -2  0    1  22   0   0   9   2   1   1   2   7  25   3   3   2   0   4  14   0   0   4  0.28 0.18
   40 I   -1 -2 -3 -2  3 -3 -1 -3 -3  4  1 -2  0  2 -2 -2 -1 -2  0  2    5   2   0   2   9   0   5   1   0  31  13   2   2  10   2   1   3   0   2  12  0.29 0.16
   41 K    0  0  0  0  2  0  0  0  1  0 -1  0 -1  0  1  0  0 -2  1  0    6   6   5   6   5   5   6   6   5   6   6   6   0   5   6   6   6   0   5   6  0.03 0.06
   42 Y   -1  0 -1 -1  0 -1 -1 -2  0  1 -1 -1  0  0 -3  0 -1  3  2  3    6   4   3   3   2   3   3   3   3   8   3   4   2   4   1   7   3   5   8  25  0.18 0.19
   43 E    0  1  1  1 -2  1  1  0  2  0 -2  1  1 -2 -2  0  0 -3 -2  0    7   7   7   7   0   7   7   7   7   7   1   7   7   0   0   7   7   0   0   7  0.09 0.11
   44 G   -1  1  3  1 -2 -1 -1  3  0 -3 -3  2 -3 -3 -2  0 -1 -3 -3 -3    1   7  18  10   1   0   2  25   2   1   2  20   0   0   1   5   2   0   0   1  0.38 0.17
   45 V    1  0  0 -1  1 -1  0 -1  0  2 -1  0 -1 -2 -2 -1  0 -3 -1  2   11   5   4   4   4   2   7   5   2  15   1   6   1   1   0   2   4   0   1  23  0.08 0.09
   46 E   -2 -2 -1  0 -5  0  6  1 -2 -4 -5  0 -4 -2 -3 -2 -2 -4  1 -4    2   0   2   2   0   2  67  10   0   1   0   4   0   2   0   2   1   0   5   0  1.03 0.39
   47 Y   -4 -4 -2 -5  0 -4 -4 -5  0 -3 -2 -4 -1  3 -5 -4 -4  6  8 -4    0   0   2   0   2   0   0   0   1   0   4   0   1  10   0   0   0  10  67   0  1.82 0.50
   48 R   -4  8 -1 -4 -6  0 -3 -5 -3 -5 -5 -1 -4 -5 -5 -3 -4 -5 -4 -5    0  92   3   0   0   2   0   0   0   0   0   0   0   0   0   0   0   0   0   0  2.11 0.58
   49 E    1  0 -1 -2 -1 -1  1 -2 -2  2  0 -1  0 -1 -1 -1  0 -3 -1  3   12   7   3   1   1   2  12   1   0  13   5   1   2   1   2   2   6   0   1  28  0.13 0.10
   50 W   -4 -4 -4 -4  0 -3 -4 -4 -4 -3 -1 -4 -3  1 -4 -4 -3 12  0 -4    1   1   1   1   3   1   1   1   0   1   5   1   0   4   1   1   1  77   0   1  2.81 0.46
   51 N   -2 -1  5  4 -3 -1  0 -2  0 -1 -3  0 -3 -3 -1  1 -1 -4 -3 -1    1   2  39  23   0   0   3   1   2   4   1   4   0   0   2  10   1   0   0   6  0.56 0.20
   52 A   -1 -2 -3 -3 -1 -2 -1 -3 -1 -3 -3 -2 -2 -4  7 -1 -2  3 -3 -2    4   2   0   1   1   2   3   1   1   1   2   1   1   0  67   4   2   4   0   3  1.47 0.32
   53 F   -2  0  1 -1 -3 -1  0 -1  3 -2 -1 -1 -1  5 -3 -1 -1  0  3 -2    2   5  10   3   0   1   5   3   9   1   2   4   1  33   1   4   2   1  11   2  0.33 0.15
   54 R   -2  7 -2 -3 -4  1 -1 -3  0 -4 -3  1 -3 -3 -3 -1 -1 -3 -1 -3    1  70   0   1   0   6   1   1   2   1   1   4   0   0   1   4   4   0   2   1  1.08 0.31
   55 S    0 -2 -1 -1 -2 -1 -1 -1 -2 -2  0 -1 -1 -2 -2  5  2 -3 -2 -2    1   1   1   1   0   1   1   1   0   1  11   1   0   0   1  71   9   0   0   1  0.54 0.15
   56 K   -1  1  1 -1 -3  3  0 -2 -1 -3 -3  5 -2 -3 -2 -1 -1 -3 -2 -3    1   1   7   1   0  16   1   1   0   1   1  66   0   0   1   1   1   0   0   1  0.68 0.16
   57 L   -1 -3 -4 -4 -2 -3 -3 -4 -3  1  3 -3  2  1  1 -3 -2  4 -1  1    6   0   0   0   0   0   0   0   0   7  49   0   6   7   6   0   0   6   0  12  0.40 0.15
   58 A    3 -2 -2 -2  2 -2 -2  2  1 -2 -2 -2 -2  0  1  1  0 -3 -2  0   39   0   0   0   6   0   0  19   6   0   0   0   0   6   6   8   6   0   0   6  0.29 0.14
   59 G    6 -5 -1 -1  0 -4 -4  0 -1 -5 -5 -4 -5 -6 -4  0  0 -6 -5 -4   76   0   4   3   2   0   0   5   2   0   0   0   0   0   0   5   5   0   0   0  1.36 0.65
   60 A    4 -3 -4 -4 -1 -3 -4  1 -4 -2  0 -3  5  0 -4 -1 -1 -4  0 -2   42   1   0   0   1   0   0  13   0   1   7   0  18   4   0   2   4   0   3   2  0.64 0.39
   61 I   -2 -5 -5 -6 -4 -5 -5 -4 -5  5  3 -5  1  1 -5 -3 -4 -4  0  1    4   0   0   0   0   0   0   2   0  41  30   0   2   6   0   2   0   0   3   9  0.93 0.47
   62 L   -1 -1 -2 -2 -4 -1  2 -3  0  1  3 -1  3 -2 -4 -2 -1  2  0  0    5   2   2   1   0   1  15   1   2   6  35   2   7   1   0   2   3   3   4   6  0.31 0.28
   63 K   -1  1  2 -3  2 -1 -3  2 -1 -2  1  4 -3 -4 -4 -1 -2 -4 -1 -2    4   6  13   0   5   1   0  19   1   1  15  27   0   0   0   3   1   0   2   2  0.40 0.34
   64 G   -3 -3 -1 -1 -5 -2 -1  6  0 -2 -3 -1 -1 -5 -5 -2 -4 -5  0 -5    0   1   3   4   0   1   4  66   2   3   3   5   2   0   0   2   0   0   4   0  1.23 0.62
   65 L   -2 -3 -2 -3 -1 -4 -4 -3 -1  2  3 -3  5  1 -2 -4 -3  0  0  2    2   1   2   1   2   0   0   2   1  10  32   1  15   5   3   0   0   1   3  16  0.51 0.35
   66 K   -1  0 -1  5 -1 -1  3 -2  0 -3 -4  2 -4 -3 -2 -1 -1 -5 -2 -5    4   4   2  35   2   1  18   2   2   1   1  15   0   2   2   5   3   0   1   0  0.65 0.43
   67 T    0 -1  2  0 -3  1  1  0  1 -1 -1  0 -1 -1 -1  0  2 -3 -1  0    6   3  11   6   0   6   9   6   3   4   5   4   1   2   3   3  17   0   2   7  0.10 0.13
   68 N   -1 -3 -1 -1  1 -1 -1  1 -3  3  1 -3  2  1 -3 -2 -1  2  0  0    3   0   3   3   3   2   4  14   0  20  17   0   6   8   0   2   3   3   2   6  0.18 0.18
   69 P   -1 -1 -1  0 -3 -1 -1 -1  3 -3  0 -1 -2  1  4 -1 -1  3  1 -2    4   3   3   7   0   2   3   5   9   0  12   4   0   7  22   4   2   4   6   2  0.31 0.22
   70 I    0 -2 -2  1  3 -2  0 -3 -2  1  0 -2  2  1  2  0 -1 -3 -1  1    9   0   0   9   9   0   9   0   0   9   9   0   9   9   9   9   0   0   0   9  0.13 0.13
   71 R    0  1 -1  1 -1  0  1  1  0 -3 -3  4 -1 -3 -2 -1  0 -5 -4 -2    8   8   2   7   1   3   8   9   3   1   2  31   1   1   2   3   6   0   0   3  0.36 0.31
   72 K   -2  1 -1 -2 -6 -1  2  1  1 -3 -4  1 -5 -6  6 -1 -2 -1 -2 -3    2   6   2   2   0   3  13   9   3   2   1  10   0   0  37   3   2   1   2   2  0.78 0.49
   73 G   -2 -2  0  2  0 -5 -1  6  1 -7 -7 -1 -6 -7 -1 -1 -2 -6 -2 -7    3   2   4  13   2   0   4  54   3   0   0   4   0   0   3   4   3   0   2   0  1.08 0.60
   74 T    0 -2 -1  2 -1  0  0 -3 -1 -3 -3 -1  2 -2 -2  4  2  0 -2 -3    6   2   2  11   1   4   7   1   1   1   1   3   5   1   2  37  10   2   2   2  0.47 0.42
   75 K   -2  3  1 -1 -1 -1 -1 -3  2 -3 -5  5 -4 -2 -4  0  1 -5 -2 -2    3  14   6   3   1   1   3   2   5   2   0  39   0   2   0   6   9   0   1   3  0.67 0.46
   76 V   -2 -7 -7 -7 -5 -6 -7 -7 -7  3 -2 -7  1 -1 -7 -2 -4 -7 -5  7    3   0   0   0   0   0   0   0   0  17   3   0   3   3   0   3   0   0   0  69  1.69 0.74
   77 L   -1 -6 -7 -8  1 -6 -7 -7 -7 -1  6 -6  1  0 -7 -6 -5 -6 -5 -1    6   0   0   0   3   0   0   0   0   2  79   0   3   3   0   0   0   0   0   3  1.58 0.66
   78 Y   -5 -5 -4  3  2 -4 -1 -6  0  0 -3 -5 -4 -1 -6 -4 -5 -2  8 -4    0   0   0  20   5   0   4   0   1   6   2   0   0   0   0   0   0   0  62   0  1.73 0.62
   79 L   -2 -4 -4 -5 -3 -4 -4 -5 -2  2  5 -4  2  1 -4 -1 -3 -3  0  1    3   0   0   0   0   0   0   0   1   9  58   0   4   6   0   5   0   0   2  10  0.74 0.32
   80 G    0  1 -2  1 -3 -2  0  5 -3 -4 -4 -2 -3 -4 -3 -1 -2 -4 -4 -4    7   9   0  10   0   0   6  59   0   0   1   1   0   0   0   3   1   0   0   1  0.83 0.27
   81 A    3 -3  0 -3  7 -2 -3 -1 -3 -1 -2 -1 -2 -3 -3  0  0 -3 -3  1   34   0   6   0  26   0   1   4   0   3   1   4   0   0   0   4   4   0   0  11  0.54 0.25
   82 A    2 -3 -2 -2  3 -2 -2  3  1 -2 -1 -2 -2 -3 -2  1 -1 -3 -3  0   26   0   0   0   7   0   1  29   4   0   5   0   0   0   0  13   3   0   0   9  0.36 0.19
   83 S    0 -1  0 -1  4 -1  0 -2  0 -2 -2 -1 -2 -1  1  3  2 -3 -2 -1    5   3   4   2  11   0   4   1   2   2   3   2   0   3   8  32  16   0   0   2  0.31 0.19
   84 G   -2  2  2 -2 -3 -2 -3  5 -3 -4 -4 -2 -3 -3 -3 -2 -3  6 -3 -4    1  11  11   1   0   1   1  55   0   1   1   1   0   1   1   1   1  11   0   1  0.99 0.28
   85 T    0 -1 -2 -1  1 -2 -1 -3 -2  0 -1 -1 -2  0  0  1  4 -3  0  0    4   4   0   4   4   0   4   0   0   7   4   4   0   4   4  14  33   0   4   7  0.23 0.16
   86 T   -2  1  1 -2 -3 -2 -1 -3  0  0  1 -2 -1  0 -1  0  3 -2  2 -1    0   9   8   0   0   0   4   0   3   4  16   0   0   4   3   6  31   0   8   3  0.23 0.19
   87 I    0  1 -3 -3 -2 -2 -2 -2 -3  1  1 -2 -1 -1 -1  0  1 -4 -2  3    7   9   0   0   0   0   2   3   0   4  12   0   0   2   3   9   8   0   0  36  0.20 0.20
   88 S    0 -1  0 -2  3 -2  0 -1 -1 -2  0 -2 -1 -4 -1  5  0 -5 -3 -1    4   3   3   0   7   0   6   2   2   2   9   1   1   0   3  52   2   0   0   4  0.49 0.33
   89 H   -3  0 -3 -2  2 -2 -1 -5  9 -2 -2 -2 -3  1 -1 -3 -4 -4  3 -2    2   5   0   2   4   0   4   0  53   2   4   2   0   5   3   0   0   0  11   3  1.24 0.48
   90 V   -1 -4 -5 -5  1 -4 -4 -5 -4  3  3 -4  3  2 -4 -3 -2 -4 -2  4    6   0   0   0   3   0   0   0   0  13  31   0   7   8   0   0   0   0   0  33  0.64 0.30
   91 S    3  0 -2 -3 -3 -1 -2 -2 -1 -3 -1 -2 -3 -4 -3  5 -1 -5 -4 -2   31   6   0   0   0   1   2   1   1   0   6   0   0   0   0  47   2   0   0   2  0.68 0.39
   92 D   -4  2  1  6 -6 -2  2 -4  0 -6 -6  2 -5 -5 -4 -3 -3 -6 -2 -5    0  12   5  58   0   0  13   0   2   0   0  11   0   0   0   0   0   0   1   0  1.20 0.46
   93 I    0  2 -4 -4 -3 -3 -2 -4 -1  5  1 -2  1  0 -4 -2 -1 -3  0  1    9  12   0   0   0   0   2   0   1  42  11   2   4   4   0   1   2   0   4   7  0.41 0.25
   94 I    0 -4 -4 -5  0 -2 -4 -5 -5  3  1 -4 -1 -3 -4 -3  1 -4 -3  5    7   0   0   0   2   2   0   0   0  12   8   0   0   0   0   0   7   0   0  59  0.82 0.37
   95 E   -1 -2  0  0 -4 -2  0  6 -3 -4 -4 -2 -4  0 -3 -1 -2 -4 -3 -4    2   2   3   4   0   2   7  65   0   0   1   1   0   6   0   4   2   0   0   1  0.99 0.35
   96 L   -1 -2 -1  0 -2 -1  1 -3 -2 -2 -1  0 -1 -3  5  1  0  1 -2 -2    3   1   1   4   1   2   8   1   1   1   8   7   1   0  36  14   5   2   1   1  0.61 0.25
   97 N   -1 -1  1  3 -4  1  2 -2 -2 -4 -4  1 -3 -4 -3  2  3 -4 -4 -3    2   2   5  14   0   4  17   2   0   0   0  11   0   0   0  20  20   0   0   1  0.47 0.28
   98 G   -3 -5 -3 -4 -5 -4 -3  7 -4 -6 -6 -4 -5 -5 -4 -2 -3 -5 -5 -5    1   0   0   0   0   0   2  90   0   0   1   0   0   0   0   2   1   0   0   0  2.01 0.62
   99 K   -1  2 -2 -3  0 -1 -1 -3  1  1  1  2  1 -1 -1 -1  1  2 -1  1    3  11   1   0   2   1   2   1   4   7  14  15   5   1   3   2  13   4   1  12  0.14 0.14
  100 A   -2 -4 -5 -5 -2 -4 -3 -5 -5  4  0 -4 -2 -3 -4 -4 -2 -5 -3  6    1   0   0   0   1   0   1   1   0  19   5   0   0   0   0   1   2   0   0  67  1.20 0.47
  101 Y   -3 -5 -5 -6 -5 -4 -5 -6 -2  0 -2 -5 -3  3 -5 -4 -2  1  9  0    2   0   0   0   0   0   0   0   0   5   3   0   0  11   0   1   2   1  67   7  1.80 0.62
  102 G    5 -4 -4 -4  3 -3 -3  2 -4 -4 -2 -3 -3 -4 -3  0 -1 -5 -4 -1   62   0   0   0   6   0   0  16   0   0   3   0   0   0   0   5   2   0   0   3  0.95 0.44
  103 V   -3 -5 -3 -5 -3 -1 -5 -5 -5  2  0 -4 -2 -1 -5 -4 -1 -5 -3  6    0   0   1   0   0   3   0   0   0   9   8   0   0   3   0   0   2   0   0  71  1.21 0.49
  104 E   -4 -2 -1  5 -6 -2  6 -3 -3 -5 -5 -1 -5 -2 -4 -3 -4 -5 -5 -4    0   1   2  31   0   0  57   1   0   0   0   3   0   2   0   0   0   0   0   1  1.38 0.55
  105 F   -3 -1  0 -4 -3 -3 -4 -4  0  3  0 -3 -1  6 -3 -2 -2 -2  2  0    1   3   6   0   0   1   1   1   2  16   6   1   1  42   1   2   2   0   6   7  0.68 0.31
  106 S    3 -2  0 -1  1  0 -2 -1 -3 -2 -3 -2 -3 -3 -3  5 -1  0  0 -3   22   2   4   3   2   4   1   3   0   2   2   1   0   0   1  47   1   2   3   1  0.60 0.34
  107 P    0 -2 -1 -1 -4 -2  0 -3  5 -4 -4 -2 -4 -3  6 -1 -2 -4  0 -2    7   2   2   3   0   1   7   2  15   0   1   1   0   1  45   4   2   0   4   4  1.00 0.39
  108 R   -2  5 -1  0 -4  0  2 -2  0 -3 -2  1 -1 -4 -1 -1 -1  2 -3 -2    2  39   2   6   0   1  17   3   2   1   4   6   1   0   3   3   4   4   0   2  0.51 0.27
  109 V    0 -2 -2 -2  0 -2 -1 -2  0  0 -1 -1  4  0  4  2 -1 -4 -3  1    6   1   1   2   2   0   2   2   2   4   3   4  13   4  19  22   2   0   0  11  0.32 0.23
  110 V    0 -2 -2 -3 -1 -3 -3  2 -3  2  1 -3  4  1 -3 -2 -1  0  0  1    9   2   2   0   1   0   0  22   0  12  12   0  14   6   0   0   2   1   4  10  0.26 0.19
  111 R   -2  6 -2 -3 -5  3  2 -2 -1 -3 -2  1 -3 -5 -4 -1 -3 -5 -3 -3    2  50   1   0   0  12  13   2   1   1   3   6   0   0   0   5   1   0   1   2  0.87 0.40
  112 E   -2 -1  0  4 -4  1  3 -2  1 -2 -3  2  0 -3 -3 -2 -1 -1 -3 -2    2   1   4  31   0   5  20   2   4   3   2  12   3   1   1   1   4   1   0   3  0.48 0.26
  113 L   -1 -4 -5 -4  0 -4 -3 -4 -4  0  5 -3  1  2 -5 -3 -3 -4 -3  1    6   0   0   1   2   0   2   1   0   1  66   1   2   9   0   1   0   0   0   7  0.84 0.39
  114 L    0  0 -2 -3 -2  0 -1 -3 -3  3  2 -1  1 -1 -3 -1  0 -3 -1  2   10   5   2   0   0   4   3   0   0  21  23   3   2   1   0   2   5   0   1  16  0.23 0.17
  115 L    1  0  2  2 -3  1  2 -1  1 -3 -2  1 -1 -3 -1  1 -1 -4 -3 -3   11   4  13  10   0   4  16   4   4   1   3   9   2   1   3  10   3   0   0   1  0.24 0.17
  116 V    1 -1  0 -2  0 -3 -2 -4 -3  1  2  1  4 -3 -4 -1 -1  2 -1  3   10   3   4   2   2   0   2   0   0   9  16   9  11   0   0   3   2   3   2  19  0.27 0.26
  117 A    4 -4 -1 -1  4 -1 -1 -3 -4 -1 -2 -2 -3  0 -1  0 -1 -4 -1  1   41   0   2   3   9   3   4   0   0   4   4   2   0   4   3   6   3   0   2   9  0.47 0.38
  118 Q   -1  1  0  1 -4  2  2 -1  0 -3 -4  3 -1 -1 -2  0 -1 -4 -1 -3    4   7   4   6   0  10  15   5   3   2   1  22   2   2   2   7   3   0   2   2  0.32 0.27
  119 R    0  0  0  0  2  0  0 -1  1  0 -1  0  1  0  0  0  0 -2  1  0    5   5   5   5   5   5   5   5   5   5   5   5   5   5   5   5   5   0   5   5  0.03 0.05
  120 R   -1  7 -3 -3 -5 -1  0 -2  0 -2 -3  2 -3 -1 -4 -3 -1 -4 -1 -4    4  61   0   0   0   0   4   3   2   2   3   9   0   3   0   0   4   0   2   0  1.00 0.45
  121 P    0  0  0  1 -3  0  1 -1  1 -2 -2  1 -1 -1  3  1  2 -3 -2 -1    7   4   3   7   0   2   8   2   4   2   2  10   2   2  16  10  15   0   0   3  0.24 0.15
  122 N   -2  1  7 -2 -5 -1 -3  0 -2 -5 -5  0 -4 -5 -4 -1  0 -5 -4 -5    3   9  65   0   0   3   0   5   0   0   0   5   0   0   0   3   5   0   0   0  1.27 0.54
  123 I    0 -3 -3 -1 -2 -3 -2 -4 -3  3  3 -3  2  0 -3 -1 -2 -3 -2  3    7   0   0   4   0   0   3   1   0  21  27   0   5   3   0   4   0   0   0  23  0.38 0.23
  124 F   -1 -1  0  0 -3 -2  0 -3 -1  2  0 -1  0  4 -3 -1  0 -2  1  2    3   4   5   5   0   0   6   1   2  12   4   2   2  21   0   2   6   0   4  20  0.20 0.17
  125 P   -1 -2 -4 -4  1 -3 -3 -2 -2 -1 -1 -3 -3 -1  7 -2  0  3 -3 -2    6   2   0   0   3   0   0   3   1   4   6   0   0   2  56   2   6   4   0   2  1.18 0.44
  126 L   -2 -3 -1 -1 -2 -1 -3 -2 -3  4  2 -3  0 -1 -3 -1 -1 -3 -2  2    2   0   3   3   0   3   1   3   0  38  24   1   0   2   0   4   3   0   0  11  0.40 0.24
  127 L   -2 -1 -2 -3 -1 -3 -2 -4 -2  3  3 -2  1  1 -1 -2 -1 -3  0  2    1   4   2   0   1   0   2   0   1  16  37   2   3   5   3   3   2   0   2  16  0.32 0.20
  128 A    2 -2  0  2  2  1  3  2  2 -4 -4  1 -3 -3 -3  0 -2 -4 -3 -3   18   0   3  10   4   5  21  17   7   0   0   8   0   1   0   4   0   0   0   0  0.35 0.23
  129 D   -3  1  1  7 -5  0 -1 -3 -1 -4 -2 -2 -4 -5 -4 -1 -2 -5 -4 -2    0   8   4  64   0   4   0   0   1   0   6   0   0   0   0   4   2   0   0   4  1.12 0.47
  130 A    5 -4 -4 -1  0 -4 -4 -1 -1 -1 -3 -4 -3 -1  0 -1 -1 -5 -1  1   58   0   0   4   2   0   0   4   2   3   2   0   0   2   4   4   3   0   2   8  0.78 0.52
  131 R   -1  5  1  0  1 -1 -1 -2  0 -4 -1  0 -1 -3 -4  0  1 -4 -4 -2    5  39   6   5   4   1   4   3   2   0   7   3   1   1   0   7   8   0   0   3  0.51 0.38
  132 F   -1  1  0  1 -4  1 -1 -3  4 -2 -1  2  0  1 -3 -1 -1 -3  2 -2    5   9   4   8   0   8   3   0  10   3   6  16   2   7   0   4   4   0   7   3  0.22 0.22
  133 P   -4 -2 -1 -1 -6 -1 -4 -3  0 -1 -3 -4 -5 -1  7 -1 -1  2  0 -2    0   2   3   3   0   3   0   2   2   4   3   0   0   3  55   5   4   2   4   3  1.26 0.70
  134 Q    0  0  0  1  1  1  1 -1  2 -1 -1  0  0 -1  1  0 -1  1  0 -1    8   3   4   9   4   9  10   3   6   3   7   6   2   2   6   7   2   2   3   2  0.09 0.11
  135 S    0  1  1  1 -3  2  1 -1  1 -3 -2  2 -2 -3  0  1  0 -3 -1 -2    8   8   6   7   0   8   9   4   3   1   4  16   0   0   4   9   7   0   2   3  0.18 0.17
  136 Y   -3 -1 -4 -3  1 -2 -4 -2 -2 -4 -3 -2 -4  2 -1 -3 -4  2  8 -3    2   3   0   2   3   2   1   4   0   1   3   2   0   7   3   2   1   2  60   2  1.58 0.74
  137 K    2  4 -3 -1 -2 -1 -1  0 -3 -2  0  1 -1  0  1  1 -2 -4 -2 -2   16  25   0   3   1   2   2   6   0   2   9   8   1   4   7  10   1   0   1   2  0.28 0.27
  138 S   -1 -1  0 -1 -3 -1 -2  0  3 -1  0 -1  3  1  2  0 -1  1  0 -1    3   3   5   3   0   3   0   9   9   4   8   3  11   9  10   8   2   2   3   5  0.13 0.17
  139 V   -1 -2 -3  0 -3 -1 -1 -2 -3  1  2 -1  2  1  0 -1 -1 -3  1  1    4   0   0   5   0   3   5   3   0  10  26   3   6   6   6   4   3   0   4  12  0.14 0.16
  140 V   -1 -4 -3  0 -3 -3 -1 -1 -4  2  0 -3  1  1 -1 -1  0 -3  0  4    4   0   0   5   0   0   3   5   0   9   7   0   4   6   4   5   5   0   3  38  0.32 0.29
  141 E   -1 -2  0  2  0 -1  4  2 -3 -4 -3  0 -4 -1  2  1 -1 -5 -4 -3    4   2   3  11   2   2  27  15   0   0   2   4   0   3  11   9   3   0   0   2  0.41 0.33
  142 N    0 -1 -1  1 -3  0  0  0 -1 -1  0  2  4 -2 -1  0  0  0 -1 -2    8   2   2  10   0   3   5   6   1   3   7  14  17   1   3   8   6   1   2   1  0.17 0.23
  143 V   -1 -5 -5 -1  0 -4 -4 -3 -5  1  0 -4  1  0 -1 -2  0 -5 -1  6    5   0   0   4   2   0   0   2   0   6   6   0   3   4   3   2   4   0   2  57  0.78 0.47
  144 D   -1  0  1  5 -3 -2  0 -1 -2 -1 -1 -2 -2  0 -3  0  1 -4 -3 -1    5   4   5  42   0   0   5   5   0   4   6   0   0   5   0   5   8   0   0   5  0.39 0.26
  145 V    0 -2 -2 -3  3 -2 -2  0  2  1  0 -2  2  1 -3  0  0  4  2  0    8   0   0   0   7   0   0   8   7   8   8   0   7   7   0   8   8   7   7   8  0.16 0.15
  146 L   -1 -3 -3 -3  1 -2 -3 -2 -3  3  2 -3  2  0 -3 -1 -1 -2  1  2    4   0   0   0   3   0   0   3   0  25  24   0   7   3   0   3   3   0   6  15  0.27 0.17
  147 Y   -1 -3 -1 -1 -3 -3 -3 -4  2  0 -1 -3  1  5 -4 -3 -2 -1  5  1    4   0   4   4   0   0   0   1   6   4   4   0   3  31   0   1   0   0  26  10  0.60 0.29
  148 V    2 -2 -1 -1  3  3  1 -1  2 -1 -1 -1  0 -3 -2  1  1 -3 -1  0   18   0   0   2   7  16   7   2   5   4   3   0   3   0   0  13   8   0   2   8  0.18 0.18
  149 D   -2 -3  2  6  1 -2  1 -1 -3 -3 -2 -3 -3 -1 -1 -2 -2 -4  0 -1    3   0  11  48   3   0   6   5   0   0   5   0   0   3   2   0   2   0   4   5  0.68 0.38
  150 I   -1 -3 -3 -4 -3 -1 -3 -2  4  2  0 -3  0  2 -3 -1  0 -3 -1  4    2   0   0   0   0   3   0   3  11  10   8   0   1  12   0   3   7   0   0  37  0.41 0.29
  151 A    3 -2 -1 -1 -3 -1  0 -1  3 -2 -2 -1 -2 -2  1  0  1 -3  2  0   30   0   2   3   0   2   5   4   8   0   4   4   0   0   7   6   9   0   8   7  0.23 0.24
  152 Q   -2 -1 -2 -3 -4  4  1 -4  6 -1 -1 -2  1  0  1 -2  0  3 -2 -2    3   2   0   0   0  23   8   0  22   3   7   0   4   4   8   0   7   4   0   3  0.55 0.40
  153 P   -1  0 -1 -1 -4 -1  1 -2  3 -1 -2  0  0 -1  4  0  0 -4  0 -1    4   5   2   4   0   2   8   3   9   3   3   5   3   4  25   7   7   0   3   3  0.35 0.25
  154 D   -1  0  1  4 -4  0  1  0  1 -3 -2  0 -3  0 -3 -2 -1  3  1 -1    6   5   8  24   0   3   9   6   3   0   5   7   0   4   0   0   4   4   5   4  0.26 0.23
  155 Q    0  1  1  1 -3  1  1 -2 -1 -2 -1  1  1 -2  1  0  0 -2  1 -2    8   8   7   8   0   7   8   1   0   0   8   8   7   0   8   8   8   0   7   0  0.13 0.13
  156 T    0  0  0  0 -3  0  0  0  1  0  0  0  2 -2  2  0  1 -3 -2  0   10   4   4   5   0   4   4   7   4   7   6   6   8   0  12   4   9   0   0   5  0.10 0.11
  157 D   -1  3  0  1 -4  1  3 -1  1 -4 -2  2 -3 -4  1  0  0 -4 -3 -3    4  21   3   6   0   5  19   3   4   0   4  15   0   0   5   4   6   0   0   0  0.36 0.25
  158 I    0 -1 -3 -3 -2 -2 -1 -2 -3  4  0  0  0  0  0 -1  1 -3  0  2    6   4   0   0   0   0   5   3   0  33   6   5   2   3   5   4   8   0   3  12  0.21 0.20
  159 A    2 -3 -3 -4  0  0 -3 -3 -3  0  2 -3  0  2 -1 -1 -1  1 -2  2   22   0   0   0   1   5   0   0   0   4  22   0   2  10   2   2   3   2   0  20  0.29 0.25
  160 I    2 -2 -1 -3  0 -1 -2 -1 -3  2  2 -1  3 -1 -3 -1 -1 -3  0  1   19   1   3   0   2   2   2   5   0  14  18   3   9   2   0   3   3   0   3  11  0.15 0.16
  161 Y    0  1  0  1 -1  0  1 -1 -1 -1  1  2  0 -1 -2  0 -1 -3 -1 -2    7  10   4   9   1   2   9   3   1   3  20  15   2   2   1   7   1   0   1   1  0.10 0.14
  162 N   -1 -3  7 -1 -5  0  0 -2  2 -1 -3 -2 -4 -5 -4  1 -3 -5 -4 -4    5   0  58   2   0   3   6   2   5   4   2   2   0   0   0   9   0   0   0   0  1.12 0.58
  163 A    4 -2 -3 -3  3 -2 -2 -2  1  0  1 -2  1 -1 -3  0 -2  0  0  1   38   1   0   1   6   0   2   2   3   6  13   1   4   3   1   7   1   1   2   9  0.31 0.26
  164 K    0  2  0  1 -4  1  1 -1  4 -4 -2  2 -3  0 -4  0 -1 -4  0 -1    6  12   5   8   0   7   7   4  12   0   4  11   0   4   0   6   4   0   4   4  0.26 0.23
  165 F   -1  0  0  0  2  0  0 -3  2  0 -1  0  1  1  0  0  0  3  1  0    5   5   5   5   5   5   5   0   5   5   5   5   5   5   5   5   5   5   5   5  0.08 0.12
  166 F   -1 -1 -4 -5 -4 -1 -4 -5 -3  0 -1 -2  1  7 -5 -2 -2 -2  3  0    6   3   0   0   0   3   0   0   0   4   4   3   4  51   0   3   3   0   8   6  0.93 0.48
  167 L   -2 -3 -1 -4 -3 -1 -4 -2 -4  0  5 -1  1  0 -4 -2 -3 -4 -3  0    3   0   4   0   0   3   0   4   0   3  63   4   3   3   0   3   0   0   0   4  0.69 0.42
  168 K    0  1 -2 -2 -5 -1 -2 -3  0 -5 -3  6 -2 -5  2 -2 -1 -5 -4 -4    8   7   1   2   0   1   2   2   2   0   3  58   1   0   8   2   3   0   0   1  0.96 0.52
  169 V   -2  1  3  2 -4  0  1 -3 -1 -3 -2  2 -3 -4  3  0 -1  2 -3 -2    3   7  19  13   0   4   8   0   1   1   3  12   0   0  14   6   3   4   0   3  0.39 0.27
  170 N    0 -1  1  3 -4  0  0  4 -1 -4 -2 -1 -4 -3 -4  0 -2 -4 -1 -4    8   3   5  16   0   4   6  37   1   0   4   2   0   1   0   8   1   0   2   0  0.51 0.31
  171 G   -1 -2 -3 -4 -5 -4 -3  7 -4 -2 -5 -2 -5 -5 -4 -1 -4 -5 -1 -5    4   2   0   0   0   0   2  77   0   3   1   2   0   0   0   3   0   0   2   1  1.58 0.62
  172 D   -2  2 -1 -1 -2  1 -1  0  6  0 -1  1 -1  0 -3 -1 -1  1  3 -2    1  13   2   2   1   5   2   8  21   6   5   7   1   3   0   4   3   2  10   2  0.32 0.24
  173 M    0 -2 -2 -3  3 -2 -2  0 -2  1  0 -2  2  1 -2  0  1 -1  2  1    9   0   0   0   8   0   1   9   0   9   9   0   9   9   0   9   9   0   9   9  0.11 0.11
  174 L    0 -3 -3 -1  2 -2 -3 -1  1  1  1 -3  3  1 -3 -1 -1 -2  1  2    5   0   0   4   6   0   0   4   4   8  15   0  12   5   0   4   0   0   4  26  0.18 0.17
  175 L   -1 -3 -3 -3 -2 -3 -2 -2 -3  4  2 -3  2  1 -3 -1 -1 -3  0  2    4   0   0   0   0   0   3   3   0  40  18   0   5   5   0   4   3   0   3  10  0.32 0.21
  176 V    0 -2 -2  0  3 -2 -2 -2 -2  1  0  0  2  1  1  0  0 -2  1  0    8   0   0   8   7   0   0   1   0   8   8   8   7   7   8   8   8   0   7   8  0.09 0.12
  177 I   -2 -3 -2  1 -3 -2  0 -3 -3  3  2 -3 -1  1 -3  0  0  4 -1  1    1   0   0  11   0   0   7   0   0  24  18   0   0   8   0   9   6   6   0   9  0.25 0.21
  178 K   -1  1 -1 -2 -4  0 -1 -1  2 -3 -2  4 -2  2  0 -1 -1  2  1 -3    3   7   3   0   0   2   3   6   6   0   4  37   0  10   3   3   3   3   6   0  0.35 0.26
  179 A    0  1 -1 -2 -2  1  0  0  2  0  0  1 -1  1 -2  0  0 -2 -1  0    8   8   0   0   0   7   8   8   7   8   8   8   0   7   0   8   8   0   0   8  0.05 0.08
  180 R   -1  3  0  0  1  1  0 -2 -2 -1 -1  3  2 -3  1 -1 -1 -4  0 -1    4  16   6   4   3   5   4   3   0   3   4  19   8   0   7   4   3   0   3   3  0.21 0.21
  181 S    0  0  1  0  4  0 -1 -2 -2 -2 -3  0  0 -4 -1  3  1 -4 -3 -1    5   5   8   5  11   3   3   2   0   2   0   6   3   0   2  32   9   0   0   4  0.35 0.30
  182 I   -1  0 -1  0 -3  2  1 -3  0  4 -1 -2  1 -3 -1  0 -1 -4 -3  1    3   6   2   4   0  10  12   0   2  33   1   0   4   0   3   8   2   0   0   9  0.28 0.28
  183 D    0  1  1  1 -3  1  1  0 -1 -3 -2  1 -2  1  1  0  0 -2  1 -2    8   8   7   8   0   7   8   8   0   0   1   8   0   7   8   8   8   0   7   0  0.15 0.12
  184 V    0 -2 -2  0  1  0  1  0 -2  0 -2 -1 -2 -1  0  2  1  3 -2  1    3   0   0   6   3   3   8   8   0   8   0   4   0   3   4  21   7   5   0  14  0.14 0.19
  185 T    0  0  0 -1  0 -2 -1 -1 -3  0 -1  0 -2  0  1  1  3 -3 -2  1    4   5   4   3   2   0   3   4   0   4   3   8   0   5   7   7  28   0   0  11  0.17 0.21
  186 K    1  1 -1 -2 -3  1  1  1 -2 -1 -1  1  1 -3  1  0 -1 -3 -3  0   15  11   2   0   0   7  11  13   0   4   4  11   5   0   6   3   2   0   0   7  0.14 0.15
  187 D    0 -1  1  2 -4 -1  1 -1  0 -2 -3  1 -3 -1  4  0 -1 -4 -1 -2    6   2   6  14   0   2  11   5   2   3   2   8   0   3  25   6   2   0   2   1  0.39 0.25
  188 P    1 -1  0 -3 -4 -2  0 -1  3 -2 -3 -1 -3 -2  6  0  0 -4 -3 -1   14   3   5   0   0   0   5   3   7   3   2   2   0   2  39   4   6   0   0   4  0.71 0.39
  189 K   -1  1  0  0 -4  0  4 -1  0 -2 -3  3 -3 -1 -1  0 -1  1 -3 -2    5   7   3   5   0   3  30   5   2   2   1  19   0   3   2   5   2   2   0   3  0.34 0.27
  190 E    1 -1 -1  2 -3  0  2 -2  0  0 -1  0  1 -3 -1  0  1 -3 -1  0   12   3   0  11   0   2  17   1   2   8   3   6   4   0   2   8   9   0   2   8  0.13 0.16
  191 I    0  0 -1 -1 -3 -3 -3 -4 -4  3 -1 -3  0 -1 -3  0  0 -4 -3  4    6   7   2   3   0   0   0   1   0  22   3   0   1   2   0   9   7   0   0  35  0.42 0.32
  192 Y   -2 -1 -4 -3 -1 -4 -4 -4 -3  0  2 -3 -1  6 -4  0 -2 -2  2  1    3   3   0   2   1   0   0   0   0   5  16   2   1  41   0   7   2   0   6   9  0.65 0.38
  193 K    3  2  0  0 -3  1  2 -2  0 -1 -3  2 -2 -2 -1  0 -1 -4 -3 -1   27  12   3   6   0   4  13   0   2   4   1  12   0   2   2   7   1   0   0   3  0.25 0.23
  194 T    0  2  1  1 -2  2  3  0 -1 -2 -2  1  0 -4 -3  1 -1 -4 -3 -3    7  10   8   8   1   8  22   7   1   2   3   7   3   0   0  11   2   0   0   1  0.27 0.22
  195 E    1 -1 -3  0 -4  1  5 -4 -3 -2 -3  0  0 -3 -4 -2  0  1 -4  1   12   2   0   4   0   5  47   0   0   2   1   3   2   1   0   1   4   2   0  13  0.64 0.45
  196 V   -1  0 -4 -4  0 -1 -1 -4 -4  3  1  1  1 -3 -4 -2  0 -4 -3  4    4   7   0   0   2   3   3   0   0  17  10  11   4   0   0   2   4   0   0  32  0.37 0.30
  197 E    0  1  3  2 -4  2  3 -1 -1 -4 -3  2 -3 -2 -1  0 -1 -4 -3 -3    6   7  14   9   0   9  20   3   1   0   2  15   0   2   2   8   2   0   0   1  0.36 0.27
  198 K   -2  2 -2 -1 -4  1  2 -3 -2  0 -1  4 -1 -3 -3 -2  0 -2 -2 -1    2  13   1   3   0   4  17   1   1   6   6  32   1   1   0   1   7   0   1   3  0.41 0.32
  199 L   -3 -5 -5 -6 -4 -4 -3 -6 -5  2  6 -5  3 -2 -5 -5 -2 -4 -2 -1    1   0   0   0   0   0   2   0   0   8  75   0   7   0   0   0   1   0   1   2  1.25 0.60
  200 E   -1  3 -2 -2 -4  2  2 -3  1 -2 -1  4 -1 -3 -1  0 -1 -3 -3 -2    3  15   1   1   0   8  16   1   4   3   5  28   1   0   2   5   3   0   0   3  0.40 0.27
  201 N    2 -1  0  0 -3  2  3 -1  0 -2 -3  2 -2 -4  0  1 -1 -4 -3 -2   17   2   3   4   0  10  21   4   2   2   1  16   1   0   3   8   3   0   0   2  0.31 0.24
  202 S    1  0  1  1 -3  0  3  0  1 -3 -2  0 -2 -2 -1  1 -1  1  0 -3   13   5   5   7   0   2  25   8   4   0   3   4   1   1   2   8   2   2   4   1  0.24 0.21
  203 N   -2  0  1  0 -4  2 -1  5  1 -3 -3  1 -2 -3 -2 -1 -2 -4 -1 -3    1   4   5   5   0   9   4  45   3   2   3   9   1   1   2   3   1   0   2   1  0.57 0.34
  204 F   -5 -6 -6 -6  0 -5 -6 -6 -4  1  2 -6  1  7 -1 -5 -5 -2  4 -2    0   0   0   0   2   0   0   0   0   8  21   0   3  45   3   0   0   0  16   1  1.30 0.60
  205 E   -3  2 -2  1 -5  1  4 -3 -2 -4 -4  5 -4 -3 -1 -1  0 -5 -2 -3    1   8   1   7   0   4  26   1   1   1   1  37   0   1   2   3   5   0   1   2  0.71 0.44
  206 T   -2 -4 -3 -3 -2 -4 -4 -5 -5  4  1 -3 -1  0  5 -4 -2 -5 -4  2    2   0   1   2   1   0   0   0   0  24  10   2   1   4  33   0   1   0   0  17  0.84 0.43
  207 I   -1  1 -3 -2 -3  1  1 -3 -2  1  2  1  0 -1  0 -1 -1 -3 -2  1    5   9   0   1   0   7   9   1   0  11  22  10   2   3   4   3   1   0   0  11  0.15 0.17
  208 Q   -1 -1 -1  2 -6  2  6 -5 -2 -5 -3  0 -3 -3 -4 -2 -2 -6 -5 -5    4   3   2  11   0   8  57   0   1   0   2   5   1   1   0   2   2   0   0   0  1.07 0.57
  209 I   -1  1 -2 -3 -4  5  1 -4  0  1 -2  1  1 -4 -3  0  1 -4 -3  1    4   6   1   0   0  30   9   0   2   8   3   8   4   0   0   5  10   0   1   9  0.41 0.34
  210 I    0  0 -3 -3 -1 -1 -2 -3 -3  3  2 -1  1  0 -4 -2 -1 -3 -1  3    7   5   1   1   1   4   2   1   0  18  21   4   2   3   0   1   2   0   2  25  0.30 0.23
  211 N   -2  2  2  3 -4 -1  0 -2  1 -4 -3 -1 -4 -4 -2  1  3  3 -4 -3    1  11  11  20   0   1   5   2   4   0   2   3   0   0   1   9  26   4   0   1  0.50 0.36
  212 L   -4 -5 -6 -4 -4 -5 -6 -4 -6  2  6 -6  0 -1 -6 -6 -4 -5 -4 -1    1   0   0   1   0   0   0   1   0   9  83   0   1   2   0   0   0   0   0   3  1.49 0.67
  213 D   -2 -2 -2  3 -5  0  6 -1  0 -5 -1 -1 -2 -5 -4  0 -2 -5 -3 -5    2   2   1  18   0   2  50   4   2   0   6   3   1   0   0   7   2   0   0   0  0.86 0.50
  214 P   -3  1 -2 -2 -6 -3 -3 -1 -3 -6 -4 -3 -5 -6  8 -1 -2 -6 -6 -5    2   8   2   2   0   1   2   4   0   0   2   1   0   0  71   4   3   0   0   0  1.88 0.76
  215 Y   -5 -5 -4 -4 -3 -5 -5 -6  1 -4 -3 -5 -3  6 -6 -5 -5  4  8 -2    0   0   1   1   1   0   0   0   3   0   1   0   1  33   0   0   0   6  51   2  1.96 0.76
  216 D   -3 -3 -2  2 -5  2  5 -4  7 -5 -5 -1 -4 -3 -4 -2 -3 -5 -2 -2    1   0   0  13   0   7  39   1  28   0   0   2   0   1   0   2   0   0   1   4  1.11 0.55
  217 K    0  5 -1  0 -4  0  1 -2  1 -2 -3  3 -3 -4  0 -2  0 -4 -3 -3    7  32   3   4   0   2   9   3   4   2   1  22   0   0   4   1   6   0   0   1  0.52 0.31
  218 D   -1 -4  2  7 -5 -3 -1  2 -2 -5 -4 -2 -5 -5 -4 -2 -2 -5 -5 -5    5   0   7  62   0   0   2  13   1   0   1   2   0   0   0   2   2   0   0   0  1.24 0.53
  219 H   -5 -4  0 -2 -7  0 -4 -6 11 -7 -7 -5 -5 -2 -6 -3 -5 -6  2 -7    0   0   3   2   0   3   0   0  83   0   0   0   0   1   0   1   0   0   6   0  2.91 0.98
  220 A    4 -3 -4 -4  2 -3 -3 -3 -2  0  1 -3  2  0 -4 -1 -2  1  3  0   41   1   0   0   4   0   1   0   1   6  16   0   7   4   0   1   1   2  10   4  0.48 0.35
  221 I    1 -3 -4 -5  3 -3 -4  1 -4  1  2 -4  5  0 -4 -3 -2 -4 -2  2   14   1   0   0   7   0   0  11   0   8  21   0  20   4   0   0   0   0   0  13  0.47 0.32
  222 V   -2 -3 -5 -2 -4 -5 -5 -6 -5  4  0 -5 -1  3 -5 -3 -3 -4 -2  5    2   1   0   2   0   0   0   0   0  23   7   0   0  12   0   1   0   0   0  51  0.97 0.47
  223 L   -1 -3 -4 -5 -2 -4 -4 -5 -1  3  0 -4 -1  1 -5 -2 -1  0  0  5    5   1   0   0   0   0   0   0   2  19   8   0   0   6   0   2   3   2   4  49  0.71 0.38
  224 S    3 -2 -3 -4  3 -4 -3  5 -4 -4 -3 -4 -4 -3 -4 -1 -3 -5 -5 -1   30   2   0   0   8   0   1  49   0   0   3   0   0   1   0   3   0   0   0   5  0.96 0.45
  225 K   -2  4 -2 -3  0  1 -1  0 -3  1 -2  2 -1 -3 -3 -1  0 -4 -2  2    1  30   0   0   2   6   3   6   0  11   1  11   1   0   0   4   5   0   1  16  0.35 0.26
  226 Y   -4 -3 -5 -5 -5 -4 -5 -6 -1 -4 -3 -1 -2  2  4 -4 -4  4  8 -4    0   1   0   0   0   0   0   0   1   0   2   4   1   6  24   0   0   5  56   0  1.66 0.60
  227 K   -4  7 -3 -4 -6  2 -2 -4 -3 -5 -5  4 -4 -5 -4 -3 -3 -5 -4 -5    0  62   0   0   0  10   0   0   0   0   0  28   0   0   0   0   0   0   0   0  1.50 0.48

                      K         Lambda
Standard Ungapped    0.1376     0.3191
Standard Gapped      0.0482     0.2670
PSI Ungapped         0.1573     0.3158
PSI Gapped           0.0482     0.2670
