
Last position-specific scoring matrix computed, weighted observed percentages rounded down, information per position, and relative weight of gapless real matches to pseudocounts
           A  R  N  D  C  Q  E  G  H  I  L  K  M  F  P  S  T  W  Y  V   A   R   N   D   C   Q   E   G   H   I   L   K   M   F   P   S   T   W   Y   V
    1 T    0 -2 -1 -2 -2 -1 -1 -2 -2 -4 -4 -2 -3 -4 -2  6  1 -4 -3 -3    0   0   0   0   0   0   0   0   0   0   0   0   0   0   0  93   7   0   0   0  1.04 0.27
    2 L   -3 -3 -5 -5 -2 -3 -4 -5 -4  1  5 -4  2 -1 -4 -4 -2 -3 -2  0    0   0   0   0   0   0   0   0   0   3  95   0   2   0   0   0   0   0   0   0  1.00 0.24
    3 A    5 -3  0 -3 -2 -2 -2 -1 -3 -2 -3 -2 -2 -3 -2  1 -1 -4 -3  0   85   0   4   0   0   0   0   1   0   0   0   0   0   0   0   5   1   0   0   4  0.78 0.23
    4 K   -3  6 -2 -3  1  0 -1 -4  3 -4 -3  1 -3 -3 -3 -2 -2  4 -2 -4    0  74   0   0   3   2   0   0   8   0   0   5   0   0   0   0   0   7   0   0  1.09 0.25
    5 A    5 -3 -3 -3 -2 -2 -2  0 -3 -2 -3 -2 -2 -3 -1  0 -1 -4 -3 -1   88   0   0   0   0   0   0   5   0   0   0   0   0   0   1   2   2   0   0   2  0.85 0.24
    6 G   -1 -2 -2 -2 -4 -3 -1  7 -3 -5 -5 -2 -4 -4 -3 -2 -3 -4 -4 -4    0   2   0   0   0   0   5  93   0   0   0   0   0   0   0   0   0   0   0   0  1.49 0.26
    7 K   -2  2  0 -2 -5  0 -1 -3 -2 -4 -4  7 -3 -5 -2 -2 -2 -4 -3 -4    0   4   4   0   0   0   0   0   0   0   0  93   0   0   0   0   0   0   0   0  1.20 0.29
    8 V   -1 -4 -4 -5 -2 -3 -4 -5 -4  1  0 -4  1 -2 -4 -3 -1 -4 -3  6    0   0   0   0   0   0   0   0   0   0   0   0   4   0   0   0   0   0   0  96  1.07 0.28
    9 R   -2  6 -2 -3 -5  0 -1 -2 -2 -4 -4  5 -3 -4 -3 -2 -2 -4 -3 -4    0  51   0   0   0   0   0   3   0   0   0  46   0   0   0   0   0   0   0   0  1.14 0.31
   10 K    0 -2  2  0 -3 -1 -2  4 -1 -4 -4  0 -3 -4 -3  3 -1 -4 -3 -3    5   0  12   4   0   1   0  42   1   0   0   6   0   0   0  30   0   0   0   0  0.61 0.19
   11 Q    0 -1  0 -2 -5  8  0 -3  0 -5 -4  0 -2 -5 -3 -2 -3 -4 -3 -4    6   0   3   0   0  86   0   0   2   0   0   3   0   0   0   0   0   0   0   0  1.51 0.45
   12 T   -1 -1 -1 -3  0 -2 -3 -3  0 -1 -3 -2 -2 -4 -3  0  7 -4 -3 -2    2   3   1   0   2   0   0   0   3   3   0   0   0   0   0   0  86   0   0   0  1.17 0.40
   13 P   -2 -2 -4 -3 -4 -3 -3 -4 -4 -2 -4 -3 -4 -5  8 -3 -3 -5 -4 -2    0   2   0   0   0   0   0   0   0   3   0   0   0   0  89   0   0   0   0   2  2.29 0.43
   14 K   -2  1  1 -2 -4  1  0 -3  0 -3 -3  6 -2 -4  0 -1 -2 -4 -3 -2    1   1   5   0   0   3   1   1   1   0   2  75   0   0   4   0   0   0   0   4  0.86 0.29
   15 V    0  0 -3 -3 -2 -2 -1 -3 -3  2  0 -1  1 -2 -2 -2 -1 -3 -2  5    5   5   1   1   0   1   5   1   0   7   3   5   3   1   1   1   1   0   0  60  0.43 0.20
   16 E    2 -2 -2  1 -3  0  4 -3 -2 -2 -3  1 -2 -1  0 -1 -1 -4 -3  1   21   0   0   8   0   0  38   0   0   0   0   7   0   4   4   1   2   0   0  14  0.38 0.21
   17 K    0  0 -2  0 -4  1  2 -3 -2 -4 -4  6 -3 -5  1 -2 -2 -5 -3 -1    6   0   0   4   0   3  11   0   0   0   0  64   0   0   8   0   0   0   0   5  0.78 0.32
   18 K    0  1 -2 -2 -4  5  1 -3  0 -3 -3  3 -1 -4 -3 -1  0 -4 -3 -2    7   4   0   0   0  46   7   0   2   1   1  23   2   0   0   2   4   0   0   2  0.68 0.29
   19 D   -1 -1 -1  2 -4  3  5 -2 -2 -3 -3  2 -3 -4 -2 -1 -2 -4 -3 -1    2   0   0  13   0  12  49   3   0   0   1  11   0   0   0   0   0   0   0   7  0.65 0.25
   20 K   -1  1 -1  1 -4  1  3 -1 -2 -4 -4  5 -3 -4 -2 -1 -1 -4 -3 -4    2   6   1   9   0   3  22   5   0   0   0  50   0   0   0   0   1   0   0   0  0.66 0.26
   21 P    0  2 -1 -1 -3  1  2 -2 -1 -2 -2  3  0 -3  3  0 -1 -3 -2 -2    7  11   1   1   0   3  16   1   0   1   2  32   3   1  13   3   3   0   1   3  0.36 0.14
   22 R   -2  2 -1 -2 -3  0  1 -2  2 -3 -3  6 -2 -3  0 -1 -2 -3 -2 -3    1  11   1   1   0   1   7   1   5   1   1  63   0   1   4   1   1   0   0   1  0.75 0.26
   23 K   -2  2 -2  0 -4  0  1 -3 -2 -4 -3  6  0 -4 -2 -2 -2 -4 -3 -3    1   6   0   4   0   2   8   0   0   0   1  73   2   0   0   0   0   0   0   0  0.98 0.33
   24 T    0  1 -1 -2 -1  1  0 -1 -2  0 -1  3  0 -3  2  0  1 -3 -2  0    5   5   1   0   1   7   3   3   0   7   2  32   4   0   9   3  11   0   0   6  0.21 0.12
   25 P   -2  0  0 -2 -3  0  0 -2 -1 -2 -1  3  0 -3  5 -1  0 -3 -3 -2    1   2   4   1   0   2   3   2   1   1   7  23   3   1  39   2   4   0   0   2  0.67 0.19
   26 K    0  1 -1  0  1  1 -1  1 -2 -2 -2  1 -1 -3 -2  0  3 -3 -2 -1    9   7   0   4   4   9   1  12   0   0   1  13   0   0   0   1  35   0   0   4  0.22 0.12
   27 G    0  0 -1  0 -3 -1 -2  5 -2 -3 -3  0 -3 -3 -2  0 -2 -3 -3 -3    6   7   1   5   0   0   1  61   0   1   1   7   0   0   1   6   1   0   0   1  0.66 0.16
   28 R   -1  5 -1 -2  1  1 -1 -1  2 -3 -2  1 -2 -3  0 -1 -2  2 -2 -3    5  58   1   1   4   5   1   5   5   1   1   1   0   1   5   1   1   4   0   1  0.56 0.18
   29 S    5 -3 -3 -3 -2 -2 -2  1 -3 -2 -3 -2 -2 -3 -2  0 -1  5 -2  0   69   0   0   0   0   0   0   9   0   0   1   0   0   0   0   3   0   9   0   6  0.73 0.28
   30 Y   -1  1 -1 -2 -3  0 -1 -2  2 -2 -1  5 -1 -1 -2 -2 -2  5  1 -3    4   3   2   0   0   1   0   2   7   1   8  52   1   3   0   0   0   9   5   0  0.50 0.22
   31 K   -2  4 -1 -2 -4  1  0 -3 -1 -3 -2  4  0 -3 -2 -1 -2  3 -2 -3    1  33   0   0   0   6   5   1   0   0   4  36   3   0   0   2   0   5   0   1  0.61 0.21
   32 R   -2  6 -2 -3  0  2 -1 -3 -2 -4 -2  0 -2 -3  0 -2 -2  2 -3 -3    1  69   0   0   2  10   1   1   0   0   3   0   0   0   5   1   0   3   0   1  1.00 0.31
   33 I   -1 -3 -4 -4 -1 -1 -1 -4 -1  3  1 -1  6  0 -4 -3 -2  0 -2  1    3   0   0   0   1   2   5   0   1  25  11   3  40   2   0   0   0   1   0   7  0.56 0.26
   34 L   -2 -1 -2 -2  5  5 -1 -3  0 -1  0  2 -1 -3 -1 -2 -1 -3 -3 -1    0   0   0   0  15  47   0   0   2   3  12  14   0   0   2   0   3   0   0   2  0.61 0.27
   35 Y   -3 -3 -3 -4 -4 -3 -4 -5  2 -3 -3 -3 -3  3 -4 -1  1  0  8 -3    0   0   0   0   0   0   0   0   5   0   0   0   0  10   0   3   9   0  74   0  1.52 0.40
   36 N   -2 -2  6 -1 -3 -2 -2 -2 -1  0 -3  0 -3 -4 -3  0  3 -5 -3 -2    0   0  63   0   0   0   0   0   0   7   0   4   0   0   0   2  22   0   0   2  0.90 0.31
   37 R   -2  6 -1 -3  3  1 -2  1 -2 -4 -3  1 -3  0 -3 -2 -2  4 -2 -4    0  58   2   0   8   5   0  10   0   0   0   4   0   5   0   1   0   7   0   0  0.75 0.26
   38 R   -2  6  1 -2  2  0 -1 -2  1 -4 -3  1 -2 -3 -3  0 -2 -3 -1 -3    1  66   8   0   6   0   1   2   2   0   1   2   0   0   0   6   0   0   3   1  0.83 0.25
   39 Y   -3 -4 -4 -4 -3 -4 -4 -4 -2  0  0 -4 -1  8 -4 -3 -3  0  3 -1    1   0   0   0   0   0   1   1   0   3   4   0   0  78   0   1   0   0   7   2  1.30 0.31
   40 A    2 -3 -3 -3 -2 -2 -1 -2 -3  1  0 -2 -1 -2 -3 -1 -1 -4 -2  5   20   0   0   0   0   1   3   2   0   4   6   1   0   0   0   1   1   0   0  60  0.46 0.21
   41 P   -1 -2  6  0 -3 -1 -2 -2 -1 -3  0 -1 -1 -3 -1  1  0 -4 -3 -2    3   0  63   1   0   0   0   0   0   0  13   2   2   0   3   7   3   0   0   2  0.74 0.27
   42 H    1 -2 -1 -2 -1 -2 -2 -1  0  1  0 -1  1 -1 -2  0  0 -2 -2  3    9   1   3   1   0   1   1   5   3   7   2   4   3   2   1   9   5   0   1  41  0.18 0.12
   43 I    0 -3 -3 -3 -2 -2 -3 -3 -3  1  0 -3  2  0 -3 -1  2  2 -2  4    5   0   0   0   0   0   1   1   0   5   2   1   7   5   0   4  14   3   0  50  0.41 0.20
   44 L    0 -1 -1 -2 -2  1 -1 -1 -1  0  1 -1  0  0  0  0  2 -2 -1  1    9   1   3   1   0   9   2   4   1   2  19   2   1   4   4   3  17   0   1  17  0.08 0.08
   45 A    1 -1  0 -1 -1  0 -1  0 -2  0  1  0  1 -1 -1  0  1 -2 -2  0   21   1   6   2   0   3   1   8   0   2  18   6   6   1   3   6  11   0   1   4  0.07 0.06
   46 T   -1 -2 -2 -2 -3  0 -1 -2 -2 -2 -2 -2 -1  3  6 -1  1 -3 -1 -1    4   1   1   0   0   6   4   2   1   1   2   0   1  16  40   2  12   0   1   4  0.70 0.24
   47 D   -1 -1  0  0 -3  0 -2  4 -2 -2 -3  0 -3 -2 -1  0  2 -3 -3 -3    3   1   5   4   0   4   0  45   0   2   0   6   0   2   2   4  19   0   0   0  0.52 0.22
   48 P   -1 -2 -1 -1 -3 -1 -1  4 -2 -2 -2  0 -2  4  1 -1 -2 -2 -1 -2    3   1   2   2   0   2   4  36   0   2   3   8   0  26   6   1   1   0   1   2  0.42 0.18
   49 K   -1  2  0 -2 -3  1 -1  4 -2 -3 -3  3 -1 -3 -2  0 -2 -3 -3 -3    2   9   2   1   0   5   2  35   0   1   2  30   1   1   1   4   1   0   1   1  0.47 0.18
   50 K   -2  5 -2 -2 -4  0  1 -3 -2 -3 -3  4 -3 -4 -1 -2 -2 -4 -3 -1    0  40   0   0   0   2   8   1   0   0   2  38   0   0   2   0   1   0   0   6  0.80 0.31
   51 R   -2  5 -2 -3 -5  0 -1 -2  0 -4 -4  5 -3 -4 -1 -2 -2 -4 -3 -2    0  32   0   0   0   1   0   2   2   0   0  54   0   0   2   1   1   0   0   3  0.96 0.36
   52 K   -2  4 -2 -3 -2 -1 -2 -3 -2 -2 -1  4  5 -3 -1 -2 -1 -4 -3 -1    1  26   0   0   1   0   0   1   0   0   4  38  20   0   3   0   2   0   0   3  0.63 0.31
   53 S   -2 -3  4 -1 -4 -3 -3  5 -3 -4 -5 -3 -4 -5 -4  1 -2 -5 -4 -5    0   0  30   1   0   0   0  60   0   1   0   0   0   0   0   8   1   0   0   0  1.16 0.37
   54 P    0 -4 -1 -3 -5 -2 -2 -4 -4 -5 -5 -3 -4 -6  8 -2 -3 -6 -5 -4    6   0   4   0   0   1   2   0   0   0   0   0   0   0  85   2   0   0   0   0  2.25 0.51
   55 N   -1 -2  7  0 -4  0 -2 -2 -1 -5 -5 -2 -4 -5 -2  1 -2 -5 -1 -5    3   0  78   1   0   3   0   1   0   0   0   0   0   0   2   9   0   0   2   0  1.37 0.43
   56 W    3 -3 -2 -3  0 -2 -2 -1 -3 -3 -2 -2 -2 -2  3  3  0  4 -2 -2   35   0   0   0   2   1   0   3   0   0   4   0   0   2  17  28   3   6   0   0  0.52 0.24
   57 H   -2 -1  6 -1 -4  2 -1  0  2 -4 -3  0 -3 -4 -1  1  0 -4 -3 -3    1   0  50   1   0  10   1   5   6   0   2   6   0   0   3  11   4   0   0   1  0.66 0.26
   58 A    3 -2 -1 -2 -2 -1 -1 -2 -3 -3 -3 -2 -3 -3  0  5  0 -4 -3 -1   30   0   0   0   0   1   2   0   0   0   0   0   0   1   3  57   1   0   0   5  0.68 0.28
   59 G    3  0  0  0 -2 -1 -1  3 -2 -3 -3  1 -2 -3  0  0 -1 -3 -3 -2   35   4   5   4   0   0   0  30   0   0   0  11   0   0   4   4   2   0   0   0  0.36 0.08
   60 K   -1  3 -1 -1 -3  2  0 -2  2 -3 -3  5  0 -3 -2 -1 -1 -3 -2 -3    4  18   0   0   0   6   0   0   8   0   0  60   4   0   0   0   0   0   0   0  0.53 0.09
   61 K   -1  1 -1 -1 -3  2  1 -2 -1 -2  0  4 -1 -2 -2 -1 -1 -2  1 -2    0   0   0   0   0  12   8   0   0   0  12  59   0   0   0   0   0   0   9   0  0.34 0.05
   62 E   -2 -1  1  5 -4  1  4 -2 -1 -4 -4  0 -3 -4 -2  0 -1 -4 -3 -3    0   0   0  58   0   0  42   0   0   0   0   0   0   0   0   0   0   0   0   0  0.79 0.04
   63 K   -1  0 -2 -2 -2  0 -1 -3 -2  0  3  2  3 -1 -2 -1 -1 -2 -1  0    0   0   0   0   0   0   0   0   0   0  45  36  19   0   0   0   0   0   0   0  0.20 0.01
   64 M   -1 -3 -3 -3 -1 -2 -3 -4 -3  4  2 -3  3  0 -3 -2 -1 -3 -1  2    0   0   0   0   0   0   0   0   0  83   0   0  17   0   0   0   0   0   0   0  0.35 0.01
   65 D   -1 -1  0  4 -4  1  4 -2  0 -3 -3  0 -2 -4 -1  0 -1 -3 -2 -3    0   0   0  31   0   0  69   0   0   0   0   0   0   0   0   0   0   0   0   0  0.68 0.01
   66 A    3 -2 -1 -2 -1 -1 -1  3 -2 -2 -2 -1 -2 -3 -1  1 -1 -3 -2 -1   65   0   0   0   0   0   0  35   0   0   0   0   0   0   0   0   0   0   0   0  0.43 0.00
   67 A    4 -1 -2 -2  0 -1 -1  0 -2 -1 -2 -1 -1 -2 -1  1  0 -3 -2  0  100   0   0   0   0   0   0   0   0   0   0   0   0   0   0   0   0   0   0   0  0.40 0.00
   68 A    4 -1 -2 -2  0 -1 -1  0 -2 -1 -2 -1 -1 -2 -1  1  0 -3 -2  0  100   0   0   0   0   0   0   0   0   0   0   0   0   0   0   0   0   0   0   0  0.40 0.00

                      K         Lambda
Standard Ungapped    0.1273     0.3114
Standard Gapped      0.0442     0.2670
PSI Ungapped         0.1441     0.3055
PSI Gapped           0.0442     0.2670
