
Last position-specific scoring matrix computed, weighted observed percentages rounded down, information per position, and relative weight of gapless real matches to pseudocounts
           A  R  N  D  C  Q  E  G  H  I  L  K  M  F  P  S  T  W  Y  V   A   R   N   D   C   Q   E   G   H   I   L   K   M   F   P   S   T   W   Y   V
    1 T    0 -1  0 -1 -1 -1 -1 -2 -2 -1 -2 -1 -1 -2 -1  2  5 -3 -2  0    0   0   0   0   0   0   0   0   0   0   0   0   0   0   0  15  85   0   0   0  0.47 0.02
    2 Q   -1 -1  0  4 -4  2  5 -2 -1 -4 -3  0 -2 -4 -2  0 -1 -3 -3 -3    0   0   0  26   0  10  59   0   0   0   0   0   0   0   0   5   1   0   0   0  0.65 0.04
    3 P   -1 -3 -3 -3 -1 -3 -3 -3 -3  3  1 -3  0 -1  2 -2  0 -3 -2  3    2   0   0   0   0   0   0   0   0  37   0   0   0   0  11   0   1   0   0  48  0.37 0.04
    4 K   -1  2 -1 -1 -4  1  0 -2 -1 -3 -3  6 -1 -4 -1 -1 -1 -3 -2 -3    1   0   0   0   0   2   0   0   0   0   0  95   1   0   0   0   0   0   0   0  0.68 0.06
    5 L   -2 -3 -4 -4 -2 -3 -3 -4 -3  1  5 -3  2  0 -3 -3 -2 -2 -1  1    0   0   0   0   0   0   0   0   0   2  98   0   0   0   0   0   0   0   0   0  0.60 0.05
    6 F   -3 -3 -4 -4 -3 -4 -4 -4 -2 -1  0 -4  0  7 -4 -3 -3  1  3 -1    0   0   0   0   0   0   0   0   0   0   0   0   0  99   0   0   0   0   1   0  1.05 0.07
    7 G   -1 -2  4 -1 -3 -1 -2  5 -1 -4 -4 -1 -3 -4 -3  0 -1 -3 -3 -4    0   0  32   0   0   0   0  68   0   0   0   0   0   0   0   0   0   0   0   0  0.83 0.05
    8 K   -1  5 -1 -2  0  1  0 -2 -1 -3 -3  4 -2 -3 -2 -1 -1 -3 -2 -3    0  49   0   0   3   0   0   0   0   0   0  49   0   0   0   0   0   0   0   0  0.64 0.05
    9 W   -3 -4 -5 -5 -3 -3 -4 -3 -3 -3 -2 -4 -2  0 -5 -4 -3 12  2 -4    0   0   0   0   0   0   0   0   0   0   0   0   0   0   0   0   0 100   0   0  2.87 0.11
   10 N    1 -1  2  0 -1  0 -1 -1 -1 -3 -3 -1 -2 -3 -1  4  2 -3 -2 -2    1   0  11   1   0   0   0   0   0   0   0   0   0   0   2  72  12   0   0   0  0.46 0.05
   11 Y   -1 -2 -2 -3  3 -2 -2 -3 -1 -1  0 -2  0  4  0  0  0  0  4 -1    0   0   0   0  10   0   0   0   0   0   4   0   1  35   4  13   7   0  25   0  0.36 0.03
   12 D   -1 -1  1  5 -4  0  3 -1  0 -3 -4 -1 -3 -3 -2  0 -1 -4 -2 -3    4   0   0  62   0   1  24   1   2   0   0   0   0   0   0   4   0   0   1   0  0.69 0.04
   13 E   -2 -1  1  6 -4  0  3 -1 -1 -4 -4 -1 -3 -4 -2  0 -1 -4 -3 -3    0   0   0  66   0   0  27   4   0   0   0   0   0   0   0   3   0   0   0   0  0.79 0.05
   14 V   -1 -3 -3 -4 -1 -3 -3 -4 -4  3  1 -3  1 -1 -3 -2  0 -3 -2  4    0   0   0   0   0   0   0   0   0  18   1   0   0   0   0   0   0   0   0  81  0.48 0.05
   15 K   -1  1  1  1 -3  4  3 -2  2 -3 -3  1 -1 -3 -2  0  0 -3 -2 -2    1   2   8   3   0  36  28   0   5   0   0   7   2   0   0   1   6   0   0   0  0.42 0.03
   16 I   -1 -3 -3 -4  0 -3 -3 -4 -4  4  1 -3  1 -1 -3 -2 -1 -3 -2  4    0   0   0   0   2   0   0   0   0  34   1   0   0   0   0   0   0   0   0  63  0.44 0.04
   17 Q    0  0  3  0 -2  1  0  0  0 -3 -3  1 -2 -3 -2  3  1 -3 -2 -2    0   3  25   0   0   9   2   5   1   0   0   9   0   0   0  40   5   0   0   0  0.33 0.03
   18 D   -2 -2  1  7 -4 -1  1 -2 -2 -4 -4 -1 -4 -4 -2 -1 -2 -5 -4 -4    0   0   0  98   0   0   2   0   0   0   0   0   0   0   0   0   0   0   0   0  1.15 0.07
   19 P   -2 -3 -3 -3 -2 -2 -3 -4 -3  4  2 -3  3  0  1 -2 -1  1 -2  2    0   0   0   0   0   0   0   0   0  67   6   0  17   0   7   0   0   2   0   1  0.38 0.04
   20 C    1 -1  0 -1  3 -1 -1  0 -1 -3 -3 -1 -2 -3 -1  5  1 -3 -2 -2    1   0   0   0   9   0   0   2   0   0   0   0   0   0   0  86   2   0   0   0  0.52 0.06
   21 F   -2 -3 -4 -4 -2 -3 -3 -4 -3  1  4 -3  2  2 -3 -3 -2 -2 -1  1    0   0   0   0   0   0   0   0   0   0  90   0   0   7   0   0   0   0   0   3  0.53 0.05
   22 Q    0  0  1  0 -2  3  2 -1  1 -1 -2  0 -1 -3 -2  1  2 -3 -2  0   10   0   6   0   0  29  14   1   3   1   0   2   0   0   0   4  20   0   0  10  0.22 0.02
   23 N   -2 -2  2  6 -4 -1  1 -2 -1 -4 -4 -1 -4 -4 -2 -1 -1 -5 -4 -4    0   0   7  93   0   0   0   0   0   0   0   0   0   0   0   0   0   0   0   0  1.08 0.06
   24 Y   -2 -2 -3 -4 -3 -2 -3 -4  1 -2 -2 -2 -2  3 -4 -2 -2  2  8 -2    0   0   0   0   0   0   0   0   0   0   0   0   0   0   0   0   0   0 100   0  1.25 0.09
   25 I   -2 -3 -4 -4 -2 -3 -4 -4 -4  5  2 -3  1  0 -3 -3 -1 -3 -2  2    0   0   0   0   0   0   0   0   0  88   8   0   0   0   0   0   0   0   0   4  0.54 0.05
   26 A    4 -2 -2 -2 -1  0 -1  1 -2 -2 -2 -1 -1 -3  1  1  0 -3 -2 -1   71   0   0   0   0   5   0  10   0   0   0   0   2   0   7   2   3   0   0   0  0.37 0.04
   27 C    0 -3 -3 -4  4 -3 -3 -3 -3  2  0 -3  0 -1 -3 -2  0 -3 -2  4    2   0   0   0  13   0   0   0   0   8   0   0   0   0   0   0   0   0   0  77  0.42 0.05
   28 T   -1  1  1 -1 -3  1  0 -2 -1 -2 -2  4 -1 -3 -1  0  1 -3 -2 -2    2   0   7   0   0   4   0   1   0   2   1  65   0   0   0   3  13   0   0   2  0.36 0.04
   29 T    0  0  0  0 -1  1  0  0 -1 -1 -1  0 -1 -1  4  0  1 -1 -1 -1    6   2   2   3   1  10   7   5   1   2   6   4   1   2  21   7  14   1   2   4  0.22 0.01
   30 T    0  0  1  2 -2  1  3  0 -1 -2 -2  0 -1 -2  0  1  1 -2 -2 -1    8   1   5  12   0   2  30   5   0   1   2   5   2   1   3   8  12   0   1   3  0.21 0.01
   31 K   -1  3  0 -1 -3  1  1 -2 -1 -3 -3  5 -2 -3 -1 -1 -1 -3 -2 -3    0   8   2   0   0   2   2   0   0   0   0  85   0   0   0   0   0   0   0   0  0.61 0.05
   32 S   -1 -1  0 -2 -3  0 -1 -1  5 -2 -2 -1 -2  2 -2  1 -1  0  5 -2    4   1   4   0   0   2   0   4  28   0   0   0   0   8   0  15   1   0  32   0  0.38 0.04
   33 Q    4 -1 -2 -2  0  1 -1 -1 -2 -2 -2  0 -1 -1  2  1  0 -2 -1 -1   66   0   0   0   2   7   0   0   0   0   0   2   0   4   8   5   0   0   2   0  0.31 0.03
   34 V    0  1 -1 -2 -2  0 -1 -2 -2  1 -1  2  0 -2 -2  0  2 -3 -2  2    2   9   0   0   0   3   0   0   0   5   0  25   1   0   0   0  26   0   0  28  0.16 0.02
   35 F   -2 -3 -3 -4 -3 -2 -3 -4  1 -1 -1 -3 -1  5 -4 -2 -2  3  7 -2    0   0   0   0   0   0   0   0   0   0   0   0   0  36   0   0   0   2  62   0  0.93 0.06
   36 V   -1 -3 -3 -4 -1 -2 -3 -4 -3  2  3 -3  2  0 -3 -2  0 -2 -1  3    0   0   0   0   0   0   0   0   0   6  59   0   1   0   0   0   3   0   0  31  0.38 0.03
   37 P   -1 -3 -2 -2 -3 -2 -2 -3 -3 -3 -3 -2 -3 -4  8 -1 -1 -4 -4 -3    0   0   2   0   0   0   0   0   0   0   0   0   0   0  97   0   2   0   0   0  2.12 0.08
   38 H   -2 -1  0 -2 -4  0 -1 -3  9 -4 -4 -1 -2 -2 -3 -1 -2 -3  1 -4    0   0   0   0   0   0   0   0 100   0   0   0   0   0   0   0   0   0   0   0  1.35 0.09
   39 T    0 -1  0 -1 -1 -1 -1 -1 -2 -2 -2 -1 -1 -3 -1  3  4 -3 -2 -1    0   0   0   0   0   0   0   0   0   0   0   0   0   0   0  40  60   0   0   0  0.51 0.05
   40 A    4 -2 -2 -2 -1  0 -1  0 -2 -2 -2 -1 -1 -3 -1  2  0 -3 -2 -1   84   0   0   0   0   6   0   0   0   0   0   0   0   0   0  10   0   0   0   0  0.47 0.05
   41 G    0 -3 -1 -2 -3 -2 -3  6 -3 -4 -4 -2 -3 -4 -3 -1 -2 -3 -4 -4    2   0   0   0   0   0   0  98   0   0   0   0   0   0   0   0   0   0   0   0  1.20 0.06
   42 R   -2  7 -1 -2 -4  1 -1 -3 -1 -4 -3  2 -2 -3 -3 -1 -2 -3 -2 -3    0 100   0   0   0   0   0   0   0   0   0   0   0   0   0   0   0   0   0   0  1.01 0.07
   43 Y   -2 -2 -3 -4 -3 -2 -3 -4  1 -2 -1 -3 -1  3 -4 -2 -2  3  8 -2    0   0   0   0   0   0   0   0   0   0   0   0   0   7   0   0   0   3  90   0  1.14 0.08
   44 Q    2  0  0 -1 -2  4  1 -1 -1 -3 -2  0 -1 -3 -1  2  0 -3 -2 -2   33   0   4   0   0  42   0   0   0   0   0   0   0   0   0  21   0   0   0   0  0.37 0.04
   45 V    2 -1 -2 -2 -1  0 -1 -2 -1  1 -1  2  0 -2 -2  0  0 -3 -2  2   27   0   0   0   0   3   0   0   1   2   0  21   2   0   0   4   1   0   0  39  0.14 0.03
   46 K   -1  3 -1 -1 -4  1  0 -2 -1 -3 -3  5 -2 -4 -2 -1 -1 -3 -2 -3    0  10   0   0   0   0   0   0   0   0   0  90   0   0   0   0   0   0   0   0  0.69 0.06
   47 K   -2  6 -1 -2 -4  1  0 -3 -1 -4 -3  2 -2 -3 -3 -1 -2 -1 -2 -3    0  92   0   0   0   0   0   0   0   0   0   7   0   0   0   0   0   1   0   0  0.91 0.06
   48 F   -3 -3 -4 -4 -3 -4 -4 -4 -2 -1  0 -4  0  7 -4 -3 -3  1  3 -1    0   0   0   0   0   0   0   0   0   0   0   0   0 100   0   0   0   0   0   0  1.07 0.07
   49 R   -2  7 -1 -2 -4  1 -1 -3 -1 -4 -3  2 -2 -3 -3 -1 -2 -3 -2 -3    0 100   0   0   0   0   0   0   0   0   0   0   0   0   0   0   0   0   0   0  1.01 0.07
   50 K   -1  2 -1 -1 -4  1  0 -2 -1 -3 -3  6 -2 -4 -1 -1 -1 -4 -2 -3    0   0   0   0   0   0   0   0   0   0   0 100   0   0   0   0   0   0   0   0  0.74 0.07
   51 T    5 -2 -2 -2 -1 -1 -1  0 -2 -2 -2 -1 -1 -3 -1  1  1 -3 -2  0   88   0   0   0   0   0   0   0   0   0   0   0   0   0   0   2   8   0   0   1  0.49 0.05
   52 Q   -1  0  0 -1 -3  6  1 -2  0 -2 -1  1  1 -3 -2 -1 -1 -2 -2 -2    1   0   1   0   0  86   0   0   0   0   6   0   4   0   0   0   1   0   0   0  0.70 0.07
   53 C   -1 -4 -3 -4 10 -4 -4 -3 -4 -2 -2 -4 -2 -3 -4 -1 -1 -3 -3 -1    0   0   0   0 100   0   0   0   0   0   0   0   0   0   0   0   0   0   0   0  1.74 0.09
   54 P   -1 -3 -3 -2 -3 -2 -2 -3 -3 -3 -4 -2 -3 -4  8 -1 -2 -4 -4 -3    0   0   0   0   0   0   0   0   0   0   0   0   0   0 100   0   0   0   0   0  2.24 0.08
   55 I   -2 -3 -4 -4 -2 -3 -4 -4 -4  5  2 -3  1 -1 -3 -3 -1 -3 -2  2    0   0   0   0   0   0   0   0   0  93   4   0   0   0   0   0   0   0   0   2  0.57 0.06
   56 V   -1 -3 -3 -4 -1 -3 -3 -4 -4  3  1 -3  0 -1 -3 -2  0 -3 -2  5    0   0   0   0   0   0   0   0   0   9   0   0   0   0   0   0   0   0   0  91  0.51 0.05
   57 E   -1 -1 -1  1 -4  2  6 -3 -1 -4 -3  0 -3 -4 -2 -1 -1 -3 -3 -3    0   0   0   0   0   0 100   0   0   0   0   0   0   0   0   0   0   0   0   0  0.95 0.07
   58 R   -2  7 -1 -2 -4  1 -1 -3 -1 -4 -3  2 -2 -3 -3 -1 -2 -3 -2 -3    0 100   0   0   0   0   0   0   0   0   0   0   0   0   0   0   0   0   0   0  1.01 0.07
   59 L   -2 -3 -4 -4 -2 -2 -3 -4 -3  2  4 -3  2  0 -3 -3 -1 -2 -1  1    0   0   0   0   0   0   0   0   0   5  88   0   4   0   0   0   0   0   0   4  0.53 0.04
   60 I    1 -2 -1 -2  3 -2 -2 -2 -2  1 -1 -1  0 -2 -2  0  4 -3 -2  2   10   0   0   0   7   0   0   0   0   7   0   0   0   0   0   0  55   0   0  20  0.30 0.04
   61 G   -1 -1  6  1  4 -1 -1  1  0 -3 -3 -1 -2 -3 -3  0  0 -4 -3 -2    0   0  70   1  17   0   0   7   0   0   0   0   0   0   0   2   2   0   0   1  0.62 0.05
   62 T    1 -1  0 -1 -1 -1 -1  0 -1 -3 -3 -1 -2 -3 -1  5  2 -3 -2 -2    1   0   0   0   0   0   0   2   0   0   0   0   0   0   0  88   8   0   0   0  0.56 0.06
   63 L   -2 -2 -4 -4 -2 -2 -3 -4 -3  1  4 -3  4  0 -3 -3 -1 -2 -1  1    0   0   0   0   0   0   0   0   0   0  79   0  21   0   0   0   0   0   0   0  0.52 0.05
   64 M   -2 -2 -3 -4 -2 -1 -3 -3 -2  1  2 -2  8 -1 -3 -2 -1 -2 -2  0    0   0   0   0   0   1   0   0   0   0   0   0  99   0   0   0   0   0   0   0  0.78 0.09
   65 F   -2 -1 -3 -4 -2 -1 -3 -3 -2  1  1 -2  7  2 -3 -2 -1 -2 -1  0    0   3   0   0   0   0   0   0   0   0   0   0  89   9   0   0   0   0   0   0  0.64 0.08
   66 H   -2 -1  1 -2 -4  0 -1 -3  9 -4 -3  0 -2 -2 -3 -1 -2 -3  1 -4    0   0   4   0   0   0   0   0  92   0   0   4   0   0   0   0   0   0   0   0  1.18 0.08
   67 G    0 -3 -1 -2 -3 -2 -3  6 -3 -4 -4 -2 -3 -4 -3 -1 -2 -3 -4 -4    0   0   0   0   0   0   0 100   0   0   0   0   0   0   0   0   0   0   0   0  1.23 0.06
   68 R   -2  7 -1 -2 -4  1 -1 -3 -1 -4 -3  2 -2 -3 -3 -1 -2 -3 -2 -3    0 100   0   0   0   0   0   0   0   0   0   0   0   0   0   0   0   0   0   0  1.01 0.07
   69 N   -2 -1  7  1 -3  0 -1 -1  0 -4 -4 -1 -3 -4 -3  0  0 -4 -3 -3    0   0  96   2   0   0   0   0   0   0   0   0   0   0   0   2   0   0   0   0  0.96 0.07
   70 A   -1 -1  6  1 -3  0 -1 -1  0 -4 -4 -1 -3 -4 -2  0  0 -4 -3 -3    7   0  90   0   0   0   0   0   0   0   0   0   0   0   0   1   2   0   0   0  0.84 0.07
   71 G    0 -3 -1 -2 -3 -2 -3  6 -3 -4 -4 -2 -3 -4 -3 -1 -2 -3 -4 -4    0   0   0   0   0   0   0 100   0   0   0   0   0   0   0   0   0   0   0   0  1.23 0.06
   72 K   -1  2 -1 -1 -4  1  0 -2 -1 -3 -3  6 -2 -4 -1 -1 -1 -4 -2 -3    0   0   0   0   0   0   0   0   0   0   0 100   0   0   0   0   0   0   0   0  0.74 0.07
   73 K   -1  2 -1 -1 -4  1  0 -2 -1 -3 -3  6 -2 -4 -1 -1 -1 -4 -2 -3    0   0   0   0   0   0   0   0   0   0   0 100   0   0   0   0   0   0   0   0  0.74 0.07
   74 A    0 -2 -3 -4 -1 -2 -3 -3 -3  2  4 -3  2  0 -3 -2 -1 -2 -1  1    7   0   0   0   0   0   0   0   0   9  77   0   3   0   0   0   2   0   0   2  0.41 0.04
   75 L   -1 -2 -3 -4 -2 -1 -2 -3 -2  1  3 -1  7  0 -3 -2 -1 -2 -2  0    0   0   0   0   0   0   0   0   0   0  23   5  71   0   0   0   0   0   0   0  0.52 0.07
   76 C    4 -2 -2 -2  3 -1 -1  0 -2 -2 -2 -1 -1 -3 -1  1  1 -3 -2 -1   77   0   0   0   9   0   0   0   0   0   0   0   0   0   0   2  13   0   0   0  0.42 0.05
   77 I    0 -3 -3 -3  1 -2 -3 -3 -3  3  1 -3  1 -1 -3 -2  0 -3 -2  4    2   0   0   0   3   0   0   1   0   9   2   0   5   0   0   2   1   0   0  76  0.37 0.04
   78 K   -2  6 -1 -2 -4  1  0 -3 -1 -3 -3  2 -2 -3 -2 -1 -1 -3 -2 -3    0  85   0   0   0   2   0   0   0   0   0   9   0   0   0   2   3   0   0   0  0.82 0.06
   79 V   -2 -4 -4 -4 -2 -3 -4 -4 -4  5  1 -3  1 -1 -3 -3 -1 -3 -2  3    0   0   0   0   0   0   0   0   0  93   0   0   0   0   0   0   0   0   0   7  0.57 0.06
   80 V   -1 -3 -3 -4 -1 -3 -3 -4 -4  3  1 -3  1 -1 -3 -2  0 -3 -2  4    0   0   0   0   0   0   0   0   0  17   0   0   2   0   0   0   0   0   0  81  0.47 0.05
   81 K   -1  3 -1 -1 -3  2  0 -2 -1 -3 -3  5 -2 -4 -1 -1 -1 -3 -2 -3    3   8   0   0   0   5   0   0   0   0   0  83   0   0   0   0   0   0   0   0  0.62 0.05
   82 N   -2 -1  2 -1 -4  1  0 -2  9 -4 -3 -1 -2 -2 -3 -1 -2 -3  1 -4    0   0   7   2   0   3   0   0  88   0   0   0   0   0   0   0   0   0   0   0  1.11 0.08
   83 A    4 -2 -2 -2  0 -1 -1  0 -2 -2 -2 -1 -1 -3 -1  1  1 -3 -2 -1   81   0   0   0   2   0   0   0   0   0   0   0   0   0   0   8   9   0   0   0  0.44 0.05
   84 F   -2 -3 -3 -4 -3 -3 -3 -4 -2  0  1 -3  4  6 -4 -3 -2  0  2 -1    0   0   0   0   0   0   0   0   0   0   1   0  23  76   0   0   0   0   0   0  0.74 0.06
   85 E   -1 -1 -1  2 -4  2  6 -3 -1 -4 -3  0 -3 -4 -2 -1 -1 -3 -3 -3    0   0   0   5   0   0  95   0   0   0   0   0   0   0   0   0   0   0   0   0  0.90 0.07
   86 I   -2 -4 -4 -4 -2 -3 -4 -4 -4  5  1 -3  1 -1 -3 -3 -1 -3 -2  3    0   0   0   0   0   0   0   0   0  95   0   0   0   0   0   0   0   0   0   5  0.59 0.06
   87 I   -2 -3 -4 -4 -2 -3 -4 -4 -4  5  1 -3  1 -1 -3 -3 -1 -3 -2  3    0   0   0   0   0   0   0   0   0  92   0   0   1   0   0   0   0   0   0   7  0.56 0.06
   88 H   -2 -1  1 -1 -4  0 -1 -3  9 -4 -3 -1 -2 -1 -3 -1 -2 -2  2 -4    0   0   7   0   0   0   0   0  87   0   0   0   0   1   0   0   0   0   5   0  1.10 0.08
   89 L   -2 -3 -4 -4 -2 -3 -3 -4 -3  1  5 -3  2  0 -3 -3 -2 -2 -1  1    0   0   0   0   0   0   0   0   0   2  98   0   0   0   0   0   0   0   0   0  0.60 0.05
   90 V   -2 -2 -4 -4 -2 -2 -3 -4 -2  1  4 -3  3  0 -3 -3 -1 -2 -1  1    0   0   0   0   0   0   0   0   2   1  84   0   6   0   0   0   0   0   0   7  0.49 0.04
   91 T    0 -2  0 -1 -1 -1 -1 -2 -2 -1 -2 -1 -1 -3 -2  1  6 -3 -2 -1    2   0   0   0   0   0   0   0   0   0   0   0   0   0   0   5  93   0   0   0  0.65 0.07
   92 G   -1 -2  1  5 -3 -1  0  4 -2 -4 -4 -1 -3 -4 -2  0 -1 -4 -3 -4    0   0   5  52   0   0   1  41   0   0   0   0   0   0   0   1   0   0   0   0  0.70 0.04
   93 R    0  2 -1  0 -3  3  4 -2  0 -3 -2  2 -1 -3 -1  0 -1 -3 -2 -2   11  10   0   0   0  26  40   0   0   0   2   8   0   0   0   3   0   0   0   0  0.43 0.03
   94 N   -2 -1  7  1 -3  0 -1 -1  0 -4 -4 -1 -3 -4 -3  0  0 -4 -3 -4    0   0 100   0   0   0   0   0   0   0   0   0   0   0   0   0   0   0   0   0  1.02 0.08
   95 P   -1 -3 -3 -2 -3 -2 -2 -3 -3 -3 -4 -2 -3 -4  8 -1 -2 -4 -4 -3    0   0   0   0   0   0   0   0   0   0   0   0   0   0 100   0   0   0   0   0  2.24 0.08
   96 L   -1 -3 -4 -4 -1 -3 -3 -4 -3  3  3 -3  1  0 -3 -3 -1 -2 -1  2    0   0   0   0   0   0   0   0   0  37  47   0   0   0   0   0   0   0   0  16  0.41 0.03
   97 E   -1  1  0 -1 -4  6  2 -2  0 -3 -3  1 -1 -4 -2 -1 -1 -3 -2 -3    0   0   0   0   0  93   7   0   0   0   0   0   0   0   0   0   0   0   0   0  0.89 0.08
   98 V   -1 -3 -3 -4 -1 -3 -3 -4 -4  3  1 -3  0 -1 -3 -2  0 -3 -2  5    0   0   0   0   0   0   0   0   0  13   0   0   0   0   0   0   0   0   0  87  0.50 0.05
   99 F   -1 -3 -3 -4 -2 -2 -3 -4 -2  2  3 -3  1  2 -2 -2 -1 -1  2  1    3   0   0   0   0   0   0   0   0  22  45   0   0  11   1   0   2   0   8   9  0.28 0.02
  100 V   -1 -3 -3 -4  0 -3 -3 -4 -4  2  0 -3  0 -1 -3 -2  0 -3 -2  5    0   0   0   0   2   0   0   0   0   1   0   0   0   0   0   0   0   0   0  97  0.52 0.06
  101 G   -2 -1  3  5 -3  0  1  1  0 -4 -4  0 -3 -4 -2  0  0 -4 -3 -3    0   0  26  51   0   3   5   8   1   0   0   2   0   0   0   2   2   0   0   0  0.59 0.04
  102 A    5 -2 -2 -2 -1 -1 -1  0 -2 -2 -2 -1 -1 -3 -1  1  0 -3 -2 -1  100   0   0   0   0   0   0   0   0   0   0   0   0   0   0   0   0   0   0   0  0.58 0.06
  103 V   -1 -3 -4 -4 -1 -3 -3 -4 -4  4  1 -3  1 -1 -3 -2 -1 -3 -2  4    0   0   0   0   0   0   0   0   0  61   0   0   0   0   0   0   0   0   0  39  0.48 0.04
  104 Q   -1 -2 -3 -3 -2  0 -1 -3 -3  4  1 -1  1 -1 -3 -2 -1 -3 -2  2    2   0   0   0   0   9   2   0   0  63   2   5   1   0   0   1   1   0   0  15  0.26 0.03
  105 N   -2 -1  7  1 -3  0 -1 -1  0 -4 -4 -1 -3 -3 -3  0  0 -4 -2 -3    2   0  97   0   0   0   0   0   0   0   0   0   0   0   0   0   0   0   1   0  0.95 0.07
  106 A    2 -1  0 -1  3 -1 -1  1 -2 -3 -3 -1 -2 -3 -1  4  1 -3 -2 -2   13   0   0   0   9   0   0  10   0   0   0   0   0   0   0  66   2   0   0   0  0.41 0.04
  107 G    0 -3 -1 -2 -3 -2 -3  6 -3 -4 -4 -2 -3 -4 -3 -1 -2 -3 -4 -4    0   0   0   0   0   0   0 100   0   0   0   0   0   0   0   0   0   0   0   0  1.23 0.06
  108 P   -1 -3 -3 -2 -3 -2 -2 -3 -3 -3 -3 -2 -3 -4  8 -1 -2 -4 -4 -2    0   0   0   0   0   0   0   0   0   0   0   0   0   0  98   0   0   0   0   2  2.17 0.08
  109 R   -2  7 -1 -2 -4  1 -1 -3 -1 -4 -3  2 -2 -3 -3 -1 -2 -3 -2 -3    0 100   0   0   0   0   0   0   0   0   0   0   0   0   0   0   0   0   0   0  1.01 0.07
  110 E   -1 -1 -1  1 -4  2  6 -3 -1 -4 -3  0 -3 -4 -2 -1 -1 -3 -3 -3    0   0   0   0   0   0 100   0   0   0   0   0   0   0   0   0   0   0   0   0  0.95 0.07
  111 D   -2 -2  1  7 -4 -1  1 -2 -2 -4 -4 -1 -4 -4 -2 -1 -2 -5 -4 -4    0   0   0 100   0   0   0   0   0   0   0   0   0   0   0   0   0   0   0   0  1.18 0.07
  112 S    3 -1  0 -1 -1 -1 -1  0 -1 -2 -3 -1 -2 -3 -1  4  1 -3 -2 -1   31   0   0   0   0   0   0   0   0   0   0   0   0   0   0  69   0   0   0   0  0.47 0.05
  113 T    0 -2  0 -2 -1 -1 -1 -2 -2 -1 -2 -1 -1 -3 -2  1  6 -3 -2  0    0   0   0   0   0   0   0   0   0   0   0   0   0   0   0   0 100   0   0   0  0.71 0.07
  114 R   -2  7 -1 -2 -4  1 -1 -3 -1 -4 -3  2 -2 -3 -3 -1 -2 -3 -2 -3    0 100   0   0   0   0   0   0   0   0   0   0   0   0   0   0   0   0   0   0  1.01 0.07
  115 I   -2 -4 -4 -4 -2 -3 -4 -4 -4  5  1 -3  1 -1 -3 -3 -1 -3 -2  3    0   0   0   0   0   0   0   0   0  92   0   0   0   0   0   0   0   0   0   8  0.57 0.06
  116 G    0 -3 -1 -2 -3 -2 -3  6 -3 -4 -4 -2 -3 -4 -3 -1 -2 -3 -4 -4    0   0   0   0   0   0   0 100   0   0   0   0   0   0   0   0   0   0   0   0  1.23 0.06
  117 T    0  4  0 -1 -2  0  0 -1 -1 -3 -3  1 -2 -3 -2  3  1 -3 -2 -2    0  38   0   0   0   0   0   3   0   0   0   0   0   0   0  52   7   0   0   0  0.42 0.04
  118 A    5 -2 -2 -2 -1  1 -1  0 -2 -2 -2 -1 -1 -3 -1  1  0 -3 -2 -1   90   0   0   0   0   7   0   3   0   0   0   0   0   0   0   0   0   0   0   0  0.49 0.05
  119 G    0 -3 -1 -2 -3 -2 -3  6 -3 -4 -4 -2 -3 -4 -3 -1 -2 -3 -4 -4    0   0   0   0   0   0   0 100   0   0   0   0   0   0   0   0   0   0   0   0  1.23 0.06
  120 V    0 -2 -1 -2 -1 -2 -2 -2 -3  1  0 -2  0 -2 -2  0  4 -3 -2  3    4   0   0   0   0   0   0   0   0   0   0   0   0   0   0   0  53   0   0  43  0.35 0.04
  121 V   -1 -3 -3 -4 -1 -3 -3 -4 -4  3  1 -3  0 -1 -3 -2  0 -3 -2  5    0   0   0   0   0   0   0   0   0   4   0   0   0   0   0   0   0   0   0  96  0.53 0.06
  122 R   -2  7 -1 -2 -4  1 -1 -3 -1 -4 -3  2 -2 -3 -3 -1 -2 -3 -2 -3    0 100   0   0   0   0   0   0   0   0   0   0   0   0   0   0   0   0   0   0  1.01 0.07
  123 K   -2  6 -1 -2 -4  1  0 -3 -1 -4 -3  2 -2 -3 -3 -1 -2 -3 -2 -3    0  93   0   0   0   0   0   0   0   0   0   7   0   0   0   0   0   0   0   0  0.93 0.07
  124 Q   -1  1  0 -1 -4  7  2 -2  0 -3 -3  1 -1 -4 -2 -1 -1 -3 -2 -3    0   0   0   0   0 100   0   0   0   0   0   0   0   0   0   0   0   0   0   0  0.96 0.08
  125 A    5 -2 -2 -2 -1 -1 -1  0 -2 -2 -2 -1 -1 -3 -1  1  0 -3 -2 -1   98   0   0   0   0   0   0   0   0   0   0   0   0   0   0   2   0   0   0   0  0.57 0.06
  126 V   -1 -3 -3 -4  2 -3 -3 -4 -4  2  0 -3  0 -1 -3 -2  0 -3 -2  5    0   0   0   0   4   0   0   0   0   0   0   0   0   0   0   0   0   0   0  96  0.51 0.06
  127 D   -2 -2  1  7 -4 -1  1 -2 -2 -4 -4 -1 -4 -4 -2 -1 -2 -5 -4 -4    0   0   0 100   0   0   0   0   0   0   0   0   0   0   0   0   0   0   0   0  1.18 0.07
  128 V   -1 -3 -3 -4 -1 -3 -3 -4 -4  3  1 -3  1 -1 -3 -2 -1 -3 -2  4    0   0   0   0   0   0   0   0   0  25   1   0   0   0   0   0   0   0   0  73  0.46 0.05
  129 A    2 -1  0 -1 -1 -1 -1 -1 -1 -3 -2 -1 -2 -3 -1  5  1 -3 -2 -2   10   0   0   0   0   0   0   0   0   0   1   0   0   0   0  89   0   0   0   0  0.55 0.06
  130 P   -1 -3 -3 -2 -3 -2 -2 -3 -3 -3 -4 -2 -3 -4  8 -1 -2 -4 -4 -3    0   0   0   0   0   0   0   0   0   0   0   0   0   0 100   0   0   0   0   0  2.24 0.08
  131 M   -2 -2 -4 -4 -2 -2 -3 -4 -3  1  4 -3  3  0 -3 -3 -2 -2 -1  1    0   0   0   0   0   0   0   0   0   0  90   0  10   0   0   0   0   0   0   0  0.56 0.05
  132 R   -2  7 -1 -2 -4  1 -1 -3 -1 -4 -3  2 -2 -3 -3 -1 -2 -3 -2 -3    0 100   0   0   0   0   0   0   0   0   0   0   0   0   0   0   0   0   0   0  1.01 0.07
  133 R   -2  7 -1 -2 -4  1 -1 -3 -1 -4 -3  2 -2 -3 -3 -1 -2 -3 -2 -3    0 100   0   0   0   0   0   0   0   0   0   0   0   0   0   0   0   0   0   0  1.01 0.07
  134 V   -1 -3 -3 -4 -1 -3 -3 -4 -4  3  1 -3  0 -1 -3 -2  0 -3 -2  5    0   0   0   0   0   0   0   0   0   3   0   0   0   0   0   0   0   0   0  97  0.53 0.06
  135 N   -2 -1  7  1 -3  0 -1 -1  0 -4 -4 -1 -3 -4 -3  0  0 -4 -3 -4    0   0 100   0   0   0   0   0   0   0   0   0   0   0   0   0   0   0   0   0  1.02 0.08
  136 L   -1  0 -1 -1 -3  6  1 -2  0 -2 -1  1 -1 -3 -2 -1 -1 -3 -2 -1    0   0   0   0   0  86   0   0   0   0   8   0   0   0   0   0   3   0   0   3  0.68 0.07
  137 A    5 -2 -2 -2 -1 -1 -1  0 -2 -2 -2 -1 -1 -3 -1  1  0 -3 -2 -1  100   0   0   0   0   0   0   0   0   0   0   0   0   0   0   0   0   0   0   0  0.58 0.06
  138 I   -2 -3 -4 -4 -2 -3 -4 -4 -4  5  2 -3  2  0 -3 -3 -1 -3 -2  2    0   0   0   0   0   0   0   0   0  87   8   0   3   0   0   0   0   0   0   3  0.52 0.05
  139 Y   -1 -3 -3 -4 -3 -2 -3 -3  0 -2 -2 -3 -2  2 -4 -2 -2  9  6 -2    5   0   0   0   0   0   0   0   0   0   0   0   0   4   0   0   0  44  47   0  1.38 0.07
  140 F   -2 -3 -4 -4 -2 -3 -3 -4 -3  1  4 -3  2  2 -3 -3 -2 -2 -1  0    0   0   0   0   0   0   0   0   0   0  93   0   0   7   0   0   0   0   0   0  0.56 0.05
  141 I   -2 -3 -4 -4 -2 -3 -3 -4 -3  3  4 -3  2  0 -3 -3 -1 -2 -1  1    0   0   0   0   0   0   0   0   0  26  71   0   3   0   0   0   0   0   0   0  0.48 0.04
  142 I   -1 -3 -2 -3  7 -2 -3 -3 -3  0 -1 -2 -1 -2 -2  0  3 -3 -2  0    0   0   0   0  47   0   0   0   0   7   0   0   0   0   0   2  41   0   0   2  0.67 0.05
  143 K    0 -1 -1 -2 -1 -1 -1 -2 -1 -1 -2  0 -1 -3 -1  1  5 -3 -2  0    2   0   0   0   0   0   0   0   1   4   0   7   0   0   1   0  84   0   0   0  0.51 0.06
  144 G    0 -3 -1 -2 -3 -2 -3  6 -3 -4 -4 -2 -3 -4 -3 -1 -2 -3 -4 -4    0   0   0   0   0   0   0 100   0   0   0   0   0   0   0   0   0   0   0   0  1.23 0.06
  145 C    5 -2 -2 -2  3 -1 -1  0 -2 -2 -2 -1 -1 -3 -1  1  0 -3 -2 -1   90   0   0   0   7   0   0   0   0   0   0   0   0   0   0   3   0   0   0   0  0.51 0.05
  146 R   -2  7 -1 -2 -4  1 -1 -3 -1 -4 -3  2 -2 -3 -3 -1 -2 -3 -2 -3    0 100   0   0   0   0   0   0   0   0   0   0   0   0   0   0   0   0   0   0  1.01 0.07
  147 E   -1 -1  1  1 -4  1  6 -3  0 -4 -3  0 -2 -4 -2 -1 -1 -3 -3 -3    0   0   5   0   0   0  93   0   0   0   2   0   0   0   0   0   0   0   0   0  0.83 0.06
  148 S    4 -2 -1 -2 -1 -1 -1  0 -2 -2 -2 -1 -1 -3 -1  3  0 -3 -2 -1   66   0   0   0   0   0   0   0   0   0   0   0   0   0   0  34   0   0   0   0  0.44 0.05
  149 A    4 -2 -1 -2 -1 -1 -1  0 -2 -2 -2 -1 -1 -3 -1  2  0 -3 -2 -1   81   0   0   0   0   0   0   0   0   0   0   0   0   0   0  19   0   0   0   0  0.48 0.05
  150 F   -3 -3 -4 -4 -3 -4 -4 -4 -2 -1  0 -4  0  7 -4 -3 -3  1  3 -1    0   0   0   0   0   0   0   0   0   0   0   0   0 100   0   0   0   0   0   0  1.07 0.07
  151 K   -2  6 -1 -2 -4  1  0 -3 -1 -4 -3  2 -2 -3 -3 -1 -2 -3 -2 -3    0  93   0   0   0   0   0   0   0   0   0   7   0   0   0   0   0   0   0   0  0.93 0.07
  152 S   -1 -1  6  1 -3  0 -1 -1  0 -4 -4 -1 -3 -3 -2  1  0 -4 -3 -3    0   0  87   0   0   0   0   0   0   0   0   0   0   0   0  13   0   0   0   0  0.84 0.07
  153 M   -1 -3 -4 -4 -2 -3 -3 -4 -4  5  1 -3  2 -1 -3 -3 -1 -3 -2  3    0   0   0   0   0   0   0   0   0  77   1   0   9   0   0   0   0   0   0  13  0.48 0.05
  154 R   -1  3 -1 -1 -4  1  1 -2 -1 -3 -3  5 -2 -4 -2 -1 -1 -3 -2 -3    0   8   0   0   0   0   1   0   0   0   0  90   0   0   0   0   0   0   0   0  0.69 0.06
  155 S    0 -1  0 -1 -1 -1 -1 -2 -2 -1 -2 -1 -1 -3 -1  3  5 -3 -2 -1    0   0   0   0   0   0   0   0   0   0   0   0   0   0   0  26  74   0   0   0  0.55 0.06
  156 I   -2 -4 -4 -4 -2 -3 -4 -4 -4  5  1 -3  1 -1 -3 -3 -1 -3 -2  3    0   0   0   0   0   0   0   0   0  97   0   0   0   0   0   0   0   0   0   3  0.60 0.06
  157 A    5 -2 -2 -2 -1 -1 -1  0 -2 -2 -2 -1 -1 -3 -1  1  0 -3 -2 -1   96   0   0   0   0   0   0   0   0   0   0   0   0   0   0   4   0   0   0   0  0.55 0.06
  158 E   -1 -1 -1  1 -4  2  6 -3 -1 -4 -3  0 -3 -4 -2 -1 -1 -3 -3 -3    0   0   0   0   0   0 100   0   0   0   0   0   0   0   0   0   0   0   0   0  0.95 0.07
  159 T   -1 -4 -3 -4 10 -3 -4 -3 -4 -2 -2 -3 -2 -3 -3 -1  0 -3 -3 -1    0   0   0   0  93   0   0   0   0   0   0   0   0   0   0   0   7   0   0   0  1.53 0.09
  160 L   -2 -3 -4 -4 -2 -3 -3 -4 -3  1  5 -3  2  0 -3 -3 -2 -2 -1  1    0   0   0   0   0   0   0   0   0   0  99   0   0   0   0   0   0   0   0   1  0.60 0.05
  161 A    5 -2 -2 -2 -1 -1 -1  0 -2 -2 -2 -1 -1 -3 -1  1  0 -3 -2 -1   96   0   0   0   0   0   0   0   0   0   0   0   0   0   0   4   0   0   0   0  0.55 0.06
  162 D   -2 -2  1  7 -4 -1  2 -2 -2 -4 -4 -1 -4 -4 -2 -1 -2 -5 -4 -4    0   0   0  95   0   0   5   0   0   0   0   0   0   0   0   0   0   0   0   0  1.11 0.07
  163 E   -1 -1 -1  1 -4  2  6 -3 -1 -4 -3  0 -3 -4 -2 -1 -1 -3 -3 -3    0   0   0   0   0   0 100   0   0   0   0   0   0   0   0   0   0   0   0   0  0.95 0.07
  164 I   -2 -3 -4 -4 -2 -3 -3 -4 -3  2  4 -3  2  0 -3 -3 -1 -2 -1  1    0   0   0   0   0   0   0   0   0  18  80   0   2   0   0   0   0   0   0   0  0.51 0.04
  165 I   -2 -3 -4 -4 -2 -3 -3 -4 -3  5  1 -3  3  0 -3 -3 -1 -3 -2  2    0   0   0   0   0   0   0   0   0  82   0   0  12   0   0   0   0   0   0   5  0.50 0.05
  166 N   -2 -1  7  1 -3  0 -1 -1  0 -4 -4 -1 -3 -4 -3  0  0 -4 -3 -4    0   0 100   0   0   0   0   0   0   0   0   0   0   0   0   0   0   0   0   0  1.02 0.08
  167 A    5 -2 -2 -2  1 -1 -1  0 -2 -2 -2 -1 -1 -3 -1  1  0 -3 -2 -1   98   0   0   0   2   0   0   0   0   0   0   0   0   0   0   0   0   0   0   0  0.56 0.06
  168 E    4 -2 -2 -2 -1 -1  0  0 -1 -2 -2 -1 -1 -3 -1  1  0 -3 -2 -1   85   0   0   0   0   0   7   0   2   0   0   0   0   0   0   5   1   0   0   0  0.45 0.05
  169 K   -1  2 -1 -1 -4  1  0 -2 -1 -3 -3  6 -2 -4 -1 -1 -1 -4 -2 -3    0   0   0   0   0   0   0   0   0   0   0 100   0   0   0   0   0   0   0   0  0.74 0.07
  170 N    0 -2  1 -1 -3 -1  0  6 -2 -4 -4 -1 -3 -4 -2 -1 -2 -3 -3 -4    0   0   7   0   0   1   7  84   0   0   0   0   0   0   0   0   0   0   0   0  0.93 0.05
  171 N    1 -1  2  0 -1  0 -1 -1 -1 -3 -3 -1 -2 -3 -1  5  1 -3 -2 -2    0   0   7   0   0   0   0   0   0   0   0   0   0   0   0  91   0   0   0   0  0.57 0.06
  172 T    1 -1  0 -1 -1 -1 -1 -1 -1 -3 -3 -1 -2 -3 -1  5  2 -3 -2 -2    0   0   0   0   0   0   0   0   0   0   0   0   0   0   0  93   7   0   0   0  0.59 0.06
  173 Q    0  0  0  0 -1  1  0  0  0  0  0  0  0  0  0  0  0  0  0  0    7   5   4   5   2  11   6   7   2   5  10   5   2   3   5   6   8   1   3   6  0.03 0.01
  174 S   -2 -1  6  1 -3  0 -1 -1  0 -4 -4 -1 -3 -3 -2  1  0 -4 -2 -3    0   0  90   0   0   0   0   0   0   0   0   0   0   0   0   7   0   0   0   0  0.87 0.07
  175 S    1 -1  0 -1 -1 -1 -1 -1 -1 -3 -3 -1 -2 -2 -1  5  1 -3 -2 -2    2   0   0   0   0   0   0   0   0   0   0   0   0   2   0  96   0   0   0   0  0.60 0.06
  176 W   -2 -2 -3 -4 -3 -2 -3 -4  2 -2 -2 -2 -2  3 -4 -2 -2  5  8 -2    0   0   0   0   0   0   0   0   2   0   0   0   0   0   0   0   0   7  90   0  1.16 0.08
  177 A    5 -2 -2 -2 -1 -1 -1  0 -2 -2 -2 -1 -1 -3 -1  1  0 -3 -2 -1  100   0   0   0   0   0   0   0   0   0   0   0   0   0   0   0   0   0   0   0  0.58 0.06
  178 I   -2 -4 -4 -4 -2 -3 -4 -4 -4  5  1 -3  1 -1 -3 -3 -1 -3 -2  2    0   0   0   0   0   0   0   0   0 100   0   0   0   0   0   0   0   0   0   0  0.62 0.06
  179 R   -1  3 -1 -1 -4  1  0 -2 -1 -3 -3  5 -2 -4 -2 -1 -1 -4 -2 -3    0   8   0   0   0   0   0   0   0   0   0  92   0   0   0   0   0   0   0   0  0.70 0.06
  180 K   -1  2 -1 -1 -4  1  0 -2 -1 -3 -3  6 -2 -4 -1 -1 -1 -4 -2 -3    0   0   0   0   0   0   0   0   0   0   0 100   0   0   0   0   0   0   0   0  0.74 0.07
  181 K   -1  2 -1 -1 -4  1  0 -2 -1 -3 -3  6 -2 -4 -1 -1 -1 -4 -2 -3    0   0   0   0   0   0   0   0   0   0   0 100   0   0   0   0   0   0   0   0  0.74 0.07
  182 D   -2 -2  1  7 -4 -1  1 -2 -2 -4 -4 -1 -4 -4 -2 -1 -2 -5 -4 -4    0   0   0 100   0   0   0   0   0   0   0   0   0   0   0   0   0   0   0   0  1.18 0.07
  183 E   -1 -1 -1  1 -4  2  6 -3 -1 -4 -3  0 -3 -4 -2 -1 -1 -3 -3 -3    2   0   0   0   0   0  98   0   0   0   0   0   0   0   0   0   0   0   0   0  0.91 0.07
  184 I   -2 -3 -4 -4 -2 -3 -3 -4 -3  3  3 -3  2  0 -3 -3 -1 -2 -1  2    0   0   0   0   0   0   0   0   0  39  56   0   0   0   0   0   0   0   0   5  0.44 0.03
  185 E   -1 -1 -1  1 -4  2  6 -3 -1 -4 -3  0 -3 -4 -2 -1 -1 -3 -3 -3    0   0   0   0   0   0 100   0   0   0   0   0   0   0   0   0   0   0   0   0  0.95 0.07
  186 K   -2  6 -1 -2 -4  1  0 -3 -1 -4 -3  2 -2 -3 -3 -1 -2 -3 -2 -3    0  93   0   0   0   0   0   0   0   0   0   7   0   0   0   0   0   0   0   0  0.93 0.07
  187 V   -1 -3 -3 -4 -1 -3 -3 -4 -4  2  0 -3  0 -1 -3 -2  0 -3 -2  5    0   0   0   0   0   0   0   0   0   0   0   0   0   0   0   0   0   0   0 100  0.54 0.06
  188 A    5 -2 -2 -2 -1 -1 -1  0 -2 -2 -2 -1 -1 -3 -1  1  0 -3 -2 -1   98   0   0   0   0   0   0   2   0   0   0   0   0   0   0   0   0   0   0   0  0.56 0.06
  189 K   -1  2 -1 -1 -4  1  0 -2 -1 -3 -3  6 -2 -4 -1 -1 -1 -4 -2 -3    0   0   0   0   0   2   0   0   0   0   0  98   0   0   0   0   0   0   0   0  0.72 0.06
  190 G    3 -1  0 -1 -1 -1 -1  1 -2 -2 -2 -1 -2 -2 -1  3  0 -3 -2 -1   41   0   0   0   0   0   0   9   0   0   0   0   0   2   0  49   0   0   0   0  0.38 0.04
  191 N   -2 -1  7  1 -3  0 -1 -1  0 -4 -4 -1 -3 -4 -3  0  0 -4 -3 -4    0   0 100   0   0   0   0   0   0   0   0   0   0   0   0   0   0   0   0   0  1.00 0.07
  192 R   -2  7 -1 -2 -4  1 -1 -3 -1 -4 -3  2 -2 -3 -3 -1 -2 -3 -2 -3    0 100   0   0   0   0   0   0   0   0   0   0   0   0   0   0   0   0   0   0  1.00 0.07

                      K         Lambda
Standard Ungapped    0.1345     0.3209
Standard Gapped      0.0506     0.2670
PSI Ungapped         0.1651     0.3170
PSI Gapped           0.0506     0.2670
