
Last position-specific scoring matrix computed, weighted observed percentages rounded down, information per position, and relative weight of gapless real matches to pseudocounts
           A  R  N  D  C  Q  E  G  H  I  L  K  M  F  P  S  T  W  Y  V   A   R   N   D   C   Q   E   G   H   I   L   K   M   F   P   S   T   W   Y   V
    1 K   -2  1 -2  0 -5  3  6 -3 -1 -5 -4  3 -3 -5 -3 -1 -2 -4 -3 -4    0   5   0   0   0  12  66   0   0   0   0  17   0   0   0   0   0   0   0   0  1.00 0.23
    2 N   -2  0  0  2 -5  1  4 -3 -2 -4 -5  5 -3 -5 -3 -2 -2 -5 -4 -4    1   1   4  11   0   3  29   0   0   1   0  48   0   0   0   1   1   0   0   0  0.86 0.33
    3 D   -1 -2  0  1 -5  0  6  0 -2 -5 -5  0 -4 -5 -1  0 -2 -5 -4 -2    4   0   3   5   0   1  64   7   0   0   0   5   0   0   2   6   1   0   0   2  0.89 0.35
    4 W   -6 -5 -7 -8 -6 -6 -7 -6 -6 -6 -4 -7 -5 -3 -7 -6 -6 13 -1 -6    0   0   0   0   0   0   0   0   0   0   1   0   0   0   0   0   0  98   0   0  4.52 0.91
    5 Q   -1 -2 -2 -3 -3  1  1 -4 -2  2 -1  0  4 -2 -3 -2  0 -4 -2  3    2   0   2   0   0   9  13   0   1  14   1   5  17   1   0   0   6   0   1  29  0.35 0.23
    6 P   -4 -5 -5 -5 -6 -4 -4 -5 -5 -6 -4 -4 -5 -7  9 -3 -3 -7 -6 -5    0   0   0   0   0   0   0   0   0   0   2   0   0   0  97   0   1   0   0   0  2.93 0.69
    7 Q   -2  3 -3 -4  1 -1 -3 -4 -3  1 -1  3 -1 -3 -4 -2 -1 -4 -3  5    0  15   0   0   3   2   0   0   0   3   3  20   1   0   0   1   2   0   0  48  0.57 0.30
    8 T   -3 -4 -3 -4 -4 -4 -4 -4 -5 -4 -4 -4 -3 -5 -4 -1  8 -5 -5 -2    0   0   0   0   0   0   0   0   0   0   0   0   0   0   0   1  98   0   0   1  2.01 0.65
    9 K   -2  3  0 -2 -5  1  0 -2 -1 -4 -4  6 -2 -4 -3 -1 -1 -1 -3 -4    1  15   4   1   0   4   4   3   1   1   0  60   1   0   0   1   3   1   0   0  0.85 0.35
   10 L   -4 -4 -6 -6 -3 -4 -5 -6 -5  1  6 -5  0 -2 -5 -5 -3 -4 -3  1    0   1   0   0   0   0   0   0   0   3  88   0   0   0   0   0   0   0   0   9  1.30 0.43
   11 G   -2 -5 -3 -3 -5 -4 -5  7 -5 -7 -6 -4 -5 -6 -5 -3 -4 -5 -6 -6    0   0   0   1   0   0   0  99   0   0   0   0   0   0   0   0   0   0   0   0  2.19 0.57
   12 R   -3  7 -2 -3  0  1 -2 -4  1 -3 -3  3 -2 -4 -2 -2 -2 -3 -4 -4    0  63   1   0   2   5   0   0   3   1   3  16   1   1   2   1   1   0   0   1  1.11 0.40
   13 L   -3 -4 -5 -5 -3 -1 -4 -5 -4  0  5 -1  4 -1 -5 -4 -3 -4 -3 -1    1   0   0   0   0   3   0   0   0   1  77   4  13   1   0   0   0   0   0   0  1.07 0.40
   14 V   -2 -5 -5 -6 -3 -5 -5 -5 -5  0 -2 -5 -2 -3 -5 -4 -2 -5 -4  7    1   0   0   0   0   0   0   0   0   1   0   0   0   0   0   0   1   0   0  97  1.68 0.54
   15 K    0  1 -2 -3 -4  2 -1 -3 -1 -4 -2  6 -1 -4 -3 -2 -3 -4 -2 -3    9   4   1   0   0   8   1   0   1   0   3  68   2   0   0   0   0   0   1   1  0.96 0.39
   16 Y    1 -2  1  5 -4  0  4 -2 -2 -4 -4 -1 -1 -4 -3  0 -2 -5 -2 -4   11   0   4  37   0   3  31   1   0   0   1   1   2   0   0   6   1   0   1   0  0.73 0.29
   17 G   -2 -2 -1 -3 -3 -2 -3  6 -3 -3 -3 -2  5 -3 -4 -2 -2 -4 -4 -3    0   2   3   1   0   2   1  62   0   0   1   1  21   0   0   1   2   0   0   1  1.07 0.39
   18 K   -3  1 -2 -1 -5  2  1 -4 -2 -4 -3  6  0 -5 -3 -2 -1 -5 -4 -4    0   3   0   2   0   9  10   0   1   0   2  67   2   0   0   0   3   0   0   1  1.02 0.40
   19 I   -3 -5 -5 -5 -3 -5 -5 -6 -5  7  0 -5  0 -1 -5 -4 -3 -5 -3  2    0   0   0   0   0   0   0   0   0  86   2   0   1   1   0   0   0   0   0   9  1.55 0.49
   20 S   -1  1  0 -1 -4  0 -1 -3 -2 -3 -3  5 -3 -4 -2  0  4 -4 -2 -3    3   6   4   2   0   2   2   1   0   0   1  41   0   0   0   6  29   0   1   1  0.60 0.29
   21 S   -1 -2  0  1 -2 -2 -2 -2 -3 -4 -4 -2 -3 -3 -2  6  2 -5 -4 -3    1   1   3   7   0   0   0   0   0   0   0   1   0   1   1  68  14   0   0   0  0.93 0.40
   22 L   -3 -4 -5 -5 -3 -4 -4 -5 -4  4  4 -4  4  0 -4 -4 -3 -3 -1  0    0   0   0   0   0   0   0   0   0  31  49   0  14   2   0   0   0   0   1   3  0.87 0.32
   23 D   -3 -2 -1  4 -5  0  6 -3  1 -5 -5  0 -4 -5 -3  0 -3 -5 -2 -4    1   1   1  22   0   1  60   1   3   0   0   4   0   0   0   4   0   0   2   0  1.07 0.38
   24 E   -2 -2 -2  1 -5  3  6 -2  1 -5 -5 -1 -4 -5 -3 -2 -1 -5 -2 -4    1   0   0   7   0  13  68   3   3   0   0   0   0   0   0   0   3   0   2   0  1.16 0.43
   25 I    1 -5 -4 -5 -3 -4 -5 -5 -5  7  0 -4 -1 -2 -4 -3 -3 -5 -3  2   13   0   0   0   0   0   0   0   0  75   3   0   0   0   0   1   0   0   0   7  1.17 0.42
   26 F   -4 -4 -5 -5 -1 -4 -5 -5 -2 -1  1 -4 -1  6 -5 -4 -4 -1  7 -2    0   0   0   0   1   0   0   0   0   3  16   0   1  31   0   1   0   0  46   0  1.31 0.42
   27 K    0  0 -1  0 -3  0  0 -3 -1 -1  3  0  0 -1 -2 -1  0 -3 -1 -1    8   6   3   6   0   3   7   1   2   1  44   8   1   1   1   2   4   0   2   2  0.18 0.15
   28 Y   -2  0  1 -3 -4 -2 -2 -3  4 -3 -2  0 -1  6 -4  1 -1 -2  2 -3    1   6   9   0   0   0   1   0  11   0   1   5   1  42   0  12   4   0   6   0  0.62 0.29
   29 S   -1 -2  2 -2 -3 -2 -2  3 -2 -5 -5  0 -4 -4 -3  5 -1 -5 -4 -4    1   1  11   0   0   0   0  22   1   0   0   4   0   1   0  59   1   0   0   0  0.86 0.38
   30 I   -3 -3 -5 -5 -3 -3 -4 -5 -2  2  5 -3  3 -1 -5 -4 -3  0  2 -1    1   1   0   0   0   1   0   0   1  10  70   1   6   0   0   0   0   1   7   0  0.86 0.33
   31 P   -3  0 -4 -4 -3  0 -3 -5 -4 -3 -4 -1 -4 -6  8 -2 -3 -6 -5 -2    1   5   0   0   1   4   0   0   0   1   1   4   0   0  80   2   0   0   0   3  2.07 0.53
   32 I   -3 -5 -5 -5 -3 -5 -5 -6 -5  7  1 -5  0 -2 -5 -4 -2 -5 -3  2    0   0   0   0   0   0   0   0   0  78  12   0   0   0   0   0   1   0   0   8  1.32 0.43
   33 K   -3  3 -2 -3 -5  1 -1 -4 -3 -4 -1  6 -1 -4 -3 -2 -2 -5 -4 -3    1  12   1   0   0   5   1   0   0   0   8  69   2   0   0   0   1   0   0   1  1.05 0.40
   34 E   -3 -3 -3 -1 -6  0  7 -4 -3 -5 -5 -2 -4 -5 -4 -3 -3 -5 -4 -5    0   0   0   0   0   1  96   0   0   0   0   0   0   0   0   0   0   0   0   0  1.95 0.59
   35 P    0 -3 -2 -3 -1 -2 -2 -2  2 -3 -3 -2 -3  1  5  3 -1 -2  4 -1    5   0   0   0   1   1   0   1   6   0   2   1   0   7  30  27   1   0  15   4  0.66 0.28
   36 E   -3 -2 -2 -1 -5  5  6 -2 -2 -5 -5 -1 -3 -5 -3 -2 -3 -5 -4 -4    0   0   0   1   0  26  64   3   0   0   0   2   0   0   0   1   0   0   0   1  1.28 0.46
   37 I   -3 -5 -5 -5 -4 -5 -5 -6 -5  8  0 -5 -1 -2 -5 -5 -3 -5 -4  1    1   0   0   0   0   0   0   0   0  93   2   0   0   0   0   0   0   0   0   2  1.72 0.52
   38 I   -2 -4 -5 -5 -3 -4 -4 -5 -5  5 -1 -4 -1 -2 -4 -3  0 -4 -3  5    0   0   0   0   0   0   0   0   0  42   0   0   0   0   0   0   4   0   0  51  1.07 0.38
   39 D   -4 -3 -1  8 -6 -2  0 -4 -3 -5 -6 -2 -5 -6 -4 -2 -3 -6 -5 -5    0   1   1  90   0   0   3   0   0   0   0   1   0   0   0   1   0   0   0   0  1.98 0.54
   40 H    1 -2 -2 -3 -3  0 -2 -3  3  0  0 -2  0  5 -3 -1  0 -1  3  0   12   1   1   0   0   6   1   0   8   5   5   2   2  32   0   2   5   0   9   7  0.35 0.19
   41 F   -4 -4 -5 -5 -4 -4 -5 -5 -4 -1  4 -4  0  6 -5 -4 -3 -2  0 -1    0   0   0   0   0   0   0   0   0   0  49   0   1  45   0   1   0   0   1   1  1.17 0.39
   42 Y   -3 -4 -5 -5 -1 -4 -4 -5 -4  2  5 -4  1  1 -4 -4 -2 -3 -1  1    0   0   0   0   1   0   0   0   0   9  73   0   1   5   0   0   1   0   1   7  0.90 0.33
   43 P   -1 -3 -2 -2 -2 -2 -2  4 -3 -4 -4 -2 -3 -4  6 -2 -2 -4 -3 -3    2   1   1   1   1   1   1  36   0   1   1   2   0   1  46   2   1   0   0   1  1.19 0.31
   44 K    2 -1  2  3 -2 -1  0  1 -1 -2 -2  0 -2 -2  0  0  0 -2 -2 -1   21   2  11  21   1   1   5  12   1   2   3   4   1   1   4   3   3   0   1   3  0.21 0.09
   45 N    0  0  0  0 -1  0  0  0 -1 -1  0  0  0 -1  0  2  1 -1 -1  0    5   3   5   3   1   3   4   5   1   3  10   4   2   3   4  29   6   1   2   6  0.08 0.03
   46 K    0  0  0  0 -1  1  1  0  0 -1  0  0  0  0  0  0  0  0  0  0    7   5   6   5   2   7   8   7   2   5   8   8   2   4   5   7   5   1   3   6  0.03 0.00
   47 D    0  0  0  0  0  0  0  0  0  0  0  0  0  0  1  0  0  0  0  0    7   5   4   6   2   4   6   7   2   5   9   6   3   3   7   8   5   1   5   8  0.02 0.04
   48 V    0  0  0  0 -1  0  1  0  0  0  0  0  0 -1  0  0  0  0  0  0    7   7   4   5   2   4  11   7   2   5   8   5   2   3   5   6   6   1   3   8  0.03 0.00
   49 Q    0  0  0  0 -1  0  0  0  0  0  0  0  0  0  1  0  0  0  0  0    7   6   4   5   2   5   8   7   2   5   9   5   2   5   5   6   5   1   5   6  0.02 0.04
   50 A    0  0  0  0  0  0  0  0  0  0  0  0  0  0  1  0  0  0  0  0    9   5   4   5   2   4   6   7   2   6   8   5   4   3   5   8   6   1   3   6  0.01 0.03
   51 E    0  1  0  0 -1  0  1  0  0 -1  0  1  0 -1  0  0  0  0  0  0    8   8   4   5   2   4  10   6   2   4   8   8   2   3   5   6   6   1   3   6  0.03 0.00
   52 H    0  0  0  0 -1  0  0  0  0 -1  0  0  0 -1  1  1  0  1  0  0    9   4   5   4   1   4   7   7   3   4   9   6   3   3   6  11   5   2   2   5  0.03 0.00
   53 K    0  0  1  0  0  0  1  0  0 -1 -1  1 -1 -1  0  1  0 -1 -1 -1    8   5   7   5   2   4   7   6   1   3   6  13   1   3   4  10   6   1   2   5  0.05 0.01
   54 L   -3 -4 -5 -5 -3 -4 -4 -5 -4  1  6 -4  1 -2 -4 -4 -3 -3 -3 -1    0   0   0   0   0   0   0   0   0   6  87   0   2   0   0   0   0   0   0   0  1.23 0.40
   55 M   -2  1 -1 -1 -4  1  2 -3 -2 -3 -4  6 -2 -4 -3  0 -1 -4 -3 -2    1   5   2   3   0   4  13   0   0   1   0  60   1   0   0   5   2   0   0   2  0.82 0.33
   56 E   -3 -2 -1  7 -5  0  2 -3  0 -4 -5 -1 -4 -4 -3 -2 -3 -5  0 -4    0   1   1  67   0   4  14   0   2   1   0   2   0   0   0   2   1   0   4   1  1.23 0.40
   57 E   -3 -2 -2  1 -5  1  7 -2 -1 -5 -5  0 -4 -5 -3 -2 -3 -5 -4 -3    0   0   0   6   0   5  79   3   1   0   0   3   0   0   0   0   0   0   0   1  1.40 0.47
   58 V   -2 -2 -5 -4 -3 -4 -4 -4 -5  1 -1 -2  0 -2 -3 -4 -2 -5 -3  6    1   2   0   1   0   0   0   1   0   3   3   3   2   1   1   0   1   0   0  82  1.15 0.43
   59 L   -3 -4 -5 -5 -2 -3 -4 -5 -4  2  5 -4  5 -1 -4 -4 -3 -2 -1  1    0   0   0   0   1   0   0   0   0  10  62   0  16   1   0   0   0   0   2   6  0.89 0.33
   60 Q   -1  1  1  4  0 -1  0 -3 -1 -4 -4  5 -3 -3 -3  0 -2 -4 -2 -3    3   4   5  24   2   1   2   1   1   0   1  48   0   1   0   6   1   0   1   1  0.66 0.29
   61 I   -3 -5 -5 -5 -3 -4 -5 -5 -5  7  0 -4  0 -2 -4 -2 -2 -5 -3  3    1   0   0   0   0   0   0   0   0  73   2   0   1   0   0   2   2   0   0  18  1.22 0.41
   62 T   -1  0  3 -2 -2 -1 -2 -1 -2 -1 -1  2  7 -2 -4 -1 -1 -4 -2 -2    3   5  17   0   1   2   2   5   0   2   2  14  38   1   0   3   3   0   1   1  0.54 0.31
   63 P   -2 -2 -4 -4 -4 -3 -3 -4 -3  0  0 -3  5 -3  6  1 -2 -4 -4 -2    0   3   0   0   0   0   0   0   0   6  11   0  17   1  48  11   0   0   0   1  1.10 0.38
   64 V   -1 -5 -5 -5 -3 -4 -4 -4 -5  1 -1 -4  0 -3 -4 -4 -1 -5 -3  7    5   0   0   0   0   0   1   1   0   4   0   0   2   0   0   0   1   0   0  85  1.31 0.47
   65 Q   -4 -2 -3 -3 -6  9 -1 -5 -2 -5 -4 -1 -3 -6 -4 -3 -3 -5 -4 -3    0   0   0   0   0  96   0   0   0   0   1   0   0   0   0   0   0   0   0   1  2.25 0.70
   66 K   -3  4 -1 -3 -5 -1 -2 -4 -3 -5 -5  6 -4 -5 -3 -2 -2 -5 -4 -4    0  26   2   0   0   0   0   0   0   0   0  70   0   0   0   0   1   0   0   0  1.39 0.47
   67 Q   -2 -2 -3 -3 -5  7  0 -4 -2 -4 -3  0  6 -4 -4 -3 -3 -4 -4 -3    2   0   0   0   0  66   2   0   0   0   1   3  24   0   0   0   0   0   0   1  1.50 0.55
   68 T   -3 -4 -3 -4 -4 -3 -3 -4  1 -2 -4 -3 -3 -5 -4  0  7 -5 -4 -2    0   0   0   0   0   0   0   0   4   2   0   0   0   0   0   3  90   0   0   1  1.68 0.59
   69 Q   -1  5 -1  4  1  0 -1 -1  1 -4 -3  1 -3 -4 -3  0 -1 -2 -2 -4    3  36   1  27   3   2   0   4   4   0   2   8   0   0   1   5   3   1   1   0  0.57 0.27
   70 A    5 -3 -1 -3 -3 -3 -1 -2 -3 -4 -4 -3 -3 -4  0  3 -1 -5 -4 -2   68   0   2   0   0   0   2   0   0   0   0   0   0   0   4  23   1   0   0   1  0.97 0.42
   71 G   -1 -3 -2 -3 -5 -4 -4  7 -4 -6 -6 -4 -5 -6 -5 -2 -4 -5 -5 -5    2   1   1   1   0   0   0  93   0   0   0   0   0   0   0   1   0   0   0   1  1.92 0.54
   72 Q   -3  4 -1 -3 -5  7  2 -4 -2 -5 -3 -1 -3 -5 -4 -1 -3 -5 -4 -5    0  24   2   0   0  60   9   0   0   0   2   0   0   0   0   2   0   0   0   0  1.31 0.50
   73 R   -3  7 -2 -4 -1  1 -2 -4  0 -3 -3  2 -1 -4 -4 -2 -3  1 -3 -2    0  70   1   0   2   4   0   0   3   2   2   8   2   0   0   1   0   2   0   3  1.23 0.45
   74 T   -1 -3 -1 -3 -3 -3 -3 -4 -4 -1 -3 -3  0 -4 -3  1  6 -4 -4  2    2   0   1   0   0   0   0   0   0   2   0   0   2   0   0   6  68   0   0  16  1.04 0.44
   75 R   -3  7  0 -3 -5  1 -2 -4 -2 -5 -4  3 -4 -5 -3 -1 -3 -5 -4 -5    0  71   4   0   0   5   0   0   0   0   0  13   0   0   0   5   1   0   0   0  1.39 0.47
   76 F   -5 -5 -6 -6 -5 -5 -6 -6 -4  0 -1 -6  1  8 -6 -5 -5  1  3 -3    0   0   0   0   0   0   0   0   0   5   4   0   3  81   0   0   0   1   6   0  1.93 0.56
   77 K   -2  4  0 -3 -5  1  0 -4 -2 -4 -4  6 -3 -5 -3 -1 -2 -5 -4 -3    2  21   3   0   0   3   3   0   0   0   1  62   0   0   0   2   1   0   0   2  1.05 0.40
   78 G    5 -4 -4 -4  3 -3 -3 -2 -4 -1 -3 -3 -2 -4 -3 -1 -1 -4 -4  2   61   0   0   0   6   0   0   1   0   1   0   0   0   0   0   2   3   0   0  18  0.76 0.39
   79 F   -2 -4 -4 -4 -1 -4 -4 -4 -2  1  0 -4  0  6 -2 -3  1 -2  1  3    1   0   0   0   1   0   0   0   1   7   7   0   1  39   2   0   9   0   2  22  0.60 0.30
   80 V    0 -4 -2 -5  1 -4 -4 -5 -5  1 -1 -4 -1 -3 -4 -3 -2 -5 -3  6    7   0   2   0   3   0   0   0   0   3   2   0   0   0   0   1   1   0   0  75  1.01 0.45
   81 V    4 -4 -4 -4  2 -3 -3 -3 -4  2 -2 -3 -2 -3 -3 -2 -1 -5 -3  3   50   0   0   0   4   0   0   0   0  11   1   0   0   0   0   0   2   0   0  27  0.66 0.37
   82 V   -3 -4 -4 -5 -3 -4 -4 -5 -1  5  0 -4  1 -3 -4 -3  1 -5 -3  5    0   0   0   0   0   0   0   0   2  32   2   0   4   0   0   0   9   0   0  46  0.84 0.38
   83 G   -2 -1 -3 -4 -5 -4 -3  7 -4 -5 -5 -3 -5 -5 -4 -3 -4 -5 -5 -4    0   4   0   0   0   0   1  89   0   0   0   0   0   0   0   0   0   0   0   2  1.80 0.51
   84 D   -4 -3  5  7 -5 -2 -1 -3 -3 -5 -5 -3 -4 -5 -4 -2 -3 -5 -4 -5    1   0  33  60   0   0   1   1   0   0   1   0   0   0   0   0   0   0   0   0  1.52 0.48
   85 S   -2  2 -1 -1 -1 -1  0  1  2 -3 -3  1  0  0 -3  0 -2 -1  5 -3    1  14   2   3   2   1   7  12   4   0   1   8   3   3   0   9   1   0  26   0  0.33 0.20
   86 N   -2 -2  6  4 -4 -1  0 -3 -1 -4 -4  0 -2 -5 -3  0 -2 -5 -4 -4    3   0  48  28   0   1   4   0   1   0   1   6   1   0   0   5   1   0   0   1  1.00 0.38
   87 G   -2 -4 -1 -2 -1 -2 -4  7 -4 -5 -5 -3 -4 -5 -4 -2 -4 -4 -5 -5    0   0   2   1   1   1   0  87   0   0   1   1   0   0   0   2   0   0   0   0  1.72 0.50
   88 H   -4 -1 -3 -4 -5 -2 -3 -4  8 -3 -3 -3 -3  2 -3 -2 -4  1  6 -4    0   3   0   0   0   1   0   0  47   1   2   0   0   7   1   2   0   1  30   0  1.52 0.49
   89 I   -2 -4 -4 -5  0 -4 -4 -4 -5  4  0 -4 -1  0 -4 -3 -2 -4 -3  6    1   0   0   0   2   0   0   1   0  19   7   0   0   3   0   1   0   0   0  64  0.95 0.37
   90 G   -2 -2 -3 -2 -4 -4 -4  7 -4 -5 -5 -3 -5 -5 -3 -1 -4 -4 -5 -4    0   2   0   1   0   0   0  88   0   0   1   0   0   0   1   3   0   0   0   1  1.74 0.50
   91 L   -3 -3 -4 -4 -3 -3 -4 -4 -3  2  4 -4  1  1 -4 -3 -2  1  2  1    1   1   0   0   0   0   0   0   0  13  57   0   2   3   0   1   0   2   7  11  0.66 0.28
   92 G    0 -4 -3 -2 -2 -4 -3  7 -4 -5 -5 -4 -4 -5 -4 -1 -3 -5 -5 -5    8   1   0   2   1   0   1  81   0   0   1   0   0   0   0   2   0   0   0   0  1.60 0.49
   93 W   -1 -1 -3 -3 -3  1  0 -4 -2  2  0 -1  2 -2 -3 -1  1 -1 -3  4    5   3   0   0   0   9   5   0   1  10   5   3   5   0   0   2   8   1   0  41  0.34 0.23
   94 K   -1  0 -1 -3 -1  0 -2  4 -1 -4 -4  5 -3 -2 -3 -2 -3  0 -2 -3    5   2   1   0   1   2   0  31   1   0   0  47   0   2   0   1   0   2   1   1  0.78 0.36
   95 V   -1  1 -3 -3  8 -2 -3 -4 -2 -3 -3  4 -3 -4 -3  1  0 -4 -3 -1    3   8   0   0  34   0   0   0   1   0   0  29   0   0   0  10   6   0   1   5  0.92 0.38
   96 A    3 -3 -2  2 -1 -2 -2  1 -3 -4 -4 -2 -3 -3 -2  4 -1 -4 -2 -3   31   0   0  13   1   0   0   9   0   0   0   0   0   1   1  40   0   0   1   0  0.66 0.35
   97 K   -1  2 -1  0 -5  0 -1 -3 -3 -4 -4  6 -3 -5 -1  0 -2 -5 -4 -2    3   9   1   5   0   1   1   1   0   0   0  65   0   0   3   5   1   0   0   4  0.98 0.41
   98 E   -3 -1 -2  1 -5  4  6 -4 -2 -4 -3 -1 -4 -5 -3 -2 -3 -5 -4 -2    1   3   0   6   0  23  58   0   0   0   2   1   0   0   0   0   0   0   0   4  1.18 0.47
   99 V    1 -4 -4 -5 -3 -4 -4 -4 -4  1  0 -4  1 -1 -4 -3 -2 -4 -1  6   12   0   0   0   0   0   0   0   0   2   7   0   4   1   0   0   1   0   2  68  0.96 0.41
  100 Q    4  2 -2 -3  0 -2 -3  3 -3 -3 -3 -2 -3 -4 -3  0  0 -4 -3 -1   48  11   1   0   2   1   0  20   0   0   2   0   0   0   0   6   4   0   0   3  0.58 0.30
  101 G   -1 -3  1 -1 -3 -1 -2  0 -2 -1 -2 -2 -2 -3  2  1  5 -4 -3 -1    2   0   7   3   0   2   1   8   1   4   3   1   0   1  11   8  43   0   1   4  0.46 0.27
  102 A    6 -4 -4 -4  1 -3 -3 -2 -4 -4 -4 -3 -3 -4 -3  0  0 -5 -4 -3   81   0   0   0   3   0   0   2   0   0   1   0   0   0   0   4   6   0   0   0  1.26 0.50
  103 I   -4 -4 -5 -5 -4 -5 -5 -5 -5  7  0 -4  0 -1 -5 -4  0 -4 -3  0    0   1   0   0   0   0   0   0   0  82   3   0   2   2   0   0   6   0   0   1  1.50 0.52
  104 K   -2  6 -1 -1 -1  2  1 -4  1 -4 -4  2 -3 -4 -3 -1 -3 -4 -3 -4    2  48   2   2   1  11  10   1   4   0   1  12   0   0   0   3   0   0   0   0  0.84 0.34
  105 G    0  0 -2 -3 -4 -2 -2  5 -3 -4 -4  5 -4 -5 -3 -2 -1  0 -4 -4    6   3   0   1   0   0   1  43   0   0   2  37   0   0   0   1   3   1   0   1  0.89 0.38
  106 A    6 -4 -4 -4 -3 -3 -3  0 -4 -4 -4 -3 -4 -5 -3 -1 -2 -5 -4 -2   85   0   0   0   0   0   0   7   0   0   0   0   0   0   0   3   1   0   0   1  1.42 0.55
  107 I   -2 -1 -3 -5 -3 -3 -4 -5 -5  7  0 -3  1 -3 -4 -4  0 -4 -3  2    2   3   1   0   0   1   0   0   0  67   6   1   3   0   0   0   7   0   0   8  1.08 0.43
  108 T   -1  1  0  1 -3  1  0 -2 -2  4 -1 -1 -1 -2 -3 -1 -1 -4 -1  1    5   7   5   9   0   7   6   3   1  39   2   2   1   1   0   2   2   0   3   6  0.26 0.21
  109 H    0  0  1  0 -1  0 -1 -3 -1  1  2  0  0 -2  0 -1 -1 -3 -1  0    7   6  11   6   1   4   4   0   2   8  30   5   1   0   4   1   2   0   1   7  0.10 0.12
  110 A    7 -4 -4 -4 -3 -4 -4 -1 -4 -4 -4 -3 -4 -5 -4 -1 -2 -5 -4 -2   90   0   0   0   0   0   0   4   0   0   0   0   0   0   0   1   1   0   0   1  1.59 0.60
  111 K   -4  0 -2 -3 -6  0 -1 -4 -4 -5 -4  8 -4 -3 -4 -3 -4 -5 -4 -5    0   1   1   0   0   3   2   0   0   0   1  88   0   1   0   0   0   0   0   0  1.82 0.64
  112 L   -2 -3 -5 -5  3 -4 -4 -5 -4  0  5 -3  3 -1 -4 -4 -1 -4  0 -1    3   1   0   0   7   0   0   0   0   4  66   1   9   1   0   0   3   0   3   1  0.90 0.38
  113 N    1 -2  6 -2 -4 -2 -2 -3  0 -4 -2 -3 -4 -4 -4  4 -1 -5 -3 -4    9   1  38   1   0   0   1   0   2   0   4   0   0   0   0  41   1   0   1   0  0.96 0.45
  114 M   -3 -4 -4 -5 -3 -4 -4 -5  0  6  1 -4  2 -2 -4 -3 -1 -4 -3  3    1   0   0   0   0   0   0   0   3  51  13   0   4   0   0   1   3   0   0  17  0.84 0.37
  115 V   -2  0 -4 -5 -3 -2 -4 -5 -4  5  0 -3  1 -1 -4 -3 -1 -4 -2  4    1   5   0   0   0   2   0   0   0  37   5   0   3   2   0   0   4   0   1  36  0.70 0.34
  116 P   -4 -1 -3 -3 -5 -2 -1 -4 -4 -5 -4  2 -5 -5  8 -3 -3 -5 -1 -5    0   3   1   1   0   1   3   1   0   0   2  11   0   0  68   1   1   0   2   0  1.71 0.58
  117 V   -2 -5 -5 -5 -3 -4 -1 -6 -5  3 -1 -4  3 -3 -5 -3 -2 -5 -4  6    2   0   0   0   0   0   4   0   0  15   1   0   7   0   0   1   1   0   0  68  1.19 0.49
  118 R   -3  6 -2 -1  0  1 -2 -3  0 -4 -3  2 -2 -4 -2 -2 -3  4 -3 -4    1  56   1   4   2   6   1   1   2   1   1  13   1   0   2   2   0   5   0   0  1.02 0.43
  119 K   -4  7 -3 -4 -6  2 -3 -5 -3 -4 -1  1  1 -2 -5 -2 -3 -5 -4 -4    0  70   0   0   0   9   0   0   0   1   5   6   4   2   0   1   1   0   0   1  1.46 0.56
  120 G   -1 -5 -3 -1 -6 -5 -5  7 -5 -7 -7 -5 -6 -6 -5 -3 -5 -6 -6 -6    4   0   0   3   0   0   0  92   0   0   0   0   0   0   0   0   0   0   0   0  2.14 0.66
  121 Y   -4  0 -5 -6  7 -2 -5 -6  1 -4 -3 -4 -4  1 -6  0 -4  1  8 -4    0   5   0   0  27   1   0   0   3   0   2   0   0   4   0   7   0   2  49   0  1.63 0.59
  122 W   -6 -4 -7 -8 -6  0 -6 -4 -6 -7 -5 -2 -5 -3 -8 -5 -6 13 -2 -7    0   1   0   0   0   5   0   1   0   0   1   3   0   0   0   1   0  88   0   0  4.06 1.03
  123 G   -1 -2 -2  0 -5 -2  4  5  0 -6 -6 -2 -5 -5 -4 -2 -4 -5 -3 -5    3   2   1   4   0   0  33  51   3   0   0   1   0   0   0   1   0   0   1   0  1.08 0.45
  124 N   -2 -1  5  0  7 -2 -2  0 -3 -2 -4 -3 -4 -5 -1  0 -1 -1 -4 -4    3   3  37   5  26   1   2   6   0   3   0   0   0   0   3   6   3   1   0   0  0.90 0.40
  125 K    0  1  0 -1 -4 -1  0  2  1 -3 -3  5 -1 -4 -3  0 -1 -5 -3 -2    6   6   4   3   0   1   6  14   4   0   1  42   2   0   0   6   3   0   0   3  0.46 0.27
  126 I   -2 -5 -4 -3  7 -2 -3 -3  0  5  0 -3 -1 -2 -2 -2 -3 -5 -3  0    2   0   0   1  30   1   1   2   2  41   9   1   1   1   2   2   0   0   0   2  0.98 0.41
  127 A   -2 -3 -1  2 -2 -3 -3  6 -3 -6 -6 -3 -5 -6 -5  0 -4 -5 -5 -6    2   1   2  11   1   1   1  72   0   0   0   1   0   0   0   8   0   0   0   0  1.40 0.50
  128 N    0  2 -1  0 -4  1  2 -1 -2 -2 -1  4 -1 -4  0 -1 -1 -4 -3 -2    6   8   2   5   0   7  16   5   0   2   8  30   2   0   4   1   3   0   0   1  0.31 0.20
  129 A    0 -1 -3 -3 -5 -3 -2 -2 -4 -3 -3 -1 -4 -2  7  0 -1 -5 -4 -2    7   3   1   1   0   1   2   3   0   1   3   3   0   2  61   6   2   0   0   3  1.36 0.46
  130 H   -5 -3  1 -4 -6 -3 -3 -5 11 -6 -6 -4 -5 -4 -5 -3 -2 -5  0 -6    0   1   6   0   0   0   0   0  84   0   0   0   0   0   0   1   2   0   2   0  2.74 0.75
  131 T   -1 -3 -2 -3 -3 -3 -3 -3 -4 -2 -4 -3 -2 -4 -3  4  6 -5 -4 -3    3   0   0   0   0   0   0   0   0   2   0   0   1   0   0  33  59   0   0   0  1.25 0.52
  132 I   -3 -4 -5 -5 -3 -4 -5 -5 -5  4  2 -4 -1 -1 -4 -4 -2 -4 -3  6    0   0   0   0   0   0   0   0   0  20  16   0   0   1   0   0   0   0   0  60  1.07 0.40
  133 P   -1 -4 -4 -4 -3 -2 -4 -4 -4 -5 -4 -2 -2 -5  8  0  0 -6 -5 -3    4   1   0   0   1   2   0   0   0   0   1   2   1   0  75   6   6   0   0   1  1.97 0.58
  134 Q   -2  0 -2 -5  8 -3 -3 -2 -2 -2 -2 -4  2  4 -5 -2  0 -3  1  0    2   5   2   0  37   0   1   2   1   1   2   0   7  18   0   3   7   0   4   8  0.89 0.37
  135 K   -2  2 -2 -3 -5  0  0 -4 -3 -4 -4  7 -4 -5 -4 -2 -1 -5 -4 -2    2   8   1   0   0   3   3   0   0   1   1  74   0   0   0   0   3   0   0   2  1.31 0.51
  136 I    0 -4 -3 -5 -1 -3 -3 -1 -5  1 -1 -4 -1 -3 -4 -2  1 -5 -4  6    8   0   1   0   1   0   2   5   0   5   3   0   1   0   0   2   8   0   0  66  0.87 0.40
  137 T   -2 -1 -2 -2 -3 -2  1 -4 -1 -1 -3 -1  0 -3 -3  2  6 -4 -2 -1    0   3   1   1   0   1   8   0   2   3   1   3   3   1   0  17  53   0   1   3  0.74 0.39
  138 G   -2 -4 -3 -3 -5 -4 -5  7 -5 -6 -6 -4 -5 -6 -5 -3 -4 -5 -6 -3    1   1   0   1   0   0   0  93   0   0   0   0   0   0   0   1   0   0   0   2  2.06 0.60
  139 K   -2  4 -2 -3  4 -1 -2 -4  1 -5 -5  6 -4 -5 -4 -1 -3 -5 -4 -4    1  23   1   0   8   0   1   0   3   0   0  57   0   0   0   3   1   0   0   1  1.15 0.46
  140 S    2 -5 -4 -4 10 -4 -4 -3 -4 -4 -4 -4 -1 -4 -5  1 -2 -4  2 -3   18   0   0   1  55   0   1   1   0   0   0   0   1   0   0  13   1   0   7   1  1.67 0.54
  141 G   -2 -4 -3 -3  0 -4 -4  7 -4 -5 -5 -4 -5 -5 -4  0 -4 -5 -5 -3    2   1   0   1   2   0   0  83   0   0   1   0   0   0   0   6   0   0   0   2  1.67 0.51
  142 S   -1 -3 -2 -1 -1 -3 -3 -3 -3 -4 -4 -3 -4 -4 -1  7 -1 -5 -4 -4    3   0   0   4   1   0   1   1   0   0   1   0   0   0   3  82   2   0   0   1  1.37 0.54
  143 V   -2 -4 -4 -4 -3 -4 -4 -4 -4  1 -1 -4  1 -3 -4 -1  0 -4 -3  6    1   0   0   1   0   0   1   1   0   3   2   1   3   0   0   5   4   0   0  76  1.14 0.43
  144 R   -1  3 -1 -2 -3 -1  1 -2 -1 -1  2  0  1 -2 -2  0  1 -2 -2 -1    3  21   2   1   0   1   9   1   1   2  24   5   3   1   1   8  12   0   1   4  0.19 0.15
  145 I   -1 -4 -4 -4  1 -4 -4 -4 -4  3  0 -4  0 -3 -4 -3 -2 -4 -3  6    2   1   0   1   3   0   1   1   0  12   5   1   1   0   1   1   1   0   0  70  1.06 0.40
  146 R   -2  5 -2 -2  1  0  1 -3  3 -2 -3  1 -3 -3 -3 -1  2 -4 -2 -1    1  39   1   1   3   2  11   1   9   2   1   5   0   1   1   2  16   0   1   4  0.58 0.29
  147 L   -4 -4 -5 -5  1 -4 -5 -5 -5  1  6 -4  1 -2 -3 -4 -3 -4 -3  0    0   1   0   0   3   0   0   0   0   7  79   0   2   1   1   0   0   0   0   5  1.17 0.43
  148 V   -3 -1 -4 -3  1 -3 -3 -5 -4  6  0  0  2 -2 -4 -4 -2 -4  0  2    0   3   0   1   3   1   1   0   0  56   5   7   6   1   0   0   1   0   4  11  0.78 0.35
  149 P   -4 -5 -5 -5  0 -4 -4 -5 -5 -6 -6 -4 -5 -6  9 -2 -3 -6 -6 -5    0   0   0   0   3   0   0   0   0   0   0   0   0   0  92   2   1   0   0   0  2.83 0.76
  150 A    6 -4 -4 -4 -1 -3 -3 -1 -4 -4 -4 -3 -4 -5 -3 -1 -2 -5 -4 -1   88   0   0   0   1   0   1   3   0   0   0   0   0   0   1   1   1   0   0   3  1.47 0.56
  151 P   -3 -3 -5 -4 -5 -4 -4 -5 -5 -5 -3 -4 -5 -6  8 -2 -4 -6 -5 -5    1   1   0   0   0   0   0   0   0   0   3   0   0   0  89   2   0   0   0   0  2.58 0.68
  152 R   -2  7 -3 -4 -5  1 -1 -3  1 -3 -4  2 -3 -5 -4 -2 -2 -1 -3 -4    3  65   0   0   0   5   2   1   3   1   1  13   0   0   0   1   1   1   1   0  1.23 0.45
  153 G   -2 -2 -2 -3 -5 -4 -4  7 -4 -6 -6 -3 -5 -5 -5 -2 -4 -5 -5 -5    0   2   1   1   0   0   0  90   0   0   0   1   0   0   0   2   0   0   0   0  1.92 0.56
  154 T   -1 -1 -2 -3  0 -3 -3 -4 -4  0  1 -1 -1 -3 -3  1  5 -4 -3  1    4   2   0   0   2   0   0   0   0   5  14   4   0   0   0   7  51   0   0   9  0.61 0.32
  155 G   -2 -5 -3 -3  0 -3 -4  7 -3 -6 -6 -4 -5 -5 -5 -2 -4 -5 -5 -5    1   0   0   1   2   1   0  92   0   0   0   0   0   0   0   1   0   0   0   0  1.99 0.57
  156 I   -3 -3 -5 -5 -3 -4 -5 -5 -1  6  3 -4  1 -2 -5 -4 -2 -4 -3  0    0   1   0   0   0   0   0   0   2  55  34   0   3   0   0   0   1   0   0   2  1.06 0.39
  157 V    1 -4 -5 -5  1 -4 -3 -5 -5  2 -2 -4 -1 -3 -4 -2 -2 -5 -4  6   14   1   0   0   2   0   1   0   0   9   0   0   0   0   0   2   0   0   0  69  1.03 0.43
  158 A    4 -3 -3 -3 -1 -3 -3  0 -3  0 -2 -3 -3 -4 -2  4  0 -2 -4 -1   46   0   0   0   1   0   0   4   0   6   4   0   0   0   1  32   3   1   0   4  0.64 0.35
  159 A    4 -4 -2 -1 -3 -3 -3  4 -4 -4 -4 -3 -4 -5 -1  2 -2 -5 -4 -3   48   0   1   3   0   0   0  30   0   0   0   0   0   0   3  12   1   0   0   1  0.82 0.36
  160 P   -3  0  0  3 -5 -2  0 -1 -3 -4 -3 -1 -4 -5  6 -1 -1 -5 -5 -4    1   5   4  20   0   1   7   4   0   0   3   2   0   0  47   3   2   0   0   0  1.07 0.37
  161 I    0 -3 -3 -4 -2 -3 -3 -2 -4  2 -1 -2  0 -2 -3 -2  2 -4 -2  5    8   0   1   0   0   0   1   2   0  10   2   2   2   1   1   1  15   0   1  51  0.55 0.29
  162 P    1 -3 -2 -3 -3 -2 -2  0 -2 -1 -1 -3 -2 -4  6  0 -1 -4 -4  1   13   0   1   0   0   1   1   7   1   3   5   0   1   0  45   5   2   0   0  14  0.85 0.31
  163 K   -3  3 -2 -3 -5  0 -1 -4 -2 -5 -4  7 -4 -5 -3 -2 -2 -5 -4 -4    1  11   0   0   0   3   2   0   0   0   1  78   0   0   0   1   1   0   0   1  1.46 0.52
  164 K   -1  2 -1 -3 -4 -1 -1 -3  0 -2 -4  6 -3 -4 -2 -1  0 -5 -3 -2    5  10   2   0   0   1   0   0   2   2   0  62   0   0   2   3   6   0   0   3  0.89 0.38
  165 V   -2 -4 -4 -5 -3 -3 -4 -5 -4  3  4 -4  2 -1 -4 -4 -2 -3 -3  3    2   0   0   0   0   1   0   0   0  17  49   0   3   2   0   0   0   0   0  24  0.73 0.30
  166 L   -3 -4 -5 -5 -2 -3 -5 -5 -5  0  6 -4  1  1 -3 -4 -3 -3 -3 -1    0   0   0   0   0   1   0   0   0   1  83   0   2   6   1   1   0   0   0   1  1.19 0.43
  167 Q   -2  1 -1 -1 -4  3  2 -1  1 -2 -1 -1  5 -3 -3  0  0 -4 -3 -2    2   6   1   3   0  19  17   4   3   1   5   2  24   0   0   6   7   0   0   1  0.41 0.27
  168 F   -3 -4 -5 -5 -4 -3 -4 -4 -4 -1  4 -3  8  1 -5 -4 -2 -3 -1 -2    0   0   0   0   0   0   0   1   0   1  39   2  46   6   0   0   1   0   2   0  1.23 0.47
  169 A    7 -3 -4 -4 -3 -3 -4  0 -4 -4 -4 -3 -4 -5 -4 -2 -2 -5 -4 -2   90   1   0   0   0   0   0   5   0   0   0   0   0   0   0   0   1   0   0   2  1.49 0.57
  170 G   -2 -4 -1 -1 -2 -4 -4  7 -5 -6 -6 -4 -5 -6 -5 -2 -4 -5 -6 -5    0   1   2   3   1   0   0  91   0   0   0   0   0   0   0   2   0   0   0   0  1.94 0.57
  171 V   -2 -5 -5 -5 -3 -5 -5 -6 -5  6  0 -5 -1 -2 -5 -4 -1 -4  0  3    2   0   0   0   0   0   0   0   0  66   4   0   0   0   0   0   2   0   3  22  1.19 0.44
  172 Q   -1  0  0  4 -5  2  3 -3  0 -5 -5  3 -4 -5 -3 -1 -1 -5 -4 -4    3   3   2  30   0  10  21   0   2   0   0  23   0   0   0   3   2   0   0   0  0.70 0.31
  173 D   -5 -4  1  8 -6 -3 -1 -4 -4 -6 -6 -4 -6 -6 -4 -3 -4 -7 -6 -6    0   0   5  94   0   0   0   0   0   0   0   0   0   0   0   0   0   0   0   0  2.32 0.67
  174 I    1 -4 -5 -5  9 -4 -5 -2 -5  1 -2 -4 -2 -4 -4 -2 -2 -2 -3  4   12   0   0   0  44   0   0   2   0   8   2   0   0   0   0   1   0   0   0  29  1.26 0.44
  175 Y   -5 -3 -2 -6 -5 -4 -5 -5 -1 -4 -3 -5 -4  3 -6 -5 -5  9  8 -4    0   1   2   0   0   0   0   0   0   0   1   0   0  11   0   0   0  31  52   0  2.21 0.62
  176 T   -1 -4 -2 -3 -3 -3 -3 -2 -4 -3 -4 -3 -2 -5 -4  2  7 -5 -4 -1    2   0   0   0   0   0   0   3   0   0   0   0   1   0   0  15  75   0   0   3  1.36 0.53
  177 S   -1  1 -1 -2 -1  2 -1 -3 -1 -3 -2  1 -2  1 -1  4  0  0 -2 -3    2   9   2   0   1   9   1   0   1   1   4  10   1   7   2  45   3   1   1   0  0.42 0.28
  178 S    4 -3 -2 -3  0 -2 -2 -2 -3 -2 -4 -3 -3 -4 -3  4  3 -5 -4 -2   38   0   1   0   2   1   0   1   0   2   0   0   0   0   0  36  18   0   0   1  0.76 0.37
  179 Q   -2  5  0 -2 -1  0 -1 -2  1 -4 -2  2 -2  1 -3  1 -1  2 -1 -3    2  41   3   1   2   3   2   2   3   0   2  10   1   8   0  11   4   3   1   1  0.48 0.25
  180 G   -2 -5 -3 -3 -5 -4 -5  7 -5 -6 -6 -4 -5 -6 -5 -2 -4 -5 -5 -5    1   0   0   1   0   0   0  94   0   0   0   0   0   0   0   1   0   0   0   1  2.07 0.58
  181 C   -1 -1  1 -1  7  2  0 -2  3 -4 -3  0 -3 -3 -3  2 -1 -4 -1 -3    4   2   9   2  26  12   6   2   9   0   1   4   0   1   0  18   1   0   3   0  0.57 0.28
  182 T   -3 -4 -3 -4 -4 -4 -4 -4 -4 -3 -4 -4 -2 -5 -4 -1  8 -5 -2 -3    0   0   0   0   0   0   0   0   0   1   0   0   1   0   0   1  93   0   1   0  1.93 0.67
  183 R    3  5 -2 -2  1  0 -2 -2 -2 -4 -3  2 -3 -4 -3  0 -1 -4 -1 -3   34  35   1   1   3   3   0   2   0   0   1  12   0   0   1   4   2   0   2   0  0.62 0.31
  184 T   -2 -3 -1 -4 -3 -3 -4 -4 -4 -3 -4 -3 -4 -5 -4 -1  8 -5 -4 -3    1   1   3   0   0   0   0   0   0   0   0   0   0   0   0   2  91   0   0   0  1.83 0.64
  185 R   -2  0 -3 -4 -3 -2 -3 -4 -1 -1  4 -2  2 -1 -3 -1  4  1 -3 -1    1   4   1   0   0   1   0   0   1   1  47   1   4   1   0   2  32   2   0   0  0.62 0.33
  186 G   -2 -2 -2 -2 -4 -3  1  5 -2  1 -1 -3 -1 -2 -3 -2 -2 -4 -1  1    1   2   1   2   0   0  11  50   1   9   6   0   2   1   0   2   1   0   3  10  0.57 0.27
  187 N   -4 -3  8 -2 -5 -3 -3 -3 -2 -6 -6 -2 -5 -6 -1 -1 -3 -6 -5 -6    0   0  91   0   0   0   0   0   0   0   0   1   0   0   3   3   0   0   0   0  2.24 0.68
  188 F   -4 -5 -5 -6 -3 -5 -5 -5 -3 -2  0 -5 -2  8 -6 -3 -1 -2  2 -1    0   0   0   0   0   0   0   0   0   0   7   0   0  75   0   1   5   0   5   4  1.70 0.53
  189 L    5 -4 -4 -3 -1 -3 -3 -2 -4  0  0 -3 -2 -4 -3  0  0 -4 -4  1   68   0   0   1   1   0   0   0   0   5   8   0   1   0   0   3   6   0   0   8  0.82 0.39
  190 K   -3  1 -2 -3 -5 -1 -2 -2 -3 -4 -2  7  1 -1 -4 -2 -2 -5 -3 -3    1   3   1   0   0   0   1   2   0   0   4  75   5   3   0   1   2   0   0   1  1.19 0.48
  191 A    7 -4 -4 -4 -3 -3 -3 -1 -4 -4 -4 -3 -4 -5 -3 -1 -2 -5 -4 -3   94   0   0   0   0   0   0   2   0   0   0   0   0   0   0   1   0   0   0   1  1.62 0.58
  192 T   -1 -4 -2 -4 -2 -3 -3 -3 -4 -1 -2 -3 -1 -4 -2 -1  7 -5 -4  1    4   0   1   0   1   0   0   2   0   3   2   0   1   0   2   2  72   0   0  10  1.15 0.48
  193 Y   -4 -5 -5 -5 -5 -5 -5 -5 -1 -1 -1 -5 -2  8 -5 -2 -4  0  5 -2    0   0   0   0   0   0   0   0   1   4   3   0   0  62   0   2   0   0  23   2  1.60 0.50
  194 Y    1 -2  4  5 -4 -1  1 -3 -2 -3 -2 -1 -2 -2 -3 -1 -1 -4  0 -2   11   0  22  37   0   1   7   0   0   1   4   2   1   1   0   2   3   0   4   2  0.58 0.28
  195 A    7 -4 -4 -3  1 -3 -3 -2 -4 -4 -4 -3 -4 -5 -3 -1 -2 -5 -4 -3   92   0   0   1   2   0   0   0   0   0   0   0   0   0   0   1   1   0   0   0  1.57 0.57
  196 L   -3 -4 -5 -5 -3 -4 -5 -5 -5  5  4 -4  0 -1 -4 -4 -1 -4 -3  1    1   0   0   0   0   0   0   0   0  39  47   0   1   1   0   0   3   0   0   7  0.90 0.34
  197 A    0  2 -1 -2 -2  1  1 -1 -1 -3 -3  2 -1 -3 -2  3  0 -3  0 -2    6  11   2   1   0   7   7   3   1   1   1  15   1   0   1  32   3   0   5   3  0.31 0.20
  198 N   -1  1  4 -2 -4  2  0 -3 -2 -4 -3  5 -3 -5 -3  0 -1 -2 -4 -4    4   5  22   0   0   8   4   1   0   0   2  45   0   0   0   4   2   1   0   0  0.74 0.34
  199 T    0 -3 -2 -2 -1 -3 -3 -3 -4 -3 -1 -3 -2 -4 -3  0  7 -5 -4 -2    9   0   1   2   1   0   0   1   0   1   5   0   1   0   0   5  73   0   0   1  1.19 0.49
  200 Y   -2 -4  1 -4 -3 -3 -4 -4  1 -4 -3 -4 -2  1 -4  1 -2 -1  8 -2    2   0   7   0   0   1   0   1   2   0   1   0   1   2   0  14   1   0  64   2  1.42 0.50
  201 R    1  0  0 -2 -1  1  0  1 -2 -3 -2  1 -1 -3 -2  3  0 -4 -2 -2   10   6   4   0   1   5   6  12   0   1   3   7   2   1   0  36   4   0   1   2  0.28 0.19
  202 Y   -2 -2 -3 -4 -4 -3 -4 -4  1  0 -2 -4  2  6 -4 -1 -2 -1  6 -1    3   2   0   0   0   0   0   0   4   5   1   0   5  32   0   5   2   0  36   4  0.96 0.36
  203 L   -3  2 -1 -4 -3 -2 -3 -4 -3  0  4 -1  0  0 -3 -3 -1 -3  0  1    0  16   3   1   0   1   0   0   0   3  53   2   1   3   1   0   3   0   4   8  0.47 0.24
  204 T   -1 -3 -2 -3 -3 -2 -1 -3 -1 -1 -1 -3  0 -4 -3  0  6 -4 -3 -1    3   1   0   0   0   1   3   1   1   4   5   0   2   0   1   6  69   0   1   4  0.99 0.42
  205 P   -3 -2 -4 -4 -5 -3 -3 -4 -4 -5 -2 -2 -2 -5  8 -2 -3 -6 -4 -4    0   2   0   0   0   1   0   0   0   0   4   2   1   0  85   2   1   0   0   1  2.30 0.58
  206 D   -2 -3  2  6 -3  1  2 -3 -3 -3 -4 -2 -2 -5 -3 -1 -2 -3 -4 -2    2   0  10  57   0   7  13   0   0   1   1   0   1   0   0   3   0   0   0   3  1.00 0.37
  207 F   -3 -2 -2  1 -3  0 -2 -4 -3 -1  5 -2  1  0 -4 -2 -2 -3 -1 -1    1   1   1  11   0   6   2   0   0   0  63   1   3   4   0   3   1   0   2   1  0.56 0.29
  208 W   -5  0 -6 -7 -3 -5 -2 -4 -1 -4 -4 -5 -4 -2 -7 -6 -4 12  1 -6    0   6   0   0   1   0   3   1   1   1   1   0   0   1   0   0   1  82   2   0  3.40 0.77
  209 G    0  2  0 -1 -4  0  2 -1  0 -3 -3  5 -2 -4 -1 -1 -1 -5 -3 -3   10   8   3   1   0   1  12   4   2   1   0  51   1   0   3   0   3   0   0   1  0.59 0.28
  210 K   -1  1  0  2 -5  1  5 -2 -1 -4 -4  1 -3 -5 -2 -1 -1 -5 -4 -2    3   5   3  10   0   4  54   2   0   0   0  10   0   0   1   1   3   0   0   3  0.73 0.30
  211 P   -1  0 -1 -2 -2  0  0 -3  0  0 -1  0  2 -2  1  0  4 -4 -2 -1    2   5   2   0   0   3   7   1   2   4   4   5   7   1   6   5  43   0   1   2  0.34 0.22
  212 E    1  0 -2 -2 -2 -1  2 -3 -2  0 -2  1  0 -3  3 -1 -1 -4 -3  3   11   5   0   0   0   1  15   1   1   1   1  10   3   0  16   3   2   0   0  30  0.29 0.19
  213 D   -2 -2 -3 -1 -3 -3 -2 -4 -3  0  2 -1 -1  6  0 -3 -2 -1  1  0    1   1   0   4   0   1   3   0   0   3  27   4   0  41   5   1   0   0   2   5  0.53 0.24
  214 N    0 -1  0 -2 -3  0  0  1 -3  1 -1 -1 -1 -3 -1  1  4 -4 -3 -1    6   2   3   0   0   5   7  10   0  10   3   1   0   0   3  10  38   0   0   2  0.29 0.19
  215 E   -1  1 -2 -2 -4  1  1 -3 -2 -3 -1  5 -2 -4  1  0 -1 -2 -3 -2    3   6   0   1   0   4   6   0   0   0   9  50   0   0   6   8   3   1   0   3  0.49 0.24
  216 L    0 -2  3 -1 -2 -1 -2  0  0 -3 -3 -1 -3 -1 -1  4  2 -4 -2 -3    5   0  14   2   1   1   0   4   2   1   1   1   0   3   2  47  16   0   0   0  0.51 0.26
  217 P   -3 -2 -5 -4 -5 -4 -4 -5 -5 -4 -5 -3 -5 -6  9 -3 -3 -6 -6 -4    0   2   0   0   0   0   0   0   0   1   1   0   0   0  95   1   0   0   0   1  2.71 0.59
  218 F   -1 -4 -4 -4 -3 -3 -4 -5 -1 -1  2 -4  1  3 -5 -3 -2  0  8 -2    4   0   0   1   0   0   0   0   0   2  18   0   4  11   0   0   1   0  58   1  1.16 0.37
  219 E   -2 -1 -2  2 -5  7  2 -4 -1 -2 -2 -1  0 -4 -3 -2 -3 -4 -3  0    1   1   0  10   0  63   9   0   1   1   3   1   2   0   0   0   0   0   0   8  0.97 0.38
  220 T    0 -1 -2 -1 -5  1  6 -2 -2 -1 -4  1 -3 -5 -3 -2 -2 -5 -4  0    8   1   0   0   0   2  68   3   0   4   0   6   0   0   0   0   1   0   0   6  0.88 0.34
  221 F   -4 -4  0 -5 -4 -4 -4 -5  4 -3 -2 -4 -2  7 -5 -4 -4  1  5 -3    0   0   5   0   0   0   0   0  14   0   1   0   0  58   0   0   0   2  22   0  1.39 0.39
  222 S    2 -2 -2 -2 -2  0 -2 -1 -2 -2 -3 -2 -2 -4 -3  4  5 -3 -3 -1   17   0   0   0   0   3   0   2   0   1   0   0   0   0   0  34  40   0   0   2  0.67 0.29
  223 E   -2 -3  0  7 -5 -2  1 -2 -3 -5 -5 -1 -5 -5 -3 -1 -2 -6 -3 -4    2   0   2  79   0   0   7   1   0   0   0   2   0   0   0   3   1   0   1   1  1.42 0.40
  224 F   -3 -3 -3 -3 -4 -2 -3 -4  7  1  0 -3 -2  4 -4 -3 -3  1  3  0    0   0   0   0   0   0   0   0  39   9   7   0   0  25   0   0   1   1  10   7  0.91 0.31
  225 L   -3 -4 -5 -6 -3 -4 -5 -6 -5  2  6 -4  1 -1 -5 -4 -2 -4 -3 -1    0   0   0   0   0   0   0   0   0   8  90   0   0   0   0   0   2   0   0   0  1.22 0.37
  226 H    2  0  1 -2 -3  0  0 -2  7 -3 -3 -1 -1 -3 -3  3 -1 -4 -1 -3   18   4   6   0   0   3   4   0  35   2   1   1   1   0   0  24   1   0   0   0  0.63 0.25
  227 T   -1  0  1 -1 -3  2  1 -2 -2 -2 -2  3 -1 -3 -2  0  4 -4 -3 -2    2   2   6   1   0   8   8   1   0   1   4  25   2   0   0   5  33   0   0   1  0.37 0.19
  228 K   -1  4 -1 -2 -3  1  0 -2 -2 -3 -2  2 -2  0  0  0  1 -3 -2 -2    4  37   0   1   0   8   4   1   0   0   3  13   0   5   5   7  11   0   0   0  0.38 0.15
  229 A    1 -2 -1 -1 -2  0  2 -1  0  0 -2  0 -1 -3 -2  0  0 -4 -2  3   16   0   2   1   0   4  15   3   3   0   0   7   0   0   1   8   3   0   0  37  0.18 0.13
  230 Q   -1  1 -1 -2 -3  1  0 -2 -2 -4 -4  5 -3 -4 -2  4 -1 -4 -3 -3    0   4   1   0   0   6   2   0   0   0   0  45   0   0   0  41   0   0   0   0  0.69 0.24

                      K         Lambda
Standard Ungapped    0.1356     0.3176
Standard Gapped      0.0574     0.2670
PSI Ungapped         0.1872     0.3151
PSI Gapped           0.0574     0.2670
