
Last position-specific scoring matrix computed, weighted observed percentages rounded down, information per position, and relative weight of gapless real matches to pseudocounts
           A  R  N  D  C  Q  E  G  H  I  L  K  M  F  P  S  T  W  Y  V   A   R   N   D   C   Q   E   G   H   I   L   K   M   F   P   S   T   W   Y   V
    1 M   -3 -4 -4 -5 -3 -3 -4 -5 -4  2  1 -4  9 -2 -5 -4 -3 -4 -3  2    0   0   0   0   0   0   0   0   0   9   4   0  74   0   0   0   0   0   0  13  1.50 0.40
    2 D   -4 -3 -2  3 -7 -1  7 -5 -2 -6 -6 -2 -5 -6 -4 -3 -4 -6 -5 -6    0   0   1  18   0   0  80   0   1   0   0   0   0   0   0   0   0   0   0   0  1.82 0.64
    3 E   -1  5 -2 -3 -5  4 -1 -4 -3 -5 -4  4 -4 -6 -3 -1 -1 -5 -4 -5    5  36   1   0   0  17   2   0   0   0   1  30   0   0   1   5   2   0   0   0  1.00 0.46
    4 F   -3 -3 -5 -5 -4 -3 -4 -5 -2  2  3 -3  2  5 -5 -4 -3  0  5  0    1   1   0   0   0   1   0   0   1  12  29   1   5  24   0   0   1   1  19   5  0.77 0.35
    5 E    2  1  1  2 -4  1  4 -2  1 -4 -4  1 -3 -5 -3  0 -1 -5 -3 -3   18   7   6  10   0   7  30   1   3   0   0   9   0   0   0   4   4   0   1   0  0.46 0.28
    6 M   -3 -2 -3 -5 -4 -3 -4 -6 -3  3  5 -3  1 -2 -3 -4 -1 -2 -3  1    1   2   1   0   0   1   1   0   1  15  63   2   2   0   1   1   3   0   0   6  0.83 0.39
    7 I   -1 -5 -6 -5  1 -5 -5 -6 -6  6  2 -5 -1 -2 -5 -4 -3 -5 -4  2    4   0   0   1   3   0   0   0   0  61  18   0   1   0   0   0   0   0   0  12  1.20 0.49
    8 K   -2  3 -2 -3 -3 -1 -1 -3 -3 -2  0  4  0 -4 -3  0  4 -5 -2 -2    2  16   1   0   0   1   3   0   0   2   8  28   3   0   0   4  29   0   1   1  0.54 0.34
    9 R   -1  6 -2 -3 -5  0  0 -3 -1 -5 -4  2 -4 -5 -4  3 -3 -5 -4 -3    3  52   1   0   0   3   4   1   1   0   1  12   0   0   0  21   0   0   0   1  1.04 0.48
   10 N   -3 -2  6 -1 -5 -3 -3  3 -2  1 -3 -3 -3 -3  1 -2 -3 -6 -4  1    0   2  46   2   0   0   0  19   0  10   1   0   0   1   6   1   0   0   0  11  0.85 0.44
   11 T    2 -4 -3 -4 -2 -3 -4  1 -4 -1  3 -3 -1 -2 -4 -2  3 -4 -4  1   17   0   0   0   1   0   0  13   0   1  32   0   0   0   0   1  24   0   0  11  0.48 0.33
   12 S    1 -2 -2  1 -4  4  4 -3  0 -3 -2 -1 -2 -5 -3  0 -2 -5 -4  1   13   1   0   5   0  22  34   1   2   0   3   1   1   0   0   6   1   0   0  10  0.59 0.36
   13 E   -4 -4 -3  1 -7 -1  8 -6 -4 -7 -7 -3 -6 -7 -5 -3 -4 -7 -6 -6    0   0   0   7   0   1  91   0   0   0   0   0   0   0   0   1   0   0   0   0  2.19 0.81
   14 I   -3 -2 -5 -6  6 -5 -5 -6 -4  4  0 -5 -2 -2 -5 -4 -2 -1 -4  5    0   2   0   0  18   0   0   0   0  27   5   0   0   1   0   1   2   1   0  42  1.07 0.46
   15 I   -3 -5 -5 -2 -4 -3 -4 -6 -1  5  3 -5  0 -2 -5 -4 -2 -5 -3  4    0   0   0   3   0   1   1   0   2  36  28   0   1   0   0   0   1   0   0  27  0.86 0.39
   16 S   -2 -2  3  0  0  1 -2  2 -2 -4 -3 -1 -3 -4  1  1  4 -5 -3 -3    0   0  16   4   2   8   1  19   1   0   1   3   0   0   6   8  29   0   1   1  0.47 0.31
   17 E   -1 -2 -2  2 -5 -1  5 -1 -2 -2 -1  0 -2 -5  3 -2 -3 -4 -4 -1    3   1   1   9   0   1  46   5   1   3   5   4   1   0  13   1   1   0   0   5  0.65 0.37
   18 E   -2 -1  0  5 -6  1  6 -4 -2 -6 -6  0 -5 -6 -3 -2 -3 -6 -5 -4    2   2   3  30   0   4  50   0   0   0   0   3   0   0   1   2   0   0   0   1  1.20 0.52
   19 E   -3  0 -2  2 -6 -1  6 -2 -3  2 -3  0 -3 -5 -4 -2 -3 -6 -5 -3    1   5   1   9   0   0  57   3   0  13   2   6   0   0   0   2   1   0   0   1  0.93 0.47
   20 L   -3 -5 -6 -6 -3 -5 -6 -6 -6  4  5 -5  1  0 -6 -5 -4 -4 -4  0    1   0   0   0   0   0   0   0   0  20  70   0   2   3   0   0   0   0   0   4  1.25 0.50
   21 R   -2  4 -2 -1 -2  0  1 -4  0 -1 -1  4 -1 -4 -4 -2 -2 -3 -3 -1    2  27   1   3   1   3  11   0   2   3   8  30   1   0   0   1   2   0   0   4  0.52 0.31
   22 E    1  0  2  1 -4  1  3 -2 -1 -3 -2  2 -3 -4 -2  1 -1 -4 -3 -2   12   3  11   7   0   5  23   1   1   0   5  15   0   0   1   9   3   0   0   3  0.31 0.21
   23 V   -3 -2 -4 -4 -3 -2 -3 -5 -4  3  4  2  1 -2 -4 -3 -1 -4 -2  2    1   2   0   0   0   1   0   0   0  16  42  19   2   0   0   1   3   0   1  12  0.57 0.32
   24 L   -2 -5 -5 -5 -3 -4 -5 -6 -5  2  5 -4  0  1 -5 -4 -3 -1 -3  0    4   0   0   0   0   0   0   0   0  10  71   0   1   5   0   0   0   1   0   5  1.06 0.45
   25 K    1  1 -1  0 -4  1  3 -2 -1 -3 -2  4 -3 -5 -2 -1 -2 -5 -4 -3   11   5   2   5   0   4  26   1   1   1   3  33   0   0   1   4   2   0   0   0  0.54 0.31
   26 K   -2  1  0  0 -5  1  3 -3 -2 -4 -3  5 -2 -5 -3  0  0 -5 -4 -3    2   4   4   5   0   4  25   1   0   0   1  40   1   0   0   6   5   0   0   1  0.69 0.37
   27 D   -1  3  0  0 -4 -1  1  3 -1 -4 -4  3 -4 -5  3  0 -2 -5 -4 -3    4  18   4   5   0   1   7  22   1   0   0  19   0   0  13   5   0   0   0   2  0.47 0.27
   28 E   -1  2  2  2 -4  0  2 -1  2 -4 -4  1 -3 -5  3 -1 -1 -5 -3 -3    4  11   9  15   0   3  14   4   5   0   0  10   0   0  16   3   3   0   0   2  0.41 0.23
   29 K   -2  0 -4 -4 -3 -3 -3 -3 -2  0  2  1 -2 -2  6 -3 -3 -5 -4 -2    1   5   0   0   0   0   0   2   1   7  26  11   0   1  40   1   0   0   0   2  0.89 0.41
   30 S   -3  4  0 -3 -3 -1 -1 -4 -1  2 -2  3 -2 -4  0  0  0 -5 -3  1    0  22   5   0   0   1   1   0   1  18   2  26   0   0   4   7   5   0   0   8  0.43 0.29
   31 A    2 -4 -4 -5  6 -4 -4 -1  2  3  0 -3 -2 -3 -4 -2 -2 -5 -2  3   19   0   0   0  20   0   0   6   6  16   7   1   0   0   0   2   0   0   1  23  0.61 0.33
   32 Y   -5 -4 -5 -6 -1 -4 -5 -7 -2 -4 -5  3 -5  1 -6 -5 -5 -2  9 -5    0   0   0   0   1   0   0   0   0   1   0  17   0   3   0   0   0   0  78   0  2.43 0.84
   33 I   -1 -5 -2  2 -3 -3 -4 -5 -4  3  1 -3 -2 -1 -5 -4 -2  9 -2  2    6   0   2  15   0   0   0   0   0  16  13   1   0   1   0   0   1  28   0  16  0.99 0.43
   34 G   -2 -4 -4 -5 -6 -5 -5  7 -5 -7 -7 -5 -6 -6 -5 -2 -5  5 -5 -6    2   1   0   0   0   0   0  87   0   0   0   0   0   0   0   2   0   7   0   0  2.08 0.69
   35 F   -3 -4 -4 -5  2 -4 -5 -5 -3 -2  0 -4 -2  6 -5 -3  4 -2  4 -2    1   1   0   0   4   0   0   0   0   1  10   0   0  40   0   1  28   0  12   1  1.04 0.47
   36 E    3 -3 -3  4 -5 -1  5 -4 -3 -5 -4 -3 -4 -6 -4 -2 -3 -6 -5 -4   31   0   0  21   0   1  45   0   0   0   1   0   0   0   0   1   0   0   0   0  1.10 0.52
   37 P   -4 -5 -5 -5 -4 -5 -5 -5 -5  0 -5 -4 -5 -6  8 -3  3 -7 -6 -4    0   0   0   0   0   0   0   0   0   7   0   0   0   0  74   0  18   0   0   0  2.22 0.75
   38 S   -2 -2 -2 -4  1 -3 -3 -4 -4 -4 -3 -3 -4 -5 -4  5  5 -6 -5 -3    1   1   0   0   2   0   0   0   0   0   2   0   0   0   0  49  43   0   0   0  1.30 0.61
   39 G    2 -5 -3 -3 -5 -2 -4  6 -5 -6 -6 -4 -5 -6  1 -2 -4  1 -5 -5   15   0   0   1   0   1   0  71   0   0   0   0   0   0   6   2   0   2   0   0  1.47 0.55
   40 K   -3  4 -1  3 -5 -1  0 -4 -3 -2 -1  3 -1 -1 -1 -1 -2  1 -1 -2    0  30   2  17   0   1   4   0   0   2   7  19   2   3   3   2   1   2   2   4  0.46 0.29
   41 I   -2 -4 -5 -5 -4 -4 -4 -5 -5  4  1 -4  6 -1  5 -3 -3 -5 -4  1    2   1   0   0   0   0   0   0   0  23  13   0  21   2  28   1   0   0   0   8  0.95 0.44
   42 H   -6 -4 -3 -4 -7 -4 -3 -4 11 -7 -7 -5 -6 -5 -4 -5 -3 -6 -2 -7    0   0   1   1   0   0   1   1  93   0   0   0   0   0   1   0   2   0   0   0  3.39 1.02
   43 L   -3 -5 -6 -6  4 -5 -5 -6 -5  5  3 -5  0 -2 -5 -4 -3 -5 -4  2    1   0   0   0   9   0   0   0   0  43  32   0   1   0   0   0   1   0   0  12  1.04 0.44
   44 G    3 -5 -3 -4 -5 -4 -2  6 -5 -6 -6 -4 -5 -6 -3 -1 -4 -5 -5 -5   28   0   0   0   0   0   2  65   0   0   0   0   0   0   1   3   0   0   0   0  1.47 0.57
   45 H   -4 -3 -3 -4 -5  4 -1 -5  7 -4 -5 -3 -4 -2 -5 -2  0  4  6 -5    1   0   0   0   0  21   3   0  31   1   0   0   0   1   0   2   7   6  28   0  1.40 0.59
   46 Y   -1 -4 -4 -4 -2 -4 -4  2 -3  1  2 -3  1  5 -4 -2  2 -1  1 -1    5   0   0   0   0   0   0  15   0   7  20   1   3  27   0   1  15   1   3   2  0.46 0.29
   47 L   -2 -5 -5 -6 -3 -5 -5 -6 -5  3  2 -5  2 -3 -5 -4 -1 -5 -4  6    1   0   0   0   0   0   0   0   0  13  19   0   5   0   0   0   2   0   0  58  1.09 0.48
   48 Q   -2 -2 -3 -4  0 -1 -3 -3 -4 -2 -1  2  1 -4  5 -1  2  3 -2  1    1   0   0   0   2   3   0   1   0   1   7  16   4   0  29   4  12   5   1  13  0.57 0.33
   49 I    2 -3 -4 -5  0 -3 -4 -4 -4  3  2 -3  5 -3 -4 -2  1  0 -3  1   19   0   0   0   2   0   0   0   0  16  21   0  19   0   0   2  10   1   0   9  0.53 0.33
   50 K   -1  1  2 -1 -3  1 -1 -3  0  2  0  0  1  0 -3  0  0 -2  0  0    2  11  12   2   0   6   1   1   3  15  10   4   5   3   0  10   5   0   3   7  0.11 0.14
   51 K   -4 -1  3 -4 -6 -2 -3 -5 -1 -3 -6  7 -5 -6 -3 -3 -3 -6 -1 -5    0   0  16   0   0   1   0   0   1   2   0  76   0   0   1   0   1   0   2   0  1.68 0.70
   52 M   -2 -5 -5 -6 -2 -5 -5 -6 -5  4  3 -5  3 -2 -5 -4 -2 -5 -4  4    1   0   0   0   1   0   0   0   0  29  33   0   8   1   0   0   1   0   0  25  0.94 0.42
   53 I    3  3  4 -3 -4 -2 -3 -3 -3  0 -3  2 -1 -3 -4 -1 -3 -5 -4 -1   30  17  24   0   0   0   0   0   0   8   1  12   2   1   0   1   0   0   0   3  0.58 0.38
   54 D   -3 -1 -1  6 -6  4  1 -4  2 -5 -5  3 -4 -6 -4 -2 -2 -6 -4 -5    1   2   1  44   0  18   8   0   5   0   1  17   0   0   0   0   2   0   0   0  1.04 0.48
   55 L   -4 -5 -6 -6  0 -5 -6 -6 -5 -1  4 -5  4  7 -6 -5 -4 -3 -1 -3    0   0   0   0   2   0   0   0   0   2  38   0  12  44   0   0   0   0   0   0  1.39 0.56
   56 Q   -2 -2 -3 -4 -3  5 -2 -5 -2  1  3 -2  0 -3 -4 -3  1 -4 -3  2    1   1   0   0   0  31   1   0   1   6  30   1   1   0   0   1  10   0   0  15  0.62 0.40
   57 N    0  2  0  3 -5  1  3 -3  1 -5 -4  4 -4 -5 -3  0 -1 -5 -3 -4    7  11   3  18   0   5  17   0   3   0   1  27   0   0   0   5   2   0   0   0  0.58 0.33
   58 A    6 -4 -2 -4  1 -3 -4 -3 -5 -2  1 -4 -2 -3 -4  0 -3 -5 -4 -2   68   0   1   1   2   0   0   0   0   1  17   0   0   1   0   5   0   0   0   2  1.04 0.53
   59 G   -3 -6 -3 -2 -6 -4 -4  7 -6 -7 -7 -4 -6 -7 -6 -4 -5 -6 -7 -7    0   0   1   2   0   0   1  95   0   0   0   0   0   0   0   0   0   0   0   0  2.35 0.79
   60 F   -2 -5 -4 -5  8 -5 -5 -2  5  1 -2 -5  0  3 -5 -4 -3 -4 -1  1    3   0   0   0  37   0   0   3  17   7   2   0   2  15   0   0   1   0   1  13  1.25 0.52
   61 D   -3  2  0  2 -2  2  4 -4  3 -3 -4  2 -4 -5 -3 -1  1 -5 -3 -3    0   9   3  12   1   7  29   0   9   1   0  16   0   0   0   3   8   0   0   1  0.57 0.33
   62 I   -2 -5 -5 -6  1 -5 -5 -5 -5  2 -1 -5  2  2 -4 -2 -1 -5 -3  6    1   0   0   0   3   0   0   1   0   9   1   0   4  10   1   2   3   0   0  63  1.06 0.49
   63 I   -3  0 -2 -3 -3  0 -2 -4 -2  3 -2  4 -2 -3 -4 -1  3 -4  0  2    0   4   1   0   0   4   0   0   1  16   2  28   0   1   0   2  22   0   4  15  0.47 0.33
   64 I   -3 -5 -5 -6 -4 -5 -5 -6 -5  6  1 -5  0  4 -5 -5 -3 -4 -2  3    1   0   0   0   0   0   0   0   0  49   9   0   2  16   0   0   0   0   0  22  1.12 0.47
   65 L   -4 -5 -6 -6 -4 -5 -4 -6 -5  1  5 -5 -1  1 -5 -5 -4  6  0 -1    0   0   0   0   0   0   1   0   0   8  65   0   0   5   0   0   0  13   3   3  1.23 0.51
   66 L   -3 -4 -5 -5 -3 -4 -3 -5 -5  4  4 -4  3  3 -5 -4 -3 -1 -2  2    1   0   0   0   0   0   2   0   0  30  35   0   6  12   0   0   0   1   0  10  0.78 0.36
   67 A    6 -5 -4 -2 -4 -4 -4  3 -5 -5 -4 -4 -4 -5 -4 -2 -3 -5 -5 -4   76   0   0   2   0   0   0  19   0   0   1   0   0   0   0   0   0   0   0   0  1.44 0.63
   68 D   -5 -5 -1  8 -7 -4 -2 -4 -5 -5 -5 -4 -6 -7 -5 -4 -1 -7 -6 -6    0   0   2  91   0   0   0   0   0   0   1   0   0   0   0   0   4   0   0   0  2.39 0.83
   69 L   -4 -5 -6 -6 -4 -3 -5 -6 -2  2  2 -3 -2  4 -6 -4 -4  9  0  1    0   0   0   0   0   1   0   0   1   9  24   2   0  17   0   1   0  32   2  10  1.34 0.51
   70 H   -4 -4 -3 -5 -4 -4 -4 -5  9 -5 -4 -4 -4  4 -5 -3  3 -5  0 -4    1   0   0   0   0   0   0   0  58   0   1   0   0  17   0   1  18   0   2   1  1.94 0.73
   71 A    6 -4 -4 -4 -4 -4 -4  3 -5 -5 -4 -4 -4 -5 -2  0 -1 -5 -5 -4   65   0   0   0   0   0   0  23   0   0   1   0   0   0   2   5   3   0   0   0  1.21 0.56
   72 Y   -3  2 -4 -5 -4  2 -3 -5  2 -3 -1 -1  4  4 -5 -3 -3  5  5 -3    2  12   0   0   0   9   0   0   5   1   6   3  13  18   0   0   0   8  22   0  0.79 0.40
   73 L   -3 -3 -5 -4 -4 -4 -5 -6 -5  5  5 -5  3 -1 -5 -5 -3 -4 -2  0    1   1   0   1   0   0   0   0   0  30  53   0   7   1   0   0   0   0   1   4  1.05 0.45
   74 N   -4 -4  8  1 -2 -4 -4  3  0 -7 -7 -4 -6 -6 -5 -3 -4 -7 -5 -6    0   0  71   7   1   0   0  18   2   0   0   0   0   0   0   0   0   0   0   0  1.85 0.71
   75 Q   -3 -2  3  5 -5  0 -1 -1  0 -3  0  0  4 -4 -1 -1 -2 -5 -1 -3    0   2  15  34   0   4   2   3   2   0  10   4  14   0   2   4   1   0   2   1  0.57 0.36
   76 K   -4  0 -4 -4 -6 -2 -2 -3 -4 -6 -4  7 -5 -6  4 -3 -4 -6 -5 -4    0   3   0   0   0   0   1   1   0   0   2  73   0   0  18   1   0   0   0   1  1.68 0.71
   77 G    3 -4 -2 -4 -4 -4 -4  5 -2 -4 -4 -4 -4 -2 -4  1  2 -5 -3 -4   24   0   1   0   0   0   0  46   1   1   1   0   0   2   0  10  13   0   1   0  0.90 0.45
   78 E   -3 -4  1  4 -5 -3  0  2 -4 -5 -5 -3 -5 -6  5  0  1 -6 -5 -4    0   0   7  25   0   0   5  18   0   0   0   0   0   0  28   7   9   0   0   1  0.86 0.42
   79 L   -3 -1 -5 -5 -4 -3 -3 -5 -4  1  4  2  3  2 -4 -4 -4  7 -2 -2    1   3   0   0   0   1   1   0   0   9  38  15   8   7   0   0   0  15   0   1  0.81 0.42
   80 D   -2 -3  2  3 -5  0  5 -3 -2 -6 -5  1 -5 -6 -4  2 -1 -6 -5 -5    3   0   8  14   0   2  48   1   0   0   0   6   0   0   0  15   2   0   0   0  0.94 0.48
   81 E   -2  0 -1 -1 -4  0  3 -4 -3 -2  2  3 -1 -3 -4 -2  0 -1 -3  0    2   4   2   3   0   3  22   0   0   1  26  23   1   0   0   1   4   1   0   8  0.39 0.30
   82 I   -2 -5 -5 -5 -4 -5 -5 -5 -5  6  2 -5  1 -3 -5 -3  2 -5 -4  3    2   0   0   0   0   0   0   0   0  44  17   0   3   0   0   0  15   0   0  17  0.92 0.44
   83 R    0  6 -1 -1 -4  3  2 -3 -1 -4 -5  2 -3 -6 -4 -2 -3 -5 -4 -4    8  46   3   3   0  12  12   2   1   1   0  10   0   0   0   2   0   0   0   0  0.92 0.46
   84 K    0  0  1 -1 -3  1  1 -3  3 -1 -1  3 -2 -1 -3 -1  1 -4  1 -2    8   2   8   2   0   5  10   0   9   3   8  24   0   2   0   2  11   0   4   2  0.23 0.21
   85 I    2  5 -2 -4 -2 -2 -3 -3 -1  1 -1 -2  0 -4 -4 -2  0 -5 -4  3   21  32   1   0   1   1   0   1   1   9   3   0   2   0   0   1   6   0   0  21  0.56 0.37
   86 G    3 -2 -3 -3  1 -2  0  3 -4 -2 -3  0 -3 -4 -3  0  1 -5 -3  1   26   2   0   0   3   1   7  28   0   1   1   5   0   0   0   5  10   0   0  10  0.43 0.30
   87 D   -1  2 -2  1  1  1  3 -4 -1 -3 -2  3 -3 -4 -3 -1  3 -5 -4 -3    4  12   1   8   3   5  20   0   1   1   3  20   0   0   0   3  20   0   0   1  0.45 0.30
   88 Y   -5 -2 -6 -7 -6 -1 -4 -6 -2 -4 -4 -3 -5  0 -7 -5 -5  0 10 -4    0   3   0   0   0   2   1   0   0   1   1   1   0   2   0   0   0   1  87   1  2.71 0.94
   89 N   -3 -3  3 -4 -5  0 -1 -5 -2 -2 -1  0  5  2 -5 -3 -2  1  6 -2    2   1  13   0   0   4   4   0   0   1   4   7  15   8   0   0   2   2  35   3  0.82 0.45
   90 K   -2  3 -2 -2 -5  1  4 -4 -2  3 -3  3 -2 -4 -4 -1 -2 -5 -4  0    1  14   0   1   0   6  26   0   0  19   0  20   1   0   0   4   1   0   0   6  0.54 0.35
   91 K    1  1 -1  0 -3  4  4 -3  1 -4 -3  1 -1  1 -3 -1 -2 -4 -2 -4   13   6   2   3   0  20  29   1   3   1   1  10   1   6   0   1   1   0   1   0  0.51 0.33
   92 V    0 -4 -4 -5  3 -1 -4 -4 -5  3  0 -4  2 -2 -4 -2  0 -5 -3  5    9   0   0   0   7   4   0   1   0  18   4   0   5   1   0   2   5   0   1  43  0.67 0.37
   93 F   -4 -6 -6 -6 -5 -5 -6 -4 -5  4  1 -6  0  6 -6 -4 -4  8  0 -2    1   0   0   0   0   0   0   1   0  22  12   0   2  37   0   1   0  21   1   1  1.45 0.57
   94 E   -3  2 -2 -2 -6  0  2 -3 -2 -2 -3  6 -3 -5 -4 -2 -1 -6 -4 -3    1   9   1   2   0   2  12   1   1   3   3  60   0   0   0   1   3   0   0   1  1.05 0.52
   95 A    5 -3 -4 -4 -3 -3 -2 -2 -4  2 -2 -3 -2 -2 -4  1 -2 -5 -3  0   59   1   0   0   0   0   1   2   0  14   2   1   0   1   0   9   1   0   0   7  0.83 0.47
   96 M    1 -3 -4 -4  1 -3 -4 -4 -4  2  3 -4  5  0 -4 -2 -1 -3  1  2   11   1   0   0   4   0   1   0   0  11  35   0  15   2   0   1   2   0   5  11  0.54 0.31
   97 G   -2 -4 -1  3  1 -4 -3  6 -3 -4 -2 -3 -4 -5 -4 -2 -4 -5 -5 -4    1   0   3  19   3   0   0  64   1   1   5   1   0   0   0   1   0   0   0   1  1.26 0.52
   98 L   -2 -1 -4 -4 -3 -2 -2 -2 -4  1  2 -1  5 -3  3 -2 -2 -2 -3  3    2   3   0   0   0   1   2   4   0   5  17   5  21   0  15   1   1   1   0  22  0.49 0.31
   99 K   -3  2  2  1 -5  1  1 -3 -3 -4 -5  6 -4 -5 -2 -1 -2 -5 -4 -4    1   9   9   9   0   4   9   2   0   0   0  49   0   0   1   3   2   0   0   0  0.82 0.41
  100 A    0 -2 -3 -4 -3 -3 -3 -4 -4  1  2  0 -1 -1 -2 -2  3 -4 -3  4    7   2   0   0   0   1   0   0   0   6  21   6   0   2   1   0  21   0   0  32  0.47 0.31
  101 K   -3  2  0  0 -5  0  5 -3  0 -4 -4  3 -4 -5 -3 -1  1 -5 -3 -4    0  10   3   4   0   3  37   2   2   1   1  22   0   0   0   3   9   0   0   1  0.69 0.37
  102 Y   -4 -4 -5 -4 -5 -4 -3 -5 -3  2 -1 -4 -1  8 -5 -4 -4 -2  3  1    0   1   0   1   0   0   2   0   0  13   4   1   1  60   0   0   0   0   7   8  1.41 0.54
  103 V   -2 -1 -4 -5 -3 -4 -4 -5 -2  3  1 -1  1 -2 -4 -4 -3 -4 -2  6    1   4   0   0   0   0   0   0   1  13  13   3   3   1   0   1   0   0   1  58  0.90 0.43
  104 Y   -3  1 -3 -1 -2 -2 -1 -4 -1 -1  1  0 -1  2 -4 -2 -1  8  3 -1    1   8   1   4   1   2   3   0   1   2  17   6   1   9   0   2   3  22  12   4  0.64 0.32
  105 G    2 -4  2 -3 -2 -3 -3  5 -3 -4 -1 -3 -3  1 -4  1 -2 -4 -3 -4   15   0  12   1   1   0   0  46   0   0   6   0   0   7   0   9   1   0   1   0  0.73 0.37
  106 S   -2 -1  1 -1 -4 -3 -1 -2 -4 -5 -5 -3 -4 -5 -4  6  2 -5 -4 -4    1   2   7   2   0   0   3   2   0   0   0   0   0   0   0  69  11   0   0   0  1.20 0.59
  107 E   -2 -3 -1  5 -5 -1  4 -3 -1 -5 -5 -1 -4 -5 -3  3 -1 -5 -4 -4    2   0   1  33   0   2  28   1   1   0   0   3   0   0   0  24   3   0   0   0  0.91 0.45
  108 F   -3 -3 -4 -3 -4 -2  3 -5 -1 -1  0 -3 -1  4 -4 -3 -3  6  6 -2    1   1   0   0   0   1  20   0   1   4   8   1   2  17   0   1   1  12  28   2  0.92 0.43
  109 Q    0  0 -2 -2 -3  6  1 -3  1  1 -2 -1 -1 -1 -3 -2 -2  4 -1  0    6   4   1   2   0  39   7   1   4   8   4   2   1   2   1   1   1   6   2   6  0.55 0.32
  110 L   -2  0  2 -2  0 -2 -1 -2  3 -1  3  0  1 -1 -3 -1 -1  0 -1 -2    2   4  11   2   2   1   4   3   8   1  39   7   3   1   0   5   4   1   2   0  0.25 0.22
  111 D    0 -2  2  2 -3 -1  0  1 -1 -4 -4  1 -3 -4  0  3  1 -5 -4 -4    7   1  11  15   0   2   5  12   1   0   0   8   0   0   3  27   7   0   0   0  0.40 0.27
  112 K   -1  2  0  1 -4  0  1 -1  0 -3 -3  3 -1 -4  3  0 -1 -4 -3 -2    5  12   5   8   0   3   8   3   3   1   1  24   2   0  15   6   2   0   0   2  0.37 0.23
  113 D   -2 -2  0  3 -5  0  5 -3 -2 -3  0  0  2 -4 -2 -1 -2 -5 -3 -2    3   1   3  20   0   2  41   2   0   1   9   4   7   0   1   3   1   0   0   2  0.63 0.35
  114 Y   -4 -4 -1 -4 -5 -4 -5 -4 -2 -4 -4 -3 -4  1 -5 -2  0 -2  9 -3    1   0   3   1   0   0   0   2   0   0   0   1   0   4   0   4   7   0  75   1  2.04 0.72
  115 T   -1 -4 -1 -4 -2 -2 -2 -4 -4 -1 -2 -4  0  3 -4 -1  3 10 -1  0    6   0   3   0   1   2   2   0   0   3   3   0   2  12   1   4  18  36   0   7  1.19 0.48
  116 L    0 -1 -2 -1 -2 -1  1 -2 -1 -1  2 -1  4 -1  2  0  0 -3 -2 -1   10   3   1   2   0   1   9   2   1   1  25   4  13   2  12   5   6   0   1   2  0.21 0.18
  117 N   -2  0  0  6 -4 -1  0 -2 -3 -1  2 -1 -1 -1 -4 -3 -1 -5 -4 -3    2   6   3  45   0   2   6   2   0   2  22   2   2   2   0   0   2   0   0   0  0.65 0.35
  118 V    0 -2 -1 -4 -2 -3 -4 -4 -4  1  2 -3  2 -1 -4 -3 -2 -3 -2  5    6   3   4   0   0   1   0   1   0   5  19   1   6   2   0   1   1   0   1  49  0.64 0.34
  119 Y   -2 -3 -4 -5 -3 -3 -4 -5  2  3  2 -4  5  2 -4 -3 -3  0  4  1    2   1   0   0   0   0   0   0   5  15  21   0  20   7   0   1   0   1  19   7  0.66 0.33
  120 R   -2  4 -1  4 -5  1  0 -2 -2 -5 -4  4 -3 -5 -3 -2 -2 -5 -4 -4    2  25   2  27   0   6   5   3   0   0   0  24   0   0   0   1   2   0   0   1  0.76 0.37
  121 L   -3 -4 -5 -5 -2 -4 -5 -5 -5  4  4 -4  2  0 -4 -4 -2 -4 -3  2    1   0   0   0   1   0   0   0   0  23  47   0   6   3   0   1   1   0   0  15  0.82 0.36
  122 A    4 -3 -3 -3  3 -2 -1 -1 -2 -3 -3 -3 -1 -3 -3  4  0 -4 -4 -2   41   0   0   1   6   0   4   4   1   1   2   0   2   1   0  29   6   0   0   1  0.65 0.38
  123 L    1  4  0 -2 -1  0 -1 -1 -2 -3 -1  2 -1 -4 -3  2  0 -4 -3 -2   13  24   4   2   2   4   1   3   0   1   5  13   1   0   0  20   4   0   0   3  0.33 0.24
  124 K   -1  2  1 -1 -3  1  0 -2  1  0  0  2  0 -2 -2  0  0 -3 -2  0    2  10   8   1   0   5   5   1   5   6  10  21   3   1   0   9   5   0   1   7  0.14 0.13
  125 T   -2 -3  3 -3  1 -2 -3 -3 -2  0 -1 -3  0  1 -3 -1  4 -3  3  2    2   0  15   0   3   1   1   0   0   4   3   0   3   6   0   2  28   0  12  19  0.43 0.29
  126 T   -2 -2  2  0 -4 -3 -3 -2 -3 -4 -4 -2 -3 -5 -3  3  6 -5 -4 -3    1   1   9   4   0   0   0   2   0   0   0   2   0   0   1  23  54   0   0   0  1.00 0.48
  127 L   -2 -3 -4 -4 -3  1  1 -4 -4  2  4 -3  2 -2 -4 -3 -2 -4 -2  3    2   0   0   0   0   7  10   1   0   8  40   0   4   1   0   0   1   0   1  26  0.55 0.32
  128 K    2  1  2 -2 -3  1 -1 -1  5 -4 -3  1 -3 -4  0  1  0 -5 -3 -2   25   7  12   0   0   6   1   3  15   0   1  11   0   0   3  11   4   0   0   1  0.40 0.27
  129 R   -4  7 -3  4 -6  0 -2 -5 -3 -6 -5 -1 -3 -6 -5 -1 -2 -6 -5 -5    1  65   0  21   0   3   1   0   0   0   0   1   1   0   0   5   2   0   0   1  1.47 0.60
  130 A    3 -4 -4 -5  0 -3 -3 -3 -4  3 -1 -4  6 -2 -4 -2 -1 -5 -4  1   33   0   0   0   2   0   2   1   0  21   3   0  24   1   0   1   3   0   0  10  0.73 0.41
  131 R   -2  2 -2 -3 -4  1 -1 -1 -3  0  2  4  2 -3 -3 -2 -1 -2 -3 -1    2  12   0   0   0   6   2   5   0   5  21  34   5   0   0   1   3   0   0   3  0.40 0.28
  132 R   -2  6 -3 -2 -6 -1  2 -3  1 -5 -5  4 -4 -5 -4 -1 -3 -5 -4 -1    1  45   0   1   0   0  16   2   3   0   0  23   0   0   0   4   0   0   0   5  0.99 0.46
  133 S    4  2 -2 -4  6 -3 -2 -3 -4 -4 -4 -3 -3 -2 -4  2  0 -5 -1 -2   34  15   1   0  20   0   1   0   0   0   0   0   0   2   0  18   5   0   2   1  0.75 0.40
  134 M   -1 -3 -2  1  3 -3 -1  3 -3  1  0 -3  4 -2 -4  0 -1  2 -1 -1    2   0   0  10   7   0   5  26   0   8   9   0  15   1   0   8   2   3   2   2  0.33 0.25
  135 E    2 -2 -1  4 -4  2  1 -1 -3 -4 -4  0 -3 -5  0  1  2 -5 -4 -3   23   0   0  24   0  11   7   3   0   0   0   5   0   0   3  11  12   0   0   0  0.48 0.30
  136 L   -2 -1 -3 -1 -4  0  4 -4 -2  3 -1  0  2  3 -4 -2 -2 -3  0 -1    2   2   0   2   0   3  29   0   0  25   3   6   5  16   0   2   1   0   2   1  0.45 0.30
  137 I   -1 -2 -2 -3 -3 -2 -1 -4 -2  2  1 -1  6 -2 -1 -1 -1 -4 -3  4    3   2   2   1   0   1   3   0   1   8  10   4  25   0   3   5   2   0   0  30  0.47 0.30
  138 A    0 -2 -1 -2 -3 -1 -1  3 -1 -1 -2  1 -2 -3 -1  0  0 -4 -3  3    6   1   2   1   0   1   3  30   2   1   2  12   0   0   3   4   6   0   0  25  0.32 0.22
  139 R   -3  6 -1 -1 -5  0 -2 -4  0 -4 -3  4 -3 -4  0 -2 -3 -4 -2 -4    1  53   2   3   0   3   1   1   2   0   2  24   0   0   4   2   1   0   1   1  1.09 0.43
  140 E   -1 -1  0  0 -4  4  3 -2 -1 -3 -2  1 -1  1 -1  0 -1 -3  3 -3    3   2   3   3   0  25  20   2   1   0   2   6   2   7   3   5   3   0  11   0  0.38 0.25
  141 D    0 -1  0  1 -3  0  1  1 -2 -1 -1  0  0 -2 -2  1  1 -3  0  1    5   2   2   9   0   3  11  14   0   2   2   6   4   0   1   9   9   0   4  15  0.10 0.11
  142 E    0 -1  1  4 -4  0  5  0 -2 -4 -4 -1 -3 -5 -1  0 -2 -5 -3 -3    7   2   5  24   0   3  39   6   0   0   1   2   0   0   2   6   1   0   0   1  0.68 0.32
  143 N   -1  0  4  2 -3  0  2  1  2 -3 -3  0 -2 -3 -1  1  0 -4 -2 -3    3   4  22  10   0   4  14   9   7   2   1   4   1   0   2  11   5   0   1   0  0.34 0.20
  144 P    0  0 -2 -3 -3  1 -2 -3  0  1  1 -1  0 -1  5 -2 -1 -4 -3 -1   10   4   1   0   0   8   1   1   3  11  18   2   2   3  29   2   2   0   0   3  0.44 0.23
  145 K   -2 -1  0  1 -3 -2 -1 -3 -2 -2  0  1  0 -3  5  1  1 -4 -2 -2    1   2   4   9   0   1   3   1   1   1  13  10   3   0  29  11   9   0   1   1  0.45 0.24
  146 V    1 -4 -4 -4 -1 -3 -4 -3 -4  3  3 -3  1  1 -3 -2 -1 -3 -2  3   16   0   0   0   1   0   0   1   0  16  30   0   3   5   1   2   2   0   0  21  0.42 0.23
  147 A    4 -3 -2 -1 -3 -3 -3 -1  1 -4 -4 -3 -4 -4 -3  5  0 -5 -4 -3   32   0   1   2   0   0   0   4   4   0   0   0   0   0   0  51   3   0   0   0  0.93 0.46
  148 E   -2 -2 -2 -1 -4  4  3  2  2 -4 -4  1 -1 -4 -1  0 -2 -2 -2 -3    1   0   1   2   0  25  24  19   4   0   0   7   2   0   2   6   1   1   2   2  0.55 0.31
  149 V   -2 -4 -4 -5 -3 -3 -4 -4 -4  3  3 -4  2  4 -4 -4 -2 -3  1  1    2   0   0   0   0   1   1   1   0  21  37   0   6  18   0   0   1   0   3   8  0.63 0.29
  150 I   -3 -4 -4 -4 -3 -3 -3 -5 -4  4  3 -4  1  4 -4 -3 -2 -3 -1  2    0   0   1   0   0   1   1   0   0  23  32   0   3  22   0   2   1   0   1  12  0.67 0.30
  151 Y   -5 -5 -3 -5 -1 -4 -3 -6 -2 -4 -4 -5 -4  0 -5 -4 -2 -1 10 -4    0   0   1   0   2   0   2   0   0   0   1   0   0   2   0   0   2   0  87   0  2.59 0.80
  152 P   -3 -5 -3 -4 -5 -4 -4 -5 -5 -3 -4 -4 -5 -6  8 -2 -3 -6 -5 -3    1   0   1   0   0   0   0   0   0   1   1   0   0   0  87   2   1   0   0   2  2.57 0.76
  153 I    0 -4 -3 -4  6 -3 -4  1 -4  1  3 -4  0 -2 -2 -2 -2 -4 -3 -1    7   0   1   0  20   0   1  12   0  10  37   0   2   1   2   3   1   0   0   3  0.57 0.29
  154 M   -3 -4 -5 -6 -3 -4 -5 -5 -5  0  3 -4  9 -2 -5 -4 -3 -2 -3 -1    2   0   0   0   0   0   0   0   0   3  23   0  64   1   0   1   1   0   1   3  1.79 0.65
  155 Q   -4 -3 -3 -4 -6  9 -2 -5 -3 -6 -4 -2 -4 -6 -2 -3 -4 -5 -5 -5    0   0   0   0   0  92   0   0   0   0   2   0   0   0   2   0   0   0   0   0  2.46 0.85
  156 V    3 -4 -4 -4  6 -3 -3  2 -4 -1 -2 -3 -1 -4 -4 -1 -1 -2 -4  3   30   0   0   0  21   0   1  14   0   1   1   0   1   0   0   2   3   1   0  23  0.69 0.35
  157 N    3 -3 -2 -3 -2 -2 -3 -1 -2  0  3 -3  0 -1 -3 -1  0 -1  3  0   28   0   2   0   0   1   1   3   0   3  29   0   2   2   0   4   5   0  14   4  0.32 0.23
  158 D    0 -4 -2  7 -5 -3 -1 -2 -4 -5 -5 -3 -5 -5 -1 -1 -2 -6 -5 -5    8   0   0  76   0   0   0   2   0   0   1   0   0   0   3   4   2   0   0   0  1.62 0.57
  159 I   -2 -3 -3 -2 -3 -2  3 -2 -3  4 -2 -3  1 -2 -3  2 -1 -4 -3  1    1   0   0   0   0   0  22   3   0  35   1   0   4   1   0  18   1   0   0  11  0.51 0.32
  160 H   -1 -3 -3 -2 -4  1  2 -4  0 -1  0 -1 -1  5 -3 -3 -2  2  0  2    5   0   0   1   0   8  18   0   2   2  10   3   0  29   1   0   1   3   1  17  0.43 0.28
  161 Y    2 -3 -3 -3  0 -2 -2 -2  3 -2 -1 -2  0  4 -4 -2 -2 -2  6  0   18   1   0   1   2   1   3   3   6   0   5   2   2  16   0   2   2   0  31   7  0.58 0.32
  162 L   -4  0 -5 -5 -4  0 -4 -2 -1  1  5 -4  1 -2 -2 -4 -2 -4 -4 -2    0   5   0   0   0   6   0   3   2   5  72   0   3   0   3   0   1   0   0   0  0.96 0.45
  163 G   -3  0  1  3 -5  1  1  3 -1 -5 -5  4 -4 -5 -4 -2 -3 -5 -4 -5    0   3   5  20   0   4  10  26   1   0   0  30   0   0   0   1   0   0   0   0  0.74 0.37
  164 V    4 -2 -4 -4  3 -3 -4 -2 -4  0 -1 -3 -2 -4 -3 -1  0 -5 -4  4   38   3   0   0   5   1   0   3   0   3   6   0   0   0   0   3   6   0   0  33  0.58 0.35
  165 D   -5 -5  0  8 -7 -4  0 -5  1 -7 -7 -3 -6 -7 -5 -4 -4 -8 -6 -7    0   0   2  89   0   0   3   0   4   0   0   1   0   0   0   0   1   0   0   0  2.28 0.76
  166 V    1 -4 -5 -5 -2 -4 -4 -1 -4  5  0 -4  1  0 -4 -3 -3 -4  1  3   15   0   0   0   1   0   0   6   0  38   7   0   2   4   0   0   0   0   5  23  0.63 0.33
  167 A    3 -3 -4 -3  5  4  3 -4 -3 -4 -4 -3 -4 -4 -2 -2 -3  6 -3 -1   24   0   0   0  15  23  20   0   0   0   0   0   0   0   2   0   1  12   0   4  0.92 0.47
  168 V   -2 -3 -4 -4 -4  2 -3 -2  2  0  3 -3  0  4 -5 -3 -3 -3  0  1    3   0   0   0   0  13   1   3   6   3  37   0   2  21   0   1   0   0   2  10  0.54 0.32
  169 G   -1 -5 -3 -4 -5 -1 -4  6 -5 -4  2 -4  0 -1 -5 -1 -4 -5 -4 -4    4   0   0   0   0   3   0  63   0   0  20   0   2   3   0   5   0   0   0   0  1.11 0.47
  170 G   -2  0 -3 -4 -5 -4 -5  7 -5 -6 -6 -4 -5 -6 -5  0 -4 -5 -6 -6    1   5   0   0   0   0   0  85   0   0   0   0   0   0   0   6   0   0   0   0  1.88 0.63
  171 M   -2 -3 -3 -3 -3 -3  0 -4 -4  2  0 -2  6 -3 -1 -2  3 -4 -3  2    2   1   1   0   0   0   7   0   0  12   7   1  29   0   3   1  19   0   0  16  0.62 0.36
  172 E   -3 -4 -2  8 -6 -3  1 -4 -4 -6 -6 -4 -6 -1 -4 -3 -4 -6  1 -6    2   0   0  79   0   0   9   0   0   0   0   0   0   3   0   1   0   0   5   0  1.86 0.65
  173 Q   -4 -2 -3 -2 -6  8 -2 -5  1 -5 -2 -1 -4 -6 -5 -3  0 -5 -4 -5    0   0   0   1   0  82   0   0   3   0   4   2   0   0   0   0   5   0   0   0  1.99 0.76
  174 R   -4  7 -3 -4 -6 -1 -1 -5  2 -5 -1  2 -4 -5 -1 -4 -3 -6 -4 -2    0  67   0   0   0   1   3   0   6   0   7  10   0   0   3   0   1   0   0   3  1.36 0.55
  175 K   -3  1 -1  2 -5 -2  0 -1  0 -5 -4  5 -4  3 -1 -3 -3 -4 -3 -4    0   6   3  10   0   0   6   4   2   0   0  49   0  16   3   0   1   0   0   0  0.79 0.42
  176 I    1 -4  3 -4 -1 -4 -4 -3 -4  4  0 -4 -2 -1 -4 -3 -2 -5 -3  4   12   0  16   0   1   0   0   1   0  32   5   0   0   3   0   0   2   0   0  29  0.64 0.35
  177 H   -4 -1  3 -3 -4 -2 -3 -3  6 -1  1 -3 -2  4 -5 -3 -3 -3  3 -2    0   3  19   0   0   1   0   2  23   3  14   0   0  21   0   0   0   0  10   2  0.77 0.38
  178 M   -1  0 -2 -4 -3 -3 -2 -4 -4  1  2 -2  7 -3 -4 -3  1 -4 -3  1    5   5   2   0   0   0   3   0   0   5  22   2  34   0   0   0  10   0   0  10  0.66 0.37
  179 L   -2 -4 -5 -5 -4 -4 -5 -5 -3  0  5 -4  4  2 -2 -3 -3 -3  0  0    4   0   0   0   0   0   0   0   0   2  61   0  12  10   3   1   0   0   2   5  0.89 0.40
  180 A    6 -4 -2 -4 -2 -2 -4  2 -3 -3 -4 -3 -2 -5 -4  0  0 -5 -4 -2   68   0   1   0   1   2   0  16   0   1   0   0   1   0   0   3   5   0   0   1  1.04 0.49
  181 R   -3  7 -2 -3 -5 -1  2 -3 -3 -2 -3  1 -2 -5 -4 -1 -1 -5 -4 -3    1  65   1   0   0   0  11   2   0   3   1   5   1   0   0   5   3   0   0   1  1.22 0.50
  182 E   -3 -1 -1  3 -5  1  6 -4 -1 -4 -3  1 -3 -5 -2 -2 -1 -5 -4 -1    1   2   2  16   0   4  54   0   1   0   3   6   0   0   1   1   3   0   0   5  0.91 0.42
  183 L   -3 -3  0 -5 -4 -2 -3 -4  0  0  0 -3 -2  2 -5 -3 -2  3  7  2    1   1   6   0   0   1   2   1   2   4  11   1   0   5   0   0   3   4  43  15  0.85 0.40
  184 L    0 -2 -3 -3  6  0 -4  2 -2 -2  3 -3  0 -1 -4 -2  0 -3  0 -2    9   1   0   1  17   5   0  17   1   0  34   0   2   2   0   0   5   0   3   1  0.46 0.29
  185 P   -3 -1 -2  2 -5  2  1 -3 -1 -4 -3  2 -2 -4  6 -2 -2 -1  0 -4    1   2   1  13   0  11   9   1   1   0   2  12   1   0  37   1   1   1   4   1  0.83 0.35
  186 K   -2  2  1  1 -4  1  2 -3 -1 -4 -3  5 -3 -3 -2  0 -2 -2 -3 -4    3  11   8   6   0   4  15   0   1   1   1  39   0   1   1   6   1   1   0   0  0.58 0.30
  187 K    0  0 -2 -3 -4 -1 -1 -3 -3 -3 -3  5 -1 -4  3  0 -1 -4 -4 -1    9   3   1   0   0   2   3   1   0   1   1  50   2   0  14   5   4   0   0   4  0.72 0.36
  188 V   -2  4 -3 -3 -4  3 -2 -4 -3 -2 -4 -1 -4 -4  6 -3 -2 -3 -4 -2    3  26   0   0   0  16   0   0   0   2   1   1   0   1  41   0   2   0   0   4  1.14 0.46
  189 V    2 -4 -3 -4  0 -3 -4 -4 -2  4 -1 -3 -1 -2 -1 -2  1 -2 -3  4   16   0   1   0   2   0   0   1   1  30   2   0   1   1   2   1   7   0   0  33  0.59 0.31
  190 C    2 -3 -3 -4  5 -3 -3 -3  6  3 -1 -3 -2 -2 -4 -2 -2 -4 -2  1   21   0   1   0  14   0   1   1  24  18   5   1   0   2   0   2   1   0   0   7  0.64 0.33
  191 I   -3 -4 -5 -5 -3 -4 -4 -5 -4  3  5 -4  2  0 -4 -3 -3 -3 -3  2    1   0   0   0   0   0   0   0   0  20  55   0   3   4   0   2   0   0   0  11  0.84 0.35
  192 H   -2 -3 -3 -4 -3 -2 -3 -4  7 -2  0 -3  6  0 -4  2  1 -4 -2 -2    1   0   0   0   0   0   1   0  27   1   9   1  26   4   0  19   8   0   0   1  0.87 0.43
  193 N   -2 -2  5 -1 -4 -2 -3 -2  6 -3 -2 -2  4 -4 -4 -1  2 -3 -2 -2    2   2  27   2   0   1   0   2  25   1   3   1  12   0   0   2  17   0   0   3  0.81 0.40
  194 P   -1  0  0 -3 -4 -2 -2 -3  4 -5 -4  0 -4 -3  7 -1 -3 -5 -2 -3    4   5   4   0   0   2   2   1  12   0   1   5   0   1  56   4   1   0   1   2  1.34 0.48
  195 V   -3 -4 -4 -5 -3 -3 -3 -5 -4  3  3 -3  7 -2 -3 -4 -3 -4 -3  0    1   0   0   0   0   0   2   0   0  17  30   2  39   0   1   0   0   0   0   4  1.07 0.45
  196 L   -3 -4 -5 -5 -1 -4 -4 -5 -4  3  4 -3  2 -2 -1 -4 -3 -4 -3  3    1   0   0   0   1   0   0   0   0  14  52   1   4   0   3   0   0   0   0  21  0.77 0.34
  197 T    0 -3 -1 -3 -4 -2  1 -3  1 -3 -2 -2  1 -4  6  0  0 -4 -3 -1    7   1   3   0   0   1  12   1   4   1   4   0   5   0  44   6   6   0   1   4  0.85 0.35
  198 G   -1 -4  1  0 -4 -3 -3  6 -4 -5 -4 -2 -4 -5 -4  1 -3 -5 -5 -5    2   0   7   5   0   0   1  69   0   0   2   1   0   0   0   9   0   0   0   0  1.25 0.46
  199 L   -3 -4 -5 -5 -4 -3 -4 -5 -5  0  6 -2  0 -1 -4 -4 -1 -4 -3 -1    1   0   0   0   0   1   1   0   0   2  82   3   1   1   0   1   5   0   0   2  1.19 0.48
  200 D    0  0  1  4 -3  1  1 -1 -1 -3 -4  1 -2 -4 -2  2  1 -4 -3 -3    5   4   5  24   0   6   8   5   1   0   1   7   0   0   0  21  10   0   0   1  0.38 0.22
  201 G   -2 -4  0  3 -4 -3 -1  6  1 -2 -5 -2 -3 -5 -4 -1 -3 -5 -4 -4    1   0   3  15   0   1   3  62   3   3   1   2   0   0   0   3   0   0   0   1  1.08 0.42
  202 E   -2 -2 -1 -1 -4  0  2 -2 -1 -2 -3  1 -3 -5  6 -1 -1 -5 -3  1    2   1   2   3   0   4  18   3   1   1   2   8   0   0  36   4   2   0   0  11  0.68 0.32
  203 G    0 -1  3  4 -4 -1  0  4 -3 -3 -5  1 -4 -5 -3 -1 -2 -5 -3 -4    7   2  13  23   0   1   5  33   0   1   0   8   0   0   1   3   1   0   1   0  0.62 0.30
  204 N   -2 -1  4 -2 -4 -1 -3 -3 -3 -5 -5  2  1 -5 -4  5  0  3 -4 -4    1   3  24   0   0   2   0   1   0   0   0  12   4   0   0  46   3   5   0   0  0.86 0.46
  205 F    3 -2 -1 -4 -1 -1 -3 -2 -2 -3 -3  4  4 -1 -4 -1 -1 -3  4 -3   26   0   3   0   1   1   0   1   0   0   0  30  13   2   0   2   2   0  17   0  0.60 0.39
  206 I   -3 -6 -6 -6 -4 -5 -6 -6 -6  8 -1 -5 -1 -2 -6 -3 -4 -5 -4  1    2   0   0   0   0   0   0   0   0  86   2   0   0   1   0   2   0   0   0   6  1.81 0.64
  207 A    0 -3 -1  4 -4 -3 -2  2 -3 -3 -2 -3 -3  5 -3  0 -2 -3  0 -2    6   0   2  23   0   0   1  14   0   0   4   1   0  32   1   9   1   0   2   2  0.56 0.32
  208 V   -3 -4 -5 -3 -3 -4 -4 -5 -4  3  3 -4  6  1 -5 -3 -3 -4 -2  2    1   0   0   2   0   0   1   0   0  21  25   0  28   5   0   1   0   0   0  16  0.84 0.39
  209 D   -2 -2  1  3 -4 -1  3 -4  4  0  2 -2 -1 -2 -3 -1  0 -4 -1 -2    2   2   6  17   0   1  21   0  12   4  23   1   1   1   0   2   6   0   2   0  0.35 0.25
  210 D   -4 -4 -1  8 -6 -3  3 -4 -4 -6 -6 -3 -6 -6 -4 -3 -4 -7 -6 -4    1   0   2  78   0   0  16   0   0   0   0   0   0   0   0   1   0   0   0   2  1.95 0.68
  211 S    0 -1 -1  2 -3 -1  2 -1 -2 -3 -4 -2 -3 -4  2  4  2 -5 -4 -3    4   3   2  12   0   1  12   4   0   1   1   1   0   0  11  34  13   0   0   0  0.49 0.31
  212 P    1 -2 -2 -1 -5 -2  3 -3 -2 -4 -4  2 -3 -3  6 -1 -1 -5 -3 -2   12   1   1   3   0   0  22   1   0   0   0  11   0   1  37   3   3   0   1   3  0.85 0.39
  213 E    1 -2  1  2 -5  1  5 -2 -3 -3 -4  1 -3 -2 -3  0 -2 -5 -4 -4   16   1   6  12   0   4  42   2   0   1   0   8   0   2   0   4   1   0   0   0  0.64 0.35
  214 E    0 -2 -1  4 -4  1  4 -3 -2 -2 -3 -1 -3 -4 -3  0  0 -5 -4  1    7   0   1  28   0   4  28   0   1   2   1   2   0   0   0   7   7   0   0  12  0.57 0.33
  215 I   -3 -5 -6 -6 -4 -4 -5 -6 -6  5  1 -4  4 -3 -5 -5 -3 -5 -4  5    0   0   0   0   0   0   0   0   0  35   9   1  11   0   0   0   0   0   0  44  1.17 0.48
  216 R   -1  2  2  0 -1  0  2 -3 -2 -3 -3  3 -3  1 -3  0 -1 -2  2 -3    4  14  11   3   2   2  12   0   0   1   1  22   0   6   0   7   2   0  10   1  0.32 0.23
  217 A   -1  3 -1 -1 -2  1  1  1 -2 -2 -2  4 -2 -1 -3 -1  0 -4 -3 -1    4  16   1   3   1   5   9  12   0   2   4  28   0   3   0   3   5   0   0   4  0.31 0.22
  218 K   -4  0 -4 -4 -7 -2 -3 -5 -4 -4 -6  8 -5 -7 -5 -4 -4 -7 -5 -6    0   3   0   0   0   1   0   0   0   1   0  95   0   0   0   0   0   0   0   0  2.26 0.81
  219 I   -2 -5 -5 -5 -2 -5 -5 -6 -5  6  2 -5  3 -2 -5 -4 -1 -5 -4  2    3   0   0   0   1   0   0   0   0  52  20   0   7   0   0   0   3   0   0  14  1.02 0.43
  220 K   -2  3  2 -2 -4 -1  0 -3 -2 -2 -1  4  5 -3 -4 -1 -2 -2 -3 -3    3  18  11   1   0   1   5   2   0   2   4  31  16   1   0   3   0   1   1   0  0.56 0.34
  221 K   -1  1  1 -1 -1  1 -1 -1 -1 -4 -4  5 -3 -5 -3  2 -1 -5 -4 -4    4   4   6   3   1   5   2   5   1   0   0  46   0   0   0  20   1   0   0   0  0.69 0.38
  222 A    6 -4 -4 -5  0 -4 -4 -2 -3  2 -3 -4 -1 -5 -4 -1 -2 -5 -4 -1   74   0   0   0   2   0   0   2   1  11   1   0   1   0   0   3   0   0   0   4  1.16 0.54
  223 Y   -2 -2 -3 -4 -4 -3 -2 -4 -1 -2 -2 -3 -2  7 -4 -2 -3  2  6 -1    2   2   1   1   0   1   3   1   1   1   2   1   0  44   1   3   1   2  28   4  1.14 0.40
  224 C   -1 -4 -4 -3 11 -4 -4 -4 -4 -4 -4 -4 -4 -4 -4 -3 -3 -4 -2 -3    6   1   1   2  76   1   1   1   0   1   1   1   0   1   1   2   1   0   2   1  2.67 0.73
  225 P    0 -3 -3 -2 -4 -2  3 -3 -3 -2 -3 -2 -2 -3  7 -1 -1 -4 -4 -1    8   1   1   1   0   1  18   1   0   2   3   2   1   1  49   3   3   0   1   4  1.09 0.41
  226 A    0 -2 -2  0 -4  0  2 -2 -3 -2 -2 -1  0 -4  6 -1 -2 -4 -3 -3    8   2   2   4   0   3  15   2   0   2   3   2   2   1  46   3   1   0   1   2  0.94 0.36
  227 G   -1  2  0 -1 -3  0 -1  4 -2 -3 -3  3 -2 -3 -2 -1 -1 -3 -3 -3    3  10   3   3   1   3   4  39   0   1   2  19   1   1   2   2   3   0   1   2  0.53 0.24
  228 V   -1 -2  3  0 -2  1  3 -2 -2  1 -1 -1 -1 -3 -2 -1 -1 -2 -3  2    3   2  17   5   1   6  20   2   0   9   4   3   1   1   1   2   3   0   1  20  0.27 0.20
  229 V    1 -2 -2 -1 -2 -2 -1 -3 -3  3  0 -2 -1 -2 -2 -2  1 -3 -2  4   10   2   1   4   1   1   5   1   0  17   5   2   0   1   1   2  10   0   1  36  0.38 0.23
  230 E   -1  0  0  1 -3  1  5 -3 -2 -3 -3  1 -2 -3 -2 -1 -1 -2 -2 -3    6   3   3   8   1   6  47   2   0   1   2   8   1   1   2   3   3   1   1   2  0.64 0.31
  231 G   -1 -2  2  2 -1 -1  2  4 -2 -3 -3  0 -2 -1 -2 -1 -2 -2  0 -2    2   1  12  14   1   2  13  30   1   1   2   5   1   3   1   3   2   1   4   2  0.38 0.20
  232 N   -4 -3  8 -2 -3 -3 -2 -3 -2 -4 -4 -3 -4 -4 -4 -2 -3 -4 -4 -4    1   1  82   1   1   1   2   1   1   1   2   1   0   1   1   2   1   0   1   1  2.04 0.66
  233 P   -3 -5 -5 -5 -6 -5 -5  4 -5 -6 -6 -4 -6 -4  7 -2 -4 -6 -6 -6    1   0   0   0   0   0   0  30   0   0   0   0   0   1  63   3   0   0   0   0  2.02 0.72
  234 I   -3 -5 -4  2  6 -5 -4 -5 -5  3  1 -5 -1 -4 -4 -4 -3 -5 -4  4    0   0   0  14  17   0   0   0   0  17  11   0   1   0   1   0   0   0   0  37  0.93 0.44
  235 M   -3 -4 -4 -3 -4 -3  0 -5 -3  3  5 -4  2  0 -5 -3 -2 -4 -1 -1    1   0   1   1   0   0   9   0   0  14  58   1   5   3   0   1   2   0   2   1  0.81 0.41
  236 E    2 -3 -3  1 -4  1  4 -3 -2 -3  1 -1 -1 -3 -2  2 -2 -5 -3 -3   16   0   0   8   0   7  34   0   0   1  13   1   1   1   1  15   1   0   0   0  0.50 0.35
  237 I   -4 -5 -6 -6 -5 -5 -5 -6 -3  4  1 -5  3  5 -6 -5 -4  1  6 -1    0   0   0   0   0   0   0   0   0  25  12   0   9  23   0   0   0   2  26   2  1.15 0.49
  238 A    1 -4 -2 -4  0 -4 -4 -4 -4  3  1 -4  1  2 -4 -2 -1  2  0  3   14   0   2   0   2   0   1   0   0  22   9   0   3  11   0   2   2   3   3  25  0.45 0.27
  239 K   -3  4 -1 -1 -5  2  3 -4 -1 -6 -5  5 -4 -6 -4 -2 -2 -6 -4 -5    1  20   2   2   0   8  19   1   1   0   0  42   0   0   0   1   1   0   0   0  1.02 0.48
  240 Y   -3 -5 -2 -5 -4 -3 -2 -6  6 -3 -2 -4 -3  2 -6 -2 -3 -2  8 -5    3   0   2   0   0   1   2   0  22   1   3   0   0   6   0   4   1   0  54   0  1.72 0.67
  241 F   -3 -4 -4 -5 -4 -4 -4 -5  3  4  1 -4  0  3 -5 -4 -2 -2  1  4    1   0   0   0   0   0   1   0   7  27   9   0   2  12   0   1   1   0   5  33  0.76 0.37
  242 L   -2 -3 -4 -3 -3 -3 -3 -4 -3  4  3 -3  0 -2 -4 -3 -2 -1 -3  3    1   2   1   1   0   1   2   1   1  30  28   1   2   1   1   2   1   1   0  25  0.65 0.30
  243 E   -2 -2 -2 -2 -2 -2 -1 -2 -1 -1  2 -2  1  6 -3 -3 -2  1  1 -2    2   2   1   2   1   2   5   4   2   2  21   3   3  39   1   2   2   2   3   2  0.58 0.27
  244 Y   -2  1 -2 -3 -3 -2 -1 -2  0 -2 -2 -2 -3  2  6 -2 -1 -2  1 -3    3  10   2   1   1   1   3   3   3   2   4   1   0   9  45   2   4   1   5   1  0.90 0.37
  245 P    0  1  0 -1 -2  0  3 -2  0 -1 -2  1 -1 -2  2  0  0  1  0 -1    6   8   3   2   1   2  22   3   2   3   2  10   2   1  11   6   8   3   3   4  0.22 0.15
  246 L   -2 -4 -4 -4 -2 -4 -4 -4 -3  1  2 -4 -1  7 -4 -3 -3 -1  0 -1    3   1   1   1   1   1   1   1   0   9  17   1   1  54   1   2   1   1   1   4  1.13 0.43
  247 T   -1  0 -1 -1 -2  0  2 -2 -1  0 -1  0 -1 -1 -2  0  2 -3 -1  3    4   4   3   2   1   3  16   2   1   3   5   4   0   3   2   7  14   0   2  24  0.16 0.16
  248 I   -2 -3 -3 -3 -2 -2 -3 -3 -3  4  1 -3 -1 -1 -1 -1 -1 -2 -1  4    2   1   1   1   1   2   1   2   1  29   8   2   0   2   3   4   2   1   1  37  0.58 0.28
  249 K   -1  0  1  1 -2  0  3 -1  0 -1 -1  2 -2 -1  0  0  0 -3 -1  0    3   4   6   6   1   2  25   3   3   2   5  13   1   3   4   5   4   0   1   9  0.17 0.13
  250 R   -3  7 -1 -3 -3  0 -2  0 -3 -3 -2  0 -3 -4 -2 -2 -2 -4 -3 -3    1  63   2   1   1   3   2   7   0   2   5   4   0   1   2   2   2   0   0   2  1.12 0.45
  251 P   -1 -1 -1  1 -4 -2  0 -2 -2 -2 -3  2 -1 -3  6 -1 -1 -4 -3 -3    5   3   3   9   0   1   7   3   1   2   2  17   2   1  36   4   3   0   1   1  0.69 0.30
  252 E    0  1 -1  1 -3  0  5 -2 -2 -1 -2  1 -3 -3  0 -1 -1 -3 -2 -2    8   6   2   7   0   2  43   2   0   4   3   7   0   1   5   3   2   0   1   2  0.50 0.26
  253 K   -1  1 -1  0 -3  1  4 -1 -3 -3 -4  5 -3 -4 -3 -1 -2 -4 -3 -3    5   5   3   5   0   4  27   5   0   1   1  38   0   1   0   3   1   0   0   1  0.69 0.36
  254 F   -2 -2  2  1 -4 -3 -2 -2  2 -2  0 -2 -1  4 -3 -1 -2  4  5 -2    2   1  12   9   0   0   2   2   4   1  12   1   1  18   1   3   1   5  20   2  0.45 0.26
  255 G    0 -4 -3 -3 -1 -3 -3  6 -4 -3 -1 -3 -3 -4 -4 -2 -3 -4 -5 -1    7   1   1   1   2   1   2  68   0   1   6   1   0   0   0   2   1   0   0   5  1.19 0.47
  256 G   -2 -3 -2 -2 -5 -3  1  6 -4 -5 -5 -3 -5 -5 -4 -1  2 -5 -5 -5    2   1   1   1   0   1   9  65   0   0   1   1   0   0   1   4  12   0   0   0  1.26 0.51
  257 D   -3 -1  4  5 -4 -2  0 -2 -2 -4 -4  0 -3 -4  3  0 -1 -5 -4 -2    1   4  24  31   0   1   4   3   0   0   1   4   1   0  14   6   3   0   0   2  0.71 0.35
  258 L   -2  1 -3 -4 -3 -1 -3 -4 -4  3  2  3  1 -3 -4 -2 -1 -4 -3  2    2   8   0   1   0   2   1   0   0  15  25  19   3   0   0   2   2   0   0  19  0.41 0.27
  259 T   -2 -1 -1 -1 -2 -1  2 -3  3 -1 -3 -2 -2 -3  0  1  4 -4 -3  2    2   3   2   3   1   1  13   1   7   3   1   1   0   1   4  12  31   0   0  15  0.41 0.31
  260 V   -4 -5 -3 -5 -2 -5 -3 -6 -2  0  0 -4  0  6 -1 -5 -4  0  7 -1    1   0   1   1   1   0   2   0   0   4   8   1   2  29   3   0   0   1  43   4  1.39 0.58
  261 N    0 -1  1  2 -4  0  2 -1  1 -3 -2  0 -2 -3 -2  1  3  1 -2 -3   10   2   8  11   0   2  17   3   4   0   4   6   1   1   1   8  21   2   1   1  0.29 0.23
  262 S   -1 -2  2  2 -2 -1  2 -3 -3 -4 -5  1 -4 -4 -4  4  2 -5 -4 -4    3   2  12  13   1   1  15   1   0   0   0   7   0   0   0  33  11   0   0   1  0.60 0.38
  263 Y   -1 -5 -5 -5 -5 -3 -5 -5 -2  3  0 -4  3  3 -2 -4 -4 -2  7  1    4   0   0   0   0   1   0   0   1  19   6   1   7  12   2   0   0   0  39   8  1.03 0.48
  264 E    0 -1  1  2 -5  1  6 -3 -3 -4 -4  1 -4 -6 -4 -1 -2 -6 -4 -4    8   2   6  12   0   5  51   1   0   1   2   7   0   0   0   3   1   0   0   1  0.89 0.47
  265 E    0 -2 -1  3 -6  2  5 -3 -2 -5 -4  1 -3 -5 -3 -1 -2 -6 -5 -5    7   2   1  17   0   8  45   1   1   0   1   9   0   0   0   5   1   0   0   0  0.87 0.45
  266 L   -4 -4 -6 -6 -3 -5 -6 -6 -6  2  6 -5  3  1 -6 -5 -4 -3 -2  0    0   1   0   0   0   0   0   0   0   9  69   0   8   5   0   0   0   0   1   6  1.28 0.54
  267 E    0  0 -2 -2 -3  0  5 -4  1  0 -3  3 -3 -4 -4 -2 -1 -5 -3 -1    8   4   1   1   0   3  43   0   3   7   2  20   0   0   0   1   3   0   1   4  0.67 0.40
  268 S    2  1  0  1 -4  1  2 -2 -1 -3 -3  3 -2 -3 -3  1  0 -4 -3 -2   24   6   4   6   0   6  14   2   1   1   1  18   1   1   0  10   5   0   0   2  0.32 0.25
  269 L    3 -4 -2  6 -3 -1  0  0 -2 -3 -2 -2  0 -4 -4 -1 -2 -6 -3 -4   23   0   1  48   0   2   4   5   1   1   4   2   2   1   0   3   1   0   1   1  0.87 0.45
  270 F   -5 -5 -6 -6 -5 -5 -6 -6 -3 -1  1 -5  1  6 -6 -5 -5 -1  7  0    0   0   0   0   0   0   0   0   0   2  11   1   3  32   0   0   0   1  43   5  1.63 0.64
  271 K    3  0 -2 -2 -2  0  3 -2 -3 -1 -1  2 -2 -3 -3  0 -1 -4 -3  1   25   5   1   1   0   2  22   2   0   3   6  13   1   0   0   6   3   0   0  10  0.29 0.25
  272 N    1 -1  3  2 -2  0  3 -2 -2 -5 -5  1 -1 -5 -3  3 -1 -5 -4 -4   11   2  14  11   1   2  20   1   0   0   0   8   2   0   0  27   2   0   0   0  0.55 0.35
  273 K   -3 -1  0  2 -5  0  1  6 -4 -6 -5  1 -5 -6 -4 -2 -4 -5 -5 -6    0   3   4  11   0   3   8  56   0   0   1  11   0   0   0   1   0   0   0   0  1.07 0.48
  274 E    1  1  0  0 -4  0  3 -3 -2  0 -3  3 -2 -4 -3  0  0 -4 -3  0   12   6   3   5   0   2  21   1   0   6   2  22   0   0   0   7   4   0   0   7  0.32 0.24
  275 L   -3 -4 -5 -5 -4 -4 -5 -5 -5  4  5 -4  1 -2 -5 -4 -3 -3 -4  3    1   0   0   0   0   0   0   0   0  20  55   0   2   1   0   1   1   0   0  16  1.02 0.44
  276 H   -3 -4  2 -1 -6 -1 -4 -3 10 -5 -6 -4 -4 -3 -5  0  1 -6  0 -6    2   0  11   4   0   3   0   2  60   0   0   0   0   1   0   7   8   0   2   0  1.85 0.72
  277 P   -3 -6 -6 -5 -7 -4 -2 -5 -6 -7 -7 -3 -6 -8  9 -1 -5 -8 -7 -6    1   0   0   0   0   0   3   0   0   0   0   1   0   0  88   5   0   0   0   0  2.77 0.95
  278 M    2  2 -2 -2 -4  2 -1  2 -1 -2  0  0  3 -2 -2 -1 -1 -4 -3 -1   18  12   0   2   0  13   1  15   1   1  11   5  10   1   2   3   3   0   0   2  0.24 0.23
  279 D   -1 -5 -1  8 -6 -2  1 -4 -5 -4 -2 -3 -4 -6 -5 -3 -3 -7 -6 -4    5   0   2  75   0   1   7   0   0   1   5   1   0   0   0   1   1   0   0   1  1.74 0.70
  280 L    0 -5 -6 -6 -3 -5 -6 -6 -6  1  5 -5 -1 -2 -6 -5 -3 -5 -3  2   10   0   0   0   0   0   0   0   0   5  68   0   0   0   0   0   0   0   1  15  1.17 0.53
  281 K   -5 -2 -4 -5 -8 -3 -3 -6 -5 -7 -7  8 -6 -8 -5 -4 -5 -7 -6 -5    0   1   0   0   0   0   0   0   0   0   0  99   0   0   0   0   0   0   0   1  2.67 0.98
  282 N    0  0  3  0 -3  0  0 -1 -2 -1 -1  1  2 -3  2  0  0 -4 -3 -2    9   3  15   3   0   4   7   4   1   3   7  11   8   0  13   5   5   0   0   2  0.20 0.18
  283 A    5  0 -1 -1 -2 -2 -1  1 -4 -2 -2 -1 -1 -3 -4  1  0 -5 -3 -2   49   6   3   2   0   1   3  10   0   2   3   3   1   1   0  10   4   0   0   2  0.54 0.36
  284 V   -1 -5 -6 -6 -1 -5 -5 -6 -6  0  4 -5 -1 -2 -5 -4  0 -5 -4  5    5   0   0   0   1   0   0   0   0   3  43   0   0   1   0   0   5   0   0  41  1.02 0.49
  285 A    5 -3 -4 -4 -3 -2  1  0 -4 -1 -4 -2 -3 -4 -4  1  2 -5 -5 -1   54   1   0   0   0   1   9   6   0   4   0   1   0   0   0   9  11   0   0   4  0.77 0.46
  286 E    0  2  0  3 -4  0  3 -2  0 -2 -3  3 -2 -3 -3 -1 -1 -3 -2 -2    6  13   3  16   0   3  20   1   2   2   2  18   1   1   0   3   4   0   1   3  0.37 0.25
  287 E    3 -3 -3 -3 -1 -2  2 -1  1 -2 -2 -2 -1 -1 -4  0 -1 -2  4 -3   32   1   1   0   1   1  17   4   3   2   3   2   1   2   0   7   4   0  19   1  0.47 0.34
  288 L   -4 -6 -7 -7 -4 -6 -6 -7 -6  5  5 -6  1 -2 -6 -6 -4 -5 -4  1    1   0   0   0   0   0   0   0   0  36  54   0   3   1   0   0   0   0   0   6  1.36 0.56
  289 I   -3 -4  6  1 -2 -3 -3 -4 -4  3 -3 -2 -3 -4 -5 -2 -1 -3 -5  3    2   0  43   8   1   0   1   0   0  16   1   2   0   0   0   2   3   0   0  21  0.92 0.48
  290 K    0  2  0  1 -5  2  3 -2 -2 -4 -3  4 -1 -4 -3  0 -1 -4 -3 -3   10  10   4   7   0   7  22   3   0   0   2  25   2   0   0   4   3   0   0   1  0.45 0.29
  291 I   -3 -2 -6 -6 -2 -3 -5 -5 -4  5  4 -3  4  0 -5 -5 -2 -5 -3  0    1   2   0   0   1   1   0   1   0  31  44   1  10   3   0   0   1   0   0   4  0.95 0.44
  292 L   -4 -5 -6 -7 -4 -5 -6 -7 -6  3  5 -5  3  2 -6 -5 -3 -4 -3  0    0   0   0   0   0   0   0   0   0  14  67   0   6   8   0   0   1   0   0   4  1.25 0.52
  293 E    2 -1 -2  3 -2  3  4 -3  2 -5 -4  1 -3 -5 -4  0 -2 -5 -4 -4   20   2   0  14   1  16  27   1   5   0   1   7   0   0   0   4   2   0   0   0  0.61 0.36
  294 P   -3 -3 -3 -4 -7 -5 -4 -4 -5 -6 -3 -1 -6 -7  8 -3 -2 -7 -7 -6    1   2   1   0   0   0   1   1   0   0   3   4   0   0  83   2   2   0   0   0  2.45 0.83
  295 I    0 -5 -6 -6 -4 -5 -5 -2 -6  5  0 -5 -1 -3 -5 -3 -3 -5 -3  5    8   0   0   0   0   0   0   4   0  41   4   0   0   0   0   1   0   0   0  41  1.08 0.48
  296 R   -4  8 -4 -5 -7  3 -3 -4  0 -5 -6 -1 -5 -6 -6 -3 -5 -3 -3 -6    1  81   0   0   0  11   0   1   2   1   0   1   0   0   0   2   0   0   1   0  2.04 0.76
  297 K    1  0  0  3 -5  1  4 -3 -2 -4 -4  3 -3 -5 -4 -2 -2 -5 -4 -4   11   4   3  18   0   5  31   1   1   1   0  23   0   0   0   1   1   0   0   0  0.71 0.37
  298 R   -1  1 -2 -1 -5 -1  2 -4  7 -3 -4  2 -2  0 -4 -2 -2  0  3 -3    6   6   1   3   0   1  15   0  32   1   1  14   1   3   0   2   1   1  11   1  0.77 0.39
  299 L   -5 -6 -7 -7 -5 -6 -7 -7 -5  0  2 -6  3  8 -7 -6 -5 -3 -1 -3    0   0   0   0   0   0   0   0   0   3  18   0   6  72   0   0   0   0   0   0  2.03 0.69

                      K         Lambda
Standard Ungapped    0.1390     0.3183
Standard Gapped      0.0561     0.2670
PSI Ungapped         0.1833     0.3139
PSI Gapped           0.0561     0.2670
