
Last position-specific scoring matrix computed, weighted observed percentages rounded down, information per position, and relative weight of gapless real matches to pseudocounts
           A  R  N  D  C  Q  E  G  H  I  L  K  M  F  P  S  T  W  Y  V   A   R   N   D   C   Q   E   G   H   I   L   K   M   F   P   S   T   W   Y   V
    1 D   -2 -2  1  5 -5  0  5 -3 -2 -5 -5 -1 -4 -5 -3 -1 -2 -5 -4 -4    0   0   5  42   0   0  53   0   0   0   0   0   0   0   0   0   0   0   0   0  1.06 0.19
    2 L   -1 -1 -1 -2 -2 -1 -1 -3  4  0  0 -1 -1  1  3 -1 -1 -1  4  1    4   2   1   0   1   1   4   1  15   4   7   3   0   4  15   4   2   0  20  12  0.26 0.09
    3 R   -2 -3 -4 -5 -3 -4 -4 -5 -5  6  1 -3  0 -2 -3 -4 -1 -4 -3  2    0   1   0   0   0   0   0   0   0  78   4   1   1   0   1   0   2   0   0  12  0.95 0.23
    4 D   -4 -2  0  8 -6 -2  0 -3 -3 -5 -6 -2 -5 -6 -3 -2 -3 -6 -5 -5    0   2   2  96   0   0   0   0   0   0   0   0   0   0   0   0   0   0   0   0  1.88 0.33
    5 Y   -4 -4 -4 -5 -5 -4 -4 -5  0 -3 -3 -4 -3  2 -5 -4 -4  2  9 -3    0   0   0   0   0   0   0   0   0   0   0   0   0   2   0   0   0   1  97   0  2.31 0.39
    6 R   -3  1 -2 -3 -5  0 -1 -3 -3 -5 -4  7 -3 -5 -3 -2 -1 -5 -4 -4    0   1   0   0   0   1   0   0   0   0   0  96   0   0   0   0   2   0   0   0  1.47 0.32
    7 N   -3 -3  3  7 -5 -2  1 -3 -2 -5 -5 -2 -5 -5 -3 -1 -2 -6 -5 -5    1   0  16  79   0   0   3   0   0   0   0   0   0   0   0   1   0   0   0   0  1.48 0.28
    8 V    0 -3 -3 -4 -2 -3 -3 -4 -4  3  0 -3  0 -1  0 -2  2 -4 -2  5    4   0   0   0   0   0   0   0   0  17   3   0   0   1   4   1  13   0   1  57  0.55 0.17
    9 E    1 -1  1  4 -4  0  4 -1 -2 -4 -4  1 -3 -4 -1  0 -1 -4 -3 -3   12   2   8  30   0   1  31   2   0   0   0   7   0   0   1   4   0   0   0   1  0.54 0.14
   10 V   -1  1 -3 -3 -3 -1 -2 -4 -3  0  4  2  1  0 -3 -2  0 -3 -2  0    2   9   0   0   0   2   0   0   0   2  55  16   2   2   0   1   6   0   0   3  0.35 0.13
   11 L   -3 -4 -5 -5 -3 -4 -5 -5 -5  0  6 -4  1 -1 -5 -4 -3 -3 -3  0    0   0   0   0   0   0   0   0   0   0  99   0   0   0   0   0   0   0   0   1  1.22 0.27
   12 K   -2  5 -1 -2 -4  1  0 -3 -1 -4 -4  5 -3 -4 -3  0 -2 -4 -3 -3    0  41   1   0   0   5   2   0   0   0   0  42   0   0   0   7   0   0   0   1  0.86 0.20
   13 R   -2  5  0 -1 -5  1  0 -2 -1 -4 -3  5 -3 -4 -3 -1 -2 -4 -3 -4    0  37   3   2   0   4   2   1   0   0   1  49   0   0   0   1   1   0   0   0  0.87 0.21
   14 F   -4 -4 -5 -5 -2 -4 -5 -5 -2 -2 -2 -5 -2  8 -5 -4 -4  0  6 -3    0   0   0   0   1   0   0   0   0   0   0   0   0  70   0   0   0   0  29   0  1.65 0.30
   15 L   -2 -4 -4 -5 -2 -4 -4 -5 -4  6  2 -4  2 -1 -4 -3 -1 -4 -3  3    0   0   0   0   0   0   0   0   0  61  12   0   4   0   0   0   2   0   0  21  0.80 0.19
   16 S   -1 -2  1 -2 -2 -2 -2 -1 -3 -3 -3 -2 -3 -4 -2  5  5 -4 -3 -2    0   0   6   0   0   0   0   2   0   0   0   0   0   0   0  51  41   0   0   0  0.82 0.23
   17 K   -3  1 -2 -3 -5  0 -1 -3 -3 -5 -4  7 -3 -5 -2 -2 -2 -5 -4 -4    0   1   0   0   0   2   0   0   0   0   0  96   0   0   1   0   0   0   0   0  1.48 0.32
   18 I   -3 -5 -5 -5 -3 -5 -5 -6 -5  7  0 -5  0 -2 -5 -4 -2 -4 -3  1    0   0   0   0   0   0   0   0   0  98   1   0   1   0   0   0   0   0   0   1  1.45 0.30
   19 L   -3 -3 -5 -5 -3 -3 -4 -5 -4  2  5 -3  1 -1 -4 -3 -2 -3 -2  1    0   1   0   0   0   0   1   0   0   6  82   1   1   0   0   0   1   0   0   8  0.85 0.20
   20 P   -3 -4 -4 -3 -5 -3 -3 -3 -3 -5 -5 -3 -5 -6  8 -1 -3 -6 -5 -4    0   0   0   0   0   0   0   1   1   0   0   0   0   0  95   4   0   0   0   0  2.58 0.36
   21 R   -3  7 -2 -3 -5 -1 -2 -4 -1 -5 -4  1 -3 -5 -4  0 -3 -5 -3 -4    1  87   0   0   0   0   0   0   1   0   0   4   0   0   0   8   0   0   0   0  1.48 0.30
   22 T   -2 -3  0 -3 -3 -2 -3 -3 -3 -3 -3 -2 -3 -4 -3  1  7 -4 -3 -2    0   0   4   0   0   0   0   0   0   0   0   0   0   0   0   9  88   0   0   0  1.28 0.30
   23 G    0 -2 -1 -2 -4 -3 -4  7 -4 -5 -5 -2 -4 -5 -4 -2 -3 -4 -5 -5    3   2   2   1   0   0   0  91   0   0   0   1   0   0   0   1   0   0   0   0  1.57 0.27
   24 L   -1 -3  2 -2 -2 -2 -2 -3 -3  0  2 -2 -1 -2 -3  0  4 -4 -3  1    2   0  13   0   0   0   0   0   0   1  26   0   0   0   0   1  46   0   0  10  0.45 0.17
   25 S   -1 -2 -1 -3  8 -3 -3 -2 -3 -3 -3 -2 -3 -4 -3  3  3 -4 -3 -2    0   1   2   0  42   0   0   1   0   0   0   2   0   0   0  28  23   0   1   0  1.01 0.23
   26 G    6 -3 -2 -3 -1 -2 -2 -1 -3 -3 -2 -2 -1 -4 -1  1 -1 -4 -3 -2   84   0   1   0   1   0   0   1   0   0   1   0   1   0   2   7   1   0   0   1  0.91 0.24
   27 K   -2  2 -1 -2 -4  1 -1 -3 -1 -3 -4  6 -2 -4 -3 -2 -2 -4 -2 -4    1   8   1   0   0   5   0   0   1   1   0  79   1   0   0   0   0   0   1   0  1.04 0.25
   28 E   -2 -1  1 -1 -4  4  0 -3  8 -4 -4  0 -2 -2 -3 -2 -2  0  3 -4    1   1   7   2   0  23   2   0  45   0   0   4   1   1   0   0   0   1  13   0  0.98 0.23
   29 Q   -3 -1 -2 -2 -5  8  0 -4 -2 -5 -4 -1 -3 -5 -3 -2 -3 -4 -4 -4    0   0   0   0   0 100   0   0   0   0   0   0   0   0   0   0   0   0   0   0  1.98 0.40
   30 R   -3  8 -2 -3 -5 -1 -2 -4 -2 -5 -4  1 -3 -5 -4 -2 -3 -5 -4 -4    0  96   1   0   0   0   0   0   0   0   0   2   0   0   0   1   0   0   0   0  1.77 0.33
   31 I    0  1 -1  1 -3  3  2 -2 -1 -2 -2  2  1 -3 -1  0 -1 -3 -2 -2    9   6   1  10   0  21  17   1   1   2   3  17   7   0   1   3   1   0   0   1  0.29 0.10
   32 L   -2 -4 -5 -5 -2 -3 -4 -5 -4  2  5 -4  2 -1 -4 -4 -2 -3 -2  2    0   0   0   0   0   0   0   0   0   9  74   0   5   0   0   0   0   0   0  13  0.82 0.19
   33 A    3 -3 -1 -3 -2 -2 -2 -2 -3 -2 -3 -1 -2 -4 -3  0  6 -4 -3 -1   29   0   1   0   0   1   0   0   0   0   0   1   0   0   0   2  66   0   0   0  0.87 0.24
   34 K    0  1  0 -1 -2  0  0 -2 -2  1  0  2  0 -2 -2  0  2 -3 -2  2    6  11   3   1   0   4   3   0   0  10   5  16   1   0   0   3  18   0   0  18  0.14 0.07
   35 T    6 -3 -3 -3 -2 -2 -2 -1 -3 -3 -3 -2 -3 -4 -2  0  0 -4 -3 -2   91   0   0   0   0   1   1   1   0   0   0   0   0   0   0   3   3   0   1   0  1.05 0.27
   36 I   -3 -5 -5 -5 -3 -4 -5 -5 -5  7  0 -4  0 -2 -4 -4 -2 -4 -3  3    0   0   0   0   0   0   0   0   0  86   1   0   0   0   0   0   0   0   0  13  1.23 0.27
   37 K   -3  0 -1 -3 -5  0 -1 -3 -3 -5 -4  7 -3 -5 -3 -2 -2 -5 -4 -4    0   0   1   0   0   1   0   0   0   0   0  98   0   0   0   1   0   0   0   0  1.52 0.32
   38 R   -3  7 -2 -3 -5  2 -2 -4 -2 -4 -4  1 -2 -4 -4 -2 -2 -4 -1 -4    0  88   1   0   0   7   0   0   0   0   0   1   0   0   0   0   1   0   2   0  1.49 0.30
   39 A    6 -3 -3 -3 -2 -2 -2 -1 -3 -3 -3 -2 -3 -4 -2  1 -2 -4 -4 -2   94   0   0   0   0   0   0   0   0   0   0   0   0   0   0   6   0   0   0   0  1.18 0.28
   40 R   -3  8 -2 -4 -6 -1 -2 -4 -2 -5 -4  0 -3 -5 -4 -3 -3 -5 -4 -5    0 100   0   0   0   0   0   0   0   0   0   0   0   0   0   0   0   0   0   0  1.90 0.35
   41 I   -1 -2  1 -2 -2  2 -1 -3  5  3 -1 -2  1  2 -3 -2 -1 -2  1  1    3   0   7   0   0  13   1   0  21  26   1   0   4   9   0   0   1   0   5   7  0.30 0.13
   42 L   -2 -3 -4 -5 -2 -3 -4 -5 -4  3  3 -3  6 -1 -4 -3 -2 -3 -2  2    1   0   0   0   0   0   0   0   0  22  30   0  35   0   0   1   0   0   0  12  0.72 0.19
   43 G    5 -3 -3 -3 -1 -2 -2  2 -3 -3 -3 -2 -3 -4 -2  0 -1 -4 -3 -2   77   0   0   0   1   0   0  17   0   0   0   0   0   0   0   4   1   0   0   0  0.88 0.23
   44 L   -3 -4 -5 -5 -3 -4 -4 -5 -4  1  6 -4  1  0 -4 -4 -3 -3 -2  0    0   0   0   0   0   0   0   0   0   2  93   0   1   2   0   1   0   0   0   1  1.09 0.24
   45 L   -3 -4 -5 -5 -3 -4 -4 -5 -4  1  6 -4  3 -1 -4 -4 -3 -3 -3  0    0   0   0   0   0   0   0   0   0   4  89   0   7   0   0   0   0   0   0   0  1.07 0.24
   46 P   -3 -4 -4 -4 -5 -2 -3 -4 -4 -5 -5 -3 -5 -5  8 -3 -3 -5 -2 -4    1   0   0   0   0   1   1   0   0   0   0   0   0   0  96   0   0   0   2   0  2.62 0.36
   47 F   -4 -4 -4 -5 -4 -4 -4 -5 -1 -2 -2 -4 -2  7 -5 -4 -4  0  7 -3    0   0   0   0   0   0   0   0   0   0   0   0   0  55   0   0   0   0  45   0  1.65 0.30
   48 T   -1 -3 -2 -3 -2 -3 -3 -3 -4  0 -1 -3 -1 -3 -3  1  4 -4 -3  5    0   0   0   0   0   0   0   0   0   0   0   0   0   0   0   9  34   0   0  57  0.65 0.19

                      K         Lambda
Standard Ungapped    0.1454     0.3267
Standard Gapped      0.0649     0.2670
PSI Ungapped         0.2121     0.3175
PSI Gapped           0.0649     0.2670
