
Last position-specific scoring matrix computed, weighted observed percentages rounded down, information per position, and relative weight of gapless real matches to pseudocounts
           A  R  N  D  C  Q  E  G  H  I  L  K  M  F  P  S  T  W  Y  V   A   R   N   D   C   Q   E   G   H   I   L   K   M   F   P   S   T   W   Y   V
    1 M   -5 -5 -6 -7 -5 -4 -6 -6 -5 -2 -1 -5 11 -4 -6 -5 -4 -5 -5 -3    0   0   0   0   0   0   0   0   0   0   0   0 100   0   0   0   0   0   0   0  3.21 0.85
    2 R   -2  7  4 -3 -6 -1 -3 -4 -1 -5 -5  2 -3 -5 -4 -2 -3 -6 -4 -4    3  64  19   0   0   0   0   0   1   0   0   9   0   0   0   2   1   0   0   0  1.36 0.47
    3 R    0  0  1 -2 -5  2 -1 -3  5 -4 -3  5 -3 -2 -1 -1 -1 -5 -1 -4    6   3   7   0   0   7   1   0  19   0   1  45   0   1   3   2   2   0   1   1  0.75 0.34
    4 Y   -5 -5 -6 -7 -6 -5 -6 -7 -2 -5 -5 -5 -5  0 -7 -5 -5 -1 10 -5    0   0   0   0   0   0   0   0   0   0   0   0   0   0   0   0   0   0 100   0  3.17 0.82
    5 E   -4 -3 -3 -2 -7 -1  8 -5 -3 -7 -6 -2 -5 -7 -4 -3 -4 -6 -5 -6    0   0   0   0   0   0 100   0   0   0   0   0   0   0   0   0   0   0   0   0  2.32 0.71
    6 V   -1 -4 -4 -4 -2 -3 -4 -4 -1  3  3 -3  1 -1 -4 -1  2 -4 -3  3    2   0   0   0   0   0   0   0   2  19  28   0   4   1   0   4  14   0   0  26  0.48 0.24
    7 N    0 -4 -1 -5 -2 -3 -4 -5 -4  1  1 -4  8 -3 -5 -3 -1 -4 -4  2    9   0   3   0   1   0   0   0   0   6   7   0  54   0   0   0   3   0   0  17  1.20 0.47
    8 I   -3 -5 -5 -6 -4 -4 -5 -5 -3  2  0 -5 -1  5 -5 -4 -3 -2  6  3    0   0   0   0   0   0   0   0   0  10   8   0   1  29   0   0   0   0  29  24  1.03 0.38
    9 V   -3 -6 -6 -6 -4 -5 -6 -6 -6  7  0 -5  0 -2 -5 -5 -3 -5 -4  3    0   0   0   0   0   0   0   0   0  77   5   0   2   1   0   0   0   0   0  16  1.53 0.50
   10 L   -1 -4 -5 -5 -3 -4 -5 -5 -5  4  3 -4  0  0 -5 -3 -2 -4 -2  4    4   0   0   0   0   0   0   0   0  25  35   0   0   2   0   1   0   0   0  31  0.78 0.31
   11 N   -2  4  3  4 -5 -1 -1 -3  3 -5 -5  2 -4 -4 -3  1 -2 -5 -3 -4    1  26  16  23   0   1   1   0   8   0   0  15   0   0   0   8   0   0   0   1  0.69 0.31
   12 P    1 -5 -4 -4 -5 -1 -4 -4 -5 -5 -5 -4 -5 -6  8 -2 -2 -6 -6 -4   12   0   1   0   0   2   0   0   0   0   0   0   0   0  80   2   1   0   0   1  2.24 0.61
   13 N   -1 -2  3  4 -4 -1  2 -2 -2 -3 -4  1 -3 -4 -3  1  1 -5 -4 -2    3   0  15  29   0   1  12   1   0   1   1   9   0   0   0  13  11   0   0   2  0.52 0.24
   14 L   -2 -3 -4 -4 -3  1 -3 -5 -4  3  4 -3  2 -1 -4 -3 -1 -4 -3  2    2   0   0   0   0   9   0   0   0  19  44   0   5   1   0   1   3   0   0  15  0.59 0.27
   15 D   -2 -3 -1  5 -5 -1  5 -2 -3 -5 -5 -2 -5 -6 -3  1 -1 -6 -5 -3    1   0   1  38   0   0  42   2   0   0   0   0   0   0   1   9   3   0   0   2  1.09 0.42
   16 Q   -2 -3 -2  4 -6  2  6 -4 -3 -6 -6 -2 -5 -6 -1 -2 -3 -6 -5 -4    3   0   0  21   0   8  64   1   0   0   0   0   0   0   2   0   0   0   0   0  1.35 0.49
   17 S   -1  3 -1  3 -4  0  5 -3 -2 -4 -4 -1 -3 -4 -3  0 -2 -4 -4 -4    4  21   1  14   0   3  46   0   0   0   1   1   0   0   0   5   1   0   0   0  0.83 0.33
   18 Q    3 -1 -2 -2 -3  3  2 -1 -3 -3 -3  0 -3 -4 -3  0  3 -4 -3 -1   34   1   1   1   0  18  13   3   0   0   0   4   0   0   0   2  20   0   0   3  0.50 0.29
   19 L   -2  3 -2 -4 -1 -1 -2 -4 -3  2  0  1 -1 -1 -4 -2  0 -4 -2  4    1  19   1   0   1   1   1   0   0  10   7   9   1   2   0   2   7   0   1  38  0.39 0.24
   20 A    2 -1  2  0 -3  1  1 -2 -2 -3 -3  3 -3 -4  1  0  1 -4 -3 -2   24   0   9   3   0   7   8   1   0   0   1  24   0   0   5   4  11   0   0   2  0.35 0.22
   21 L    4 -3 -1 -2 -3 -1  0  0 -3 -4 -2 -2 -3 -4  4  0 -1 -5 -4 -3   50   0   3   2   0   2   8   4   0   0   3   2   0   0  18   5   3   0   0   0  0.65 0.32
   22 E    0 -2  0 -3 -2 -1 -1 -3 -3  1  2 -1  2 -2 -3  1  1 -4 -3  2    6   0   4   0   0   1   4   0   0   6  22   3   6   0   0  14  11   0   0  23  0.22 0.17
   23 K   -2 -3 -4 -5 -3 -3 -3 -5 -4  4  2 -1  1 -1 -4 -3 -2 -4 -3  4    1   1   0   0   0   0   1   0   0  28  22   6   3   2   0   1   1   0   0  34  0.63 0.28
   24 E   -1 -3 -1  4 -6  0  6 -4 -3 -5 -5  0 -4 -6 -4 -1 -2 -6 -5 -5    4   0   2  24   0   2  59   0   0   0   0   4   0   0   0   3   1   0   0   0  1.20 0.44
   25 I   -3  4  0 -3 -5  0 -1 -3 -3 -1 -3  5 -3 -1 -3 -1  0 -5 -3 -4    1  26   4   0   0   3   3   1   0   3   2  46   0   4   0   2   5   0   0   0  0.77 0.34
   26 I   -2 -5 -5 -5 -2 -4 -5 -5 -2  1  0 -5  0  6 -4 -4 -2 -2  4  1    4   0   0   0   1   0   0   0   0   9   7   0   2  46   0   0   1   0  17  12  1.01 0.36
   27 Q   -1  0  2  0 -3  2  0 -2 -1 -2  1  3 -1 -3 -3  0  1 -4 -3 -2    3   2  11   4   0   9   3   2   1   0  20  28   1   0   0   8   8   0   0   1  0.26 0.20
   28 R    1 -1  3  2 -4  0  2  3 -1 -4 -4  1 -3 -4 -3  0  0 -4 -3 -3   11   1  15  10   0   2  15  21   1   0   0  11   0   0   0   6   7   0   0   0  0.38 0.19
   29 A   -1 -4 -4 -5 -3 -3 -4 -4 -3  4  2 -4  1 -2 -4 -3  0 -4  1  4    5   0   1   0   0   0   0   0   0  29  17   0   3   0   0   1   4   0   5  33  0.60 0.27
   30 L   -3 -5 -6 -6 -3 -5 -5 -6 -5  6  2 -5 -1 -1 -5 -4 -3 -5 -3  3    1   0   0   0   0   0   0   0   0  55  20   0   0   1   0   0   0   0   0  24  1.12 0.40
   31 E    0  2  0 -1 -3  0  2 -2 -2 -3 -3  0 -3 -4 -1  0  4 -4 -3 -1    8  12   2   1   0   2  18   1   0   1   1   5   0   0   2   5  37   0   0   3  0.44 0.26
   32 N    0  2  3  2 -4  0  1 -1 -2 -4 -4  2 -3 -4 -3  1  1 -5 -3 -3    8  10  20  12   0   3   8   3   0   0   0  14   0   0   0  13   8   0   0   0  0.40 0.20
   33 Y    0 -1  5  2 -3  0  1  1  1 -3 -3 -1 -1  1 -3 -1 -1 -3  0 -3    7   1  31  11   0   4  10   9   4   1   1   2   1   9   0   3   1   0   4   1  0.37 0.21
   34 G   -2 -4  2 -2 -5 -3 -2  7 -4 -6 -6 -1 -5 -6 -5 -2 -4 -5 -6 -6    0   0   9   2   0   0   2  82   0   0   0   3   0   0   0   1   0   0   0   0  1.68 0.51
   35 A    2 -4 -3 -4 -3 -4 -4  7 -4 -5 -5 -4 -4 -5 -4 -1 -3 -5 -5 -5   18   0   0   0   0   0   1  76   0   0   0   0   0   0   0   2   1   0   0   0  1.54 0.47
   36 R   -2 -1  1 -1 -4  1  4 -3 -2 -4 -4  2 -3 -5 -3  1  3 -5 -4 -2    1   2   5   1   0   7  33   0   0   0   0  13   0   0   0   9  27   0   0   3  0.60 0.31
   37 V   -3 -5 -4 -4 -3 -5 -5 -6 -5  5  0 -5  0 -2 -5 -4 -2 -5 -4  5    0   0   1   1   0   0   0   0   0  40   3   0   1   1   0   1   0   0   0  53  1.20 0.43
   38 E   -1 -2 -1  3 -3 -1  4 -2  2 -1 -1 -2 -3 -4 -3 -1  2 -4 -3  0    3   0   2  18   0   1  30   2   6   5   4   1   0   0   0   2  17   0   0   8  0.41 0.24
   39 K   -2  1  4  0 -3  0  2 -2 -2 -5 -5  4 -4 -5 -3  0 -1 -5 -4 -4    2   7  24   3   1   1  15   1   0   0   0  37   0   0   0   6   3   0   0   0  0.70 0.32
   40 V   -1 -4 -3 -4 -2 -2 -2 -5 -1  2  1 -4  0 -2 -4 -1  1 -4 -3  5    3   0   0   0   1   1   2   0   2   9  11   0   1   1   0   4   8   0   0  56  0.66 0.31
   41 E   -4 -3  0  7 -6 -1  3 -4 -3 -5 -3  1 -5 -6 -4 -3 -2 -6 -5 -5    0   0   2  61   0   2  21   0   0   0   2  10   0   0   0   0   1   0   0   0  1.34 0.46
   42 E   -2  0  0  3 -4 -1  4 -3 -1  1 -2  0 -2 -2 -2 -2 -1 -4 -2  1    2   5   3  17   0   0  33   1   1  10   2   5   0   1   1   0   2   0   1  15  0.39 0.23
   43 L   -5 -5 -7 -8 -6 -5 -6 -6 -6 -2 -2 -4  4 -2 -5 -6 -4 12 -2 -4    0   0   0   0   0   0   0   0   0   2   3   1  10   1   1   0   1  80   0   1  3.54 0.84
   44 G   -3 -5 -3 -4 -6 -5 -5  7 -5 -7 -7 -3 -6 -6 -4 -3 -5 -6 -6 -6    0   0   0   0   0   0   0  98   0   0   0   1   0   0   0   0   0   0   0   0  2.28 0.62
   45 L   -3  4 -2 -3 -5 -1 -2 -4 -2 -3 -1  6  1 -5 -4 -2 -1 -5 -4 -2    0  20   1   0   0   1   0   0   1   1   7  58   4   0   0   1   3   0   0   3  0.99 0.41
   46 R   -4  8 -3 -4 -6 -1 -3 -5 -3 -6 -5  4 -4 -6 -5 -3 -4 -6 -5 -5    0  78   0   0   0   1   0   0   0   0   0  20   0   0   0   0   0   0   0   0  1.91 0.59
   47 R   -4  7  0 -2 -6  2 -1 -4  1 -5 -5  3 -4 -5 -3 -2 -2 -5 -4 -5    0  59   5   1   0   7   3   0   3   0   0  19   0   0   1   1   2   0   0   0  1.23 0.44
   48 L   -4 -5 -6 -6 -4 -5 -6 -6 -5 -1  6 -5  1  1 -6 -5 -3 -4 -3 -2    0   0   0   0   0   0   0   0   0   0  92   0   3   5   0   0   0   0   0   0  1.57 0.52
   49 A    7 -4 -4 -5 -3 -3 -3 -3 -5 -4 -4 -4 -4 -3 -4 -1 -2 -6 -5 -3   95   0   0   0   0   0   1   0   0   0   0   0   0   1   0   2   0   0   0   0  1.70 0.60
   50 Y   -5 -5 -6 -7 -6 -5 -6 -7  0 -5 -5 -5 -4  1 -7 -5 -5 -1 10 -5    0   0   0   0   0   0   0   0   1   0   0   0   0   2   0   0   0   0  97   0  3.05 0.81
   51 P   -2 -1 -3  1 -6 -1  6 -5 -3 -5 -5 -2 -4 -6  4 -3 -3 -6 -5 -5    2   2   0   5   0   1  68   0   0   0   1   1   0   0  20   0   0   0   0   0  1.41 0.51
   52 I   -4 -6 -6 -6 -4 -6 -6 -7 -6  8 -1 -6 -1 -3 -6 -5 -3 -6 -4  2    0   0   0   0   0   0   0   0   0  88   1   0   1   0   0   0   0   0   0  10  1.88 0.58
   53 A    0  0  5  1 -5  4  1 -3 -2 -5 -4  4 -3 -5 -3 -1 -2 -5 -4 -4    8   2  29   8   0  19   6   1   0   0   1  26   0   0   0   1   0   0   0   0  0.72 0.33
   54 K   -4 -1 -2  4 -6 -2 -2 -2  2 -6 -5  6 -4 -6 -4 -3 -3 -6 -2 -5    0   1   1  22   0   0   0   2   5   0   0  68   0   0   0   0   0   0   1   0  1.35 0.51
   55 D   -2 -1  1 -1 -2  1 -1 -3  2  0  0  2  3  3 -3 -2 -2 -2  2 -1    0   1   8   3   1   7   3   0   7   4   7  17  11  16   0   2   0   0   9   4  0.25 0.19
   56 P    0  3  1 -1 -3 -1  0 -2  2 -3 -3  2 -2 -4 -1  1  2 -4 -3 -2    6  23   8   1   0   0   4   2   5   1   1  16   0   0   3  13  14   0   0   2  0.35 0.20
   57 Q   -3  0 -2  3 -6  1  6 -4 -3 -5 -4  2 -4 -6 -4 -2 -2 -5 -5 -5    1   4   0  14   0   4  62   0   0   0   1  12   0   0   0   1   1   0   0   0  1.17 0.44
   58 G    1 -5 -3 -4 -5 -4 -5  7 -5 -6 -6 -4 -5 -6 -5 -3 -4 -5 -6 -5   13   0   0   0   0   0   0  87   0   0   0   0   0   0   0   0   0   0   0   0  1.94 0.56
   59 Y   -4 -4 -3 -3 -4 -2 -4 -5  4  3 -2 -4 -2  4 -5 -3 -2 -1  7 -1    0   0   1   1   0   1   0   0  11  22   2   0   0  17   0   1   2   0  40   3  1.09 0.41
   60 F   -5 -5 -6 -7 -6 -5 -6 -7 -2 -5 -4 -5 -4  2 -7 -5 -5 -1 10 -5    0   0   0   0   0   0   0   0   0   0   0   0   0   6   0   0   0   0  94   0  2.94 0.79
   61 L    1 -3 -2 -4  0 -1 -3 -4 -1  1 -1 -3  0  0 -4 -1  1 -3  3  4   14   0   1   0   2   2   1   0   1   3   3   0   3   4   0   3   8   0  13  42  0.43 0.26
   62 W   -3 -4 -3 -5 -2 -4 -5 -5 -4  2  3 -4  0  3 -5 -4 -2  1 -1  4    0   0   1   0   0   0   0   0   0   9  36   0   1  12   0   0   1   2   1  37  0.72 0.30
   63 Y   -2 -4 -5 -5 -1 -4 -4 -5 -4  4  2 -4  4  1 -4 -4 -1 -2  0  4    1   0   0   0   1   0   0   0   0  30  14   0  14   4   0   0   2   0   3  31  0.71 0.30
   64 Q   -3 -1  6  3 -5  2  0 -3  2 -5 -4  0 -4 -4 -3 -1  0 -4  2 -5    0   3  42  17   0  11   3   0   5   0   1   5   0   0   1   2   4   0   7   0  0.81 0.35
   65 V   -3 -5 -5 -6 -3 -5 -5 -5 -4  2  1 -5  0  7 -5 -4 -3 -2  2  2    1   0   0   0   0   0   0   0   0  10  11   0   2  55   0   0   1   0   4  15  1.17 0.40
   66 E   -1 -1  2  1 -4  1  3 -3  0 -3 -4  2 -2 -4 -3  0  3 -4 -3 -2    4   1  11   7   0   6  23   1   3   0   0  12   0   0   0   5  24   0   0   2  0.43 0.24
   67 M    5 -4 -3 -4  4 -3 -3  1 -4 -3 -3 -3  1 -4 -3  2 -1 -5 -4 -2   58   0   0   0  10   0   0  11   0   0   1   0   3   0   0  13   2   0   0   1  0.87 0.39
   68 P   -1 -2  2  3 -4  0  4 -1 -2 -4 -4  0 -4 -5  3  0  2 -5 -4 -3    4   0   9  16   0   1  31   4   0   0   0   4   0   0  12   5  13   0   0   0  0.55 0.26
   69 E    2 -3 -1 -3 -4 -1  0 -1 -2 -3 -4 -2 -4 -5  6  1  0 -5 -4 -2   18   0   3   0   0   2   5   4   1   1   0   0   0   0  45  12   6   0   0   2  0.96 0.35
   70 D    3 -1  0  3 -4  0  4 -2 -2 -4 -4  0 -3 -5 -2  0  0 -5 -4 -3   27   1   4  19   0   1  27   1   1   0   0   3   0   0   0   6   6   0   0   1  0.52 0.27
   71 R    3 -1 -2 -3  1 -2 -2 -2 -2  0  0 -2 -1 -1 -3  0  3 -4 -3  2   29   3   1   0   3   1   1   1   1   2   8   1   0   2   0   4  24   0   0  19  0.32 0.22
   72 V    0 -4 -4 -4 -3 -4 -4 -4 -5  4 -1 -3 -1 -3  4 -1  0 -5 -3  4    9   0   0   0   0   0   0   0   0  24   3   1   1   0  19   3   4   0   0  36  0.69 0.31
   73 N    2  0  3  1 -3  2  0 -1  0 -2 -2  3 -2 -3 -3  0 -1 -4 -3 -3   24   2  14   9   0  10   2   2   2   2   4  21   0   1   0   5   2   0   0   0  0.31 0.21
   74 D   -3 -3 -2  0 -7 -1  8 -5 -3 -6 -6 -2 -5 -6 -4 -3 -4 -6 -5 -5    1   0   1   3   0   1  94   0   0   0   0   0   0   0   0   1   0   0   0   0  2.05 0.66
   75 L   -3 -4 -5 -6 -1 -4 -5 -6 -5  2  5 -5  1  4 -5 -4 -3 -3 -1  0    0   0   0   0   1   0   0   0   0  11  62   0   3  16   0   0   0   0   1   5  0.96 0.36
   76 A   -2 -3  0  6 -6 -1  5 -4 -3 -6 -6 -2 -5 -6 -4 -2 -2 -6 -5 -5    3   0   3  46   0   1  44   0   0   0   0   0   0   0   0   1   2   0   0   0  1.34 0.47
   77 R   -3  8 -1 -3 -6  0 -2 -5  0 -6 -5 -1 -4 -6 -5 -2 -1 -6 -4 -5    1  84   2   1   0   4   1   0   2   0   0   0   0   0   0   3   3   0   0   0  1.81 0.58
   78 E   -1  1  1 -2 -3  3 -1 -3  0  1  2 -1 -1 -3 -3 -2 -2 -4 -2  2    3  10   9   1   0  21   3   1   2   6  20   1   0   0   0   1   1   0   0  22  0.28 0.21
   79 L    1 -4 -4 -5 -2 -3 -4 -4 -3  1  3 -4  4  3 -4 -2 -2 -2  2  1   12   0   0   0   0   0   0   0   0   7  36   0  14  14   0   2   1   0   8   7  0.53 0.26
   80 R   -3  6  2 -3 -5 -1 -2  0 -3 -5 -5  5 -4 -5 -4 -1 -2 -5 -4 -4    0  43  10   0   0   0   0   8   0   0   0  34   0   0   0   3   1   0   0   0  1.04 0.41
   81 I   -4 -5 -4 -6 -4 -5 -5 -6 -5  7  3 -5 -1  2 -5 -5 -3 -4 -1  0    0   0   1   0   0   0   0   0   0  66  23   0   0   7   0   0   0   0   2   0  1.23 0.43
   82 R   -2  0  5  1 -4 -1 -2 -3 -2 -3 -3 -2  3 -4 -4  2  3 -5 -4 -3    1   4  38   7   0   1   1   0   0   0   0   1  11   0   0  17  17   0   0   0  0.73 0.34
   83 D   -3 -3 -1  6 -6 -2  5 -3 -2 -6 -6 -2 -5 -6 -3 -2 -3 -6 -5 -5    1   0   1  53   0   0  43   1   0   0   0   0   0   0   0   0   0   0   0   0  1.54 0.50
   84 N    1 -1  4  4 -4  0  1  0 -2 -4 -4 -2 -3 -4 -2  2  0 -5 -4 -3   10   2  21  26   0   2   8   6   0   0   1   0   0   0   1  14   6   0   0   1  0.48 0.23
   85 V   -3 -5 -6 -6 -3 -5 -5 -6 -6  5 -1 -5  0 -2 -5 -4 -3 -5 -4  6    1   0   0   0   0   0   0   0   0  34   2   0   1   1   0   0   0   0   0  62  1.32 0.45
   86 R   -3 -2 -5 -5 -3 -4 -4 -6 -5  5  4 -4  3 -2 -5 -4 -3 -4 -3  1    0   3   0   0   0   0   1   0   0  38  44   0   9   0   0   0   0   0   0   5  0.93 0.34
   87 R   -4  8 -3 -5 -7 -2 -3 -5 -3 -6 -5  1 -4 -6 -5 -4 -4 -6 -5 -6    0  94   0   0   0   0   0   0   0   0   0   6   0   0   0   0   0   0   0   0  2.28 0.65
   88 V   -3 -3 -2 -4 -4 -3 -3 -5  7 -3 -3 -4 -3  4 -5 -2  3 -2  5 -1    0   0   1   0   0   0   0   0  31   1   0   0   0  17   0   2  22   0  22   4  1.10 0.41
   89 M   -3 -3 -4 -5 -4 -3 -4 -5 -4  3  3  3  6 -2 -4 -4 -3 -4 -3 -1    0   0   0   0   0   0   0   0   0  21  33  22  23   0   0   0   0   0   0   0  0.81 0.36
   90 V   -1 -4 -4 -5  3 -4 -4 -5 -5  4  0 -4 -1 -2 -4 -2  2 -4 -3  4    4   0   0   0   8   0   0   0   0  30   3   0   0   1   0   1  15   0   0  38  0.75 0.32
   91 V   -3 -4 -5 -5 -3 -4 -5 -5 -5  4  2 -4  2 -2 -4 -3  0 -4 -3  5    0   0   0   0   0   0   0   0   0  26  17   0   5   0   0   0   4   0   0  47  0.87 0.33
   92 K   -3  7 -1 -4 -6 -1 -2 -4 -3 -5 -4  5 -4 -5 -4 -2 -3 -5 -4 -4    1  58   3   0   0   1   0   0   0   0   0  35   0   0   0   1   1   0   0   0  1.45 0.48
   93 S   -1  1 -1  1 -3  2  2 -3 -1 -1 -1  2  0 -3  2 -1  1 -3  0  0    3   5   1   7   0  10  14   0   1   2   6  15   2   0  10   1   8   0   4   8  0.18 0.12
   94 Q   -2 -2 -1  6 -6  1  5 -1 -3 -5 -5  0 -5 -6 -3 -2 -3 -6 -5 -5    1   1   1  43   0   4  42   4   0   0   0   4   0   0   1   0   0   0   0   0  1.19 0.41
   95 E   -1 -1 -1  3 -5  1  5 -3  0 -5 -5  2 -4 -5 -2  0 -2 -5 -4 -4    6   1   1  15   0   4  50   0   2   0   0  15   0   0   1   5   1   0   0   0  0.82 0.32
   96 P    3 -1 -2 -3 -3 -1 -1 -2 -3 -4 -4  5 -3 -4  2  0 -2 -5 -4 -2   33   0   0   0   0   0   0   0   0   0   0  51   0   0  11   4   0   0   0   2  0.75 0.27
   97 F   -2 -3 -4 -4 -2 -3 -3 -4 -3  3  2 -3  3  3 -3 -3 -1 -2  0  3    0   0   0   0   0   0   0   0   0  30  11   0  15  16   0   0   0   0   0  27  0.40 0.08
   98 L   -1 -2 -4 -4 -1 -2 -3 -4 -3  2  4 -3  2  0 -3 -3 -1 -2 -1  2    0   0   0   0   0   0   0   0   0   0  78   0   0   0   0   0   0   0   0  22  0.41 0.02

                      K         Lambda
Standard Ungapped    0.1389     0.3211
Standard Gapped      0.0595     0.2670
PSI Ungapped         0.1940     0.3150
PSI Gapped           0.0595     0.2670
