
Last position-specific scoring matrix computed, weighted observed percentages rounded down, information per position, and relative weight of gapless real matches to pseudocounts
           A  R  N  D  C  Q  E  G  H  I  L  K  M  F  P  S  T  W  Y  V   A   R   N   D   C   Q   E   G   H   I   L   K   M   F   P   S   T   W   Y   V
    1 G    7 -4 -4 -4 -3 -3 -4  0 -4 -4 -4 -3 -4 -5 -3 -1 -3 -5 -5 -3   95   0   0   0   0   0   0   5   0   0   0   0   0   0   0   0   0   0   0   0  1.60 0.47
    2 R   -4  8 -3 -4 -6 -2 -3 -5 -3 -6 -5  1 -4 -6 -5 -4 -4 -6 -5 -6    0  94   0   0   0   0   0   0   0   0   0   6   0   0   0   0   0   0   0   0  2.21 0.54
    3 Y   -5 -5  0 -5 -6 -4 -5 -6 -1 -4 -4 -5 -4  0 -6 -5 -5 -1 10 -4    0   0   6   0   0   0   0   0   0   1   0   0   0   0   0   0   0   0  93   0  2.66 0.62
    4 I   -2  1 -2 -3 -3 -2 -3 -4 -4  2  1 -1 -1 -3 -4 -1  6 -4 -3 -1    0   8   1   1   0   0   0   0   0  14  14   3   0   0   0   2  55   0   0   1  0.72 0.31
    5 G   -2 -4 -2  2 -3 -3  0  6 -4 -6 -6 -3 -5 -6 -4 -3 -4 -5 -5 -6    0   0   1  14   0   0   8  76   0   0   0   1   0   0   0   0   0   0   0   0  1.48 0.39
    6 P    3 -4 -4 -4 -4 -3 -2 -4 -4 -5 -5 -3 -4 -6  7  2 -3 -6 -5 -4   25   0   0   0   0   0   2   0   0   0   0   0   0   0  59  13   0   0   0   0  1.60 0.42
    7 V   -1 -1 -2  0 -3  0 -2 -3 -2 -1 -2  4 -2 -4 -3  1  0 -5 -3  4    2   2   0   7   0   4   0   0   0   0   2  29   0   0   0  11   6   0   0  36  0.40 0.23
    8 C   -2 -6 -6 -6 11 -5 -1 -6 -6 -4 -1 -6 -4 -5 -6 -4 -4  5 -5 -4    3   0   0   0  81   0   5   0   0   0   5   0   0   0   0   0   0   7   0   0  2.74 0.59
    9 R   -4  6 -3 -4 -6 -1 -2 -5 -3 -6 -5  6 -4 -6 -4 -3 -3 -6 -4 -5    0  54   0   0   0   0   0   0   0   0   0  46   0   0   0   0   0   0   0   0  1.61 0.45
   10 L   -3 -1 -4 -5 -4  2 -3 -5 -4  2  5 -2  1 -1 -5 -4 -3 -4 -3 -1    0   4   0   0   0  13   0   0   0  10  68   2   2   1   0   0   0   0   0   1  0.86 0.31
   11 C   -1 -5 -4 -5 10 -4 -1 -5 -5 -4 -4 -5 -4 -5 -5  3 -3 -5 -5 -4    4   0   0   0  70   0   5   0   0   0   0   0   0   0   0  21   0   0   0   0  2.25 0.53
   12 R   -5  8 -3 -5 -7 -2 -3 -5 -3 -6 -5 -1 -4 -6 -5 -4 -4 -6 -5 -6    0 100   0   0   0   0   0   0   0   0   0   0   0   0   0   0   0   0   0   0  2.45 0.60
   13 R   -2  8 -3 -5 -6 -2 -3 -5 -3 -6 -5 -1 -4 -6 -5 -4 -4 -6 -5 -6    3  97   0   0   0   0   0   0   0   0   0   0   0   0   0   0   0   0   0   0  2.29 0.57
   14 E   -3 -3 -3 -1 -6 -1  7 -5 -3 -5  0 -2 -4 -2 -4 -3 -4 -5 -4 -5    0   0   0   1   0   0  86   0   0   0  10   0   0   2   0   0   0   0   0   0  1.63 0.49
   15 G   -2 -3  1 -2 -5 -3 -4  7 -4 -6 -6  0 -3 -6 -4 -2 -3 -5 -5 -5    1   1   7   1   0   1   0  82   0   0   0   6   1   0   0   1   1   0   0   0  1.58 0.41
   16 V    0 -2 -2 -2 -1  2  1 -2 -3  1  0 -1  4 -2 -3 -1  3 -4 -3  1    5   0   0   0   1   9  12   2   0   8   7   4  15   1   0   1  25   0   0  10  0.27 0.18
   17 K   -3 -1 -1  3 -5 -1 -1 -4 -3 -5 -5  6 -4 -6 -4  1 -3 -6 -5 -5    0   0   1  20   0   0   1   0   0   0   0  68   0   0   0   9   0   0   0   0  1.27 0.41
   18 L   -4 -5 -6 -6 -4 -5 -6 -6 -6  0  6 -5  1 -2 -6 -5 -4 -4 -4 -2    0   0   0   0   0   0   0   0   0   1  97   0   2   0   0   0   0   0   0   0  1.64 0.46
   19 Y   -3 -5 -3 -5 -5 -3 -4 -3 -2 -3 -2 -5 -1  8 -6 -1 -3 -1  5 -3    2   0   1   0   0   1   1   2   0   0   0   0   1  66   0   5   1   0  20   0  1.58 0.43
   20 L   -4 -5 -6 -6 -4 -5 -5 -1 -4  0  6 -5  0 -2 -5 -5 -4 -4 -4 -1    0   0   0   0   0   0   0   6   0   1  91   0   1   0   0   0   0   0   0   1  1.40 0.42
   21 K   -4 -1 -3 -4 -6 -2 -2 -3 -4 -6 -5  8 -4 -6 -4 -3  0 -6 -5 -5    0   0   0   0   0   0   0   1   0   0   0  93   0   0   0   0   5   0   0   0  1.88 0.54
   22 G   -2 -5 -3 -4 -5 -4 -3  7 -5 -6 -6 -4 -5 -6 -5  0 -4 -5 -6 -6    1   0   0   0   0   0   1  92   0   0   0   0   0   0   0   6   0   0   0   0  1.97 0.48
   23 E    0 -2 -1  4 -4 -1  4 -3 -3 -3 -4  0 -3 -4 -2  0 -1 -5 -4  1    8   1   0  30   0   0  31   1   0   0   0   6   0   0   1   7   2   0   0  12  0.59 0.24
   24 R   -4  7 -3 -4 -6 -1  0 -5 -3 -6 -5  3 -4 -6 -4 -3 -3 -6 -4 -5    0  74   0   0   0   0   6   0   0   0   0  20   0   0   0   0   1   0   0   0  1.68 0.46
   25 C    0  1 -4 -5 10 -4 -5 -4 -5 -4 -4 -4 -4 -5 -1 -1 -3 -5 -4 -3    9   9   0   0  70   0   0   0   0   0   0   0   0   0   3   5   1   0   0   0  2.08 0.48
   26 Y   -3 -3 -4 -2 -4 -2 -1 -4  0  1  2 -3  0  4 -4 -3 -3 -1  7 -2    0   0   0   2   0   1   4   0   2   7  18   1   1  19   0   0   1   0  41   1  0.85 0.28
   27 S    0 -2 -1  2 -3 -2  1 -1 -3 -3 -3 -1 -3 -4 -3  3  4 -4 -3 -3    6   0   1  10   0   0   7   4   0   0   1   3   0   0   0  29  37   0   0   0  0.58 0.25
   28 P   -1 -3  0  5 -4 -1  1  1 -2 -4 -4 -1 -4 -4  1  1  0 -5 -4 -3    4   0   3  43   0   0  10  10   0   0   1   2   0   0   6  13   5   0   0   1  0.65 0.23
   29 K   -3  0 -3 -3 -5 -1 -2 -4 -3 -5 -5  8 -4 -5 -3 -2 -3 -5 -4 -5    1   1   0   0   0   0   0   0   0   0   0  93   0   0   0   1   0   0   0   0  1.84 0.50
   30 C   -3 -5 -5 -5 11 -5 -6 -5 -5 -4 -4 -5 -4 -5 -5  0 -3 -5 -5 -4    1   0   0   1  88   0   0   0   0   0   0   0   0   0   0   6   1   0   0   0  3.02 0.60
   31 A    4 -2 -1 -3 -3 -2 -2 -1 -3 -2 -3  2 -3 -4  3  1 -2 -4 -3 -2   49   1   2   0   0   0   0   2   0   2   1  16   0   0  14  11   1   0   0   0  0.62 0.25
   32 M   -2 -4 -4 -5 -3 -4 -4 -5 -3  4  2 -4  1  4 -4 -3 -2 -2  1  2    3   0   0   0   0   0   0   0   0  31  23   0   4  21   0   1   0   0   4  12  0.62 0.22
   33 E    0 -3 -1  4 -5 -1  5 -3 -3 -4 -4 -1 -3 -5 -3  0  0 -5 -4 -2    6   0   1  28   0   1  47   1   0   0   1   1   0   0   0   4   5   0   0   4  0.84 0.30
   34 R   -3  6 -1 -3 -4  1 -1 -3 -2 -2 -3  4 -3 -4 -3  0 -2 -4 -3 -3    1  51   2   0   0   4   1   1   0   4   1  27   0   0   0   6   2   0   0   1  0.96 0.30
   35 R   -3  7 -2 -3 -4 -1 -2 -4 -2 -4 -3  2 -3 -4 -3 -2 -3 -4 -3 -4    2  79   1   1   0   1   1   1   1   1   1   7   0   1   1   1   1   0   0   1  1.54 0.38
   36 P    1 -2  3 -1 -3 -1 -1  1 -1 -3 -3 -1 -3 -3  5  1 -1 -3 -3 -3   11   2  15   2   0   1   2   9   1   1   2   2   0   1  35  13   2   0   1   1  0.66 0.19
   37 Y   -2 -3 -2 -4 -4 -3 -3 -4 -1 -3 -3 -2 -3  3 -3 -2  1 -1  8 -2    2   1   1   1   0   0   1   1   0   1   1   2   0  10   1   2  10   0  62   3  1.33 0.36
   38 P    5 -3 -4 -4 -3 -3 -3 -1 -4 -2 -3 -2 -3 -4  5 -1 -2 -5 -4 -1   56   0   0   0   0   0   0   3   0   2   1   1   0   0  30   1   0   0   0   4  1.04 0.34
   39 P   -4 -5 -5 -5 -6 -5 -4 -6 -6 -6 -6 -4 -6 -7  9 -4 -4 -7 -6 -6    0   0   0   0   0   0   0   0   0   0   0   0   0   0 100   0   0   0   0   0  3.17 0.66
   40 G   -3 -5 -3 -4 -6 -5 -5  7 -5 -7 -7 -4 -6 -6 -5 -3 -5 -6 -6 -6    0   0   0   0   0   0   0 100   0   0   0   0   0   0   0   0   0   0   0   0  2.32 0.54
   41 Q   -3 -2 -3 -2 -6  8  1 -5 -1 -3 -4 -1  2 -6 -2 -3 -3 -5 -4 -2    0   0   0   1   0  79   6   0   1   1   0   1   5   0   1   0   0   0   0   4  1.69 0.52
   42 H   -3 -4 -2 -3 -6 -2 -3 -5 11 -7 -6 -4 -5 -5 -6 -4 -5 -6 -2 -6    2   0   1   1   0   0   0   1  94   0   0   0   0   0   0   0   0   0   0   0  3.10 0.68
   43 G   -2 -5 -3 -4 -5 -5 -5  7 -5 -7 -7 -4 -6 -6 -3 -3 -4 -5 -6 -6    0   0   0   0   0   0   0  97   0   0   0   0   0   0   1   0   1   0   0   0  2.18 0.51
   44 Q    1  3 -2 -2 -5  7 -1 -3 -1 -5 -4  0 -2 -5  1 -2 -2 -5 -4 -3   14  17   0   1   0  52   1   1   1   0   0   4   1   0   7   1   1   0   0   1  0.97 0.36
   45 K    1  3  1 -1 -3 -1 -1  3 -2 -3 -3  1 -1 -3 -3  1  0 -4 -3 -3   12  24   9   2   0   0   2  23   0   1   1   9   2   0   0   9   4   0   0   0  0.38 0.17
   46 R   -3  7 -2 -4 -6  2 -2 -4 -3 -5 -5  2 -3 -5 -3  0 -3 -5 -4 -5    0  73   1   0   0   9   0   0   0   0   0  10   0   0   1   6   0   0   0   0  1.51 0.43
   47 A    1  2  0 -1 -2  0 -1  3 -1 -1 -2  0 -1 -2  1  0  1 -2 -2 -1   11  14   3   2   1   3   2  23   1   3   3   3   1   2   7   6  12   0   1   4  0.18 0.07
   48 R   -1  5 -2 -2 -3  1 -1 -1  0 -3 -3  5 -2 -3 -2 -1 -1 -3 -3 -3    5  30   1   1   0   4   2   5   2   1   2  39   0   1   1   3   2   0   1   1  0.64 0.21
   49 R   -2  3 -1 -2 -4  0  0 -3 -1 -4 -3  6 -3 -4 -2 -2 -2 -4 -3 -3    1  12   1   1   0   1   4   1   1   1   1  68   0   1   1   1   1   0   1   1  1.05 0.30
   50 P   -1 -2 -2 -2 -2 -1 -3 -4 -3  2  3 -3  2  0  1 -2  0 -3 -2  2    3   2   1   2   0   2   1   1   0  13  38   0   5   3   6   1   6   0   0  14  0.31 0.14
   51 S   -2 -3 -2 -3 -4 -3 -3 -3 -4 -5 -5 -2 -4 -5 -4  7  2 -6 -4 -2    0   1   0   0   0   0   0   0   0   0   0   1   0   0   0  85  11   0   0   2  1.48 0.49
   52 D   -3 -3  1  5 -6  0  5 -1 -3 -6 -6 -2 -5 -5 -4 -2 -3 -6 -2 -5    0   0   6  39   0   3  45   5   0   0   0   0   0   0   0   0   0   0   1   0  1.16 0.36
   53 Y   -5 -5 -5 -7 -6 -5 -5 -7 -1 -5 -4 -5 -4  1 -6 -5 -5 -1 10 -5    0   0   0   0   0   0   0   0   0   0   0   0   0   3   0   0   0   0  97   0  2.93 0.67
   54 A    1 -4 -3 -4 -3 -3 -4  7 -4 -5 -2 -4 -4 -5 -4 -2 -4 -5 -4 -5   12   0   0   0   0   1   0  81   0   0   4   0   0   0   0   2   0   0   0   0  1.56 0.41
   55 V   -2 -2 -3 -4 -3 -2 -3 -4 -3  3  4 -3  2 -2 -4 -2  0 -4 -3  3    0   2   1   0   0   2   1   1   0  14  42   0   6   0   0   1   7   0   0  24  0.53 0.21
   56 R   -4  0 -3 -4 -6  9 -1 -5  0 -6 -5 -2 -2 -6 -5 -3 -4 -5 -5 -5    0   3   0   0   0  94   0   0   2   0   0   0   1   0   0   0   0   0   0   0  2.34 0.64
   57 L   -4 -5 -6 -6 -4 -5 -6 -6 -4 -1  6 -4  1 -2 -6 -5 -4 -4 -4 -2    0   0   0   0   0   0   0   0   0   0  98   1   1   0   0   0   0   0   0   0  1.64 0.46
   58 R   -4  8 -3 -4 -6  1 -3 -5 -2 -6 -5 -1 -2 -6 -5 -4 -4 -6 -5 -5    0  92   0   0   0   6   0   0   0   0   0   0   1   0   0   0   0   0   0   0  2.15 0.55
   59 E   -1 -3 -3 -1 -6 -1  7 -5 -3 -6 -6 -2 -5 -6 -4 -2 -4 -6 -5 -5    6   0   0   0   0   0  93   0   0   0   0   0   0   0   0   1   0   0   0   0  1.92 0.54
   60 K   -4 -1 -3 -4 -6 -2 -2 -5 -4 -6 -6  8 -4 -6 -4 -3 -4 -6 -5 -5    0   0   0   0   0   0   0   0   0   0   0 100   0   0   0   0   0   0   0   0  2.17 0.58
   61 Q   -4 -2 -3 -4 -6  9 -1 -5 -3 -6 -6 -2 -4 -7 -5 -3 -4 -5 -5 -6    0   0   0   0   0 100   0   0   0   0   0   0   0   0   0   0   0   0   0   0  2.59 0.68
   62 K   -3  0 -3 -4 -6 -1 -2 -4 -4 -4 -5  8 -2 -6 -4 -3 -2 -6 -5 -5    1   1   0   0   0   1   0   0   0   1   0  93   1   0   0   0   2   0   0   0  1.85 0.53
   63 L    3 -4 -4 -4  1 -3 -4 -4 -4  1  1 -3  0 -3 -4 -2  0 -4 -3  4   25   0   0   0   2   0   0   0   0   7  15   0   2   0   0   0   6   0   0  42  0.57 0.25
   64 R   -2  6 -3 -4 -6 -1 -2 -5 -3 -6 -5  5 -4 -6 -4 -3 -3 -5 -4 -5    2  55   0   0   0   0   0   0   0   0   0  43   0   0   0   0   0   0   0   0  1.55 0.44
   65 R   -3  8 -3 -4 -6 -1 -3 -5  2 -5 -5  0 -3  0 -5 -3 -4 -5 -1 -5    1  84   0   0   0   1   0   0   5   0   0   1   0   5   0   1   0   0   2   0  1.75 0.49
   66 I   -2 -4 -5 -5 -3 -4 -5 -5 -4  6  0 -4  6  1 -5 -3 -1 -3  3  1    2   0   0   0   0   0   0   0   0  48   3   0  24   4   0   1   4   0  10   3  0.95 0.33
   67 Y   -5 -5 -6 -7 -6 -5 -5 -7 -1 -5 -4 -5 -4  0 -6 -5 -5 -1 10 -5    0   0   0   0   0   0   0   0   0   0   0   0   0   1   0   0   0   0  99   0  3.02 0.69
   68 G   -3 -5 -3 -4 -2 -5 -5  7 -5 -7 -6 -4 -6 -2 -5 -3 -4 -5 -6 -6    0   0   0   0   1   0   0  97   0   0   0   0   0   2   0   0   0   0   0   0  2.17 0.51
   69 I   -2 -5 -5 -5 -3 -4 -5 -6 -5  4  2 -4  1 -3 -5 -4 -2 -5 -3  6    0   0   0   0   0   0   0   0   0  21  14   0   3   0   0   0   1   0   0  60  1.03 0.33
   70 S   -2 -2  0 -4 -3  0 -4 -3 -4 -1  5 -3  1 -2 -4  0 -1 -4 -3 -1    1   1   5   0   0   5   0   2   0   0  70   0   3   0   0   9   3   0   0   0  0.74 0.30
   71 E   -4 -3 -3 -1 -7 -1  8 -5 -3 -6 -6 -2 -5 -6 -4 -3 -4 -6 -5 -6    0   0   0   0   0   0 100   0   0   0   0   0   0   0   0   0   0   0   0   0  2.24 0.60
   72 R   -1  4  0 -2 -2 -1 -1  1 -2 -5 -4  5 -3 -5 -3  0  0 -5 -4 -4    3  25   4   0   1   0   1  10   0   0   0  44   0   0   0   7   5   0   0   0  0.74 0.28
   73 Q   -4 -2 -3 -4 -6  9 -1 -5 -2 -6 -6 -1 -4 -7 -4 -3 -4 -5 -5 -6    0   0   0   0   0  98   0   0   0   0   0   1   0   0   1   0   0   0   0   0  2.51 0.67
   74 F   -5 -6 -6 -7 -6 -6 -7 -6 -4 -3 -3 -6 -1  9 -7 -6 -5 -2  0 -4    0   0   0   0   0   0   0   0   0   0   0   0   1  99   0   0   0   0   0   0  2.72 0.62
   75 R   -2  8 -2 -4 -6 -1 -1 -5  2 -5 -4  1 -4 -5 -5 -1 -4 -5 -2 -4    2  79   0   0   0   0   2   0   4   0   1   6   0   0   0   4   0   0   1   1  1.60 0.45
   76 N   -1  3  4 -1 -4 -1 -1  1  0 -2 -2  2 -2 -4 -3  0  0 -4 -3 -3    3  21  27   1   0   0   1  11   2   2   5  14   1   0   0   8   4   0   0   0  0.42 0.20
   77 L   -3 -5 -4 -6 -3 -4 -5 -5 -1  0  0 -5 -2  2 -6 -4 -1 -1  9 -2    1   0   0   0   0   0   0   0   1   5   8   0   1   4   0   0   5   0  73   2  1.74 0.48
   78 F   -5 -5 -6 -6 -5 -5 -6 -6 -2 -3 -3 -5 -3  8 -6 -5 -5 -1  7 -3    0   0   0   0   0   0   0   0   0   0   0   0   0  58   0   0   0   0  41   1  2.10 0.51
   79 E    0  0 -1  2 -4  1  4 -2  0 -3 -3  3 -3 -3 -3 -2 -2 -2 -3 -2    9   2   1  12   0   4  37   1   2   0   1  23   0   1   0   0   1   0   0   4  0.54 0.23
   80 E   -2  2 -2 -1 -5  0  4 -4 -1 -1 -2  3  3 -4 -3 -2 -2 -5 -4 -2    1  13   1   2   0   1  37   0   1   4   2  23  12   0   0   1   1   0   0   2  0.63 0.27
   81 A    7 -4 -4 -5 -3 -4 -4 -3 -5 -4 -4 -4 -4 -5 -4 -2 -3 -6 -5 -3  100   0   0   0   0   0   0   0   0   0   0   0   0   0   0   0   0   0   0   0  1.82 0.54
   82 S    2 -2  2  4 -3 -1  3 -1 -2 -3 -3 -1 -2 -4 -3  1  0 -5 -4 -2   19   0   8  25   0   0  22   4   0   1   2   0   1   0   0  13   3   0   0   2  0.47 0.21
   83 K   -2  7  1 -3 -5  0 -2 -3 -1 -5 -4  3 -1 -5 -4 -1 -3 -5 -4 -5    2  61   5   0   0   3   0   1   1   0   1  20   2   0   0   4   0   0   0   0  1.19 0.37
   84 K   -1  3 -3 -3 -4  3 -2 -3 -3 -1  0  3  6 -3 -4 -1 -1 -4 -3 -2    3  19   0   0   0  18   0   1   0   2   9  18  24   0   0   2   2   0   0   1  0.59 0.27
   85 K   -1  2 -2 -1 -5  1  1 -3 -1 -5 -4  5 -3 -5  2  0  0 -5 -4 -4    4   9   0   2   0   6   7   1   1   0   0  50   0   0  11   6   4   0   0   0  0.72 0.27
   86 G   -2 -5 -3 -4 -5 -5 -4  7 -5 -7 -7 -4 -6 -6 -5 -3 -4 -5 -6 -6    0   0   0   0   0   0   1  98   0   0   0   0   0   0   0   0   0   0   0   0  2.23 0.52
   87 V    0 -2  2 -1 -3  0 -2 -3 -3  3 -1  1  0 -3 -3 -1 -2 -4 -3  3    6   1  14   2   0   6   1   0   0  26   1  11   3   0   0   4   0   0   0  26  0.31 0.19
   88 T   -2 -4 -3 -4 -4 -3 -4 -4  2 -4 -4 -3 -4 -5 -4 -1  8 -5 -4 -3    3   0   0   0   0   0   0   0   5   0   0   0   0   0   0   1  91   0   0   1  1.80 0.54
   89 G   -3 -2 -3 -4 -5 -5 -5  7 -5 -7 -7 -4 -6 -6 -5 -3 -4 -5 -6 -6    0   2   0   0   0   0   0  98   0   0   0   0   0   0   0   0   0   0   0   0  2.20 0.52
   90 S   -1 -3 -2  1 -6 -1  7 -4  2 -4 -3 -2 -4 -5 -4 -1  0 -5 -4 -3    4   0   0   4   0   0  76   0   4   0   2   0   0   0   0   2   6   0   0   1  1.29 0.42
   91 V   -3 -3  8 -1 -5 -3 -2 -3 -2 -3 -2 -3 -3 -5 -5 -1  0 -6 -5 -1    2   0  81   1   0   0   1   0   0   1   4   0   0   0   0   1   4   0   0   5  1.66 0.48
   92 F   -4 -5 -6 -6 -4 -5 -5 -6 -5 -1  6 -5  1  2 -6 -5 -4 -4 -3 -2    0   0   0   0   0   0   0   0   0   0  88   0   3   9   0   0   0   0   0   0  1.43 0.42
   93 L   -4 -5 -6 -6 -4 -4 -5 -6 -5  1  6 -5  3 -1 -5 -5 -3 -4 -3  0    0   0   0   0   0   0   0   0   0   7  82   0   6   1   0   0   0   0   0   5  1.27 0.38
   94 G   -1  2 -2 -3 -1  5 -1 -3 -2  1 -2  2 -1 -2 -3  0 -1 -4 -3  0    4  14   0   0   1  37   0   1   0   8   1  10   1   1   0   7   3   0   0   9  0.46 0.23
   95 L   -3 -4 -4 -5 -3 -1 -5 -5 -5  3  5 -4  1 -1 -5 -3 -2 -4 -2  0    0   0   1   0   0   3   0   0   0  14  72   0   3   2   0   1   1   0   0   2  0.97 0.32
   96 L   -4 -5 -6 -6  0 -5 -6 -6 -5  0  6 -5  0 -2 -6 -5 -4 -4 -4 -1    0   0   0   0   2   0   0   0   0   2  94   0   0   0   0   0   0   0   0   1  1.54 0.44
   97 E   -4 -3 -3 -1 -7 -1  8 -5 -3 -6 -6 -2 -5 -6 -4 -3 -4 -6 -5 -6    0   0   0   1   0   0  99   0   0   0   0   0   0   0   0   0   0   0   0   0  2.22 0.59
   98 S   -1  4 -2 -3  2  1 -2 -1 -3 -3 -1 -1  0 -4 -3  3  2 -4 -3 -3    3  31   0   0   5   5   0   5   0   0   5   0   3   0   0  31  11   0   0   0  0.52 0.26
   99 R   -5  8 -4 -5 -7 -2 -3 -6 -3 -6 -5 -1 -5 -6 -5 -4 -4 -6 -5 -6    0 100   0   0   0   0   0   0   0   0   0   0   0   0   0   0   0   0   0   0  2.47 0.61
  100 L   -4 -5 -6 -6 -4 -5 -6 -6 -5 -1  6 -5  1 -1 -6 -5 -4 -4 -4 -2    0   0   0   0   0   0   0   0   0   1  97   0   1   2   0   0   0   0   0   0  1.61 0.45
  101 D   -5 -5 -2  8 -7 -3 -1 -4 -4 -6 -7 -4 -6 -7 -5 -3 -4 -8 -6 -6    0   0   0 100   0   0   0   0   0   0   0   0   0   0   0   0   0   0   0   0  2.53 0.60
  102 N   -4 -4  9 -2 -6 -3 -3 -3 -2 -6 -7 -3 -5 -6 -5 -1 -2 -7 -5 -6    0   0  96   0   0   0   0   0   0   0   0   0   0   0   0   3   1   0   0   0  2.38 0.60
  103 V   -2 -5 -5 -6 -3 -5 -5 -6 -6  1  0 -5  0 -3 -5 -4 -1 -5 -4  7    2   0   0   0   0   0   0   0   0   3   4   0   2   0   0   0   2   0   0  88  1.49 0.45
  104 V    0 -5 -5 -6 -1 -5 -5 -5 -6  2 -2 -5 -2 -3 -5 -3 -2 -5 -4  7    7   0   0   0   1   0   0   0   0   6   0   0   0   0   0   1   0   0   0  85  1.42 0.44
  105 Y   -5 -5 -5 -6 -6 -5 -5 -6 -1 -4 -4 -5 -4  3 -6 -5 -5 -1  9 -4    0   0   0   0   0   0   0   0   0   0   0   0   0  10   0   0   0   0  89   0  2.65 0.62
  106 R   -4  8 -3 -5 -4 -1 -3 -5 -2 -6 -5  0 -4 -6 -5 -4 -4 -6 -5 -6    0  94   1   0   0   1   0   0   1   0   1   2   0   0   0   0   0   0   0   0  2.19 0.56
  107 L    0 -4 -5 -6 -2 -4 -5 -5 -5  0  4 -4  8 -2 -5 -3 -3 -4 -3 -1    7   0   0   0   1   0   0   0   0   2  45   0  44   1   0   1   0   0   0   0  1.27 0.41
  108 G   -3 -3 -3 -4 -5 -5 -5  7 -5 -7 -7 -4 -6 -6 -5 -3 -4 -5 -6 -6    0   1   0   0   0   0   0  98   0   0   0   0   0   0   0   0   0   0   0   0  2.23 0.52
  109 F   -5 -5 -6 -6 -5 -5 -6 -6 -4 -1  2 -6  0  8 -6 -5 -4  1  2 -3    0   0   0   0   0   0   0   0   0   2  18   0   1  73   0   0   0   1   5   0  1.73 0.44
  110 A    5 -4 -3 -4 -3 -3 -4  4 -4 -4 -4 -3 -4 -5 -4 -1 -2 -5 -5 -2   65   0   0   0   0   0   0  32   0   0   0   0   0   0   0   2   1   0   0   1  1.18 0.39
  111 V    2  1  1  0 -1 -1 -1 -1 -2 -2 -3  0 -1 -4 -2  3  2 -4 -3 -1   18   6   8   4   1   1   3   2   0   2   1   5   2   0   0  31  11   0   0   5  0.30 0.17
  112 S   -1 -3  0 -3 -3 -3 -3 -3 -4 -4 -5 -3 -4 -5 -3  6  4 -5 -4 -4    1   0   3   0   0   0   0   0   0   0   0   0   0   0   0  66  30   0   0   0  1.26 0.44
  113 R   -5  8 -3 -5 -7 -2 -3 -5  1 -6 -5 -1 -4 -6 -5 -4 -4 -6 -5 -6    0  97   0   0   0   0   0   0   3   0   0   0   0   0   0   0   0   0   0   0  2.36 0.59
  114 R    3  3  1  1 -3 -1 -1 -2 -2 -3 -3  1 -2 -4  0  1  1 -4 -3 -2   34  17   8   7   0   1   0   1   0   0   0  10   1   0   4   9   8   0   0   1  0.38 0.20
  115 Q   -1 -2 -2 -2 -6  5  6 -4  1 -5 -4 -2  0  0 -4 -2 -2 -5 -4 -4    3   0   0   0   0  31  53   0   3   0   0   0   3   4   0   0   1   0   0   0  1.16 0.40
  116 A    6 -4 -4 -4 -2 -3 -3 -1 -4 -4 -4 -3 -4 -5 -3  1 -2 -5 -4 -3   88   0   0   0   0   0   0   3   0   0   0   0   0   0   0   8   0   0   0   0  1.44 0.46
  117 R   -5  8 -4 -5 -7 -2 -3 -6 -3 -6 -5 -1 -5 -6 -5 -4 -4 -6 -5 -6    0 100   0   0   0   0   0   0   0   0   0   0   0   0   0   0   0   0   0   0  2.47 0.61
  118 Q   -4 -2 -3 -4 -6  9 -1 -5  0 -5 -5 -2  0 -6 -5 -3 -3 -5 -5 -5    0   0   0   0   0  93   1   0   2   0   0   0   2   0   0   0   0   0   0   0  2.28 0.63
  119 L   -4 -4 -5 -6 -3 -3 -5 -6 -5  2  5 -5  2  1 -5 -5 -3 -2 -2  0    0   0   0   0   0   1   0   0   0   7  77   0   4   5   0   0   0   1   0   5  1.09 0.34
  120 V   -3 -5 -6 -6 -4 -5 -5 -6 -6  1 -2 -5 -2 -4 -5 -4 -2 -6 -4  7    0   0   0   0   0   0   0   0   0   5   0   0   0   0   0   0   0   0   0  95  1.77 0.50
  121 R   -1  5  3 -2 -3 -1 -2 -3 -2 -3 -1  0 -2 -4 -3  2  2 -5 -4 -2    2  36  14   0   0   0   0   1   0   0   6   3   0   0   0  22  14   0   0   2  0.58 0.26
  122 H   -5 -4 -3 -5 -7 -2 -3 -6 11 -7 -6 -4 -5 -5 -6 -4 -5 -6 -1 -7    0   0   0   0   0   1   0   0  99   0   0   0   0   0   0   0   0   0   0   0  3.39 0.73
  123 G   -1  0  2 -3 -4 -3 -3  6 -3 -6 -5  2 -4 -5 -4 -1 -3 -5 -5 -5    2   6  12   0   0   0   0  60   0   0   0  18   0   0   0   1   0   0   0   0  1.09 0.33
  124 H    1 -3 -2 -4 -2 -1 -3 -1 10 -2 -3 -3 -4 -3 -5 -1 -3 -5 -1 -4   15   0   0   0   1   2   0   4  66   3   3   0   0   1   0   4   1   0   0   1  1.64 0.46
  125 I   -4 -5 -6 -6 -4 -5 -6 -6 -4  5 -1 -5  0  6 -5 -5 -3 -3  0  1    0   0   0   0   0   0   0   0   0  44   2   0   1  43   0   0   0   0   1   9  1.28 0.38
  126 T   -1 -2 -2 -3 -2 -1 -1 -4 -2 -1  3 -1  1 -2 -3 -1  4 -4 -3  0    2   2   1   1   0   3   4   0   1   1  41   4   4   0   0   2  29   0   0   5  0.41 0.22
  127 V   -3 -5 -6 -6 -3 -5 -5 -6 -6  2  1 -4 -1 -3 -5 -4 -3 -5 -4  7    0   0   0   0   0   0   0   0   0   6  11   0   0   0   0   0   0   0   0  83  1.42 0.43
  128 N   -5 -3  8  2 -6 -3 -3 -3 -2 -6 -7 -3 -5 -6 -5 -2 -3 -7 -5 -6    0   0  89  10   0   0   0   1   0   0   0   0   0   0   0   0   0   0   0   0  2.21 0.57
  129 G   -3 -5 -1 -2 -5 -4 -5  7 -5 -7 -7 -4 -6 -6 -5 -3 -4 -5 -6 -6    0   0   2   1   0   0   0  97   0   0   0   0   0   0   0   0   0   0   0   0  2.16 0.51
  130 R   -2  5 -1 -3 -5  2 -1 -2  2 -5 -4  5 -3 -5 -4 -1 -2 -5 -4 -3    1  29   1   0   0   8   1   2   4   0   0  48   0   0   0   3   0   0   0   1  0.97 0.33
  131 R   -2  5 -2 -3 -5 -1 -2 -4 -2 -2 -3  5 -3 -5 -2 -1  0 -5 -4  1    1  29   1   0   0   0   0   0   0   2   0  46   0   0   1   2   6   0   0  10  0.84 0.31
  132 V    0 -5 -5 -6 -2 -5 -5 -5 -6  1  0 -5 -1 -3 -5 -3 -1 -5 -4  7    6   0   0   0   1   0   0   0   0   2   4   0   0   0   0   0   3   0   0  83  1.31 0.42
  133 D   -4 -3  7  5 -6 -3 -2 -3 -3 -6 -6 -2 -5 -6 -4 -2  0 -7 -5 -5    0   0  57  38   0   0   0   0   0   0   0   1   0   0   0   0   4   0   0   0  1.62 0.45
  134 L   -3 -3 -6 -6 -4 -5 -6 -7 -6  8 -1 -4 -1 -3 -6 -5 -3 -5 -4  2    1   1   0   0   0   0   0   0   0  91   1   1   0   0   0   0   0   0   0   6  1.79 0.49
  135 P    0 -5 -5 -5 -1 -4 -4 -5 -5 -5 -6 -4 -5 -7  8 -3 -4 -7 -6 -5    9   0   0   0   1   0   0   0   0   0   0   0   0   0  89   0   0   0   0   0  2.64 0.58
  136 S   -1 -4 -2 -3 -4 -3 -3 -3 -4 -5 -6 -3 -5 -5 -4  7 -1 -6 -5 -5    1   0   0   0   0   0   0   1   0   0   0   0   0   0   0  98   0   0   0   0  1.87 0.57
  137 Y   -1 -4 -5 -6 -3 -3 -5 -5 -1  0 -1 -4  1  4 -5 -4 -4 -1  8 -3    6   0   0   0   0   0   0   0   1   5   4   0   4  15   0   0   0   0  63   0  1.57 0.44
  138 R   -2  2 -2 -3 -4  5 -1 -4 -1  0  2  0  0 -2 -4 -1 -1 -4 -3 -1    1  15   1   0   0  33   2   0   1   5  27   3   1   1   0   4   3   0   0   4  0.47 0.24
  139 V   -3 -5 -5 -6  0 -5 -5 -6 -6  2  1 -5 -1 -3 -5 -4 -1 -5 -4  7    0   0   0   0   2   0   0   0   0   6  10   0   1   0   0   0   2   0   0  79  1.30 0.40
  140 R   -1  4  0 -2 -5  0 -1 -3 -2 -5 -4  6 -3 -4 -3  1 -2 -5 -4 -4    3  21   4   1   0   3   2   1   0   0   1  54   0   0   0  10   1   0   0   0  0.90 0.32
  141 P    2 -3 -3 -3 -3 -2  0 -3 -3 -1 -2 -2 -2 -4  6 -1 -1 -5 -4  2   23   0   0   0   0   1   7   0   0   2   1   2   0   0  37   2   2   0   0  21  0.81 0.28
  142 G   -2 -4  1 -2 -5 -4 -1  7  0 -6 -6 -3 -4 -6 -5 -2 -4 -5 -5 -6    1   0   8   2   0   0   4  81   2   0   0   1   0   0   0   1   0   0   0   0  1.56 0.41
  143 D   -4 -4 -1  8 -6  2  0 -4 -4 -6 -6 -3 -3 -6 -4 -2 -3 -7 -6 -6    1   0   0  83   0  11   3   0   0   0   0   0   1   0   0   1   0   0   0   0  1.90 0.50
  144 E   -2 -3 -3 -4 -3 -3  0 -5 -4  2 -1  0 -1 -3 -4 -2  1 -5 -3  5    1   1   0   0   0   0   7   0   0  11   1   7   0   0   0   2   7   0   0  62  0.74 0.30
  145 I   -3 -5 -6 -6 -3 -5 -5 -6 -6  6  0 -5 -1 -3 -5 -5 -3 -5 -4  5    0   0   0   0   0   0   0   0   0  62   2   0   0   0   0   0   0   0   0  37  1.41 0.41
  146 A    3 -2 -2 -1 -2  0  4 -1 -3 -4 -4 -1 -3 -4 -3  3  1 -5 -4 -2   24   0   0   0   1   3  35   5   0   0   1   1   0   0   0  21   7   0   0   2  0.56 0.26
  147 V   -2 -5 -5 -6 -3 -5 -5 -6 -5  3  2 -5 -1 -2 -5 -4 -2 -5 -3  6    0   0   0   0   0   0   0   0   0  15  17   0   0   0   0   0   0   0   0  67  1.14 0.36
  148 A    0  6 -1 -3 -1 -1 -2 -4 -1 -2 -3  3 -2 -5 -3 -1 -1 -5 -4 -2    9  51   2   0   2   0   0   0   1   2   1  22   0   0   1   3   4   0   0   2  0.84 0.30
  149 E   -3 -3 -3  2 -6  0  7 -4 -3 -6 -6 -2 -5 -6  0 -2 -3 -6 -5 -5    1   0   0   9   0   2  81   1   0   0   0   0   0   0   4   1   1   0   0   0  1.58 0.47
  150 K   -1  1  0 -2 -5  0  0  0 -2 -3 -4  6 -3 -5 -2  1 -1 -5 -4 -4    3   5   3   1   0   2   3   6   1   1   0  61   0   0   1   8   3   0   0   0  0.82 0.31
  151 S    2 -2 -1 -3 -2 -2 -3 -2 -3 -5 -5 -1 -4 -5 -3  6 -1 -5 -2 -4   18   1   1   0   1   0   0   1   0   0   0   4   0   0   0  72   2   0   1   0  1.10 0.40
  152 R   -3  6 -3 -3 -5  0 -2 -4 -2 -5 -4  6 -3 -4 -4 -2 -3 -4 -4 -4    1  42   0   0   0   3   0   0   1   0   1  48   0   0   0   1   1   0   0   1  1.28 0.39
  153 N   -1 -1  3  2 -4  0  2 -1 -1 -4 -4  3 -3 -4 -3  1  0 -5 -3 -4    5   0  19  12   0   2  13   4   0   0   0  27   0   0   0  12   5   0   0   0  0.47 0.20
  154 L   -1 -1  2 -2 -2  3 -1 -3  1  1  1 -1  2 -2 -3  1 -1 -4 -2  0    1   1  11   0   0  22   0   0   4  11  18   3   5   1   0  16   2   0   1   4  0.25 0.18
  155 E    1 -2 -1  0 -3  0  2 -1 -2 -1  1 -1 -1 -3  3  0  0 -4 -3  0   12   0   2   6   0   3  14   3   0   0  18   2   1   0  19   4   8   0   0   7  0.25 0.13
  156 L   -1  5 -2 -3 -3  1 -2 -4 -2  0 -2  2 -1 -2  1 -2 -1 -4 -1  1    4  36   0   0   0   8   0   0   0   7   3  13   1   2   8   1   2   0   2  11  0.43 0.20
  157 I   -3 -5 -5 -5 -2 -5 -5 -6 -5  6  0 -5  1  4 -5 -4 -3 -2 -1  2    1   0   0   0   0   0   0   0   0  57   4   0   3  20   0   0   0   0   1  14  1.04 0.33
  158 R   -1  0  0 -2 -4  3  0 -3 -2 -1 -2  5 -2 -4 -3 -1 -1 -5 -4  0    5   3   3   0   0  13   3   1   1   3   2  54   0   0   0   2   3   0   0   7  0.65 0.28
  159 Q    1  0  1  1 -3  1  4  0 -1 -2 -3 -1 -2 -4 -3  0  0 -4 -3 -1   15   5   5   8   0   5  35   5   0   2   1   1   1   0   0   7   4   0   0   6  0.36 0.18
  160 N    4 -3  1 -3 -1 -3 -3 -1 -3  0  0 -3 -1 -1 -3  2 -1 -4 -3  0   51   0   6   0   1   0   0   3   0   7  10   0   1   3   0  13   1   0   0   4  0.47 0.24
  161 L    0 -1 -3 -4 -3  1 -3 -4 -3  2  3 -1  2 -1 -4 -2 -2 -3 -3  2    8   3   0   0   0   7   0   0   0  14  41   4   6   1   0   1   0   0   0  14  0.39 0.18
  162 E    1 -2 -2  2 -5  1  6 -2 -3 -5 -5  0 -4 -5 -3 -1 -2 -5 -4 -4   10   1   0  10   0   4  64   2   0   0   0   3   0   0   0   3   1   0   0   0  1.05 0.35
  163 A    2 -1 -1 -2 -2 -1  0 -2 -2  0  2 -1  0 -1 -2  0  0 -3 -1  1   21   3   2   2   0   2   6   2   1   3  27   2   1   2   0   5   7   0   1  13  0.12 0.10
  164 M    3 -2  2 -2 -1 -2 -2 -1 -1  0 -1 -2  0 -1 -2  0  1 -2 -1  1   38   0  11   0   1   1   0   3   1   6   4   1   3   2   1   5   9   1   1  10  0.24 0.15
  165 K    2 -1  1  0 -3  0  2  2 -2 -3 -3  1 -1 -3 -2  1  0 -4 -3 -1   25   2   6   5   0   4  15  14   0   0   0   8   1   0   1  10   3   0   0   4  0.24 0.12
  166 G    0  3  1  0 -4  4  0  1  0 -4 -4  0 -3 -4 -1  1 -1 -4 -3 -3    5  18   7   5   0  26   4   9   2   0   0   4   0   0   3  13   3   0   0   1  0.40 0.18
  167 R   -2  6  1 -3 -5  0 -2 -3 -2 -2 -3  3 -2 -3 -4 -1  0 -4 -3 -2    2  58   6   0   0   2   1   1   0   2   2  14   1   1   0   2   7   0   1   2  0.91 0.31
  168 K    0 -2  0 -2 -3 -1 -1  4 -2 -2 -3 -2 -2  0  2  0  2 -4 -2 -1    5   1   5   0   0   2   5  39   1   1   0   2   0   6   9   4  17   0   0   3  0.44 0.19
  169 V   -1 -1 -3 -2  1 -2 -2 -4 -3  2  1 -1  1  2  0 -2  0 -2 -1  3    4   2   0   3   4   1   1   0   0  16  11   4   3   9   4   1   5   0   0  31  0.23 0.13
  170 G   -1 -5 -5 -4 -3 -3 -4 -4 -5 -3 -4 -4  0 -5  8 -2 -3 -6 -5  1    5   0   0   0   0   1   0   1   0   1   1   0   2   0  75   2   0   0   0  10  1.97 0.47
  171 P    2 -1  0  1 -3  1  3 -1 -2 -3 -3  1 -2 -4  2  1  0 -4 -3 -2   22   1   3   6   0   7  19   3   0   0   0   9   1   0  10  13   6   0   0   1  0.33 0.16
  172 W   -6 -7 -8 -8 -6 -6 -7 -6 -6 -6 -5 -7 -5 -1 -8 -7 -6 13  2 -7    0   0   0   0   0   0   0   0   0   0   0   0   0   1   0   0   0  94   4   0  4.39 0.82
  173 L   -3 -4 -5 -6 -3 -4 -5 -6 -5  3  5 -4  1 -2 -5 -4 -2 -4 -3  3    0   0   0   0   0   0   0   0   0  13  62   0   3   0   0   0   1   0   0  22  0.98 0.31
  174 S   -2 -2 -1  4 -5  0  6 -3 -3 -4 -5 -2 -3 -5 -3  1  0 -5 -4 -4    2   1   1  19   0   3  54   1   0   1   0   0   0   0   0  11   6   0   0   0  0.93 0.33
  175 L    0 -2 -4 -4 -1 -3 -4 -3 -4  1  2 -2  1  2 -3 -2 -1 -3  0  4    7   2   0   0   1   0   0   2   0   5  20   2   2   9   0   2   1   0   2  45  0.46 0.21
  176 D   -4 -4  3  7 -6 -2  0 -4 -3 -2 -6 -3 -5 -6 -4 -2 -3 -7 -5 -4    0   0  14  74   0   1   5   0   0   4   0   0   0   0   0   2   1   0   0   1  1.59 0.44
  177 V    2  1 -1 -2 -2  0 -1  0 -1 -1 -1  2 -1 -1  2  0  0 -3 -1  0   28   6   1   0   0   2   3   4   2   1   5  15   1   3   8   5   6   0   2   7  0.16 0.11
  178 E    1 -2  1  4 -4  0  4 -2 -2 -4 -4  2 -3 -5 -1  0  0 -5 -4 -3   10   0   6  22   0   1  32   2   0   0   0  13   0   0   1   6   5   0   0   1  0.56 0.22
  179 G    1  0  4 -1 -4  1  0 -1 -1 -4 -4  4 -3 -5 -3  0  0 -5 -4 -3   15   2  22   1   0   4   3   4   0   0   0  39   0   0   0   3   6   0   0   0  0.59 0.25
  180 M    0 -2 -4 -5 -2 -3 -4 -3 -3 -1  3 -1  6  4 -4 -3 -3 -1  1 -1    7   1   0   0   1   0   0   2   0   0  29   5  26  22   0   0   0   1   4   2  0.65 0.27
  181 K   -1  1 -2 -2 -3  1  4 -3 -2 -3 -3  4 -3 -1 -3  1  1 -4 -2 -1    2   8   0   0   0   3  28   0   0   0   0  28   0   4   0  13   9   0   0   4  0.47 0.22
  182 G    1 -5 -3 -4 -3 -4 -5  7 -5 -2 -5 -4 -5 -5 -5 -2 -4 -5 -5 -2    9   0   0   0   0   0   0  84   0   3   0   0   0   0   0   0   0   0   0   3  1.65 0.43
  183 K   -1  1 -2 -3 -3 -1 -1 -4 -3  1 -1  3 -1 -3 -3  0  4 -4 -3  2    1   7   1   0   0   1   3   0   0   7   6  22   0   0   0   4  32   0   0  15  0.39 0.21
  184 F   -3 -5 -5 -6 -4 -5 -5 -5 -4  2 -1 -5  0  6 -5 -4 -3 -3  2  5    0   0   0   0   0   0   0   0   0   9   2   0   1  34   0   0   0   0   7  45  1.03 0.34
  185 L   -1  0 -1 -2 -3 -1 -1 -4  1  1  0  4 -1 -3 -3 -1  1 -4 -3  2    2   3   1   1   0   1   1   0   5   7  11  38   0   0   0   2  10   0   0  17  0.34 0.20
  186 R    3  4  0 -2 -3  0  0 -1 -2 -3 -3  0 -2 -4 -3  2  0 -4 -3 -3   32  29   5   1   0   4   4   4   0   0   0   1   1   0   0  15   4   0   0   0  0.48 0.23
  187 L   -1 -2 -1 -3 -3 -2 -1 -4 -2  1  4 -1  3  1 -3 -2 -2 -3  1  1    5   1   3   0   0   1   4   0   1   5  45   5   8   4   0   1   1   0   5  10  0.33 0.17
  188 P   -2 -5 -5 -5 -6 -5 -4 -5 -5 -6 -6 -4 -6 -7  9 -3 -4 -7 -6 -6    2   0   0   0   0   0   0   0   0   0   0   0   0   0  97   1   0   0   0   0  3.03 0.64
  189 D    1  0  0  1 -3  1  3 -2 -1 -2 -3  1 -2 -4 -3  1  2 -4 -3 -1   11   3   4   9   0   7  29   1   0   1   0   6   1   0   0   7  16   0   0   6  0.34 0.17
  190 R   -4  8 -3 -5 -6 -2 -3 -5 -3 -6 -3  0 -4 -6 -4 -4 -4 -6 -5 -5    0  95   0   0   0   0   0   0   0   0   3   1   0   0   0   0   0   0   0   0  2.23 0.57
  191 E    0 -2 -1  3 -4  1  5 -2 -2 -4 -5 -2 -4 -5 -3  2 -1 -5 -4 -4    7   0   1  14   0   5  49   1   0   1   0   0   0   0   0  20   2   0   0   0  0.82 0.31
  192 D   -3 -3 -1  6 -6  2  5 -4 -1 -5 -5 -2 -5 -6 -4 -2 -3 -6 -5 -2    0   0   0  51   0   8  34   0   1   0   0   0   0   0   0   1   0   0   0   3  1.29 0.39
  193 L   -3 -5 -5 -6 -3 -5 -5 -6 -5  6  3 -5  1 -1 -5 -4 -3 -4 -3  2    0   0   0   0   0   0   0   0   0  52  33   0   2   1   0   0   0   0   0  12  1.06 0.32
  194 A   -1 -3  0  5 -4  1  0 -2 -3 -3 -4 -2 -3 -5  3  1  1 -5 -4 -2    5   0   3  36   0   7   4   1   0   0   0   0   1   0  16  12  10   0   0   3  0.62 0.24
  195 L    2 -3 -3 -3 -2 -2 -2 -2 -2  2  2 -2  2  1  0  0  1 -3 -1  1   23   0   0   0   0   1   1   2   0  13  19   0   7   6   4   6  10   0   1   7  0.18 0.12
  196 P   -3 -4 -1  3 -5  0  2 -3 -4 -5 -4 -3 -4 -6  7 -1  0 -6 -5 -4    0   0   2  19   0   5  14   1   0   0   1   0   0   0  50   2   6   0   0   0  1.26 0.35
  197 V   -2 -5 -5 -6 -3 -5 -5 -6 -5  6  0 -5  0  0 -5 -4 -3 -5 -3  4    1   0   0   0   0   0   0   0   0  58   3   0   2   3   0   0   0   0   0  33  1.20 0.36
  198 Q   -1  0  6  0 -5  4  3 -3 -1 -5 -5  0 -4 -5 -4 -1 -2 -5 -4 -4    4   3  45   4   0  21  17   0   1   0   0   3   0   0   0   2   1   0   0   0  0.94 0.33
  199 E   -4 -3 -3 -1 -7 -1  8 -5 -3 -6 -4 -2 -3 -6 -4 -3 -3 -6 -5 -4    0   0   0   1   0   0  96   0   0   0   2   0   1   0   0   0   0   0   0   1  2.02 0.56
  200 N   -1  1  2 -3 -5  6 -1 -3  6 -5 -5 -2 -3 -5 -3  1 -1 -5 -3 -4    4   5   9   0   0  41   0   1  24   0   0   0   0   0   0  11   4   0   0   0  1.00 0.36
  201 L   -2 -5 -6 -6 -4 -4 -5 -6 -5 -1  6 -5  2 -1 -5 -4 -3 -4 -2 -1    2   0   0   0   0   0   0   0   0   0  90   0   4   2   0   1   1   0   1   0  1.39 0.41
  202 V   -4 -6 -6 -6 -4 -5 -6 -7 -6  7 -1 -5 -1 -3 -5 -5 -3 -5 -4  3    0   0   0   0   0   0   0   0   0  85   0   0   0   0   0   0   0   0   0  15  1.74 0.47
  203 I   -3 -5 -6 -6 -4 -5 -5 -6 -6  2 -2 -5 -2 -3 -5 -4 -3 -6 -4  7    0   0   0   0   0   0   0   0   0   6   0   0   0   0   0   0   0   0   0  94  1.75 0.48
  204 E   -4 -3 -3 -1 -7 -1  8 -5 -3 -6 -6 -2 -5 -6 -4 -3 -4 -6 -5 -6    0   0   0   0   0   0 100   0   0   0   0   0   0   0   0   0   0   0   0   0  2.22 0.58
  205 F   -4 -4 -6 -6 -4 -4 -5 -6 -4 -1  6 -3  0  4 -5 -5 -4 -1  1 -2    0   0   0   0   0   0   0   0   0   0  79   1   0  15   0   0   0   0   4   0  1.21 0.37
  206 Y   -5 -5 -6 -7 -6 -5 -5 -7 -1 -5 -4 -5 -4  0 -6 -5 -5 -1 10 -5    0   0   0   0   0   0   0   0   0   0   0   0   0   0   0   0   0   0 100   0  3.04 0.68
  207 S   -1 -4 -2 -3 -4 -3 -3 -3 -4 -5 -6 -3 -4 -5 -4  7 -1 -6 -5 -5    2   0   0   0   0   0   0   0   0   0   0   0   0   0   0  98   0   0   0   0  1.85 0.55
  208 R   -4  5 -3 -4 -6 -1 -2 -4 -3 -6 -5  7 -4 -6 -4 -3 -3 -6 -4 -5    0  30   0   0   0   0   0   0   0   0   0  70   0   0   0   0   0   0   0   0  1.62 0.46

                      K         Lambda
Standard Ungapped    0.1411     0.3228
Standard Gapped      0.0665     0.2670
PSI Ungapped         0.2170     0.3147
PSI Gapped           0.0665     0.2670
