
Last position-specific scoring matrix computed, weighted observed percentages rounded down, information per position, and relative weight of gapless real matches to pseudocounts
           A  R  N  D  C  Q  E  G  H  I  L  K  M  F  P  S  T  W  Y  V   A   R   N   D   C   Q   E   G   H   I   L   K   M   F   P   S   T   W   Y   V
    1 R   -3  6 -2 -3 -5  1 -1 -4 -2 -5 -4  4 -3 -5 -3 -2 -2 -4 -3 -4    0  62   0   0   0   5   0   0   0   0   0  33   0   0   0   0   0   0   0   0  1.20 0.26
    2 E   -2  1  0 -2 -4  1  0 -3 -3 -2 -2  5 -3 -4 -1 -1  3 -5 -3 -2    0   5   4   1   0   4   3   0   0   1   2  45   0   0   2   2  27   0   1   3  0.63 0.30
    3 C   -4 -7 -6 -7 12 -7 -7 -6 -7 -5 -5 -7 -5 -6 -7 -3 -5 -6 -6 -5    0   0   0   0  98   0   0   0   0   0   0   0   0   0   0   2   0   0   0   0  3.85 0.89
    4 D    0 -2  0  0 -4 -2 -3 -2  2 -3 -4 -3 -3  1 -4  4  0  3  4 -2    7   1   4   6   0   1   0   1   5   1   0   0   0   5   0  40   4   4  19   1  0.58 0.33
    5 Y   -5 -6 -6 -7 -5 -6 -6 -6 -4 -2 -2 -6 -3  9 -7 -5 -5 -2  5 -2    0   0   0   0   0   0   0   0   0   1   2   0   0  78   0   0   0   0  16   3  2.20 0.64
    6 C   -3 -3 -5 -6 10 -5 -6 -5 -6 -5 -5 -5 -5 -6 -6  3 -1 -6 -6 -4    0   1   0   0  71   0   0   0   0   0   0   0   0   0   0  26   2   0   0   0  2.55 0.72
    7 G   -2 -2 -1 -3 -5 -2 -3  6 -3 -6 -4 -3 -5 -5 -4  3 -2 -5 -5 -5    1   2   2   1   0   1   1  63   0   0   2   0   0   0   0  27   1   0   0   0  1.26 0.48
    8 T    0  2 -1 -2 -1  0  0  1 -1 -3 -3  1 -3  0 -3  2 -1 -2  3 -3    8  16   2   0   1   3   7  13   1   0   2   7   0   4   0  18   2   0  16   0  0.27 0.20
    9 D   -2  0  0  1 -2  0  2 -3 -2 -3 -3  3 -1 -3  4  0  0 -5 -4 -3    1   3   5   7   1   2  14   1   1   1   2  25   2   1  23   5   7   0   0   1  0.53 0.27
   10 I   -2 -3 -5 -6  0 -5 -5 -6 -5  7  0 -5  0 -1 -5 -4 -2 -5 -3  3    2   1   0   0   2   0   0   0   0  67   5   0   1   2   0   1   1   0   0  18  1.20 0.45
   11 E   -3 -3 -3 -3 -5 -2  4 -5  0 -4 -4 -2 -4  0  0 -4 -2  1  8 -4    1   1   1   1   0   1  26   0   2   0   1   2   0   1   6   0   2   1  56   0  1.36 0.53
   12 P   -3 -5 -5 -3 -6 -2 -3 -4 -1 -5 -5 -2 -6 -5  8 -4 -3 -7 -6 -5    1   0   0   1   0   1   1   1   1   0   0   2   0   0  89   0   1   0   0   0  2.58 0.72
   13 G   -1 -5 -3 -4 -1 -4 -5  7 -5 -6 -5 -4 -5 -6 -5  0 -4 -5 -6 -6    3   0   0   0   1   0   0  88   0   0   1   0   0   0   0   8   0   0   0   0  1.87 0.58
   14 T   -3  0 -2 -4 -2 -1 -2 -4  8 -5 -4  2 -4 -2 -4 -1  4 -5  0 -4    1   3   0   0   1   1   1   0  48   0   0  12   0   1   0   2  28   0   2   1  1.29 0.51
   15 G   -3 -3 -3 -3 -2 -4 -3  7 -5 -7 -7 -4 -6 -6 -5 -2 -4 -5 -6 -6    0   2   0   1   1   0   1  93   0   0   0   0   0   0   0   2   0   0   0   0  2.04 0.62
   16 T   -2  1 -2 -3 -2 -1 -2 -4 -3  3 -1  4  3 -2 -3 -1  1 -2 -3  0    0   7   1   0   1   1   0   0   0  25   3  32   9   1   0   4  12   0   0   4  0.43 0.29
   17 M   -2  2 -4 -4  0  0 -3 -5 -1  0  2 -1  7 -2 -3 -2  1 -4 -3  0    2  10   0   0   2   4   1   0   1   5  14   3  42   1   1   1   9   0   0   6  0.67 0.37
   18 F   -3 -5 -5 -6 -5 -5 -5 -6 -1 -1  0 -5  1  7 -6 -4 -4 -1  7 -2    1   0   0   0   0   0   0   0   1   2   8   0   3  47   0   0   0   0  35   2  1.48 0.50
   19 V    0 -5 -4 -4 -1 -5 -5 -5 -5  3 -1 -5 -1 -2 -5 -4 -2 -5 -4  6    6   0   1   1   1   0   0   0   0  11   0   0   1   1   0   0   1   0   0  78  1.24 0.50
   20 H   -3  7 -3 -4 -2  0 -1 -3  0 -4 -3  4 -2 -5 -2 -2 -1 -5 -3 -4    0  61   0   0   1   2   2   1   2   1   1  22   1   0   1   1   3   0   1   0  1.18 0.47
   21 K   -1  1  6 -1 -4 -1 -1  0 -2 -2 -3  2 -3 -4 -2 -1  0 -5 -4  0    4   7  46   0   0   1   1   6   0   3   2  12   0   0   2   3   6   0   0   7  0.58 0.32
   22 D   -4 -1  1  8 -6 -3 -1 -3 -4 -6 -5 -2 -6 -6 -4 -2 -3 -7 -6 -6    0   3   5  86   0   0   0   1   0   0   1   2   0   0   0   2   1   0   0   0  1.90 0.63
   23 G    2 -4  0 -3  5 -3 -4  5 -4 -5 -3 -3 -4 -5 -4  1 -3 -5 -5 -4   15   0   4   0  12   0   0  56   0   0   2   0   0   0   0  12   0   0   0   0  1.05 0.41
   24 A   -1  2  0 -2 -2  0 -1 -3 -2 -3 -3  5 -1 -4 -2  1  3 -4 -3 -2    3   9   3   0   1   3   2   1   0   0   1  43   1   0   0  12  19   0   0   1  0.57 0.31
   25 T    0 -3 -2 -3  0 -2 -1 -3 -3  3  0 -3  0 -2 -3 -1  1 -3 -2  4    5   1   1   0   1   2   4   1   0  22   3   0   2   1   0   4   9   0   1  41  0.40 0.24
   26 T   -3 -4 -4 -4 -4 -1 -3 -4  0 -1  2 -4  1  7 -4 -3 -2 -1  3 -1    1   0   0   0   0   4   1   1   2   3  17   0   3  52   0   1   1   0  10   3  0.94 0.37
   27 H   -3  5  1 -2 -4  0 -2 -3  3 -1 -2  0 -2  1 -3 -2 -1  5  3 -2    1  34   6   1   0   4   0   1   7   4   2   4   0   7   0   1   5   9  12   1  0.54 0.28
   28 F   -4 -5 -5 -5 -4 -5 -5 -5 -3 -1 -1 -5 -1  8 -5 -3 -3 -1  2 -3    1   0   0   0   0   0   0   1   0   2   2   0   1  82   0   2   2   0   5   0  1.87 0.58
   29 C   -1 -4 -3 -2 10 -2 -4 -4 -1 -1  1 -3 -2 -3 -4 -2 -3 -4 -2 -1    3   0   1   2  59   2   0   1   2   4  16   2   0   1   0   2   0   0   1   3  1.49 0.49
   30 S   -1  3  3  0 -1 -1 -2 -1 -2 -4 -4  0 -3 -4 -3  4  1 -4 -3 -3    2  19  16   4   2   0   0   2   0   0   1   4   0   0   0  40   6   0   0   0  0.56 0.31
   31 S    0  1  0 -2 -3 -2 -2  1  0 -4 -4  0 -3 -4  0  5  0 -4 -2 -3    7   8   3   1   0   0   0   8   2   0   1   4   0   0   3  57   4   0   1   0  0.63 0.35
   32 K   -3  1 -2 -3 -5 -1 -1 -4 -3 -5 -4  7 -3 -5 -3 -2 -1 -5 -4 -4    1   5   0   0   0   0   2   1   0   0   1  84   0   0   0   1   3   0   0   0  1.54 0.57
   33 C   -1 -3 -2 -5 10 -4 -3 -3 -4 -4 -4 -4 -4 -4 -4  0  0 -4 -3 -2    5   2   2   0  73   0   1   1   0   0   1   0   0   0   0   6   5   0   1   2  2.14 0.62
   34 E   -1  2 -1 -1 -4  1  4 -3  5 -3 -2  1  0  1 -3 -1 -2 -3  0 -3    4  10   2   0   0   4  32   1  19   1   3   6   2   6   0   3   1   0   3   1  0.48 0.26
   35 N   -1  2  1 -3 -4  0 -1 -3 -3 -4 -4  5 -3 -5 -3  2 -2 -5 -2 -1    4  11   6   0   0   3   1   1   0   0   1  52   0   0   0  16   1   0   1   4  0.72 0.38
   36 N    1 -3  6 -2 -4 -2 -3 -2  0 -3  0 -2  1 -2 -4  1 -2 -4  0 -3   12   0  50   0   0   0   0   1   2   1  13   1   4   1   0  11   1   0   3   0  0.72 0.39
   37 A    0 -4 -3 -5 -4 -3 -4 -5  2 -2 -1 -4  3  7 -5 -3 -2  1  3 -1    8   0   1   0   0   1   0   0   6   1   3   0   7  57   0   1   1   2   8   3  1.08 0.44
   38 D   -2  1  0  0 -4  0  0 -3  2 -2  1  5  0 -1 -3 -2 -2 -4 -2 -2    3   5   4   4   0   1   5   1   6   2  18  44   2   3   0   0   1   0   1   1  0.42 0.28
   39 L   -1  0 -2 -4 -3  1 -2 -4 -1 -1  3  1  6 -1 -4 -1 -2 -3  0 -2    4   4   2   0   0   8   1   0   1   1  33   9  26   1   0   3   1   0   3   0  0.48 0.31
   40 G   -2  3 -1 -3 -5  0 -2  3  1 -5 -3  6 -4 -5 -4 -2 -3 -5 -4 -5    1  16   2   0   0   2   0  23   3   0   2  51   0   0   0   0   0   0   0   0  0.94 0.43
   41 R   -4  7 -3 -4 -3 -1 -3 -4  1 -3 -3  3 -4 -5 -5 -3 -4  0 -4 -4    0  71   0   0   1   1   0   1   3   1   2  18   0   0   0   0   0   2   0   1  1.51 0.56
   42 E   -2 -3  7  2 -5  0  0 -2 -2 -1 -2  0 -4 -5 -4 -2 -2 -6 -4  0    2   0  57  10   0   3   6   2   0   3   3   6   0   0   0   0   0   0   0   8  0.93 0.43
   43 A    0 -5 -3 -4 -5 -4 -4 -4 -5 -6 -6 -4 -5 -7  8 -2 -1 -7 -6 -5    9   0   1   0   0   0   0   1   0   0   0   0   0   0  84   2   3   0   0   0  2.40 0.70
   44 R   -3  8 -2 -4 -6  0 -3 -4 -1 -4 -5  1 -2 -3 -5 -2 -3 -5 -4 -2    1  81   1   0   0   2   0   1   1   1   0   6   1   1   0   1   1   0   0   3  1.64 0.59
   45 N   -3  4 -1  1 -5  1  0 -4 -3 -5 -3  6 -3 -2 -4 -2 -2 -5 -2 -4    0  19   3   6   0   4   3   0   0   0   2  57   0   2   0   1   1   0   2   0  0.97 0.43
   46 L   -2 -3 -4 -4 -2 -2 -4 -4 -4  3  3 -2  0  0 -4 -2  2 -4 -1  3    2   0   0   0   1   1   0   0   0  19  32   2   1   3   0   1  15   0   1  22  0.46 0.26
   47 E    1  4  1 -2 -1 -1  1 -2 -2 -4 -3  4 -1 -4 -2  0  0 -5 -3 -3   11  21   6   0   2   1   9   1   0   0   1  35   1   0   2   5   4   0   0   1  0.52 0.28
   48 W   -7 -7 -8 -8 -1 -6 -7 -7 -6 -7 -6 -7 -5 -1 -8 -7 -6 13 -2 -7    0   0   0   0   1   0   0   0   0   0   0   0   0   2   0   0   0  97   0   0  4.61 1.08
   49 T   -1 -4 -3 -4 -4 -4 -4 -5 -5 -2 -4 -4 -3 -5 -4 -1  7 -6 -5  0    4   0   0   0   0   0   0   0   0   1   0   0   0   0   0   1  87   0   0   7  1.70 0.64
   50 D   -1  2 -1 -2 -4  1  1 -3 -2 -1 -2  4 -2 -3 -2 -1 -1 -4 -2  2    4  10   3   1   0   5  10   1   0   2   1  39   0   1   1   2   3   0   1  17  0.42 0.26
   51 T    3 -1 -3 -2 -3  0  0 -3 -2  0  1  2  0 -1 -3  0  0 -4 -2  0   33   1   0   1   0   3   5   0   1   4  20  15   1   2   0   3   4   0   0   5  0.24 0.20
   52 A    0 -4 -4 -5 -2 -4 -5  2  0 -2 -3 -4 -3  5 -5 -2 -4  0  7 -3    7   0   0   0   1   0   0  19   1   1   0   0   0  22   0   2   0   1  45   1  1.17 0.45
   53 R   -4  8 -3 -4 -6  2 -2 -5 -3 -6 -5  2 -4 -6 -5 -3 -4 -5 -4 -5    0  83   0   0   0   8   0   0   0   0   0   9   0   0   0   0   0   0   0   0  1.85 0.55

                      K         Lambda
Standard Ungapped    0.1324     0.3171
Standard Gapped      0.0581     0.2670
PSI Ungapped         0.1900     0.3134
PSI Gapped           0.0581     0.2670
