
Last position-specific scoring matrix computed, weighted observed percentages rounded down, information per position, and relative weight of gapless real matches to pseudocounts
           A  R  N  D  C  Q  E  G  H  I  L  K  M  F  P  S  T  W  Y  V   A   R   N   D   C   Q   E   G   H   I   L   K   M   F   P   S   T   W   Y   V
    1 E   -3 -2 -2  4 -6  1  6 -4 -2 -5 -5 -1 -4 -5 -3 -2 -3 -5 -4 -5    0   0   0  27   0   6  67   0   0   0   0   0   0   0   0   0   0   0   0   0  1.37 0.36
    2 D   -5 -5 -2  8 -7 -3  0 -4 -4 -6 -5 -4 -6 -7 -5 -3 -4 -7 -6 -6    0   0   0  97   0   0   2   0   0   0   1   0   0   0   0   0   0   0   0   0  2.41 0.62
    3 T   -2 -3 -1 -2 -2 -1  1 -4  1  0  0 -2 -2  2  4 -2  2 -1  2  0    0   0   2   2   1   1  10   0   3   5   8   0   0  11  21   0  17   1  10   8  0.35 0.19
    4 A    4 -3 -1 -3  0 -2 -2 -2 -2 -3  0 -2  1 -1 -1  3  0 -4 -2 -2   43   0   2   0   2   1   1   0   1   0  11   0   4   2   2  26   4   0   1   0  0.49 0.27
    5 K    1  2 -2 -3 -4  1 -1 -2 -2 -3 -3  5 -3  0 -3  1  0 -4 -3 -1   13  10   1   0   0   4   2   2   0   1   1  43   0   4   0   9   5   0   0   6  0.49 0.26
    6 D    1 -2 -1  4 -4  0  3  2  0 -4 -4 -1 -4 -5 -3  0 -2 -5 -4 -4   14   1   1  30   0   3  20  16   3   0   1   2   0   0   0   7   1   0   0   0  0.58 0.26
    7 N   -2  4  5  0 -1 -1 -2 -3  0 -4  0  1 -2 -1 -4 -1 -1 -5 -2 -2    1  25  35   3   1   1   0   0   2   0   9   9   1   3   0   4   4   0   1   2  0.59 0.29
    8 Y   -5 -5 -6 -3 -6 -5 -6 -7 -2 -5 -4 -6 -4  4 -7 -4 -5  1  9 -5    0   0   0   2   0   0   0   0   0   0   0   0   0  12   0   1   0   1  85   0  2.67 0.74
    9 G   -3 -3 -4 -3 -6 -5 -5  7 -5 -7 -7 -4 -4 -6 -5 -3 -2 -6 -6 -6    0   1   0   1   0   0   0  94   0   0   0   0   0   0   0   0   2   0   0   0  2.20 0.62
   10 K   -1  0  1  4 -4  0  2 -3 -1 -1 -2  2 -2 -3  1 -1 -1 -4 -1  0    4   3   7  26   0   3  12   0   1   3   2  14   0   1   7   2   3   0   2   9  0.30 0.17
   11 L    0 -2 -3 -3 -2 -2 -2 -2 -3  1  3 -1  2 -1 -2 -1 -1 -3  2  2    8   1   0   1   0   0   3   2   0   6  37   3   7   1   2   6   2   0   8  13  0.27 0.17
   12 P   -1 -1 -2 -3 -4 -1  0 -2 -3 -4 -2  0 -4 -4  7  1 -1 -5 -4 -3    3   3   2   0   0   2   6   3   0   1   4   6   0   0  55   9   4   0   0   1  1.18 0.37
   13 L   -2 -2 -3 -3 -2 -2 -2 -3 -1  1  4 -3  6  0 -1 -2 -1 -3 -2  0    2   1   1   1   0   1   3   2   1   5  40   1  24   3   3   1   4   0   1   4  0.55 0.23
   14 I   -2 -2  2 -2  0 -2 -1 -3  1  4  0 -2  1 -1 -2 -1  0 -3 -1  2    2   1  16   1   2   1   4   2   4  32   8   2   4   1   1   2   4   0   1  11  0.26 0.16
   15 Q   -1  1  2  0 -3  6  1 -1 -1 -3 -3  0  2 -3 -2 -2 -1 -2 -3 -3    4   5   9   3   0  44   7   4   1   1   2   3   7   1   1   1   3   1   1   1  0.64 0.28
   16 S    0 -2  0 -2 -3 -2 -1 -1 -2 -2 -1 -1 -2 -3 -2  6  0 -3 -2 -2    4   1   4   1   0   1   3   3   0   3   8   2   0   1   1  62   3   0   2   2  0.72 0.32
   17 R    0  1 -1 -1 -2  4  0 -2 -1 -2 -1  2 -1 -1 -1  0  0 -2  0 -2    7   7   2   2   1  29   4   3   1   1   7  13   0   3   2   7   6   0   3   2  0.27 0.15
   18 D    0 -1 -1  1 -1  0  3 -2  1 -1 -2  0  0 -1  1  2  0 -2  0 -2    7   2   2   9   1   3  22   2   3   3   2   4   3   3   7  17   3   0   3   2  0.19 0.11
   19 S    0  1  0  0 -1  0  1  0 -1 -2 -2  2 -1 -2 -1  0  1  0 -1 -1    7   9   3   4   1   3   9   8   1   2   3  19   2   1   1   7  13   2   2   3  0.14 0.09
   20 D    0 -1  0  0 -2  0  1  0 -2 -1 -1  0 -1 -1  3  0  2 -2 -1  0    6   3   4   6   0   5  11   6   0   1   7   3   1   2  13   4  18   1   2   7  0.15 0.09
   21 R   -1  4 -1  2 -3  0  1 -3 -1 -1 -2  2 -2 -3  0 -1 -1  2  0 -1    4  25   2  14   0   3   6   1   1   5   3  17   1   0   4   2   2   3   3   3  0.31 0.18
   22 T    0  1  0  0 -1 -1  0 -2 -1 -1 -1  1 -1 -1  1  1  3 -3  0 -1    6   7   4   5   1   0   7   2   1   3   5   8   2   2   6  11  23   0   3   4  0.14 0.12
   23 G    0 -2  2  1 -2 -1  1  3  3 -3 -2 -1 -1 -2 -1  0  0 -3 -2 -1    5   1  11   7   1   2  10  27   8   1   3   2   2   2   3   5   6   0   0   6  0.25 0.15
   24 Q   -1  3 -1 -1 -4  1  1 -2 -1 -1 -1  2 -2 -2 -1 -1 -1  3  0  0    4  21   1   3   0   6  12   1   1   2   7  14   0   2   2   2   3   5   3   9  0.22 0.16
   25 K   -1  1  0  0 -4  1  3 -3 -2 -2 -2  3 -3 -4  1 -1  0 -1 -3  0    5   6   5   4   0   6  19   1   0   1   2  26   0   0   6   2   6   1   0   8  0.34 0.22
   26 R   -2  5 -3 -2 -5 -2  0 -5 -1 -2  0  0 -2  2 -3 -2 -1  6  1 -3    3  40   0   2   0   0   5   0   1   2   9   4   0   8   1   2   4  12   5   1  0.72 0.36
   27 V   -1  0 -2 -3 -2 -3 -2 -4 -2  2 -1  0  1 -2 -3  0  4 -2 -2  3    5   5   1   1   0   0   2   0   1  14   4   5   3   1   0   4  32   1   1  20  0.42 0.28
   28 K   -1  1  1  2 -3  1  2 -2  3 -3 -2  2 -1 -1  0  0  0 -3  1 -3    3   8   6  11   0   5  14   2  10   0   4  13   1   2   4   5   5   0   6   0  0.24 0.17
   29 F   -3 -3 -4 -1 -3 -3 -3 -5 -4  4  1 -4 -1  3 -4 -3  0  0  2  3    1   1   0   3   0   1   1   0   0  33  13   0   0  12   1   1   5   1   8  18  0.56 0.29
   30 V    1  1  0  0 -2  0  1  0 -1 -1 -1  1 -1 -2 -1  2  0 -4 -3 -1   12   6   3   4   0   2   8   6   1   3   8  12   1   1   2  22   3   0   0   4  0.13 0.13
   31 D   -1 -3  2  5 -5  0  3 -2 -2 -5 -4  0 -4 -5 -3  1  0 -6 -5 -4    4   0  10  35   0   4  20   1   1   0   1   4   0   0   1  11   7   0   0   0  0.74 0.36
   32 L   -1 -3 -4 -3 -2 -2  0 -5 -3  4  4 -3  0 -1 -4 -3 -2 -4 -3  1    4   1   0   1   0   2   7   0   0  22  47   1   1   1   0   1   1   0   0   9  0.64 0.32
   33 D    0 -1  1  1 -1  0  0  1 -1  1 -1  0 -1 -2 -2  1  1 -3 -2  0    4   3   9   9   1   3   7  10   1   9   6   5   1   1   1  13  11   0   0   6  0.09 0.09
   34 E    0 -1  1  1 -2  0  3 -1 -1 -2 -3  1 -3 -3  2  0  1 -3 -3 -2    9   3   6   7   1   3  24   5   1   3   2   9   0   1  10   7   7   0   0   1  0.27 0.16
   35 A    2 -2  0  0 -2  0  1  0 -1 -1 -1 -1 -1 -2  1  1  0 -2 -2 -1   25   1   3   6   1   3   8   6   2   3   7   4   1   1   8  12   5   1   1   4  0.14 0.11
   36 K    0 -1  1  2 -3  1  3 -1 -1 -2 -1  1  1 -3 -1  0  0 -3 -2 -1    7   2   6  10   0   5  24   3   1   1   7  10   6   0   2   7   4   0   1   3  0.21 0.16
   37 D   -2 -1  1  3 -1  0  0 -2  4 -1  1  0  2 -1 -1 -1 -2 -3  1 -1    2   2   8  17   1   4   6   2  12   2  14   5   8   1   3   3   1   0   5   3  0.20 0.16
   38 S    1 -2  0  1 -2 -1  1 -1 -2  1 -1  0 -1 -1 -1  0 -1 -3 -1  2   16   1   6   9   1   1   9   5   1  10   4   5   1   2   2   5   3   0   3  19  0.08 0.10
   39 D   -3 -5  1  2 -4 -3  1  6 -4 -6 -6 -4 -5 -6 -4 -2 -3 -6 -6 -6    1   0   7  12   0   1  10  65   0   0   0   0   0   0   0   1   1   0   0   0  1.38 0.54
   40 K   -2  1 -1  0 -5  4  3 -3 -2 -5 -5  5 -2 -5 -3  0  0 -5 -4 -4    2   7   1   3   0  16  19   2   1   0   0  35   1   0   0   6   6   0   0   1  0.74 0.38
   41 E   -1  0 -1  0 -2  1  4 -3 -1 -2 -2  2 -2 -4 -2  0  2 -4 -2  0    4   3   2   4   1   4  29   0   1   2   3  11   1   0   2   8  16   0   1   7  0.34 0.24
   42 V   -2 -6 -6 -6 -4 -4 -6 -6 -6  4 -2 -6 -3 -3 -6 -5 -3 -4 -3  7    3   0   0   0   0   1   0   0   0  19   1   0   0   1   0   0   0   0   1  73  1.64 0.63
   43 L   -2  1 -1 -4 -1 -2 -1 -4 -2  0  1  1 -1 -2 -4 -1  3  6 -2  0    1   7   2   0   1   0   4   0   1   5  17  12   1   1   0   5  22  13   0   7  0.43 0.28
   44 F   -4 -5 -6 -6 -4 -4 -6 -6 -5  4  3 -5  0  4 -6 -5 -3 -4 -3  4    0   0   0   0   0   1   0   0   0  21  25   0   1  17   0   0   0   0   0  35  1.00 0.43
   45 R    0  6  0 -4  1  1 -1 -5 -1 -3 -4  1  0 -4 -5 -2 -2 -5 -1 -2   10  51   4   0   3   6   2   0   1   2   0   6   3   0   0   3   2   0   3   4  0.88 0.43
   46 A    4 -4 -4 -5 -1 -5 -5  6 -5 -5 -6 -5 -5 -6 -5 -3 -4 -6 -6 -4   36   1   0   0   2   0   0  59   0   1   0   0   0   0   0   1   0   0   0   0  1.57 0.62
   47 R    0  6 -5 -6  0 -3 -5 -6 -2 -5 -5 -3 -2  1 -6 -4 -2 10 -3 -6    7  45   0   0   2   1   0   0   1   0   0   0   1   5   0   1   2  34   0   0  1.97 0.72
   48 V    0 -5 -5 -6 -4 -4 -5 -6 -6  4  1 -5 -1 -4 -5 -4 -3 -6 -4  6    9   0   0   0   0   0   0   0   0  20  14   0   1   0   0   0   0   0   0  55  1.17 0.50
   49 H   -2 -4 -2  0 -6  4 -1 -5  9 -5 -4 -1 -3 -3 -5 -2 -4 -2  0 -6    3   0   1   5   0  17   3   0  58   0   2   3   1   1   0   3   0   1   3   0  1.85 0.69
   50 N   -1  0  4  0 -4 -1  2 -3  1 -3 -4  1 -4 -5 -4  0  4 -5 -4 -2    6   4  23   3   0   1  15   1   4   1   0  10   0   0   0   5  26   0   0   2  0.58 0.35
   51 T    0 -3 -2 -4 -3 -1 -3 -4 -4  5 -1 -2  0 -3 -4  2  0 -5 -3  3    7   1   1   0   0   3   0   0   0  35   3   2   2   0   0  20   6   0   0  20  0.60 0.35
   52 R   -5  8 -4 -5 -7 -3 -4 -6 -3 -5 -6  0 -5 -7 -6 -4 -4 -7 -2 -6    0  91   0   0   0   0   0   0   0   1   0   3   0   0   0   1   1   0   2   0  2.51 0.86
   53 Q    1  0  1  4 -1  0 -1 -1  0 -2 -2  1  1 -4  0  0 -1 -5 -3 -1   15   5   7  24   1   4   1   5   3   2   2   8   6   0   4   7   1   0   0   6  0.24 0.20
   54 Q   -3 -2 -4 -3 -2  4 -3 -5 -1  0  3  2  5 -1 -4 -3 -1 -4 -4  0    1   1   0   1   1  19   0   0   1   3  29  16  17   2   0   0   4   0   0   6  0.61 0.37
   55 G   -3 -5 -3 -4 -5 -4 -4  7 -2 -6 -5 -4 -5 -5 -4  3 -3 -5 -5 -5    1   0   0   0   0   0   0  70   1   0   1   0   0   0   0  22   1   0   0   0  1.64 0.59
   56 A    2  0  0 -3 -4 -2 -1  3 -2 -4 -4  4 -3 -4 -2  1 -2 -4 -4 -3   19   4   4   1   0   1   4  21   0   1   1  30   0   0   1  11   1   0   0   1  0.53 0.29
   57 T   -1  1  2  0 -2  2 -1 -1  2 -1 -2  4 -2 -2 -2  0  0 -2 -1 -1    5   5   9   3   1   9   2   3   5   4   3  29   1   1   2   8   6   0   2   3  0.25 0.14
   58 L   -3 -4 -4 -4 -2 -3 -4 -4 -4  4  3 -3  4  1 -4 -3 -3 -2 -2  2    1   1   1   1   0   1   1   1   0  25  32   1  12   6   1   1   1   0   0  14  0.70 0.30
   59 A    4 -3 -2 -2  6 -3 -3 -1 -4 -2 -3 -1  0 -3 -3  1  0 -4 -4  2   37   1   1   3  16   0   0   4   0   1   1   4   2   1   0  10   5   0   0  13  0.58 0.32
   60 F   -7 -8 -8 -8 -7 -8 -8 -8 -6 -5 -4 -8 -5 10 -8 -7 -7 -4 -1 -5    0   0   0   0   0   0   0   0   0   0   0   0   0 100   0   0   0   0   0   0  3.39 1.02
   61 L   -3 -5 -6 -6 -3 -5 -6 -6 -6  4  4 -5  2  0 -4 -5 -3 -5 -3  4    0   0   0   0   0   0   0   0   0  21  44   0   3   4   1   0   1   0   0  25  1.01 0.43
   62 T   -3 -4 -2 -3 -4 -1  0 -5 -3  4  1 -3  2 -2 -5 -3  0  0 -3  4    0   0   2   2   0   2   7   0   0  26  14   1   5   0   0   0   6   2   0  31  0.59 0.32
   63 L   -5 -6 -7 -7 -5 -4 -6 -7 -6  1  6 -6 -1  3 -6 -6 -4 -5 -4  1    0   0   0   0   0   1   0   0   0   6  72   0   1  11   0   0   0   0   0  10  1.39 0.55
   64 R   -5  9 -5 -6 -8 -3 -5 -6 -5 -8 -7 -2 -6 -7 -7 -5 -6 -7 -6 -7    0  98   0   0   0   0   0   0   0   0   0   1   0   0   0   0   0   0   0   0  2.92 0.97
   65 Q   -4 -2 -2  6 -7  6  2 -4 -1 -6 -5  1 -5 -7 -5 -2 -1 -6 -5 -5    1   1   0  39   0  34  10   1   1   0   0   7   0   0   0   1   4   0   0   0  1.28 0.57
   66 Q   -2  5  0 -3 -6  5 -1  1 -1 -3 -5  1 -3 -4 -4  0 -1 -5 -4 -4    2  33   4   0   0  26   2  11   1   1   0   7   0   1   0   6   3   0   0   1  0.79 0.42
   67 A   -1 -1  0  0 -2  1  1  1 -1 -1  0 -2  0 -1 -3  2  3 -1 -1 -1    1   3   3   5   0   5  12  11   1   3   9   1   3   2   0  15  19   1   2   3  0.17 0.18
   68 S   -1 -3  0  0 -2 -2  0  4  1 -3 -4 -1 -3  1 -4  0 -1  2  2 -3    5   0   3   6   1   1   6  38   4   1   1   3   1   7   0   9   2   3   7   1  0.48 0.27
   69 L   -2 -1 -1 -4 -2 -3 -3 -4 -4  2  1  1 -1 -1 -4  1  5  1 -3  0    1   3   3   0   0   0   0   0   0  10  15   8   1   2   0   9  39   2   0   5  0.54 0.35
   70 I   -1 -6 -5 -6 -1 -5 -6 -5 -6  6  1 -5  0 -1 -6 -5 -3 -5 -3  5    4   0   0   0   1   0   0   1   0  40  10   0   2   2   0   0   1   0   0  38  1.12 0.47
   71 Q   -5 -4 -5 -5 -8  9 -3 -7 -4 -8 -7 -3 -5 -8 -6 -5 -5 -7 -6 -7    0   0   0   0   0  99   0   0   0   0   0   0   0   0   0   0   0   0   0   0  3.17 1.11
   72 G    3 -4 -4 -5  7 -4 -5  3 -5  1 -1 -4 -2 -4 -4 -2 -1 -5 -4  1   23   0   0   0  24   0   0  21   0   7   6   0   1   0   0   1   4   0   0  12  0.79 0.38
   73 L   -3 -5 -5 -5  0 -5 -5 -6 -5  2  1 -2  1 -3 -5 -4  2 -3 -4  6    1   0   0   0   2   0   0   0   0   8  11   2   3   0   0   0  14   0   0  57  1.02 0.46
   74 V    0 -4 -5 -5  1 -4 -5 -4 -4  2  3 -4  0  1 -5 -3 -3 -2  2  3   10   0   0   0   3   0   0   1   0  12  34   0   1   6   0   1   0   0   7  23  0.58 0.30
   75 K    1 -1  0  1 -2  0  1 -1  1 -2 -2  0 -1  1  2  1  0 -3 -2 -1   16   1   3   6   0   2  12   2   3   1   3   5   1   6  10  12   7   0   0   5  0.15 0.13
   76 A    2  0  0 -2 -2 -1  0  0 -2 -2 -2  3 -2 -3 -1  0 -1 -3 -3  1   21   3   4   1   0   2   6   5   1   1   2  25   0   1   3   5   4   0   0  15  0.25 0.20
   77 N   -1 -1  3  2 -3  1  2  1 -1 -3 -3  2 -3 -3 -1  1  0 -4 -2 -2    3   2  13  10   0   5  13  11   1   1   1  14   0   1   3  13   4   0   1   3  0.28 0.18
   78 K   -1  0  0  0 -3  1  3 -1 -1 -2 -2  3 -2 -3  1 -1 -1 -4 -2 -1    5   3   4   5   0   4  21   5   1   2   4  25   0   1   8   4   2   0   1   4  0.32 0.19
   79 E    0 -1  0  2 -1  1  3  0  1 -1 -1  0 -1 -2  0  0  0 -2 -2 -1    7   2   4  10   2   5  22   7   4   3   5   5   1   2   3   7   6   0   1   3  0.15 0.08
   80 G    0 -1  1  2 -2 -1  0  3 -1 -2 -2  0 -2 -2  0  0  0 -2 -2 -1    9   3   8  12   1   2   5  26   2   2   4   6   1   2   5   4   5   1   1   4  0.20 0.08
   81 T    0  0  0  0 -1  0  1  0 -1  0 -1  1 -1  0  0  0  1 -1  0  0   10   3   6   5   1   3   8   6   1   5   5  11   1   4   5   8  10   0   3   6  0.05 0.03
   82 I   -1 -2 -1 -1 -1 -2 -2 -1 -3  3  0 -1  1 -1 -2 -1  0 -3 -1  4    4   2   2   3   1   1   2   4   1  20   5   3   3   2   2   4   4   0   2  34  0.31 0.17
   83 S   -1 -2  0  2 -3 -2 -1  0 -3 -3 -3 -2 -3 -3  0  5  0 -3 -3 -3    3   1   4  10   0   1   4   6   0   1   3   1   0   1   5  50   5   0   1   2  0.61 0.31
   84 K   -1  2 -1  0 -3  1  2 -1 -2 -1 -2  4 -1 -2  1 -1 -1 -3 -3 -2    5  12   1   4   0   4  12   3   1   4   3  33   1   1   7   3   2   0   1   2  0.38 0.20
   85 N   -1  0  1  2 -3  4  3 -1  2 -3 -3  0 -3 -2  0 -1 -1 -3 -2 -3    5   3   8  11   0  25  19   3   5   1   2   3   0   2   5   3   2   0   1   2  0.42 0.23
   86 M   -2 -3 -3 -3 -2 -3 -2 -4 -3  0  2 -3  8  1 -4 -3 -2 -3 -2  0    4   1   1   2   1   1   3   1   0   5  14   1  50   5   1   1   2   0   1   6  1.11 0.43
   87 V   -1 -3 -4 -4 -2 -3 -3 -4 -3  3  1 -2  1  3 -3 -3 -2 -1 -1  4    4   1   1   1   1   1   1   1   0  15  10   2   3  14   1   2   2   1   1  40  0.55 0.26
   88 K   -2  2  0  1 -4  0  2 -2  0 -4 -3  5 -2 -4 -3 -1 -2 -3 -1 -3    3  10   4   6   0   3  11   2   2   1   2  45   1   1   1   2   2   0   2   1  0.66 0.31
   89 W   -1 -2 -3 -2 -3 -3 -1 -3 -2 -2 -1 -2 -2  5 -4 -1  0  9  3 -2    5   2   1   3   0   1   3   1   1   1   6   3   1  23   1   4   6  27   7   3  0.96 0.35
   90 A    3 -3 -3 -4  2 -3 -3 -1 -4  3  1 -3  0 -3 -3 -1  0 -4 -3  2   33   1   0   0   4   1   1   3   0  18  11   0   2   0   0   3   6   0   1  14  0.41 0.25
   91 G    1  1  0 -1 -2  0  1  2 -2 -3 -2  2 -2 -4 -1  1  0 -4 -2 -2   14   6   4   2   1   4  10  18   0   0   3  16   1   0   2   9   7   0   1   1  0.24 0.17
   92 S   -1  0  2  1 -3  0  0  3  2 -4 -4  2 -3 -4 -3  2  0 -4 -3 -4    3   4  10   8   0   4   6  22   6   0   1  15   0   0   0  15   4   0   0   1  0.38 0.23
   93 L   -3 -5 -6 -6 -3 -5 -5 -6 -5  5  5 -5 -1 -2 -5 -4 -2 -5 -2  2    1   0   0   0   0   0   0   0   0  28  51   0   0   1   0   0   2   0   1  14  1.08 0.44
   94 N   -1  1  3 -1 -2 -1 -2 -1  1 -4 -4  1 -2 -5  3  2  2 -5 -4 -2    3   9  17   2   1   1   1   3   4   0   0  11   1   0  16  16  13   0   0   2  0.44 0.27
   95 L   -1  3 -1 -2 -1 -1  0 -3 -1 -1  1  2 -1 -3  1 -1 -1 -4 -3  0    4  22   2   2   2   1   7   1   1   2  17  15   1   0   8   4   3   0   0   9  0.24 0.19
   96 E   -3 -4  0 -2 -7 -2  7  0 -4 -6 -5 -3 -5 -6 -5 -4 -4 -6 -6 -6    2   0   4   0   0   1  84   7   0   0   1   0   0   0   0   0   0   0   0   0  1.96 0.74
   97 S   -1 -4 -1  0  0 -3 -3 -3 -4 -5 -5 -4 -1 -3 -4  7  1 -2 -4 -5    4   0   2   5   2   0   0   1   0   0   0   0   2   1   0  75   6   1   0   0  1.39 0.62
   98 I   -1 -5 -5 -5  0 -5 -4 -5 -4  5 -1 -4 -1  2 -5 -3 -1 -2  0  5    4   0   0   0   2   0   1   0   0  35   3   0   0   8   0   1   3   0   4  38  0.89 0.39
   99 V   -3 -6 -6 -6 -3 -5 -6 -6 -6  4 -1 -6 -2 -4 -6 -5 -3 -6 -4  7    1   0   0   0   0   0   0   0   0  24   3   0   0   0   0   0   0   0   0  69  1.63 0.60
  100 L    0  1 -1  4  0  2  2 -3  0 -2  0  0 -1 -2 -3  0 -1 -4 -3 -1    8   6   1  26   2   8  14   0   2   1  11   4   1   1   0   8   2   0   0   4  0.30 0.21
  101 V   -2 -6 -6 -6 -2 -5 -5 -6 -6  4 -1 -5 -2 -3 -6 -5 -3 -6 -4  6    3   0   0   0   1   0   0   0   0  23   3   0   0   1   0   0   1   0   0  68  1.53 0.58
  102 R   -2  1 -2 -1 -1  1  4 -3  2 -1 -3  2 -2 -2 -3  0  2 -4  0 -1    2   8   1   1   1   5  27   1   5   5   1  14   0   1   0   6  16   0   4   3  0.37 0.26
  103 G    1 -6 -4 -5 -6 -5 -6  7 -6 -7 -7 -5 -6 -7 -6 -4 -5 -6 -7 -4   13   0   0   0   0   0   0  86   0   0   0   0   0   0   0   0   0   0   0   1  2.12 0.71
  104 I   -1  0 -2 -2 -2 -1  1 -4 -2  2 -1  2 -1 -3 -3 -1  3 -5 -3  3    2   4   1   2   1   1   8   0   1  15   5  14   1   0   0   2  19   0   0  23  0.32 0.25
  105 V   -2 -5 -6 -6 -4 -5 -5 -6 -6  2  2 -3 -2 -3 -3 -5 -3 -6 -4  6    2   0   0   0   0   0   0   0   0   9  20   1   0   0   1   0   1   0   0  64  1.27 0.52
  106 K   -1  2  0 -2 -1  3  0 -3 -1 -2 -3  4 -2 -4 -3  0  0 -4 -3  1    4  10   5   1   1  13   4   1   1   2   2  28   1   0   0   8   6   0   0  14  0.38 0.26
  107 K    1  1 -1 -2 -2  1  3 -2 -1 -2 -1  4 -3 -2 -1 -1 -1 -4 -3 -1   12   7   2   1   1   4  19   2   1   2   5  29   0   2   2   4   2   0   0   4  0.33 0.23
  108 V    1 -2  1 -1 -3 -2  0 -2 -3 -2 -3 -2 -2 -4  5  1  1 -4 -3  1   10   1   7   3   0   1   7   2   0   1   1   1   1   0  31  10   9   0   0  13  0.56 0.27
  109 D    0  0  1  1 -3  0  3 -2 -1 -2 -1  1 -2 -2  4 -1 -2 -4 -3 -2    8   4   6   8   0   4  22   2   1   2   6  10   1   1  18   3   1   0   0   2  0.36 0.19
  110 E    0  1  0 -1 -3  2  3 -2 -2 -1 -3  3 -2 -2 -2  0  0 -3 -3  0    6   6   5   2   0   9  22   2   0   5   1  19   1   2   1   5   5   0   0   8  0.27 0.17
  111 P    3 -1 -1 -2 -3 -2  0 -3 -2 -3 -2  2 -3 -4  6 -1 -2 -4 -3 -3   25   2   2   2   0   1   6   1   1   2   3  12   0   1  36   2   2   0   0   2  0.77 0.32
  112 I   -2 -3 -4 -4 -3 -3 -2 -4 -4  5  0 -3 -2 -2  3 -3 -2 -4 -2  4    2   1   1   1   0   1   2   1   0  31   5   2   0   1  17   2   1   0   1  31  0.73 0.31
  113 K   -1  0  2 -1 -4 -1  2  1  0 -3 -2  4 -3 -3 -3 -1  1 -4 -3 -2    4   5   9   3   0   1  16  11   2   1   3  27   0   1   0   3  12   0   0   2  0.34 0.22
  114 S   -1 -3 -1 -2 -4 -2 -1  4 -3 -5 -4 -2 -2 -5 -2  5 -1 -5 -4 -3    3   1   1   2   0   1   4  34   0   0   1   2   1   0   2  43   2   0   1   1  0.86 0.41
  115 A    2  1 -2 -3  7 -2 -2 -2 -3 -2 -2  0 -1 -3 -2 -1  2 -3 -3 -1   21   8   2   1  26   1   2   2   0   2   2   6   1   1   2   2  14   0   1   4  0.59 0.25
  116 T    1  0 -1 -2 -2 -2 -1 -2 -2 -2 -2 -1 -2 -3 -2  3  5 -3 -2 -2    9   5   2   2   0   1   3   2   1   2   2   3   1   1   1  20  42   0   1   2  0.57 0.27
  117 V   -1 -1 -2 -2 -2  4  0 -2  1  2  0  1 -1 -2  1 -2 -1 -3 -1  2    3   2   2   2   1  21   5   2   3  15   7   8   1   1   8   2   2   0   1  16  0.23 0.16
  118 Q   -1  0  0 -1 -2  4 -1 -2  4 -2 -1  2 -2 -3 -2  2  0 -3 -2 -2    3   3   4   2   1  22   2   3  11   2   7  13   0   1   2  15   5   0   1   2  0.32 0.19
  119 N   -1 -2  2  4 -2 -1  0  3  1 -3 -3 -1 -2 -3  0 -1  0 -3 -2 -2    3   1  12  24   1   2   6  22   4   2   3   3   1   1   4   3   5   0   1   3  0.36 0.16
  120 L   -1 -2 -3 -5 -2 -3 -4 -4 -1  2  1 -3  0  3 -4 -3 -3 -2  3  4    4   2   1   0   1   0   0   1   1  12  13   1   2  13   1   1   0   0  11  36  0.58 0.29
  121 E   -5 -4 -4 -2 -8 -2  8 -6 -4 -6 -7 -3 -6 -7 -4 -4 -5 -7 -6 -5    0   0   0   0   0   0  97   0   0   0   0   0   0   0   0   0   0   0   0   0  2.55 0.89
  122 I   -4 -5 -6 -6 -4 -5 -6 -6 -6  5  4 -5 -1 -2 -5 -4 -3 -5 -4  3    0   0   0   0   0   0   0   0   0  39  37   0   1   0   0   1   0   0   0  22  1.18 0.46
  123 H   -1  1 -1 -1 -2  3  0 -3  6  1  0  0 -2 -3 -3 -1 -1 -4 -1 -1    4   7   2   2   1  15   4   1  25  10   9   6   0   0   0   5   2   0   1   5  0.45 0.28
  124 I    0 -4 -5 -5 -1 -5 -4 -4 -5  5  1 -5  0 -3  3 -4 -3 -5 -4  4    6   0   0   0   1   0   0   1   0  32  10   0   2   0  15   0   0   0   0  31  0.84 0.39
  125 T   -2  2  0  1 -4  2  3 -2  2 -2 -2  1 -2 -4 -3  1  1 -3 -1 -3    2  10   4   7   0   8  22   1   6   2   3   9   0   0   0  10  12   0   2   1  0.33 0.22
  126 K   -1  1 -1 -1 -4  1  3 -1 -1 -5 -5  4 -3 -5 -3  2  0 -4 -4 -4    3   7   3   3   0   6  19   4   1   0   0  33   0   0   0  14   5   0   0   0  0.60 0.33
  127 I   -3 -5 -6 -6  2 -5 -5 -6 -5  5  3 -5  2  1 -5 -4 -3 -4 -2  3    1   0   0   0   4   0   0   0   0  34  30   0   5   6   0   0   1   0   0  17  0.90 0.38
  128 Y   -3  0 -1 -1 -4 -1  2 -5  5 -3 -3  1 -3  3 -4 -2 -1  3  5 -3    0   6   2   3   0   1  16   0  14   1   1   8   0  14   0   2   4   3  22   1  0.66 0.34
  129 T   -2 -4 -4 -5  4 -4 -5 -5 -4  3  1 -4  1 -2 -5 -3  0 -5 -3  5    1   1   0   0  11   0   0   0   0  18  14   1   4   1   0   1   6   0   1  42  0.83 0.37
  130 I   -3 -5 -5 -5 -4 -3 -3 -6 -3  5  4 -4 -1 -3 -5 -4 -3 -5 -2  4    1   0   0   0   0   1   2   0   1  29  35   0   0   0   0   0   1   0   1  27  0.93 0.40
  131 S    2 -3  3 -2 -3 -2 -3 -1 -2 -4 -5 -3 -4 -5 -4  5  0 -5 -4 -1   14   0  16   1   0   1   0   3   0   0   0   0   0   0   0  54   4   0   0   5  0.95 0.48
  132 E    0  3 -2 -1 -4  1  3 -1 -1 -3 -2  3 -2 -4  2  0 -1 -3 -3 -2    8  15   1   1   0   6  18   4   1   1   3  21   1   0   9   5   3   0   0   2  0.37 0.23
  133 T    5 -2 -3 -4 -2 -3 -4 -2 -4 -2 -3 -3 -4 -4  3  2  0 -5 -4  0   53   3   1   0   1   0   0   2   0   1   1   0   0   0  13  14   6   0   0   6  0.82 0.43
  134 P    1 -1  0  1 -2  0  2 -2 -1 -1 -1  1  0 -3  2  0  0 -3 -1 -1   15   1   3  10   0   3  17   1   1   3   5   9   3   0   9   6   5   0   3   4  0.17 0.13
  135 E    1 -1 -1  1 -3  1  3 -2  0 -3 -3  0 -3 -3  3  1  1 -4 -3 -1   11   2   2   7   0   7  22   2   2   1   2   3   0   1  15  10   9   0   1   3  0.35 0.22
  136 A   -1  0  1  0 -4  2  1 -3 -1 -3 -3  0  1 -4  5 -1  0 -5 -4 -1    3   5   6   4   0  12  11   1   1   1   1   6   5   0  29   4   5   0   0   6  0.54 0.28
  137 L   -4 -5 -6 -6 -4 -5 -6 -6 -6  0  6 -5  2 -2 -3 -5 -4 -5 -2  0    1   0   0   0   0   0   0   0   0   3  82   0   5   0   1   0   0   0   1   4  1.50 0.57
  138 P   -3 -6 -6 -6 -7 -5 -5 -1 -6 -7 -7 -5 -7 -8  9 -4 -5 -8 -7 -6    1   0   0   0   0   0   0   5   0   0   0   0   0   0  92   1   0   0   0   0  2.98 0.91
  139 I   -4 -5 -6 -6 -4 -5 -6 -6 -5  3  4 -5  4  6 -6 -5 -3 -3 -2  0    0   0   0   0   0   0   0   0   0  15  39   0  10  30   0   0   1   0   0   4  1.11 0.44
  140 L    0 -2  1  1 -3  4  1  0 -1 -2 -1 -1 -2 -3  0  1  1 -3 -3 -2    6   1   5   9   0  23   9   6   1   2   9   2   0   0   5   9   9   0   1   2  0.25 0.18
  141 L   -3 -4 -4 -4 -3 -3 -4 -4 -4  4  3 -4  1 -1 -1 -3 -2 -4 -2  4    1   1   1   1   0   1   1   1   0  27  23   1   2   2   3   1   1   0   1  33  0.70 0.29
  142 E    0 -1  2  2 -3 -1  3 -1  0 -2 -3  1 -2 -2 -2  1  0 -3  1 -1    8   2  10  10   0   1  25   3   2   2   1  10   0   1   1   9   5   0   6   4  0.27 0.17
  143 D   -1 -2 -1  6 -4 -1  2 -2 -1 -3 -4  2 -3 -4 -2 -2 -2 -4 -4 -3    5   1   2  50   0   1  12   2   1   1   1  13   0   1   1   2   2   0   1   2  0.88 0.34
  144 A    5 -1 -2 -2 -1 -2 -1 -2 -3 -2 -2  2 -1 -3 -1 -1 -2  4 -2 -1   50   2   1   2   1   1   3   2   0   2   4  15   1   1   3   2   1   6   1   3  0.57 0.29
  145 S    1 -1  1  0 -1 -1  2 -1 -2 -1 -2  1 -1 -2 -2  2  0 -3 -1  1   13   1   9   5   1   1  12   2   0   2   2  11   2   1   1  20   3   0   2  11  0.17 0.14
  146 R   -2  6  0 -2 -3  0 -1 -3 -2 -2  1  1  1 -2 -1 -2 -2 -1 -2 -2    3  44   4   2   0   3   3   2   1   2  15   6   3   1   3   2   2   1   1   2  0.55 0.25
  147 S    1 -1  1 -2 -2 -1 -1 -1 -2 -2 -2  0 -2 -3  4  2  0 -3 -3 -1   14   3   8   1   1   2   4   4   1   2   3   5   1   1  23  18   5   0   1   5  0.38 0.17
  148 E   -1 -1 -1  2 -1  1  4 -1 -1  0 -2  0 -2 -2  0 -1 -1 -2 -2 -1    5   2   2  12   2   4  33   3   2   6   4   4   1   1   5   4   3   0   1   5  0.29 0.14
  149 A    1 -1  1  0 -1  0  1 -1  0 -1 -1  0 -1 -1  1  0  1 -1 -1  0   14   3   8   5   1   4  12   5   2   4   5   6   2   2   6   7   8   1   2   6  0.07 0.04
  150 E   -1 -1  0  2 -2  1  4 -1  0 -2 -2  0 -2 -2 -1  0 -1 -2 -1 -2    5   2   5  14   1   5  30   5   1   2   4   6   1   2   3   5   3   1   2   3  0.28 0.11
  151 A    0  0  0  1 -1  0  1  0 -1  0  0  0  0  0  0  0  0 -1 -1  0   11   5   2   9   1   4  10   6   1   8   8   4   2   4   3   8   5   1   2   7  0.03 0.02
  152 E    0  0 -1  4 -2  0  3 -1 -1 -1 -2  0 -2 -2 -1  0 -1 -2 -2 -2    8   4   2  26   1   3  25   3   1   3   3   4   1   1   3   4   2   0   1   3  0.37 0.15
  153 A    1  0  0  1 -2  0  1  0 -1 -2 -2  1 -2 -2  2  0  0 -2 -2 -1   14   3   5   9   1   4  11   7   1   2   4  10   1   1  10   7   7   0   1   3  0.15 0.07
  154 A    1 -1  0  1 -2  0  2  0  0 -1 -2  0 -1 -2  0  1  1 -2 -1 -1   11   3   5   9   1   3  17   7   2   3   4   3   1   1   4  13   9   0   2   3  0.14 0.08
  155 G    0 -1  0  0 -2  2  1  3  0 -2 -2  0 -2 -2 -1  0  0 -2  0 -2    6   3   3   4   1  13   7  27   2   2   3   6   1   2   2   6   6   0   5   2  0.23 0.11
  156 L   -1  1 -1 -1 -2  0 -1 -1 -1  0  1  1  0  1 -1 -1  0 -2  0  0    5  10   2   4   1   3   2   5   1   3  18  14   1   7   3   4   5   0   4   8  0.04 0.05
  157 P    0 -1  0 -2 -2 -1 -1 -2 -1  1 -1 -1 -1 -2  4  0  0 -2  0  2    8   2   5   2   1   3   4   2   2   7   4   3   1   1  20   5   4   0   3  22  0.25 0.13
  158 V   -1  3  0  0 -1  1  0 -1  1 -1 -1  1 -1 -2  1  0  0 -2 -1  0    4  19   4   6   2   5   4   4   4   4   4  10   1   1   6   6   7   0   1   8  0.12 0.08
  159 V    2 -3 -3 -3 -1 -3 -2 -3 -2  2 -1 -3 -1 -3 -3 -2  0 -4 -3  5   22   1   1   2   1   1   2   1   1   9   4   1   1   0   1   1   6   0   0  44  0.59 0.30
  160 N    0 -2  4  0 -3 -1  0  1  0 -3 -2 -2 -2 -4  0  3  1 -4 -3 -3    5   2  22   4   0   1   7  11   3   1   5   1   0   0   4  22  10   0   0   1  0.36 0.22
  161 L   -4 -2 -4 -1 -4  4 -3 -5 -4  1  4 -3  3 -1 -4 -4 -2 -4  0 -2    0   2   0   3   0  23   1   0   0   6  50   1   6   2   1   1   1   0   3   0  0.81 0.42
  162 D   -2  1  1  6 -6 -2  2 -4  0 -5 -4  0 -5 -6 -2 -1 -3 -6 -5 -5    3   8   7  51   0   0  14   1   3   0   2   6   0   0   2   4   0   0   0   0  1.02 0.44
  163 T   -1 -4 -1 -4 -4 -1 -4 -5 -3 -1 -2  0 -2 -5 -4 -1  7 -6 -5  0    5   0   3   0   0   3   0   0   0   2   3   5   0   0   0   2  68   0   0   6  1.26 0.58
  164 R   -5  8 -1 -4 -2  0 -2 -6  2 -5 -2  1  0 -6 -5 -4 -4 -6 -5 -5    0  72   3   0   1   2   2   0   5   0   4   7   3   0   0   0   0   0   0   0  1.69 0.64
  165 L   -5 -6 -7 -7 -5 -4 -6 -7 -5 -1  6 -6  1 -1 -6 -6 -5 -4 -4 -2    0   0   0   0   0   1   0   0   0   1  91   0   3   2   0   0   0   0   0   1  1.79 0.65
  166 D   -2 -3  5  6 -6 -3  0 -3 -3 -6 -6 -3 -5 -6 -4 -1 -2 -7 -6 -5    3   1  29  53   0   0   4   1   0   0   0   1   0   0   0   4   2   0   0   0  1.47 0.57
  167 Y   -1 -3  7 -3 -3 -3 -2 -4  3 -5 -3 -3 -3  0 -5  0 -2 -1  2 -5    6   1  57   0   1   0   2   0   7   0   3   1   1   4   0   6   1   1   8   0  1.20 0.52
  168 R   -5  8 -4 -6 -7 -3 -4 -6 -4 -2 -5 -2 -5 -5 -2 -5 -5 -7 -6 -6    0  92   0   0   0   0   0   0   0   2   1   0   0   0   3   0   0   0   0   0  2.52 0.84
  169 V    0 -4 -4 -5  1 -4 -4 -5 -4  2 -1 -4  0  3  0 -1  0  4  0  4    7   0   0   0   2   0   0   0   0  12   2   0   2  15   6   4   7   5   3  35  0.55 0.30
  170 I   -3 -5 -6 -6 -4 -5 -6 -6 -6  5  5 -5  4 -2 -6 -5 -4 -5 -4  1    1   0   0   0   0   0   0   0   0  31  49   0  11   0   0   0   0   0   0   6  1.18 0.47
  171 D   -2 -4 -2  7 -6 -4 -2 -5  2 -6 -6 -4 -6 -4 -5  1 -1 -7 -3 -5    4   1   0  73   0   0   0   0   4   0   0   0   0   1   0  12   3   0   1   0  1.73 0.65
  172 L   -3 -5 -6 -6 -5 -5 -6 -7 -6  0  6 -1  1 -2 -6 -5 -4 -5 -4 -1    1   0   0   0   0   0   0   0   0   2  85   5   2   1   0   0   0   0   0   2  1.55 0.59
  173 R   -5  8 -4 -6 -7  0 -4 -6 -4 -7 -6 -1 -5 -7 -6 -5 -4 -7 -6 -6    0  94   0   0   0   4   0   0   0   0   0   1   0   0   0   0   0   0   0   0  2.64 0.86
  174 T    0  1  2 -3 -3 -2 -2 -3  3 -2 -4  2 -3 -5 -4  0  5 -5 -4 -2    7   7  11   0   0   0   0   0   8   2   1  12   0   0   0   5  42   0   0   2  0.67 0.36
  175 V   -1 -2 -2 -1 -4 -1  1 -4 -2 -2 -3 -2 -3 -2  7 -1 -1 -5 -2 -1    4   2   1   3   0   2  11   1   1   2   2   1   0   2  53   3   4   0   1   4  1.12 0.42
  176 T    2  2 -1 -2 -2  0  1 -3 -1 -2 -2  2 -1 -4 -2  0  3 -4 -1  0   23  13   1   1   1   2  10   0   1   1   2  11   1   0   1   3  20   0   2   6  0.28 0.21
  177 N   -1 -2  5 -2 -3  0  1 -3  0  0 -3  0 -2 -4 -3  2  1 -5 -3  1    4   1  33   0   0   5   8   1   2   7   0   4   1   0   0  14   6   0   1  13  0.45 0.28
  178 Q   -2  3  1 -3 -5  7 -2 -3  1 -4 -2  0  0 -4 -4  0 -2 -5 -2 -5    3  14   6   0   0  51   0   1   3   0   4   4   2   0   0   5   2   0   1   0  0.99 0.47
  179 A    6 -4 -4 -5 -2 -3 -4 -1 -4 -3 -3 -3 -4 -5 -4  2 -2 -6 -5 -3   75   0   0   0   0   0   0   3   0   1   2   0   0   0   0  16   1   0   0   0  1.33 0.56
  180 I   -4 -4 -6 -6 -4 -5 -6 -7 -6  7 -1 -1 -2 -3 -5 -5 -2 -6 -4  2    0   1   0   0   0   0   0   0   0  76   3   4   0   1   0   0   1   0   0  13  1.61 0.56
  181 F   -2 -6 -6 -7 -6 -5 -6 -6 -5 -2 -2 -6  1  9 -7 -5 -1 -3  0 -3    4   0   0   0   0   0   0   0   0   2   1   0   3  83   0   0   4   0   0   1  2.27 0.70
  182 R   -3  6 -2  0 -3 -1  0 -4 -2 -3 -4  4 -2 -5 -4 -2 -2  3 -3 -3    1  44   1   5   1   2   5   0   1   1   0  30   1   0   0   1   3   4   1   1  1.03 0.43
  183 I   -3 -6 -6 -6 -4 -5 -6 -6 -6  7  2 -5  0 -1 -6 -5 -3 -5 -4  3    2   0   0   0   0   0   0   0   0  59  16   0   1   1   0   0   0   0   0  20  1.32 0.48
  184 Q   -3  4 -1 -3 -6  6  1 -5 -1 -3 -5  1 -3 -5 -4 -1 -3 -2 -2 -4    1  23   2   0   0  46   9   0   1   2   0   8   0   0   0   5   1   1   1   1  1.08 0.48
  185 A    2 -3  1 -1  2 -2  1 -2  2 -3 -4 -3 -2 -4 -4  5 -1 -5 -3 -3   19   0   5   3   4   1   9   1   5   1   0   0   1   0   0  48   2   0   0   0  0.71 0.39
  186 G    2 -1 -1 -2 -2  1  2  4 -2 -2 -3 -1  0 -4 -3 -1  0 -1 -3 -1   18   4   1   0   1   6  17  33   1   2   1   2   2   0   0   3   6   1   0   4  0.43 0.25
  187 V   -1 -5 -5 -6 -1 -5 -5 -5 -5  5  1 -5  3 -2 -5 -4 -1 -5 -4  5    3   0   0   0   1   0   0   1   0  30   9   0   7   1   0   0   3   0   0  45  0.99 0.40
  188 C    1 -2 -4 -4  7 -2  0 -1 -4 -1  1 -1  1 -1 -4 -1  0 -4 -3  1   13   1   0   0  27   2   6   5   0   2  16   3   3   3   0   5   5   0   0  10  0.48 0.26
  189 E   -2  3  2  0 -2  4  0 -2  3 -4 -3  2 -2 -2 -3 -1 -1  1 -1 -4    2  21  13   3   1  19   5   2   7   0   2  12   1   2   1   4   2   2   2   0  0.44 0.25
  190 L    2 -3 -3 -4 -2 -2 -3  1 -2  0  3 -2 -1  0 -4  0 -1 -4  0 -1   21   0   1   0   0   1   1  12   1   5  38   2   1   3   0   9   2   0   3   2  0.33 0.23
  191 F   -3 -6 -6 -7 -5 -6 -6 -5 -5  1 -2 -6 -2  8 -7 -5 -4 -1  1  1    2   0   0   0   0   0   0   1   0   9   1   0   0  75   0   0   1   0   2   9  1.96 0.62
  192 R   -1  8 -3 -4 -3 -1 -3 -5 -1 -5 -5  0 -3 -6 -4 -1 -1 -6 -4 -5    4  80   0   1   1   1   0   0   1   0   0   2   1   0   1   3   4   0   0   0  1.81 0.62
  193 E   -2 -2  1  4 -5  2  5 -3 -3 -4 -5  0 -4 -5 -4  0 -1 -4 -5 -4    3   1   6  20   0   9  46   1   0   1   0   4   0   0   0   6   3   0   0   0  0.89 0.39
  194 Y   -2 -3 -4 -5 -3 -1 -4 -5  0  0 -2 -3 -3  6 -5 -3  1  0  6 -1    4   1   1   0   0   3   0   0   2   5   1   1   0  39   0   1   9   0  30   3  1.13 0.44
  195 L   -4 -5 -6 -7 -2 -5 -6 -6 -4 -1  6 -5  4  3 -6 -5 -4 -4 -2 -2    0   0   0   0   1   0   0   0   0   0  75   0  10  13   0   0   0   0   1   0  1.44 0.52
  196 A   -1  1  0  1 -2 -1  0 -3  1  1  1 -1  0 -1 -3  0  1 -1  2  0    2  11   3  10   0   2   7   0   4  11  17   3   1   1   0   5  10   0   8   4  0.10 0.11
  197 T    1  0  1  1 -4  1  2 -1 -2 -3 -4  2 -3 -4 -2  3 -1 -5 -4 -4    9   3   8   9   0   4  17   5   0   1   0  16   0   0   1  25   2   0   0   0  0.40 0.24
  198 K   -2  2  3 -1 -5  3  3 -4  2 -4 -2  3 -3 -3 -3  0 -2 -5 -3 -4    2  11  18   1   0  17  17   0   5   0   5  18   0   1   0   5   0   0   0   0  0.55 0.29
  199 K   -3 -1  2  3 -6 -3 -2  6 -2 -6 -6 -1 -4 -6 -5 -2 -4 -6 -4 -6    0   3   8  14   0   0   2  65   1   0   0   4   0   0   0   1   0   0   0   0  1.28 0.46
  200 F   -3 -6 -6 -7  0 -7 -7 -6 -5 -3 -3 -7 -3  9 -7 -2 -5 -3  1 -4    3   0   0   0   2   0   0   0   0   0   0   0   0  89   0   3   0   0   2   0  2.52 0.74
  201 T   -3  0 -3 -4 -1 -2 -3 -5 -3  4  0 -1  0 -3 -4 -2  4 -5 -3  3    0   5   1   0   1   1   1   0   0  28   5   3   2   0   0   1  29   0   1  23  0.60 0.32
  202 E   -4 -1 -1 -1 -7  1  7 -2 -3 -7 -5 -2 -5 -6 -5 -3 -4  3 -5 -6    0   2   2   1   0   4  80   4   0   0   1   1   0   0   0   1   0   4   0   0  1.72 0.63
  203 V   -4 -6 -6 -6 -4 -6 -6 -7 -6  7 -1 -6 -1  1 -6 -5 -2 -6 -4  2    0   0   0   0   0   0   0   0   0  79   1   0   0   5   0   0   2   0   0  13  1.78 0.59
  204 H   -3 -2  2 -3 -2  1 -1 -5  9 -6 -5 -1 -4  3 -5 -1 -1 -5 -1 -5    1   1  10   1   1   6   4   0  53   0   0   4   0  11   0   3   3   0   1   0  1.47 0.53
  205 T   -2 -5 -3 -4 -4 -4 -4 -5 -5 -4 -5 -4 -4 -6  0  2  7 -6 -5 -3    1   0   0   0   0   0   0   0   0   0   0   0   0   0   5  14  79   0   0   0  1.76 0.67
  206 P   -4 -6 -6 -5 -7 -5 -5 -6 -6 -7 -7 -5 -6 -8  9 -1 -4 -8 -7 -6    0   0   0   0   0   0   0   0   0   0   0   0   0   0  94   5   0   0   0   0  3.03 0.85
  207 K   -4  0 -3 -4  1 -2 -2 -5 -4 -6 -6  8 -5 -7 -5 -3 -4 -7 -6 -6    0   2   0   0   3   0   1   0   0   0   0  93   0   0   0   1   0   0   0   0  2.19 0.73
  208 L   -4 -5 -6 -6 -4 -5 -6 -7 -6  6  4 -5  1 -1 -6 -5 -3 -5 -4  0    0   0   0   0   0   0   0   0   0  49  44   0   3   1   0   0   1   0   0   2  1.31 0.47
  209 L   -3 -4 -3 -5 -4  2 -3 -1 -4  5  1 -2  0 -3 -4 -2 -1 -4 -4  4    0   0   1   0   0  12   0   4   0  32  10   2   1   0   0   2   4   0   0  32  0.66 0.33
  210 G    4 -3 -1 -2 -4 -2 -1  4 -2 -4 -5 -1 -4 -5  0  2 -2 -2 -4 -3   37   0   2   1   0   1   3  30   1   0   0   2   0   0   4  16   0   0   0   1  0.71 0.34
  211 A    3 -1 -1 -3 -3  1 -1  2 -3 -3 -3 -1 -3 -2 -3  2  2 -4 -4 -3   33   2   2   0   0   5   3  17   0   0   1   3   0   2   0  16  14   0   0   0  0.46 0.28
  212 P    5 -4 -1 -4 -2 -3 -2  3 -4 -4 -5 -3 -3 -5  0  2 -1 -5 -5 -2   51   0   2   0   1   0   1  22   0   0   0   0   0   0   3  15   2   0   0   2  0.84 0.40
  213 S    2 -4 -3 -3 -4 -3 -3 -4 -4 -3 -5 -3 -4 -5 -4  4  5 -6 -5 -3   16   0   0   1   0   0   0   0   0   1   0   0   0   0   0  38  43   0   0   0  1.14 0.52
  214 E   -4 -4 -4 -2 -7 -2  8 -3 -4 -7 -6 -1 -5 -7 -5 -4 -4 -6 -5 -6    0   0   0   0   0   0  95   2   0   0   0   2   0   0   0   0   0   0   0   0  2.26 0.74
  215 G   -3 -5  0 -4 -5 -4 -5  7 -5 -6 -6 -4 -5 -6 -5  2 -4 -5 -6 -6    0   0   3   0   0   0   0  80   0   0   0   0   0   0   0  15   0   0   0   0  1.80 0.57
  216 G   -3 -6 -1 -5 -6 -5 -5  7 -5 -7 -7 -5 -6 -7 -6 -4 -5 -6 -6 -7    0   0   3   0   0   0   0  96   0   0   0   0   0   0   0   0   0   0   0   0  2.39 0.70
  217 S    5 -4 -3 -4 -1 -3 -2 -3 -4 -4 -4 -3 -4 -5 -4  2  3 -5 -2 -3   57   0   0   0   1   0   2   1   0   0   0   0   0   0   0  16  21   0   2   0  1.01 0.46
  218 S    1 -3  5  1 -1 -1  3 -1 -2 -5 -5 -2 -4 -5 -4  2 -1 -5 -3 -4   10   0  36   5   2   1  25   4   0   0   0   0   0   0   0  14   2   0   1   0  0.79 0.37
  219 V   -3 -5 -5 -6 -1 -4 -5 -6 -5  1  3 -3  1 -1 -5 -3 -3 -5 -4  6    1   0   0   0   1   0   0   0   0   4  28   2   2   2   0   1   0   0   0  58  1.05 0.43
  220 F   -6 -7 -7 -7 -6 -7 -7 -7 -5 -4 -3 -7 -4  9 -7 -6 -6 -3 -1 -5    0   0   0   0   0   0   0   0   0   0   0   0   0  99   0   0   0   0   0   0  3.07 0.84
  221 E   -2  2 -2 -2 -5  0  2 -3 -1 -5 -5  4 -3 -5  4 -1  1 -5 -4 -4    1  11   1   0   0   3  14   1   1   0   0  29   0   0  21   4  12   0   0   0  0.71 0.33
  222 V   -3 -5 -5 -6 -3 -5 -5 -6 -5  4  3 -5  1 -1 -5 -4 -2 -5 -3  5    1   0   0   0   0   0   0   0   0  20  33   0   3   1   0   0   2   0   0  40  0.95 0.37
  223 T   -1 -1  3  3 -4  0  1 -1 -2 -2 -4  2 -3 -4  1  2  1 -5 -4 -3    3   1  14  20   0   4   6   3   0   2   1  13   0   0   5  16  11   0   0   1  0.39 0.22
  224 Y   -6 -6 -6 -7 -6 -5 -6 -7 -2 -5 -5 -6 -5  0 -7 -6 -6 -2 10 -5    0   0   0   0   0   0   0   0   0   0   0   0   0   1   0   0   0   0  98   0  3.28 0.91
  225 F   -6 -6 -1 -6 -6 -6 -6 -6 -3 -4 -3 -2 -1  9 -7 -6 -5 -3 -1 -4    0   0   3   0   0   0   0   0   0   0   1   3   1  91   0   0   0   0   0   0  2.57 0.74
  226 K   -3 -1  2  2 -5 -1  3  4  1 -6 -5  3 -4 -5 -4 -2 -3 -5 -4 -5    0   1   9  14   0   2  18  30   4   0   0  21   0   0   0   1   1   0   0   0  0.71 0.33
  227 G   -3  5  0 -2 -5  3  0  0  0 -5 -5  4 -3 -5 -4 -1 -1 -5 -2 -4    0  32   5   1   0  13   5   8   2   0   0  25   0   0   0   3   4   0   2   0  0.73 0.34
  228 K   -2  0  1  2 -4  0  3 -3 -1 -3 -4  3 -3 -4  4  0  0 -5 -4 -4    1   4   7   9   0   4  22   0   1   1   0  17   0   0  20   8   5   0   0   0  0.58 0.28
  229 A    7 -5 -5 -5 -4 -4 -4 -1 -5 -4 -5 -4 -4 -6 -4 -2 -3 -6 -5 -3   94   0   0   0   0   0   0   4   0   0   0   0   0   0   0   1   0   0   0   1  1.89 0.68
  230 Y   -4 -6 -6 -6  5 -5 -4 -6 -3 -2 -3 -6 -4  7 -6 -5 -3 -1  7 -1    0   0   0   0  13   0   1   0   0   1   0   0   0  42   0   0   2   0  37   4  1.78 0.58
  231 L   -5 -6 -7 -7 -5 -5 -6 -7 -6 -2  7 -6  2 -3 -6 -6 -5 -5 -4 -2    0   0   0   0   0   0   0   0   0   0  96   0   4   0   0   0   0   0   0   0  1.90 0.64
  232 A    6 -4  3 -4 -4 -2 -3  0 -4 -5 -5 -4 -4 -6 -4  0 -3 -6 -5 -4   74   0  13   0   0   2   0   5   0   0   0   0   0   0   0   5   0   0   0   0  1.31 0.54
  233 Q   -5 -3 -4 -4 -7  9 -1 -6 -4 -7 -6 -3 -3 -7 -5 -4 -5 -6 -6 -4    0   0   0   0   0  97   1   0   0   0   0   0   0   0   0   0   0   0   0   1  2.81 0.91
  234 S   -3 -5 -3 -4  0 -4 -4 -4 -5 -6 -6 -4 -5 -6 -5  7 -2 -7 -6 -5    0   0   0   0   2   0   0   0   0   0   0   0   0   0   0  98   0   0   0   0  2.20 0.79
  235 P   -5 -6 -6 -5 -7 -3 -5 -6 -6 -7 -7 -5 -7 -8  9 -3 -3 -8 -7 -6    0   0   0   0   0   1   0   0   0   0   0   0   0   0  96   2   1   0   0   0  3.14 0.87
  236 Q   -5 -3 -4 -4 -1  9 -2 -6 -4 -7 -6 -3 -4 -7 -5 -4 -3 -6 -3 -6    0   0   0   0   2  96   0   0   0   0   0   0   0   0   0   0   2   0   1   0  2.73 0.89
  237 F   -5 -5 -6 -7 -5 -5 -6 -7 -5 -1  5 -3 -1  6 -6 -5 -4 -4 -2 -2    0   0   0   0   0   0   0   0   0   1  67   2   0  29   0   0   0   0   0   0  1.44 0.52
  238 N    0 -5 -4 -6 -4 -5 -5 -4  4 -5 -5 -5 -1  2 -6 -4 -5  0  9 -5    9   0   1   0   0   0   0   1  10   0   0   0   2   5   0   1   0   1  71   0  2.08 0.68
  239 K   -4  0 -2 -4 -7 -2 -3 -5 -4 -7 -6  8 -5 -7 -5 -4 -4 -7 -6 -6    0   2   2   0   0   0   0   0   0   0   0  96   0   0   0   0   0   0   0   0  2.35 0.76
  240 Q   -5 -3 -4 -4 -7  9  0 -6 -4 -3 -6 -3 -4 -7 -5 -4 -5 -6 -6 -6    0   0   0   0   0  95   4   0   0   2   0   0   0   0   0   0   0   0   0   0  2.70 0.88
  241 Q   -4 -4 -5 -6 -3 -1 -5 -6 -5  2  0 -5 10 -1 -6 -5 -1 -5 -2 -2    1   0   0   0   0   2   0   0   0   9   6   0  71   3   0   0   3   0   1   1  2.01 0.68
  242 L    4 -4 -4 -5  5 -3 -1 -3 -4 -1  1 -4  6 -4 -4 -2 -3 -5 -4 -2   35   0   0   0  14   0   4   1   0   2  14   0  26   0   0   2   0   0   0   1  0.89 0.42
  243 I   -2 -5 -6 -6 -3 -5 -5 -5 -6  6  0 -5  5 -3 -5 -5 -3 -5 -4  4    2   0   0   0   0   0   0   1   0  50   5   0  17   0   0   0   0   0   0  24  1.25 0.46
  244 V    4 -3 -2 -3  5 -2 -3  1 -3  0 -3 -3  1 -3 -3  1 -2 -4 -3 -1   42   1   1   0  12   2   1  11   0   5   1   1   5   0   0  12   1   0   0   4  0.56 0.28
  245 A    4 -4 -3 -4 -4 -4 -4  5 -4 -5 -5 -4 -4 -5 -3  2 -1 -5 -5 -4   41   0   0   0   0   0   0  39   0   0   0   0   0   0   0  16   3   0   0   0  1.06 0.44
  246 D   -3 -3 -1  6 -6 -4 -2  5 -4 -4 -6 -4 -5 -2 -5 -3 -3 -6 -5  0    0   1   1  43   0   0   0  43   0   1   0   0   0   2   0   0   1   0   0   8  1.27 0.48
  247 F   -5 -1 -6 -6 -4 -4 -6 -6 -4 -1  2 -5  4  8 -6 -5 -5 -3  1 -2    0   5   0   0   0   0   0   0   0   2  19   0  11  58   0   0   0   0   3   1  1.49 0.51
  248 E   -3  0 -2  4 -6  0  5  1 -3 -6 -6  1 -3 -6 -2 -3 -4 -6 -5 -5    0   4   1  27   0   2  47   9   0   0   0   8   0   0   2   0   0   0   0   0  1.06 0.44
  249 R   -4  8 -2 -5 -7 -2 -3 -5 -4 -6 -5  4 -5 -6 -5 -1 -4 -6 -5 -6    1  74   1   0   0   0   0   0   0   0   0  20   0   0   0   4   0   0   0   0  1.89 0.63
  250 V   -4 -6 -7 -7 -4 -6 -6 -7 -7  0 -3 -6 -2 -4 -6 -5 -4 -7 -5  8    0   0   0   0   0   0   0   0   0   1   0   0   0   0   0   0   0   0   0  98  2.23 0.73
  251 Y   -6 -6 -6 -7 -4 -6 -7 -7 -4 -4 -3 -6  0  9 -7 -6 -6 -2  5 -4    0   0   0   0   0   0   0   0   0   0   0   0   2  77   0   0   0   0  20   0  2.45 0.71
  252 E   -3 -4 -4 -2  2 -2  7 -5 -4 -6 -6 -3 -4 -6 -4 -2  0 -6 -5 -5    1   0   0   0   5   0  84   0   0   0   0   0   0   0   0   2   6   0   0   0  1.85 0.66
  253 I   -3 -6 -6 -6 -3 -5 -6 -6 -6  7 -1 -5 -2 -3 -5 -4 -1 -6 -4  4    1   0   0   0   0   0   0   0   0  63   0   0   0   0   0   0   4   0   0  29  1.50 0.52
  254 G    3 -5 -4 -4 -5 -4 -5  7 -4 -6 -6 -4 -5 -6 -5 -2 -4 -5 -6 -5   21   0   0   0   0   0   0  75   0   0   0   0   0   0   0   2   0   0   0   0  1.72 0.56
  255 P    0 -5 -3 -5 -6 -2 -4 -5  3 -6 -6 -4 -4 -5  8 -2 -4 -7 -3 -5    8   0   1   0   0   1   0   0   7   0   0   0   1   0  78   2   0   0   1   0  2.27 0.68
  256 V    1 -5 -6 -6  1 -5 -5 -5 -6  3 -2 -5 -2 -4 -5 -4 -3 -6 -4  6   11   0   0   0   3   0   0   0   0  15   0   0   0   0   0   0   0   0   0  69  1.34 0.50
  257 F   -5 -6 -6 -6 -5 -6 -6 -6 -4 -4 -3 -6 -3  9 -6 -5 -5  0  5 -4    0   0   0   0   0   0   0   0   0   0   0   0   0  80   0   0   0   1  16   0  2.44 0.69
  258 R   -5  8 -4 -5 -7 -3 -4 -6 -4 -7 -6 -1 -5 -6 -2 -4 -5 -6 -5 -6    0  96   0   0   0   0   0   0   0   0   0   0   0   0   2   0   0   0   0   0  2.60 0.78
  259 A    7 -5 -5 -5 -4 -3 -4 -3 -5 -5 -5 -4 -4 -6 -2 -1 -2 -6 -5 -4   94   0   0   0   0   0   0   0   0   0   0   0   0   0   2   2   1   0   0   0  1.85 0.66
  260 E   -4 -4 -3 -1 -7  0  8 -6 -4 -6 -4 -3 -5 -7 -5 -4 -4 -6 -6 -6    0   0   1   1   0   2  93   0   0   0   2   0   0   0   0   0   0   0   0   0  2.20 0.73
  261 N   -3 -2  5  3 -5  0  3 -3  2 -5 -2  2 -4 -4 -1 -2 -3 -5 -4 -4    1   1  29  17   0   2  23   0   4   0   4  14   0   0   3   1   0   0   0   0  0.73 0.34
  262 S   -3 -4 -3 -4 -5 -3 -3 -2  8 -6 -6 -4 -5 -5 -5  6 -1 -6 -3 -5    0   0   0   0   0   0   1   3  38   0   0   0   0   0   0  55   2   0   0   0  1.71 0.63
  263 N   -2 -3  8  1 -6 -3 -3 -3  3 -6 -5 -3 -5  0 -2 -2 -3 -3 -1 -6    2   0  71   8   0   0   0   0   6   0   1   0   0   4   2   1   0   0   2   0  1.62 0.58
  264 T   -4 -5 -4 -5 -4 -4 -4 -4 -5 -2 -5 -4 -4 -6 -5  0  8 -6 -5 -4    0   0   0   0   0   0   0   1   0   3   0   0   0   0   0   4  91   0   0   0  2.12 0.74
  265 H   -2  1  1 -3 -5 -2 -3 -3  8 -4 -3  0 -3 -4  2  0  1  0  0 -2    2   9   6   0   0   0   0   1  38   0   2   4   0   0  10   7  10   2   3   4  0.84 0.37
  266 R   -5  8 -4 -5 -7 -3 -4 -6 -4 -6 -6  0 -5 -6 -6 -4 -2 -6 -3 -6    0  93   0   0   0   0   0   0   0   0   0   3   0   0   0   0   2   0   1   0  2.45 0.75
  267 H   -5 -4 -3 -5 -7 -3 -2 -3 11 -7 -7 -5 -5 -5 -6 -5 -6 -6  0 -7    0   0   0   0   0   0   2   2  92   0   0   0   0   0   0   0   0   0   3   0  3.37 0.90
  268 M   -4 -5 -6 -5 -4 -4 -6 -6 -5  0  6 -5  5 -3 -6 -5 -4 -5 -4 -1    0   0   0   1   0   0   0   0   0   3  80   0  13   0   0   0   0   0   0   2  1.50 0.53
  269 T   -3 -4  6 -3  6 -4 -4 -4 -4 -3 -5 -4 -4 -5 -5  0  5 -6 -5 -4    1   0  38   0  15   0   0   0   0   1   0   0   0   0   0   4  40   0   0   0  1.39 0.54
  270 E   -4 -4 -4 -2 -7 -2  8 -6 -4 -7 -6 -3 -6 -7 -5 -4 -4 -6 -6 -6    0   0   0   0   0   0  98   0   0   0   0   0   0   0   0   0   0   0   0   0  2.44 0.78
  271 F    1 -5 -5 -6 -5 -5 -5 -5 -3 -4 -3 -5 -3  8 -6 -4 -5 -2  6 -3   14   0   0   0   0   0   0   0   0   0   0   0   0  56   0   0   0   0  27   1  1.78 0.58
  272 T   -3 -4 -3 -4 -4 -4 -4 -5 -2  3 -2 -4  0 -4 -4 -2  6  1 -4  3    0   0   0   0   0   0   1   0   1  20   1   0   1   0   0   1  50   2   0  22  1.03 0.45
  273 G   -2 -4 -1 -4 -1 -4 -4  6 -4 -6 -6 -4 -3 -6 -4  4 -3 -5 -5 -5    0   0   2   0   2   0   0  55   0   0   0   0   1   0   0  39   0   0   0   0  1.40 0.52
  274 L   -3 -5 -6 -6 -4 -5 -5 -6 -5  3  5 -5  3 -1 -5 -5 -4 -2 -2  0    1   0   0   0   0   0   0   0   0  17  68   0   7   1   0   0   0   0   1   4  1.17 0.43
  275 D   -5 -5 -1  8 -7 -4 -2 -5 -5 -7 -7 -4 -6 -7 -5 -4 -5 -8 -6 -7    0   0   2  96   0   0   0   0   0   0   0   0   0   0   0   0   0   0   0   0  2.64 0.77
  276 M   -1 -4 -5 -5 -2 -4 -5 -3 -4  3  3 -4  3  4 -5 -3 -3 -3 -2  2    4   0   0   0   1   0   0   2   0  19  32   0   7  20   0   1   1   0   0  13  0.66 0.29
  277 E   -4 -4 -4 -2 -7 -2  8 -6 -4 -7 -6 -3 -6 -7 -5 -4 -4 -6 -6 -6    0   0   0   0   0   0  98   0   0   0   0   0   0   0   0   0   0   0   0   0  2.44 0.78
  278 M   -2 -4 -5 -6 -5 -3 -5 -4 -5  0 -1 -1 10 -2 -6 -2 -3 -5 -4  0    3   1   0   0   0   0   0   1   0   3   2   4  76   1   0   2   1   0   0   5  2.14 0.71
  279 A    3 -2 -2 -3 -2 -1  2  2 -3 -3 -4 -2 -3 -4 -3  2  2 -4 -4 -1   30   2   0   0   1   1  13  19   0   0   0   0   0   0   1  14  14   0   0   4  0.48 0.28
  280 F   -5 -5 -6 -6 -5 -5 -6 -6 -4  4 -1 -6 -1  7 -6 -5 -4  0  3 -2    0   0   0   0   0   0   0   0   0  29   2   0   1  56   0   0   0   1   9   0  1.63 0.53
  281 E    0  0  0  0  0  1  1 -3 -1  3 -2  2 -1 -2 -3 -1 -1 -4 -1  0    7   4   5   5   2   5  12   0   2  25   1  17   1   2   0   3   3   0   2   4  0.18 0.17
  282 E   -3 -1  1  4 -4  0  4 -3  2 -5 -5  1 -3 -3 -3  0 -1 -2  1 -4    1   2   5  28   0   3  31   1   6   0   0   7   0   1   0   5   3   0   6   0  0.67 0.31
  283 H   -3 -3  1  3 -5 -1 -2 -1  9 -6 -5 -3 -4 -5 -4  1 -2 -5 -2 -5    1   0   7  20   0   1   1   5  48   0   0   1   0   0   0  13   3   0   0   0  1.42 0.50
  284 Y   -3 -3 -4 -4 -4 -3  1 -4  0 -3 -3 -3  1  3 -3 -3 -3 -1  8 -2    1   1   1   1   0   1  11   1   2   1   1   1   3  12   1   1   1   0  59   2  1.45 0.46
  285 H   -3 -1  1 -1 -5 -1  2 -4  8 -3 -2  0 -1  0 -4 -1  0 -4  2 -3    1   2   7   2   0   1  17   1  38   1   4   4   2   4   0   3   6   0   6   1  0.81 0.35
  286 E   -4 -4 -2  5 -6 -2  6 -3 -3 -6 -6 -2 -5 -6 -4 -3 -4 -6 -5 -6    0   0   1  31   0   0  64   2   0   0   0   1   0   0   0   0   0   0   0   0  1.67 0.59
  287 V    1 -5 -4 -6 -2 -5 -5 -5 -5  3  0 -5  0 -3 -5 -3 -2 -5 -4  6   14   0   1   0   1   0   0   0   0  12   8   0   1   0   0   0   1   0   0  61  1.04 0.43
  288 L   -4 -3 -6 -6  2 -4 -5 -6 -5  2  3 -5  8 -2 -6 -5 -3 -5 -4  2    0   1   0   0   4   0   0   0   0   8  29   0  46   1   0   0   0   0   0  11  1.39 0.52
  289 D    0  0  1  5 -4  1  3 -3  2 -5 -4  0 -4 -4 -4  0 -2 -4 -2 -4    7   6   4  41   0   4  17   1   4   0   1   6   0   0   0   5   1   0   1   0  0.74 0.33
  290 T   -2 -4 -4 -5 -3 -3 -2 -5 -4  2  3 -4  5  2 -5 -3  0 -4 -1  3    1   0   0   0   0   0   4   0   0  10  23   0  19  11   0   0   7   0   1  24  0.62 0.30
  291 L    0 -4 -4 -4  0 -3  2 -4 -4  3  3 -3  0 -1 -4 -3 -2 -4 -2  1    6   0   0   0   2   0  19   0   0  20  37   0   1   1   0   0   2   0   1  10  0.52 0.29
  292 S    0 -3 -2  4 -5 -1  5 -1  1 -4 -5 -2 -3 -5 -4 -1  1 -5 -1 -4    6   0   1  23   0   1  44   6   3   1   0   0   1   0   0   3  10   0   2   0  0.82 0.38
  293 E    0  2  2  2 -3  0  2  2 -1 -4 -4  0 -3 -5 -3  0 -2 -5 -3 -4    7  12  12  14   0   3  16  20   1   1   0   6   0   0   0   7   0   0   0   0  0.41 0.22
  294 L   -2 -4 -5 -5 -1 -4 -5 -5 -4  0  4 -4  5  2 -5 -3  1 -4 -2  2    3   0   0   0   1   0   0   0   0   2  41   0  17   9   0   1  10   0   1  15  0.70 0.33
  295 F   -4 -5 -6 -6  0 -5 -5 -6 -5  2  4 -5  3  5 -5 -5 -3 -3 -1  2    0   0   0   0   2   0   0   0   0  12  37   0   6  31   0   0   0   0   0  12  0.96 0.37
  296 V    0  1 -1 -2  0  1 -2 -3 -1  1  0  3 -1 -3 -3 -2  0 -4 -1  2    6   9   2   2   2   8   0   1   1   6  11  21   1   0   0   1   7   0   1  22  0.21 0.18
  297 F    1 -1  1 -2 -4  0 -1 -3  5 -3 -4 -2 -3  3 -4  1 -1 -2  5 -3   11   3   8   2   0   3   2   0  14   0   0   2   0  15   0  14   2   0  23   0  0.59 0.31
  298 I    0 -5 -5 -5 -1 -4 -5 -3 -5  6  0 -5  4 -3 -5 -3  0 -5 -4  2   10   0   0   0   1   0   0   2   0  51   5   0  13   0   0   1   5   0   0  13  0.93 0.39
  299 F   -4 -5 -6 -6 -4 -5 -6 -5 -3  1  1 -5  2  7 -6 -4 -4 -1  4 -1    1   0   0   0   0   0   0   0   0   8  12   0   6  57   0   1   0   0  11   3  1.41 0.48
  300 S   -1  2  1  2 -4  1  2 -2 -1 -4 -4  3 -3 -5 -3  0  1 -5 -4 -3    5  11   7  13   0   4  15   2   1   0   0  24   0   0   0   7  10   0   0   1  0.44 0.24
  301 E    0 -1  0  0 -3  0  1  4  2 -3 -1  0 -2 -2 -3  0 -1 -2  1 -3    7   3   3   5   0   4  11  31   6   1   6   6   0   0   0   5   3   0   7   1  0.29 0.17
  302 L   -3 -5 -6 -6 -4 -5 -5 -6 -6  3  5 -5  0 -2 -5 -5 -3 -5 -4  4    1   0   0   0   0   0   0   0   0  14  56   0   0   1   0   0   1   0   0  26  1.08 0.41
  303 P    0  2  2 -1 -3  2  2 -2 -1 -3 -3  3 -2 -3 -2  0 -2 -4  1 -2    7  12  13   1   0  10  13   1   1   1   1  22   0   0   1   4   1   0   7   3  0.36 0.22
  304 K   -1  0  0  2 -5  1  5 -2 -3 -4 -5  3 -3 -5 -3  0  1 -5 -3 -3    5   3   3   9   0   6  37   2   0   1   0  21   0   0   0   6   7   0   1   1  0.64 0.32
  305 R   -3  4  4  0 -5  1  1 -3  3 -4 -4  2 -1 -5 -3 -1 -1 -5 -2 -4    0  27  22   4   0   4  11   0   7   1   1  13   2   0   0   3   4   0   1   0  0.62 0.30
  306 F   -3 -2  0 -5  8 -4 -3 -3  0 -3 -3 -4 -1  3 -4 -3 -3  0  6 -3    1   2   5   0  32   0   1   3   2   1   1   1   2  14   1   2   1   1  31   0  1.29 0.46
  307 A    2  1 -2 -1 -4  3  1  0 -2 -4 -4  3 -3 -4 -1  1 -1 -4 -3 -3   23   8   0   2   0  14  10   7   1   0   1  20   0   0   2  11   1   0   0   1  0.39 0.24
  308 H   -1  2  0  2 -4  1  1 -3  0 -4 -4  4 -3 -5  0  0  0 -5 -3 -3    4  11   4  11   0   4  10   1   1   1   1  35   0   0   4   7   4   0   1   1  0.48 0.25
  309 E   -2 -3 -3  0 -4  2  7 -5 -2 -6 -6 -2 -5 -3 -4 -2 -4 -6  0 -4    3   0   0   4   0   7  77   0   1   0   0   0   0   1   0   2   0   0   3   1  1.59 0.59
  310 I   -4 -4 -6 -6 -3 -5 -5 -6 -6  5  5 -4  0 -1 -5 -5 -2 -5 -4  1    0   1   0   0   0   0   0   0   0  37  53   1   1   1   0   0   2   0   0   5  1.16 0.43
  311 E    1 -1  0  2 -5  2  5 -3 -2 -4 -4  2 -4 -5 -3 -1 -3 -5 -4 -4   15   1   3  10   0   8  41   1   0   0   1  15   0   0   0   3   0   0   0   0  0.72 0.34
  312 L    1 -2 -2 -2 -3 -2 -2 -3 -3  3  2 -2  1 -2 -3 -1  2  0 -2  2   15   2   2   1   0   0   2   0   0  19  19   1   4   0   0   2  17   2   1  11  0.27 0.19
  313 V   -2 -5 -5 -5 -3 -4 -5 -5 -3  4  3 -4 -1  0 -5 -4 -2  0 -1  4    1   0   0   0   0   1   0   0   0  27  32   0   0   2   0   0   1   1   2  31  0.81 0.33
  314 R   -1  3  3  0  0  2  0  2 -2 -4 -4  2 -3 -3 -3 -1 -2 -4 -3 -4    3  21  16   3   3   9   4  20   0   0   1  16   0   1   0   2   0   0   0   1  0.49 0.25
  315 K    0  2  0 -1 -3  1  1 -2  1  0 -1  2 -1 -1 -2  0  0 -3 -1  0    6  12   4   2   0   7   8   2   4   6   5  19   1   2   1   7   4   0   2   7  0.13 0.09
  316 Q   -2  0 -1  0 -2  5  2 -2  0 -2 -3  0 -2 -1 -2  0  0 -3  0  0    2   3   3   4   1  39  10   2   2   2   2   5   1   2   1   6   5   0   4   6  0.47 0.24
  317 Y   -3 -1 -2 -3 -3 -2 -3 -3  1 -1  1 -2 -1  4 -3 -3 -2  3  6  0    2   3   2   1   0   1   1   1   3   3  12   2   1  21   1   1   2   3  34   5  0.74 0.26
  318 P   -1 -2  0 -1 -3  0  1 -2  0 -3 -3 -1 -3 -3  7  0 -2 -4 -3 -3    3   2   4   3   1   4   8   3   2   1   2   4   0   1  53   5   1   0   1   1  1.09 0.33
  319 V    1 -2 -2 -2  2 -2 -1 -2  1  0 -1 -2 -1  3 -2  1 -1 -2  0  2   11   1   1   2   4   1   3   1   5   5   5   2   1  18   1  16   1   0   2  21  0.19 0.14
  320 E   -2 -2 -1  2 -3  1  5 -1 -2  0 -2  0 -3 -3  2 -1 -1 -3 -3 -2    2   1   1   9   0   4  42   6   0   7   3   5   0   1   9   2   4   0   1   3  0.49 0.23
  321 E   -2 -2 -1  4 -4 -1  3 -2 -2 -3 -4  0 -3 -4  5 -1 -2 -4 -3 -3    2   1   2  28   0   1  21   2   1   1   1   6   0   1  28   3   1   0   1   2  0.83 0.30
  322 F   -3 -3 -3 -3 -3 -3 -2 -4 -3  2  2 -3 -1  6 -2 -3 -2 -2 -1  2    1   1   1   1   0   1   3   1   0   9  24   1   0  37   3   1   2   0   0  12  0.62 0.26
  323 K   -1  1 -2 -1 -3  1  1 -3 -2 -2 -1  4 -1 -3  0 -1  0 -3 -3  1    4   6   1   2   0   4  11   1   0   2   7  36   1   1   4   3   7   0   0  11  0.34 0.19
  324 L   -2 -3 -4 -4 -3 -3 -3 -4 -3  2  2 -3 -1  4 -3 -3 -2  6  3  1    3   1   1   1   0   1   1   1   0  10  26   2   1  19   1   1   1  10  11  10  0.56 0.22
  325 P   -2 -1 -2 -3  0 -3 -2 -3 -3 -1  3 -2 -2 -3  6 -2 -1 -2 -3 -2    2   3   2   1   2   1   1   2   0   2  28   2   0   1  43   2   3   0   1   2  0.90 0.30
  326 K   -1  0  0  2 -2  0  4 -2 -1 -2 -2  2 -2 -3  0 -1 -1 -1  0 -2    5   5   3  13   1   2  29   2   1   2   3  17   1   1   4   2   3   1   3   2  0.34 0.15
  327 D    0  0  0  2 -2  0  2  0 -1 -1 -1  0 -1 -2  1  0  0 -2 -1  0    7   4   4  14   1   4  15   5   1   4   4   5   2   2   7   6   5   1   1   9  0.10 0.04
  328 G    0 -1  0  0 -2 -1  0  2 -1 -1 -2  0 -2 -2  2  0  2 -2 -1 -1    5   3   3   5   1   2   4  21   1   3   3   6   1   1  10   7  17   0   2   3  0.19 0.09
  329 K   -2  0 -1  0 -2  0  1 -3 -2 -4 -4  4 -3 -4  5 -1 -2 -4 -3 -3    2   4   3   4   1   4  10   1   1   1   1  30   0   1  30   2   2   0   1   1  0.75 0.28
  330 M    0 -3 -2 -3 -2 -3 -1 -3 -3  3 -1 -3  1  3  1 -1  3 -3 -1  1    6   1   1   1   0   0   5   1   0  24   1   1   3  17   7   2  21   0   1   7  0.37 0.23
  331 V   -3 -2 -4 -2 -3 -3 -2 -4 -4  0  3 -1 -1 -3  6 -3 -2 -4 -3  1    1   2   0   2   0   1   2   1   0   5  32   3   1   0  37   1   1   0   0  11  0.81 0.31
  332 R   -1  6 -3 -3  0 -1 -2 -4 -2  1 -3  3 -3 -4 -4 -2 -2 -4 -3 -1    5  54   0   1   2   1   1   1   0   8   1  15   0   1   0   2   2   0   1   5  0.93 0.37
  333 L   -4 -4 -6 -6 -3 -5 -5 -6 -5  5  4 -5  1  1 -5 -5 -3 -4 -2  2    0   1   0   0   0   0   0   0   0  32  47   0   3   4   0   0   0   0   0  12  0.98 0.37
  334 T   -2  1  0 -1 -3  0  2 -4  1 -4 -4  1 -3 -5  2  0  5 -5 -3 -3    2   7   4   2   0   2  13   0   4   0   0   8   0   0  11   5  40   0   0   0  0.61 0.33
  335 Y   -5 -4 -6 -6 -5 -5 -6 -6  1 -2  0 -5 -3  7 -6 -5 -5  1  7 -3    0   0   0   0   0   0   0   0   3   2   9   0   0  45   0   0   0   2  39   0  1.78 0.57
  336 K    1  1 -1  2  0  0  1 -2 -1 -3 -2  1  1 -2  2  1  0 -3 -3 -2   16   7   2  14   2   1  11   0   1   0   1  11   5   2   8  11   5   0   0   1  0.22 0.16
  337 E   -4 -2 -3  3 -7  1  7 -5 -2 -6 -6  0 -1 -6 -4 -3 -3 -6 -5 -5    0   2   0  17   0   5  69   0   1   0   0   4   2   0   0   0   0   0   0   0  1.51 0.56
  338 G    5 -4 -4 -4  2 -4 -4  4 -4 -2 -4 -4 -3 -5 -4 -2 -3 -5 -3 -2   55   0   0   0   5   0   0  33   0   2   0   0   0   0   0   0   0   0   1   3  1.13 0.46
  339 I   -2 -2 -4 -4 -2  1 -3 -5 -1  5  1  1  0 -3 -4 -3 -2 -4 -1  3    1   1   0   0   1   9   1   0   1  38  10  10   1   0   0   0   0   0   2  24  0.63 0.31
  340 E    1  2  0  2 -4  3  4 -3 -2 -4 -3  3 -3 -5 -3 -1 -2 -5 -4 -4   14   9   3  11   0  12  26   1   0   0   1  18   0   0   0   3   1   0   0   0  0.56 0.28
  341 M   -4 -1 -5 -6 -4 -4 -5 -6 -5  4  3 -4  7 -2 -5 -4 -3 -4 -2 -1    0   4   0   0   0   0   0   0   0  28  29   1  33   1   0   0   0   0   1   1  1.16 0.45
  342 L    0 -5 -6 -6 -4 -5 -5 -6 -5  1  6 -5 -1 -2 -5 -4 -4 -5 -4  1    7   0   0   0   0   0   0   0   0   6  76   0   0   0   0   0   0   0   0  10  1.24 0.47
  343 R   -1  4  3 -1 -4  1  0 -3 -1 -2 -2  4 -3 -4 -3  0 -2 -5 -4 -3    5  27  15   1   0   5   5   1   1   3   3  25   0   1   0   5   1   0   0   2  0.53 0.27
  344 A    1 -2 -1  3 -5  0  5 -2 -3 -5 -5  1 -4 -5 -3  0 -1 -5 -4 -4   10   1   2  13   0   2  49   3   0   0   0   9   0   0   0   7   3   0   0   0  0.81 0.37
  345 A    3  0  0  1 -3 -1  1 -2  0 -2 -2  2 -2 -1 -3  0  0 -4  0 -1   29   5   5   8   0   1  11   2   3   1   3  15   0   2   0   4   5   0   3   4  0.22 0.18
  346 G   -3 -5 -1 -2 -3 -5 -4  7 -3 -5 -5 -4 -5 -3 -4 -2 -4 -4  3 -6    1   0   3   2   1   0   0  77   0   1   1   1   0   1   1   2   0   0  11   0  1.62 0.54
  347 K   -2  2  0 -2 -2 -1  2 -2  0  1 -1  1 -1 -1  0 -2 -1 -1  0  2    1  12   6   1   0   1  16   3   2   7   2   9   1   3   5   1   2   1   3  24  0.16 0.16
  348 E   -2 -1  0  3 -5  1  5 -3  2 -4 -4  3 -3 -5  1 -2 -1 -5 -4 -2    1   1   4  14   0   5  37   1   4   0   1  17   0   0   6   1   2   0   0   3  0.64 0.31
  349 I   -1 -1 -1 -2 -3  0 -1 -4 -1  3  2 -2  4 -1 -2 -2 -1 -4 -3  3    3   2   3   2   0   4   3   1   2  24  16   2  12   1   1   1   4   0   0  21  0.33 0.20
  350 G   -1  1  0  2 -3 -1  2  2 -2 -3 -4  1 -3 -4  1  2 -1 -4 -3 -2    3   7   3  10   0   1  18  15   1   1   0   9   0   0   6  19   3   0   0   4  0.30 0.19
  351 D   -2 -3  1  4 -5 -2  2 -4 -1 -4 -1 -2 -4  0  3 -2 -3  6  2 -4    2   1   8  27   0   0  16   0   1   0   6   1   0   3  15   1   0  12   7   1  0.69 0.33
  352 F   -2 -2 -1  1 -3  1  1  3 -1 -2 -1 -1  1  1  1 -2  0 -2  0 -1    1   1   2   8   0   7  11  26   1   1   8   2   5   8   6   1   5   0   3   3  0.19 0.15
  353 E   -3 -3 -1  4 -3 -1  5  2 -2 -5 -5 -2 -4 -1 -3 -2 -3 -4  2 -4    0   0   2  28   1   1  38  15   0   0   0   1   0   3   1   1   1   0   7   1  0.84 0.38
  354 D   -5 -5 -1  8 -7 -4 -2 -5 -5 -7 -7 -4 -7 -6 -5 -4 -5 -7 -1 -7    0   0   2  94   0   0   0   0   0   0   0   0   0   0   0   0   0   0   3   0  2.53 0.76
  355 L   -4 -5 -6 -6 -4 -5 -6 -6 -5  2  5 -5  4  3 -6 -5 -4 -4 -3 -2    0   0   0   0   0   0   0   0   0  12  66   0   9  12   0   0   0   0   0   0  1.24 0.46
  356 S   -2 -3  3  2 -1 -2  1  1 -1 -5 -5 -3 -4 -5 -1  4  1 -5 -4 -4    1   0  15  13   2   0   8   9   1   0   0   0   0   0   3  40   7   0   0   0  0.66 0.35
  357 T   -2  0 -1 -4 -4 -4 -4 -3 -4 -1 -4 -3 -4 -5  3 -1  6 -6 -5 -2    2   5   2   0   0   0   0   2   0   3   1   0   0   0  17   2  64   0   0   1  1.24 0.53
  358 E    1  1 -3  0 -5  0  5 -4 -3 -5 -4 -1 -4 -4  4 -2 -1 -5 -5 -4   12   7   0   3   0   2  48   0   0   0   1   1   0   1  19   2   3   0   0   1  0.90 0.41
  359 N    2 -2  3  2 -4  2  1  2 -1 -3 -3 -2  2 -4 -3  0 -1 -4 -3 -3   18   0  15  11   0  10  11  15   1   1   2   0   6   0   0   6   2   0   0   1  0.36 0.23
  360 E   -4 -4 -3 -2 -7  0  8 -6 -4 -6 -3 -3 -5 -7 -5 -4 -4 -6 -6 -6    0   0   0   0   0   2  93   0   0   0   3   0   0   0   0   0   0   0   0   0  2.18 0.74
  361 K   -2  4 -3 -4 -5 -1 -1 -5  1  0 -3  6 -2 -5 -4 -3 -3 -5 -4 -1    2  21   0   0   0   2   1   0   4   7   2  54   1   0   0   0   0   0   0   4  1.00 0.43
  362 F    2  2 -3 -3 -2  1 -2 -3 -2  1  3  1  0  0 -3 -2 -1 -2 -2 -1   19  11   1   0   0   6   2   0   1   7  30  12   2   4   0   1   3   1   0   3  0.23 0.19
  363 L   -4 -5 -6 -6 -4 -5 -6 -6 -6  3  6 -5  1  0 -6 -5 -4 -4 -4  0    0   0   0   0   0   0   0   0   0  16  74   0   2   3   0   0   0   0   0   4  1.31 0.47
  364 G   -2 -6 -4 -5  3 -5 -5  7 -1 -7 -7 -5 -6 -6 -5 -2 -5 -6 -5 -6    2   0   0   0   7   0   0  86   2   0   0   0   0   0   0   2   0   0   0   0  2.01 0.62
  365 K    0  3 -1  1 -5  3  4 -3 -2 -5 -4  3 -3 -5 -3 -1 -3 -5 -4 -4    7  18   2   6   0  14  25   1   0   0   0  23   0   0   0   3   0   0   0   0  0.68 0.32
  366 L   -3 -3 -4 -1 -4 -3 -1 -5  0  3  3 -3  0  0 -5 -3 -3  1  5  0    1   1   0   4   0   0   5   0   2  19  37   1   1   1   0   0   1   2  20   4  0.60 0.30
  367 V    0 -5 -5 -5 -3 -4 -5 -5 -5  3 -1 -5  3  1 -5 -4 -3 -5 -2  6    9   0   0   0   0   0   0   0   0  19   1   0   9   5   0   0   0   0   1  55  1.01 0.42
  368 R   -1  3 -3 -3 -5 -1 -1  1  1 -4 -1  6 -2 -3 -4 -2 -3 -5 -2 -4    3  17   0   0   0   1   3   9   3   0   6  51   1   1   0   1   0   0   1   1  0.80 0.37
  369 D    0 -1 -1  0 -5  1  6 -3 -3 -4 -4  1 -4 -5 -3 -2 -1 -4 -4 -4    9   3   2   3   0   4  61   1   0   0   1   9   0   0   0   1   3   0   0   1  1.02 0.41
  370 K   -2  1  0 -2 -4  0  2 -3 -2 -3 -3  6 -2 -4 -3 -2  0 -4 -3 -3    1   4   4   1   0   2  11   1   1   1   2  59   1   1   1   1   5   0   0   2  0.90 0.36
  371 Y   -3 -2 -3 -4 -2 -3 -2 -3  2 -3 -1 -3 -1  3 -4 -3 -2  2  8 -3    2   2   1   1   1   1   3   2   5   1   5   1   1   8   1   1   3   2  59   1  1.35 0.44
  372 D   -2 -2  3  4 -4 -1 -1  4  1 -4 -4  0 -3 -3 -3 -2 -2 -4 -3 -4    1   1  17  27   0   2   2  31   3   1   2   6   0   1   1   1   1   0   0   1  0.68 0.27
  373 T    0 -3 -2 -1 -1 -1 -1 -3 -2 -2 -3 -2 -3 -4 -2  3  6 -4 -3  0    6   1   1   3   1   2   3   1   1   2   1   1   0   0   1  19  50   0   1   6  0.72 0.34
  374 D   -4 -4 -2  7 -5 -2  2  0 -2 -5 -5 -3 -5 -5 -2 -2 -4 -6 -4 -5    1   0   0  73   0   1  10   7   1   0   1   0   0   0   1   2   0   0   1   0  1.62 0.52
  375 F   -5 -5 -6 -6 -5 -5 -6 -6  3 -2  0 -6 -1  8 -6 -5 -5 -2  5 -4    1   0   0   0   0   0   0   0   7   2   8   0   1  64   0   0   0   0  18   0  1.85 0.58
  376 Y   -5 -5 -6 -7 -4 -5 -6 -7 -2  0 -3 -5 -4  4 -6 -5 -5 -2  9  2    0   0   0   0   0   0   0   0   0   4   1   0   0  14   0   0   0   0  65  16  1.96 0.64
  377 I   -3 -5 -6 -6 -3 -5 -6 -6 -5  5 -2 -5  2  6 -6 -4 -3 -1 -1  3    1   0   0   0   0   0   0   0   0  32   0   0   5  41   0   0   1   1   0  17  1.21 0.45
  378 L   -3 -5 -6 -6 -2 -5 -5 -6 -5  5  4 -5  1 -2 -5 -4 -3 -5 -4  2    0   0   0   0   0   0   0   0   0  32  49   0   2   0   0   1   0   0   0  15  1.05 0.40
  379 D   -3 -4 -1  5  1 -3 -1 -4  2 -1 -4 -2 -4 -4 -4 -2  4 -5  0 -1    1   0   2  41   3   0   2   0   5   5   1   2   0   0   0   0  32   0   3   4  0.89 0.41
  380 K   -3  3  0  2 -5  0  1 -2  5 -5 -5  5 -3 -5 -4 -2 -3 -5 -3 -5    1  15   4  13   0   2   9   2  13   0   0  39   0   0   0   1   0   0   0   0  0.82 0.36
  381 F   -5 -6 -6 -7 -6 -5 -6 -6 -3 -4 -2 -6 -4  7 -3 -5 -5  8  7 -4    0   0   0   0   0   0   0   0   0   0   2   0   0  39   1   0   0  18  39   0  2.09 0.63
  382 P   -4 -6 -6 -5 -7 -5 -5 -6 -4 -7 -7 -5 -6 -7  9 -2 -5 -7 -5 -6    0   0   0   0   0   0   0   0   0   0   0   0   0   0  96   2   0   0   0   0  3.10 0.85
  383 L    1  0 -2 -3 -2 -2  0 -3 -3 -1  2 -1  2 -3 -3  3  2  2 -3 -1   10   7   0   0   1   0   6   1   0   1  22   3   6   0   0  24  13   3   0   4  0.25 0.21
  384 E    3 -1  0  0 -2 -1  3 -1 -2 -3 -4  1 -3 -4 -3  2  0 -5 -4 -2   31   2   4   3   1   1  20   3   0   1   1   9   0   0   0  19   3   0   0   1  0.44 0.27
  385 I    2 -3 -2 -4 -1 -3 -3 -4 -4  3 -1  2 -1 -3 -4 -2 -1 -4 -1  3   23   0   2   0   1   0   1   0   0  21   3  15   0   0   0   1   2   0   2  28  0.46 0.28
  386 R   -4  8 -4 -5 -7  0 -3 -5 -4 -6 -6  3 -5 -6 -3 -4 -4 -6 -5 -6    1  81   0   0   0   3   0   0   0   0   0  13   0   0   1   0   0   0   0   0  2.04 0.66
  387 P   -2 -6 -2 -5 -6 -3 -5 -6 -6 -6 -7 -5 -6 -7  9 -3 -5 -7 -7 -6    2   0   2   0   0   1   0   0   0   0   0   0   0   0  93   2   0   0   0   0  2.92 0.81
  388 F   -5 -6 -6 -7 -6 -6 -6 -6 -5 -4 -3 -6  3  9 -7 -3 -5 -1  1 -4    1   0   0   0   0   0   0   0   0   0   0   0   8  86   0   2   0   0   2   0  2.45 0.72
  389 Y   -6 -6 -6 -7  0 -5 -3 -7 -2 -5 -5 -6 -5 -1 -7 -6 -5 -2 10 -5    0   0   0   0   2   0   2   0   0   0   0   0   0   0   0   0   0   0  95   0  3.12 0.89
  390 T    3 -4 -3 -4 -4 -4 -4 -4 -2  1 -4 -4 -3 -5 -4 -1  6 -5 -4 -1   21   0   0   0   0   0   0   0   1   9   0   0   0   0   0   3  62   0   0   3  1.19 0.51
  391 M   -3 -3 -5 -6 -4 -1 -5 -6  0 -3 -1  1 10 -3 -6 -4 -4 -5 -1 -3    1   1   0   0   0   3   0   0   3   0   3   8  76   0   0   1   0   0   3   0  2.19 0.72
  392 P   -1 -1 -2  2 -5 -2  0 -4 -4 -4 -3  0 -4 -5  7 -3 -3 -6 -3 -3    4   4   2  10   0   1   6   0   0   1   3   5   0   0  60   1   1   0   1   2  1.40 0.47
  393 D   -3 -3  0  6  5 -3 -2 -4  1 -5 -4  1 -4 -2 -4 -1 -3 -4  2 -4    2   1   4  49  15   0   0   1   3   0   2   8   0   2   0   3   1   0   9   1  1.01 0.41
  394 P   -1 -2 -2  2 -5 -2  2 -2 -1 -4 -5  0 -4 -4  6  0 -3 -4 -2 -4    6   1   1  10   0   0  15   3   2   0   0   7   0   1  44   7   0   0   2   1  0.99 0.37
  395 A   -1 -1  3  4 -5  0  4 -2  0 -4 -5  0 -4 -4 -3  0 -1 -5 -3 -2    5   2  12  29   0   3  27   2   3   0   0   4   0   0   0   4   4   0   0   3  0.64 0.29
  396 N   -4 -1  5  6 -5 -3  0 -1 -3 -4 -6 -1 -5 -6 -4 -1 -2 -6 -5 -5    1   3  27  53   0   0   4   3   0   1   0   3   0   0   0   2   2   0   0   0  1.28 0.46
  397 P   -2 -2 -2  0 -5 -2  1 -2 -4 -5 -5  0 -4 -5  7  0 -1 -5 -5 -3    3   2   2   4   0   1   8   3   0   0   1   6   0   0  59   5   3   0   0   1  1.38 0.45
  398 K   -1  3  1 -1 -4  0  2 -1 -1 -3 -2  3 -2 -2 -3  0  1 -4 -3 -2    4  21   8   2   0   3  16   3   1   0   3  21   1   1   0   5   8   0   0   3  0.36 0.21
  399 Y   -3 -3 -3 -4 -4 -1 -2 -3 -2  2  1 -2  0  4 -4 -2 -2  4  5  1    1   1   1   0   0   2   2   2   0  11  15   2   1  16   0   2   1   5  27  10  0.57 0.27
  400 S   -1 -4 -1 -4  4 -3 -4 -4 -3 -4 -3 -3 -4 -5 -4  5  5 -6 -5 -4    3   0   2   0   7   0   0   0   0   0   1   0   0   0   0  47  39   0   0   0  1.20 0.52
  401 N   -3  1  6 -1 -1 -2 -2 -4  2 -4  0  2 -3 -3 -4 -2 -1 -5  0 -4    0   8  50   2   1   1   1   0   4   0  10  13   0   1   0   0   4   0   3   0  0.89 0.41
  402 S    2 -3 -3 -4 -4 -3 -3  0 -4 -5 -5 -2 -5 -6 -4  6 -1 -6 -5 -5   14   1   0   0   0   0   0   5   0   0   0   1   0   0   0  77   1   0   0   0  1.42 0.59
  403 Y   -4 -6 -6 -7 -6 -6 -6 -7 -3 -4 -3 -6 -4  8 -7 -6 -5 -2  7 -4    1   0   0   0   0   0   0   0   0   0   0   0   0  62   0   0   0   0  37   0  2.38 0.70
  404 D   -5 -5 -2  8 -7 -4 -2 -5 -1 -7 -7 -2 -7 -7 -5 -4 -4 -8 -7 -6    0   0   0  96   0   0   0   0   1   0   0   2   0   0   0   0   0   0   0   0  2.59 0.77
  405 F   -3 -5 -6 -6 -3 -4 -5 -5 -5  2  4 -5  5  5 -5 -5 -4 -3 -2  1    0   0   0   0   0   0   0   0   0  11  39   0  18  23   0   0   0   0   0   7  0.99 0.39
  406 F   -4 -5 -5 -3 -5 -1 -3 -6 -4  1  2 -5  5  7 -6 -5 -4 -3  1 -2    0   0   0   1   0   3   2   0   0   8  18   0  16  50   0   0   0   0   3   0  1.26 0.46
  407 M   -3 -4 -5 -5 -3 -4 -5 -5  3  2  1 -4  6  4 -5 -4 -3 -3  4  0    1   0   0   0   0   0   0   0   8  14  12   0  28  15   0   0   0   0  16   6  0.91 0.39
  408 R   -4  7 -1 -4 -6 -2 -3 -2 -1 -6 -5  3 -4 -6  1 -4 -4 -6 -5 -5    0  72   2   0   0   0   0   3   1   0   0  14   0   0   7   0   0   0   0   0  1.66 0.58
  409 G   -3  0 -2 -1 -6 -4 -1  7 -5 -7 -7 -4 -6 -6 -5 -3 -2  0 -6 -6    0   5   1   3   0   0   4  83   0   0   0   0   0   0   0   1   2   1   0   0  1.74 0.56
  410 E   -3 -3 -3 -2 -5  4  5 -5 -3 -1  2 -2  4 -4 -4 -3 -3 -5 -4  0    0   0   0   0   0  19  39   0   0   3  22   0  10   0   0   0   0   0   0   5  0.81 0.41
  411 E   -5 -4 -4 -2 -8 -2  8 -6 -4 -7 -7 -2 -6 -7 -5 -4 -5 -7 -6 -6    0   0   0   0   0   0  98   0   0   0   0   2   0   0   0   0   0   0   0   0  2.45 0.79
  412 I   -4 -6 -6 -6 -4 -6 -6 -7 -6  8  1 -6 -2 -3 -6 -5 -4 -6 -4  2    0   0   0   0   0   0   0   0   0  80  11   0   0   0   0   0   0   0   0   8  1.80 0.58
  413 L    0 -4 -3 -4  3 -3 -3 -2 -4  1  2 -3  2 -3 -4  1  3 -4 -3  1    7   0   0   0   7   0   0   2   0   7  24   0   7   0   0  12  26   0   0   8  0.44 0.26
  414 S   -2 -4 -3 -4 -4 -4 -4 -4 -4 -5 -6 -4 -5 -6 -4  7  4 -6 -5 -5    0   0   0   0   0   0   0   0   0   0   0   0   0   0   0  78  22   0   0   0  1.70 0.66
  415 G   -3 -6 -4 -5 -6 -5 -6  8 -6 -7 -5 -5 -6 -7 -6 -4 -5 -6 -7 -7    0   0   0   0   0   0   0  99   0   0   1   0   0   0   0   0   0   0   0   0  2.49 0.71
  416 A    5 -5 -4 -4 -4 -4 -4  5 -1 -5 -5 -4 -4 -5 -4  0 -3 -5 -5 -4   53   0   0   0   0   0   0  39   2   0   0   0   0   0   0   5   0   0   0   0  1.26 0.49
  417 Q   -5 -2 -4 -4 -7  9 -1 -6 -3 -6 -6 -3 -2 -7 -5 -3 -4 -6 -5 -6    0   0   0   0   0  96   1   0   0   0   0   0   1   0   0   1   1   0   0   0  2.71 0.87
  418 R   -5  9 -4 -6 -7 -3 -4 -6 -4 -7 -6 -1 -5 -7 -6 -5 -5 -7 -6 -6    0 100   0   0   0   0   0   0   0   0   0   0   0   0   0   0   0   0   0   0  2.78 0.82
  419 I   -4 -5 -3 -5 -1 -5  1 -6 -6  7 -1 -5 -2 -3 -5 -5 -3 -6 -4  3    0   0   2   0   1   0  11   0   0  69   1   0   0   0   0   0   0   0   0  16  1.39 0.51
  420 H   -5 -4  2 -5 -7 -3 -4 -6 11 -7 -7 -5 -6 -5 -6 -3 -5 -6 -1 -7    0   0   9   0   0   0   0   0  88   0   0   0   0   0   0   2   0   0   1   0  3.18 0.86
  421 D   -4  2  1  6 -3  0  0 -4 -1 -2 -3 -1 -4 -5 -4 -2 -3 -6 -4 -1    0  12   6  56   1   3   4   0   1   3   2   3   0   0   0   2   1   0   0   5  0.98 0.40
  422 H    1 -3 -4 -5 -5 -4 -4 -5  3 -3 -4 -4 -3 -1  6 -2 -4  1  6 -2   12   1   0   0   0   0   0   0   6   1   1   0   0   1  35   3   0   2  35   3  1.25 0.48
  423 A   -1 -1  1  4 -5  1  4 -3  1 -4 -4  1 -4 -4 -2  0 -1 -5 -3 -3    5   2   7  25   0   7  30   1   3   0   0  10   0   0   2   4   2   0   0   2  0.61 0.29
  424 L   -2 -2 -3 -2 -4  0  2 -5  1  0  3 -1  4  1 -4 -2 -2 -3  1  1    1   1   0   1   0   5  15   0   3   2  31   3  16   5   0   1   2   0   4   8  0.38 0.24
  425 L   -5 -5 -7 -7 -5 -1 -6 -7 -6 -1  6 -5 -1 -3 -6 -6 -4 -5 -4 -2    0   0   0   0   0   4   0   0   0   1  94   0   0   0   0   0   0   0   0   1  1.76 0.60
  426 Q    0  0 -1 -2 -2 -1  3 -4 -3  1  0  1  1 -3 -3 -2  1 -4 -3  3    5   4   2   0   0   2  23   0   0   9  10   9   3   0   0   1   7   0   0  23  0.26 0.20
  427 E    2  0  0  1 -5  2  5 -3 -3 -5 -5  3 -4 -5 -3 -1 -2 -5 -4 -4   16   4   4   5   0   7  42   0   0   0   0  17   0   0   0   3   1   0   0   0  0.76 0.35
  428 R   -1  5  2 -3 -2  3 -1 -1 -2 -4 -5  2 -3 -5 -4  1 -2 -5 -3 -4    4  39  11   0   1  14   1   4   0   1   0  13   0   0   0  10   1   0   1   1  0.75 0.35
  429 M    2 -4 -5 -5  0 -4 -5 -5 -4  4  1 -4  7  1 -5 -3 -3 -4 -1  0   21   0   0   0   1   0   0   0   0  27  11   0  29   6   0   0   0   0   2   3  0.85 0.39
  430 K    0  3 -1 -2 -5  1  3 -3 -2 -1 -1  4 -2 -4 -3 -1 -1 -5 -3 -2    6  14   1   0   0   4  18   1   1   5   5  36   0   0   1   3   2   0   0   3  0.53 0.28
  431 A    2  1  0  1 -4  1  3 -2  3 -3 -3  2 -3 -3 -3  0 -1 -4 -1 -3   18   5   4   6   0   5  23   1   8   0   2  15   0   1   0   7   2   0   2   1  0.35 0.21
  432 H   -1  2  0 -2  3  2 -2 -4  4 -4 -2  4  0 -1 -3 -2 -3 -1 -2 -2    4  12   4   1   7   7   0   0  13   0   4  36   3   3   0   2   0   1   0   2  0.56 0.29
  433 G   -2 -4  1 -2 -4 -2 -2  7 -3 -6 -6 -2 -5 -6 -4 -3 -4 -5 -6 -5    1   1   5   2   0   2   2  80   0   0   0   3   0   0   0   1   0   0   0   1  1.65 0.52
  434 L   -3 -5 -3 -6 -4 -4 -5 -5 -5  4  4 -5  4 -1 -4 -4 -3 -4 -3  2    0   0   2   0   0   0   0   0   0  29  40   0  10   2   0   0   0   0   0  15  0.91 0.36
  435 S   -3 -3  5  6 -5 -1  0 -2  0 -5 -5 -1 -5 -5  0  0 -1 -6 -5 -4    1   0  26  45   0   1   3   2   2   0   0   3   0   0   4   6   4   0   0   1  1.00 0.39
  436 P   -2 -4 -2 -3 -4 -1 -1 -4 -4  1  0 -3 -2 -4  7 -2 -2 -5 -4  1    2   0   2   1   0   3   5   1   0   7   9   1   0   0  55   2   1   0   0  11  1.20 0.41
  437 E   -1 -2  2  4 -4  0  5 -2 -2 -4 -4  1 -3 -4 -2 -1 -2 -4 -3 -3    5   1   9  21   0   1  40   2   0   1   1   9   0   1   1   4   2   0   0   1  0.69 0.28
  438 D    0  0  1  2 -2  1  0 -1  0 -1 -1  1 -1 -2 -1  1  1 -2 -2 -1    7   2   8  15   1   6   5   4   2   2   6  12   1   1   3  11  11   0   1   3  0.13 0.06
  439 P    0  0  0  0 -1  0  1  0  0 -1 -1  0 -1 -1  2  1  0 -1 -1 -1   10   3   5   4   1   5   9   7   2   4   7   5   1   3  10  10   6   1   2   5  0.07 0.01
  440 G    0 -1  0 -1 -2 -1 -1  3 -2 -2 -1  0 -1 -2  0  2  0 -2 -2 -2    6   2   4   2   1   2   2  28   1   2   6   4   1   1   5  24   5   0   1   2  0.28 0.12
  441 L   -4 -5 -5 -6 -3 -5 -5 -6 -4  4  2 -5  5  6 -5 -5 -3 -3  0 -1    0   0   0   0   1   0   0   0   0  25  16   0  15  39   0   0   1   0   2   1  1.14 0.42
  442 K    0  0 -1  0 -5  2  4 -2 -2 -4 -4  4 -2 -5 -3  0 -2 -5 -2 -4    9   2   2   5   0   9  34   2   0   0   0  26   1   0   0   6   1   0   1   0  0.63 0.31
  443 D    0 -2  0  3 -3  0  1 -1  0 -3 -3 -2 -3  3 -1  1  0 -1  2 -3   10   1   4  18   0   3  12   4   2   0   0   0   0  16   2  15   5   1   7   0  0.30 0.20
  444 Y   -6 -6 -6 -7 -7 -6 -6 -7 -2 -5 -5 -6 -5  0 -7 -6 -6 -2 10 -5    0   0   0   0   0   0   0   0   0   0   0   0   0   1   0   0   0   0  99   0  3.34 0.92
  445 C   -3 -5 -5 -6 -1 -4 -4 -6 -5  4  4 -5  1 -2 -5 -4  0 -4 -3  3    0   0   0   0   1   0   0   0   0  29  44   0   3   0   0   0   6   0   0  16  0.90 0.35
  446 D   -1 -1  2  5 -5  0  3 -2 -2 -4 -5  1  0 -5 -4 -1 -1 -4 -4 -5    4   3  12  41   0   4  16   2   0   0   0   9   3   0   0   4   2   0   0   0  0.76 0.32
  447 G    4 -3 -2 -3 -1 -3 -3  0 -4  0 -2 -3  1 -1 -1  2  1 -1 -3  0   41   0   1   0   1   0   0   8   0   6   1   0   4   3   2  20   7   1   0   6  0.45 0.28
  448 F   -6 -7 -7 -7 -6 -7 -7 -7  1 -3 -3 -7 -3  9 -7 -6 -6 -3 -1 -5    0   0   0   0   0   0   0   0   4   0   0   0   0  96   0   0   0   0   0   0  2.88 0.78
  449 S   -2  6 -3 -1 -6  0  1 -4 -3 -6 -5  5 -4 -6 -4 -2 -2 -6 -5 -5    2  47   0   3   0   2   7   0   0   0   0  36   0   0   0   2   2   0   0   0  1.29 0.48
  450 Y   -2 -4 -4 -5 -3  0 -4 -5  3 -3  0 -4 -2  3 -5 -4 -4  5  8 -4    4   0   0   0   0   4   0   0   6   1   8   0   1   9   0   0   0   6  58   0  1.55 0.52
  451 G   -3 -5 -4 -5 -6 -5 -5  7 -5 -7 -7 -5 -6 -6 -5 -3 -5 -6 -6 -6    1   0   0   0   0   0   0  96   0   0   0   0   0   0   0   1   0   0   0   0  2.34 0.66
  452 C    3 -4 -5 -5  7 -4 -4 -4 -5 -2 -1 -4  7 -4 -4 -1 -2 -5 -4  0   30   0   0   0  22   0   0   1   0   1   2   0  33   0   0   3   1   0   0   7  1.17 0.47
  453 P   -2 -5 -5 -5 -6 -4 -4 -5 -5 -6 -4 -4 -2 -4  8 -1 -4  1  0 -5    3   0   0   0   0   0   0   1   0   0   2   0   1   1  81   5   0   2   4   0  2.29 0.66
  454 P   -3 -4 -5 -5 -6 -2 -5 -6 -4 -6 -5 -3 -6 -7  9 -4 -5 -7 -6 -6    2   1   0   0   0   2   0   0   0   0   1   1   0   0  92   0   0   0   0   0  2.87 0.77
  455 H   -5 -4 -3 -5 -7 -3 -3 -6 11 -7 -4 -5 -5 -5 -6 -5 -6 -6 -2 -7    0   0   0   0   0   0   1   0  96   0   2   0   0   0   0   0   0   0   0   0  3.53 0.90
  456 A    5 -4 -4 -4 -4 -4 -4  5 -4 -4 -5 -4 -4 -5 -4 -1 -3 -5 -5 -4   46   0   0   0   0   0   0  50   0   1   0   0   0   0   0   2   0   0   0   0  1.34 0.48
  457 G   -3 -6 -4 -5 -6 -5 -5  8 -5 -7 -7 -5 -6 -6 -5 -4 -5 -6 -6 -6    0   0   0   0   0   0   0  98   0   0   0   0   0   0   0   0   0   0   0   0  2.43 0.68
  458 G    1 -5 -4 -5  5 -4 -5  3 -4 -3  1 -4 -3  3 -5 -2 -3  7 -2 -2   10   0   0   0  13   0   0  28   0   1  13   0   0  16   0   1   0  16   0   2  0.85 0.34
  459 G    1 -5 -3 -4 -5 -5 -5  7 -5 -6 -6 -4 -5 -6 -5 -2 -4 -5 -6 -6   10   0   0   0   0   0   0  85   0   0   0   0   0   0   0   3   0   0   0   0  1.93 0.57
  460 I   -3 -5 -5 -5 -3 -5 -5 -6 -5  6  3 -5  1  0 -4 -4 -2 -4 -3  2    1   0   0   0   0   0   0   0   0  55  23   0   2   4   1   0   1   0   0  11  1.06 0.38
  461 G   -3 -5 -4 -5 -6 -5 -5  7 -5 -7 -7 -5 -6 -6 -5 -4 -5 -6 -6 -6    0   0   0   0   0   0   0  98   0   0   0   0   0   0   0   0   0   0   0   0  2.41 0.66
  462 L    0 -5 -6 -6  0 -5 -5 -3 -5 -1  6 -5  2 -2 -4 -4 -4 -4 -3 -1    8   0   0   0   2   0   0   2   0   1  77   0   5   0   1   1   0   0   0   3  1.14 0.44
  463 E   -4 -3  0  2 -7 -1  7 -4 -3 -7 -6 -3 -5 -7 -4 -3 -3 -6 -5 -6    0   0   3  11   0   1  84   0   0   0   0   0   0   0   0   0   1   0   0   0  1.89 0.64
  464 R   -5  9 -4 -5 -7 -3 -4 -6 -4 -7 -6 -1 -5 -7 -6 -4 -5 -7 -5 -6    0 100   0   0   0   0   0   0   0   0   0   0   0   0   0   0   0   0   0   0  2.73 0.79
  465 V   -3 -5 -6 -6 -3 -5 -5 -6 -5  3  3 -5  0  2 -5 -4 -3 -4 -3  4    0   0   0   0   0   0   0   0   0  19  34   0   1   8   0   0   0   0   0  38  0.93 0.36
  466 V   -1 -5 -4 -5 -2 -4 -5 -5 -5  1  1 -4  1 -3 -5 -3  3 -5 -4  5    3   0   1   0   0   0   0   0   0   5  14   0   2   0   0   0  22   0   0  53  0.90 0.39
  467 M    0 -4 -5 -6 -3  0 -4 -5 -4 -2 -2  0 10  0 -5 -2 -2 -5  0 -3    8   0   0   0   0   5   1   0   0   0   1   6  68   4   0   2   2   0   4   0  1.75 0.63
  468 F   -1  0 -2 -4 -2  1 -3 -4 -3  0  3  1  0  2 -4 -2  1  4 -2 -1    4   4   1   0   1   8   0   0   0   2  38  11   1  11   0   2   9   5   0   3  0.35 0.23
  469 Y   -4 -5 -5 -6 -4 -4 -5 -6 -3  1  2 -5  5  5 -6 -4 -4  2  5 -2    0   0   0   0   0   0   0   0   0   9  21   0  17  26   0   0   0   2  23   0  1.07 0.40
  470 L   -3 -5 -6 -6  4 -5 -6 -5 -5 -1  6 -5  0  1 -6 -5  0 -4 -3 -2    1   0   0   0   8   0   0   0   0   1  78   0   1   5   0   0   6   0   0   0  1.27 0.47
  471 D   -1 -4  3  2 -3 -2  0  6 -3 -6 -6  0 -5 -6 -4 -2 -3 -5 -5 -5    3   0  16  12   0   1   5  55   0   0   0   6   0   0   0   1   0   0   0   0  1.06 0.39
  472 L   -3 -4 -6 -5 -2 -1 -1 -6 -5  1  6 -4  1 -1 -5 -4 -3 -4 -4  0    1   0   0   0   1   2   6   0   0   5  78   0   2   2   0   0   1   0   0   3  1.14 0.44
  473 K   -2 -2  2  3 -3  0  2  2  1 -5 -5  1 -4 -4  3  0 -1 -5 -3 -4    1   0   9  17   0   3  12  19   4   0   0  10   0   0  16   5   2   0   0   0  0.51 0.24
  474 N   -5 -4  8  2 -6 -3 -3 -4 -3 -7 -7 -4 -6 -7 -5  0 -3 -7 -6 -6    0   0  84  10   0   0   0   0   0   0   0   0   0   0   0   6   1   0   0   0  2.21 0.68
  475 I   -4 -6 -6 -6 -3 -6 -6 -7 -6  7 -1 -6 -2 -3 -6 -5 -3 -6 -4  5    0   0   0   0   0   0   0   0   0  63   0   0   0   0   0   0   0   0   0  36  1.65 0.54
  476 R   -4  8 -4 -5 -7 -1 -3 -6  2 -7 -6  0 -5 -6 -6 -4 -5 -6 -5 -6    1  91   0   0   0   1   0   0   5   0   0   2   0   0   0   0   0   0   0   0  2.34 0.70
  477 R   -3  1  0  0 -2  1  4 -4  0 -2  1  3 -1 -3 -4 -2 -3 -1  1 -3    0   6   4   3   1   5  36   0   2   2  16  18   1   0   0   0   0   1   5   0  0.49 0.28
  478 A    5 -4 -4 -4  2 -3 -4 -1 -4 -2 -4 -3 -3 -1 -4  0  3 -5 -4  1   55   0   0   0   4   0   0   3   0   1   0   0   0   3   0   4  23   0   0   8  0.86 0.40
  479 S    0 -2 -2 -3  2 -3 -3 -3 -4 -1 -4 -3 -3 -5 -3  5  3 -5 -4  2    6   2   0   0   4   0   0   0   0   3   0   0   0   0   0  54  15   0   0  14  0.82 0.41
  480 L   -1 -5 -6 -4 -4 -4 -5 -6 -5  0  5 -5  5  0 -4 -4 -4 -3  1 -2    4   0   0   1   0   0   0   0   0   2  66   0  19   4   1   0   0   0   4   0  1.14 0.44
  481 F   -5 -6 -6 -7 -1 -6 -7 -7 -4 -1 -1 -6 -3  9 -7 -6 -5 -1  3 -3    0   0   0   0   2   0   0   0   0   2   4   0   0  84   0   0   0   1   7   1  2.31 0.65
  482 P   -4 -6 -6 -5 -7 -5 -5 -6  2 -6 -7 -5 -6 -7  9 -4 -3 -7 -2 -5    0   0   0   0   0   0   0   0   4   0   0   0   0   0  92   0   1   0   2   0  2.91 0.77
  483 R   -5  8 -4 -5 -7 -3 -4 -6 -2 -7 -6 -1 -5 -7 -5 -4 -5 -6 -5 -6    0  99   0   0   0   0   0   0   1   0   0   0   0   0   0   0   0   0   0   0  2.63 0.76
  484 D   -5 -5 -2  8 -7 -4 -2 -4 -5 -6 -7 -4 -6 -7 -5 -3  0 -8 -6 -6    0   0   0  92   0   0   0   1   0   0   0   0   0   0   0   0   7   0   0   0  2.37 0.69
  485 P   -4  4 -4 -4  0 -3 -4 -5 -4 -2 -2 -2  1 -5  7 -1 -3 -6 -5 -2    0  22   0   0   2   0   0   0   0   2   4   1   5   0  57   3   1   0   0   3  1.49 0.49
  486 K   -3  2  2 -2 -5  3  0 -3  2 -4 -4  5 -3 -5 -3  0  1 -5 -3 -3    0  12   8   1   0  13   4   1   5   0   0  37   0   0   0   6  11   0   0   1  0.63 0.30
  487 R   -5  8 -4 -5 -7 -2 -3 -6 -1 -7 -6 -1 -5 -6 -5  0 -4 -6 -5 -6    0  91   0   0   0   0   0   0   1   0   0   0   0   0   0   7   1   0   0   0  2.29 0.69
  488 L   -4 -5 -6 -6  0 -5 -6 -7 -6  2  6 -5 -1 -2 -6 -5 -3 -5 -4  0    0   0   0   0   2   0   0   0   0   9  84   0   0   0   0   0   0   0   0   5  1.42 0.48
  489 R    0  1  0 -2 -3 -1  1 -3 -2  0  0 -1  0  0 -2  1  4 -3  0  1    6   7   3   1   0   1  10   0   0   3   8   1   3   3   1   9  30   0   3   9  0.21 0.17
  490 P   -5 -6 -6 -5 -7 -5 -5 -6 -6 -7 -7 -5 -6 -8  9 -5 -5 -8 -7 -6    0   0   0   0   0   0   0   0   0   0   0   0   0   0 100   0   0   0   0   0  3.29 0.81

                      K         Lambda
Standard Ungapped    0.1373     0.3191
Standard Gapped      0.0556     0.2670
PSI Ungapped         0.1810     0.3140
PSI Gapped           0.0556     0.2670
