
Last position-specific scoring matrix computed, weighted observed percentages rounded down, information per position, and relative weight of gapless real matches to pseudocounts
           A  R  N  D  C  Q  E  G  H  I  L  K  M  F  P  S  T  W  Y  V   A   R   N   D   C   Q   E   G   H   I   L   K   M   F   P   S   T   W   Y   V
    1 K   -1  5  0 -1 -3  1  0 -2 -1 -3 -2  4 -1 -3 -2 -1 -1 -3 -2 -3    0  50   0   0   0   0   0   0   0   0   0  50   0   0   0   0   0   0   0   0  0.56 0.00
    2 K   -1  2 -1 -1 -4  1  1 -2 -1 -3 -3  6 -2 -4 -2 -1 -1 -4 -3 -3    0   0   0   0   0   0   4   0   0   0   0  96   0   0   0   0   0   0   0   0  0.80 0.13
    3 K   -2  2 -1 -1 -4  1  1 -2 -2 -4 -3  6 -2 -4 -2 -1 -2 -4 -3 -3    0   2   0   0   0   0   5   0   0   0   0  93   0   0   0   0   0   0   0   0  0.93 0.19
    4 K   -2  5 -1 -2 -4  0  0  0 -1 -4 -3  4 -2 -4 -3 -1 -2 -4 -3 -3    0  49   0   0   0   0   2   8   0   0   0  42   0   0   0   0   0   0   0   0  0.80 0.18
    5 K   -2  3  0 -2 -4  0  0 -1 -2 -3 -3  6  1 -4 -2 -1 -2  0 -3 -3    0  13   5   0   0   0   0   3   0   0   0  71   7   0   0   0   0   1   0   0  0.71 0.19
    6 K   -2  2  0 -2 -4  0  0 -3 -2 -1 -3  6 -2 -4 -2 -1 -2 -4 -3 -3    0   5   3   0   0   0   0   0   0   6   0  86   0   0   0   0   0   0   0   0  0.90 0.23
    7 K   -2  2  2 -1 -4  2  0 -3 -1 -4 -4  6 -2 -4 -2 -1 -2 -4 -3 -4    0   8  12   0   0   7   3   0   0   0   0  70   0   0   0   0   0   0   0   0  0.81 0.22
    8 S    0 -1  4  0 -1  0 -2 -1 -2 -1 -3 -2 -2 -3 -3  3  1 -4 -3  2    4   3  28   2   1   3   0   2   0   2   0   0   0   0   0  28   6   0   0  21  0.36 0.20
    9 Y   -4 -4 -4 -5 -1 -3 -4 -5  2 -3 -3 -1 -3  3 -5 -2 -4  0  9 -3    0   0   0   0   1   0   0   0   4   0   0   4   0  10   0   2   0   0  79   0  1.83 0.48
   10 T    0 -3 -1 -1 -2 -2 -2 -3 -3 -1 -1 -2 -1 -3 -2  2  5 -4 -3  1    4   0   1   4   0   0   0   0   0   2   4   0   1   0   1  17  55   0   0  10  0.61 0.27
   11 T   -1 -3 -2  1 -3 -2 -2 -3 -3  0 -3  0 -2 -4 -3  0  6 -4 -4 -2    3   0   0   7   0   0   0   0   0   6   0   4   0   0   0   3  76   0   0   0  1.05 0.39
   12 K   -1 -4 -4 -4 -1 -1 -3 -4 -4 -5 -5 -1 -4 -6  8 -1 -3 -6 -5 -4    5   0   0   0   2   3   0   0   0   0   0   4   0   0  83   3   0   0   0   0  2.18 0.49
   13 K   -3  0 -1 -3 -5 -1  1 -4 -3 -5 -5  7 -3 -5 -3 -1  0 -5 -4 -4    0   1   2   0   0   0   6   0   0   0   0  84   0   0   0   2   5   0   0   0  1.35 0.45
   14 K   -3  1 -2 -3 -5  0  1 -4 -3 -4 -4  7 -3 -5 -3  0 -2 -5 -4 -2    0   3   0   0   0   2   6   0   0   0   0  80   0   0   0   5   0   0   0   4  1.23 0.43
   15 T   -2 -2  4 -2 -1 -2 -3 -2 -3  4 -1 -1 -1 -3 -1 -1  0 -4 -3  2    0   1  30   0   2   1   0   3   0  33   0   3   1   0   2   4   3   0   0  17  0.45 0.26
   16 K   -2  0  0 -3 -5  1 -1 -3 -2 -3 -4  6  0 -5 -1  0  0 -5 -4 -4    2   2   3   0   0   5   0   0   0   1   0  70   3   0   3   5   6   0   0   0  0.96 0.40
   17 H    0  0 -2 -3 -3  0 -2 -1  9 -2 -4 -1 -3 -4  1 -3 -3 -5 -1 -2    9   6   0   0   0   3   1   3  59   3   0   3   0   0   8   0   0   0   0   4  1.25 0.45
   18 R   -1  1 -2 -2 -4  1  1 -2 -1 -2 -3  5 -2 -4  1 -1 -1 -4 -2 -1    4   5   0   0   0   7  10   3   1   3   0  48   1   0   7   4   3   0   2   5  0.52 0.27
   19 H   -1  5 -1 -3 -5  0 -2 -2  6 -3 -4  3 -3 -4  0 -2 -3 -5 -2 -3    4  35   2   0   0   2   0   2  28   2   0  17   0   0   5   0   0   0   0   2  0.86 0.36
   20 V   -2  2 -2 -3 -5  1  1 -4 -3 -2 -4  6 -3 -5 -3 -2 -2 -5 -4 -1    1  10   1   0   0   3   6   0   0   2   0  69   0   0   0   0   2   0   0   5  1.05 0.44
   21 H   -3  0  1  0 -5  0  1 -2  0 -5 -3  6 -3 -5 -1 -1 -1 -5 -4 -4    0   0   6   4   0   3   7   2   2   0   3  66   0   0   2   4   2   0   0   0  0.90 0.41
   22 T   -1  0  0 -2 -3 -2  0 -1 -1  1 -1  0 -1 -3 -2 -1  1 -4 -3  4    1   6   4   1   0   0   9   4   1   7   2   6   0   0   1   2   9   0   0  48  0.34 0.26
   23 K   -2  1 -2 -2 -5  1  0 -1 -1 -5 -4  6 -3 -5  0 -1 -2 -5 -4 -4    1   2   0   1   0   4   5   4   1   0   0  69   0   0   4   4   1   0   0   0  0.99 0.44
   24 L   -1 -3 -2 -1  1 -1 -3 -4 -4 -1  5 -2  5 -2 -3 -1 -2 -4 -3 -1    6   0   1   4   3   3   0   0   0   0  57   2  16   0   1   5   1   0   0   1  0.65 0.36
   25 G    5  1 -3 -3 -1 -1 -2  1 -2 -2 -2 -2 -3 -4 -2  1 -2 -5 -4 -2   60   7   1   0   1   2   2  10   1   2   3   1   0   0   2   6   1   0   0   2  0.66 0.39
   26 A    0 -2 -3 -3  1 -3 -3 -4 -4  2 -1 -2 -1 -2 -1 -2  0  3  0  5    8   2   1   2   3   0   0   0   0  13   2   2   1   1   3   1   5   4   3  50  0.50 0.30
   27 L   -3 -3 -1 -4 -3  0 -4 -5  2 -1  5 -1  0 -2 -3 -2 -3  4  0 -2    0   0   3   0   0   4   0   0   6   1  68   4   0   0   1   4   0   6   3   0  0.77 0.39
   28 A   -2  1  1  0 -4  1  0 -2 -1 -4 -4  6 -3 -5 -3  1  1 -5 -4 -4    1   5   5   4   0   5   5   2   1   0   0  54   0   0   0  11   7   0   0   0  0.76 0.39
   29 F   -4  0  1 -5 -1 -1 -4 -5  1 -2  0 -4 -1  3 -5 -3 -1  1  8 -3    0   5   6   0   1   2   0   0   3   2   7   0   2  11   0   1   4   1  54   0  1.20 0.52
   30 Y   -5 -5 -5 -6 -2 -5 -2 -6  0 -2 -4 -5 -4  4 -6 -2 -1 -1  9 -4    0   0   0   0   1   0   4   0   1   2   0   0   0  17   0   3   4   0  68   0  1.93 0.73
   31 K   -2  2  1 -1 -4  0  2 -3 -1 -3 -2  5 -2 -4 -3  0  0 -4 -1 -3    2   9   7   2   0   2  11   0   1   1   3  45   1   0   0   6   5   0   2   1  0.59 0.34
   32 L   -1 -5 -5 -2 -3 -4 -4 -5 -5  2  0 -4  0 -1 -5 -2 -2 -5 -1  6    3   0   0   2   0   0   0   0   0  11   5   0   1   2   0   4   0   0   3  68  1.03 0.48
   33 E   -2 -3  1  6 -4 -1  2  0  0 -4 -3  0 -1 -5 -3  0  1 -5 -4 -2    1   0   5  46   0   1  11   7   2   0   3   6   2   0   0   4   9   0   0   2  0.70 0.37
   34 N   -1 -2  0  3 -5  0  4  3 -3 -4 -5  1 -4 -5 -1  0 -2 -5 -4 -2    3   0   4  18   0   2  27  24   0   0   0   9   0   0   2   4   2   0   0   3  0.56 0.32
   35 N   -2 -2  4  6 -5 -1  0 -1  0 -5 -5  0 -2 -5 -4  0  0 -5 -4 -4    2   2  24  43   0   2   4   3   2   0   0   5   1   0   0   6   5   0   0   0  0.90 0.43
   36 G   -1 -3  1  0  0 -3 -1  6 -3 -4 -4  0 -4 -4 -3 -1 -1 -4 -4 -4    4   1   6   6   2   1   3  58   0   1   1   6   0   1   1   3   4   0   1   1  0.92 0.37
   37 K    0  1  0 -3 -4  1  0 -2 -3 -4 -4  6 -3 -5 -3  0  1 -5 -4 -2    7   4   4   0   0   4   6   2   0   0   1  50   0   0   0   7   8   0   0   3  0.75 0.43
   38 V   -1 -4 -2 -4  1 -4 -4 -5 -4  4  0 -4  1 -3 -1 -2 -1 -4 -3  4    4   0   3   0   3   0   0   0   0  30   8   0   3   0   4   3   3   0   0  37  0.71 0.41
   39 S   -1  0  0 -1 -3  1  1 -2  1 -1 -3  2  0 -1  0  1  2 -4 -3  0    3   4   4   2   0   7  12   2   3   3   0  15   2   3   3  13  15   0   0   7  0.19 0.23
   40 L   -1  5 -3 -1  2  0 -1 -2  2 -1 -1  0  0 -1 -1 -1  0 -4 -3 -1    3  41   0   3   5   2   4   2   5   3   6   5   2   3   3   3   5   0   0   4  0.49 0.38
   41 Q   -1  0  0 -1  0  2 -1 -2 -3  0  3  0  1 -1 -3  0  0 -3 -2 -1    3   5   6   4   2  11   3   3   0   5  32   6   3   3   0   5   6   0   0   3  0.16 0.21
   42 Q    0  1  1 -2  3  1 -1  0  2 -2 -1  1 -1 -2 -2  0  1 -2  1 -2    8   8   8   0   8   8   0   8   8   0   8   8   0   0   0   8   8   0   8   0  0.12 0.13
   43 K   -1  2  0 -1 -4  1  1 -1  2 -1 -2  2  0 -3  1 -1 -2  2 -2  0    5  15   3   3   0   7   9   3   7   3   3  16   3   0   6   4   0   3   0   8  0.20 0.19
   44 G   -2 -3  1  1  1  0  3 -2  1 -1  0 -1  0  0  0 -1 -1 -4  1 -1    3   0   8   7   3   3  27   3   3   4  11   3   3   4   4   3   3   0   5   3  0.22 0.17
   45 C   -1  2 -1 -2  4 -1 -1 -2 -1 -1  1  0  0  0 -2  1 -1 -1  3 -1    1  18   1   1  17   1   1   1   0   1  18   1   0   1   1  18   1   0  17   1  0.15 0.04
   46 P    0 -1  1  2 -3 -1  0 -2 -2 -2 -3  1 -2 -3  5  0  0 -3 -3 -1    6   0   5  16   0   0   6   1   0   0   1  10   0   0  36   6   6   0   0   6  0.59 0.13
   47 K    0  1  2  1 -3  1  3 -2  1 -2 -3  0 -2 -3 -2  1  0 -3 -1 -1    4  11  13   4   0   6  26   1   3   3   1   4   0   0   0  12   5   0   3   4  0.25 0.12
   48 C   -1 -2 -4 -4 10 -4 -1 -2 -4 -3 -3 -4 -3  0 -4 -3 -3 -3  0 -3    5   3   1   1  70   0   5   3   0   1   1   1   0   4   1   1   1   0   3   1  1.89 0.50
   49 G    0 -3 -2 -1  2 -1 -1  5 -3 -4 -4 -1 -4  0  0  0 -1 -4 -3 -4    7   0   0   3   4   3   3  56   0   0   0   3   0   5   4   6   3   0   0   0  0.75 0.35
   50 P    2 -1  0  2  0  0  0  0  0 -1 -2 -1 -2 -2  1  0 -1 -3  0  1   20   2   3  18   2   3   3   5   3   2   3   4   0   0   8   3   3   0   5  15  0.14 0.15
   51 G    1 -1  2 -1  3 -1  1  1 -1 -2 -2 -1 -2 -3  2  1  1 -3 -2 -2   12   1  12   1  11   0  12  12   0   1   1   1   0   0  12  12  12   0   0   1  0.25 0.09
   52 I    0 -3 -3 -3  2 -2 -3 -1 -3  2  0 -3  2  0  0 -1  1 -3  1  3    5   0   0   0   5   0   0   4   0   9   4   0   9   4   4   4   8   0   5  36  0.25 0.18
   53 F   -3  0 -3 -4 -3 -3 -3 -4 -2  0  0  0  2  6 -4 -1 -2 -1  2  0    0   5   0   0   0   0   0   0   0   6   7   9   5  48   0   5   0   0   6   6  0.63 0.30
   54 M   -2 -3 -3 -4  2 -2 -3 -4 -3  2  2 -3  7  1 -4 -3  0 -3 -2  1    0   0   0   0   4   0   0   0   0  13  17   0  48   4   0   0   7   0   0   4  0.73 0.32
   55 A    5  0 -2 -2 -2 -2 -2  1 -2 -3 -3 -1 -2 -3 -2  1  0 -3 -3 -2   61   7   0   0   0   0   0  10   0   0   1   0   0   0   0  11   6   0   0   0  0.55 0.23
   56 K    0  1  2  1 -3  1  2 -1  0 -1 -2  1  0 -2  0  1  0  0 -1 -2    7   6  11   6   0   5  14   4   2   3   1  11   3   1   3  14   2   2   1   2  0.16 0.10
   57 H   -4 -1  0 -4 -5 -2 -3 -4  9 -2 -4  0  2 -2 -2  0 -1 -5  0 -4    0   2   3   0   0   0   0   0  61   2   0   5   7   2   2   9   4   0   2   0  1.56 0.54
   58 Y    0 -1 -2 -2  2  0  1 -1  0 -3 -2  3 -2  4  0 -1 -2 -2  1 -2    7   1   1   1   6   3  11   6   3   0   3  22   0  22   4   3   1   0   4   1  0.27 0.22
   59 D   -3 -4  3  6  1 -2  1 -1 -3 -5 -5 -3 -5 -5 -1  1 -2 -6 -5 -5    0   0  14  58   3   0   6   4   0   0   0   0   0   0   3   8   2   0   0   0  1.18 0.45
   60 R   -3  7  0 -4 -5 -2 -3  1 -3 -5 -4  2 -4  0 -4 -3 -3 -5 -4 -5    0  69   3   0   0   0   0  13   0   0   0   8   0   4   0   0   0   0   0   0  1.35 0.49
   61 H   -3 -1 -1 -2  0  3  0 -1  5 -2  0 -1 -1  3 -4 -2 -2  2  4 -1    1   3   2   1   2  16   4   4  17   1   9   2   1  11   0   2   2   3  16   3  0.43 0.26
   62 Y    0 -3  0 -3 -2  0 -3 -4  4 -4 -4  2 -3  0 -4  0  1 -2  7 -3    6   0   4   1   1   5   0   0   9   0   0  13   0   2   0   6   8   0  43   1  0.90 0.43
   63 C   -4 -7 -7 -8 11 -7 -8 -7 -7 -5 -5 -7 -6 -6 -7 -2 -5 -6 -1 -5    0   0   0   0  94   0   0   0   0   0   0   0   0   0   0   3   0   0   3   0  3.80 0.93
   64 G    0 -3 -3 -2 -5 -4 -5  7 -5 -6 -6 -4 -5 -6 -5 -1 -4 -5 -6 -4    5   1   0   2   0   0   0  86   0   0   0   0   0   0   0   4   0   0   0   2  1.81 0.54
   65 K   -3  3 -2 -4 -6 -2 -2 -4  1 -5 -3  7 -4 -6 -3 -2 -3 -6 -3 -5    1  16   1   0   0   0   0   1   3   0   2  73   0   0   1   1   1   0   1   0  1.47 0.53
   66 C   -4 -3 -2 -6 11 -6 -6 -6  0 -5 -5 -6 -5 -3 -6 -3 -2 -5  1 -4    0   1   2   0  85   0   0   0   2   0   0   0   0   1   0   1   2   0   5   0  2.99 0.74
   67 H   -2 -2 -2 -3  6 -2 -3  4  5 -4 -2 -3 -4 -1 -4 -1 -3 -4  1 -4    1   2   1   1  19   1   0  40  18   0   3   1   0   3   0   5   1   0   5   0  0.87 0.33
   68 L   -3 -2 -3 -4 -2 -2 -3 -5  0  0  4 -3  0  0 -4 -1  1 -2  5 -1    1   2   1   0   1   1   0   0   3   4  49   0   1   1   0   3   9   0  22   1  0.64 0.31
   69 T   -1 -2 -2 -4  1 -3 -4 -4 -4 -2 -4 -3 -1 -5 -4  0  7 -5 -4  0    4   2   1   0   3   0   0   0   0   1   0   0   1   0   0   5  76   0   0   7  1.36 0.50
   70 L   -3 -2 -4 -5 -4 -3 -2 -5 -1  1  0 -4  0  3 -5 -2 -3 -1  7  1    0   3   0   0   0   0   2   0   0   9   9   0   3  13   0   2   0   0  49  10  0.99 0.34
   71 K   -1 -1 -3 -1  5 -2 -3 -3 -2  1 -1  0  2  2 -3  0  0 -3 -1  3    3   2   0   3  13   1   0   1   1   5   2   8   7  12   0   6   5   0   1  28  0.26 0.18
   72 I   -2 -3 -4 -4 -3 -2 -3 -4 -2  2  0  1  1  6 -4 -1 -2 -1  4  0    1   0   0   0   0   1   0   0   0  16   5  10   3  37   0   4   2   0  16   5  0.63 0.25
   73 D   -3 -2  6  5 -5 -1  3 -3 -2 -5 -5 -2 -4 -5 -3 -1 -2 -5 -4 -5    0   0  44  32   0   0  24   0   0   0   0   0   0   0   0   0   0   0   0   0  1.13 0.30

                      K         Lambda
Standard Ungapped    0.1349     0.3196
Standard Gapped      0.0559     0.2670
PSI Ungapped         0.1832     0.3147
PSI Gapped           0.0559     0.2670
70
