
Last position-specific scoring matrix computed, weighted observed percentages rounded down, information per position, and relative weight of gapless real matches to pseudocounts
           A  R  N  D  C  Q  E  G  H  I  L  K  M  F  P  S  T  W  Y  V   A   R   N   D   C   Q   E   G   H   I   L   K   M   F   P   S   T   W   Y   V
    1 K   -2  2 -2 -2 -5  0 -1 -3 -2 -5 -4  7 -3 -5 -3 -2 -2 -5 -4 -4    0   8   0   0   0   2   0   0   0   0   0  91   0   0   0   0   0   0   0   0  1.37 0.28
    2 T   -2 -3 -2 -3 -3 -3 -3 -3 -4 -3 -3 -3 -3 -4 -3  2  7 -5 -4 -2    0   0   0   0   0   0   0   0   0   0   0   0   0   0   0  10  90   0   0   0  1.43 0.33
    3 Y   -3 -4 -4 -5 -4 -4 -4 -5 -1 -2 -2 -4 -2  6 -2 -4 -3  1  7 -3    1   0   0   0   0   0   0   0   0   1   0   0   0  41   2   0   1   1  53   0  1.52 0.29
    4 I   -2 -2 -2 -3 -3 -2 -3 -3 -3  1  1 -2  7 -1 -3  2  1 -3 -1  2    0   1   0   0   0   0   0   0   0   6   9   1  41   1   0  19   9   0   2  13  0.54 0.19
    5 P    3 -4 -4 -4 -4 -3 -3 -3 -4 -4 -4 -3 -4 -5  8 -2 -3 -5 -5 -4   28   0   0   0   0   0   0   0   0   0   0   0   0   0  72   0   0   0   0   0  1.89 0.32
    6 K    1  0  2  0 -3  1  2 -1  1 -4 -4  3 -3 -4  0  1 -1 -4 -3 -3   17   0  13   4   0   3  14   2   4   0   0  31   0   0   3   8   1   0   0   0  0.36 0.12
    7 N   -1 -1  1  2 -4  1  4 -3 -2 -3 -4  0 -3 -4  0  1  3 -4 -3 -3    3   0   7   9   0   3  39   0   0   0   0   5   0   0   4   7  23   0   0   0  0.52 0.16
    8 D   -1 -4 -2 -2 -2 -2 -2 -4 -3  4  0 -3 -1 -2 -3 -3 -1 -4 -3  5    1   0   2   2   0   1   3   1   0  27   4   0   0   0   0   0   1   0   0  57  0.65 0.19
    9 E   -2  0  0  2 -5  2  5 -3 -1 -4 -4  2 -3 -5 -3 -1 -1 -4 -3 -4    0   2   3   9   0   9  57   0   0   0   0  15   0   0   0   1   4   0   0   0  0.84 0.21
   10 Q   -3  7 -2 -3 -4  1 -2 -4  2 -5 -4  1 -3 -5 -1 -3 -3 -5 -3 -4    0  82   0   0   0   3   0   1   5   0   0   4   0   0   3   0   0   0   0   0  1.45 0.30
   11 N   -2  1  1  4 -5  1  2 -3 -2 -4 -4  5 -3 -5 -3 -1 -2 -5 -4 -4    2   3   5  28   0   5   9   0   0   0   0  46   0   0   0   1   1   0   0   0  0.73 0.19
   12 W   -5 -6 -7 -7 -5 -5 -6 -5 -5 -6 -5 -6 -4 -2 -7 -6 -5 13  0 -6    0   0   0   0   0   0   0   0   0   0   0   0   0   0   0   0   0 100   0   0  4.28 0.55
   13 V   -4 -4 -4 -5 -4 -3 -4 -5  2 -2 -1 -4 -2  4 -5 -4 -3  2  8 -1    0   0   0   0   0   0   0   0   5   0   3   0   0  15   0   0   0   2  71   4  1.57 0.30
   14 V   -2 -4 -5 -5 -2 -4 -4 -5 -5  3  1 -4 -1 -2 -4 -3 -2 -4 -3  6    0   0   0   0   0   0   0   0   0  10  11   0   0   0   0   0   0   0   0  78  1.00 0.24
   15 V   -2 -4 -5 -5 -3 -4 -4 -5 -5  4  0 -4 -1 -2 -4 -4 -2 -4 -3  6    0   0   0   0   0   0   0   0   0  29   1   0   0   0   0   0   0   0   0  70  1.06 0.25
   16 D   -4 -4  0  8 -6 -2  0 -3 -3 -5 -6 -3 -5 -6 -4 -2 -3 -7 -5 -5    0   0   1  99   0   0   0   0   0   0   0   0   0   0   0   0   0   0   0   0  2.06 0.36
   17 A    6 -3 -3 -4 -2 -3 -3 -1 -4 -3 -3 -3 -2 -4 -3 -1 -2 -5 -4 -2   98   0   0   0   0   0   0   0   0   0   0   0   0   0   0   0   0   0   0   0  1.32 0.31
   18 S    1 -2 -1  1 -3  0  4 -2 -2 -3 -3 -1 -3 -4 -2  1  3 -4 -3 -2   16   0   2   6   0   2  38   0   0   0   0   1   0   0   0   9  26   0   0   0  0.53 0.17
   19 G   -2 -4  0  4 -4 -2 -1  6 -3 -5 -5 -3 -4 -5 -3 -2 -3 -5 -5 -5    0   0   4  33   0   0   1  62   0   0   0   0   0   0   0   0   0   0   0   0  1.19 0.24
   20 V   -2  0 -2 -2 -1  4  0 -3  0 -2 -2  5  0 -4 -3 -2 -2 -1  0 -1    0   0   0   0   2  22   1   0   2   1   2  58   2   0   0   0   0   1   3   6  0.71 0.22
   21 P   -1  2 -2 -3 -2 -2 -2 -3 -3 -1 -2 -2 -2 -3  1  0  5 -4 -3  2    1  12   0   0   0   0   0   0   0   2   0   0   0   0   5   1  60   0   0  18  0.69 0.22
   22 L   -3 -4 -5 -6 -3 -4 -5 -6 -5  0  6 -4  1 -1 -5 -4 -3 -3 -3  0    0   0   0   0   0   0   0   0   0   0  96   0   1   0   0   0   0   0   0   3  1.23 0.27
   23 G   -2 -4 -2 -3 -5 -4 -4  7 -4 -6 -6 -4 -5 -5 -4 -2 -4 -5 -5 -5    0   0   0   0   0   0   0 100   0   0   0   0   0   0   0   0   0   0   0   0  1.95 0.32
   24 R   -4  8 -3 -4 -6 -1 -2 -5 -2 -5 -4  0 -4 -5 -4 -3 -3 -5 -4 -5    0  99   0   0   0   0   0   0   0   0   0   1   0   0   0   0   0   0   0   0  1.97 0.36
   25 L   -3 -4 -5 -5 -3 -4 -4 -5 -4  1  5 -4  2 -1 -5 -4 -3 -3 -3  1    0   0   0   0   0   0   0   0   0   3  87   0   3   0   0   0   0   0   0   7  1.04 0.24
   26 A    6 -3 -3 -3 -2 -2 -2 -2 -3 -3 -3 -2 -3 -4 -3  2 -1 -4 -4 -2   87   0   0   0   0   0   0   0   0   0   0   0   0   0   0  11   1   0   0   0  1.10 0.28
   27 T    1 -3 -1 -2 -2 -2 -2 -2 -3 -3 -3 -2 -3 -4 -2  5  4 -4 -3 -2   10   0   0   0   0   0   0   0   0   0   0   0   0   0   0  52  36   0   0   1  0.81 0.24
   28 L   -2 -1 -2  0 -5  3  6 -3  0 -4 -4  1 -3 -5 -3 -2 -3 -5 -4 -3    1   1   0   0   0  11  78   0   1   0   1   4   0   0   0   0   0   0   0   2  1.19 0.27
   29 I    0 -4 -4 -5 -2 -4 -4 -4 -5  5  1 -4  0 -2 -4 -3 -2 -4 -3  4    8   0   0   0   0   0   0   0   0  48   4   0   0   0   0   0   0   0   0  39  0.79 0.20
   30 A    6 -3 -3 -4 -2 -3 -3 -2 -4 -3 -3 -3 -3 -4 -3 -1 -2 -5 -4 -2   99   0   0   0   0   0   0   0   0   0   0   0   0   0   0   0   1   0   0   0  1.36 0.32
   31 S    0  3  0 -1 -2  0 -1 -2  2 -2 -1  2  1 -3 -2  2  1 -3 -2 -2    5  19   3   1   0   3   1   0   6   1   4  19   8   0   0  20  10   0   0   1  0.25 0.10
   32 R   -2  4 -3 -4 -3 -2 -3 -4 -2  4  1 -1  0 -2 -4 -3 -2 -4 -2  2    1  32   0   0   0   0   0   0   1  36   9   1   1   0   0   0   0   0   1  19  0.52 0.17
   33 I   -3 -4 -5 -5 -3 -4 -5 -6 -5  1  6 -4  1 -1 -5 -4 -3 -3 -3 -1    0   0   0   0   0   0   0   0   0   5  95   0   0   0   0   0   0   0   0   0  1.23 0.27
   34 R   -3  8 -2 -4 -6 -1 -2 -4 -2 -5 -4  1 -1 -5 -4 -3 -3 -5 -4 -5    0  95   0   0   0   1   0   0   0   0   0   2   1   0   0   0   0   0   0   0  1.82 0.34
   35 G   -2 -4 -2 -3 -5 -4 -4  7 -4 -6 -6 -4 -5 -5 -4 -2 -4 -5 -5 -5    0   0   0   0   0   0   0 100   0   0   0   0   0   0   0   0   0   0   0   0  1.95 0.32
   36 K   -3  0 -2 -3 -5 -1 -1 -4 -3 -5 -5  7 -3 -5 -3 -2 -3 -5 -4 -4    0   0   0   0   0   0   0   0   0   0   0 100   0   0   0   0   0   0   0   0  1.68 0.35
   37 H   -4 -1  5 -2 -5 -2 -2 -4  9 -5 -4 -1 -4 -3 -4 -2 -3 -5 -1 -5    0   2  27   1   0   0   0   0  67   0   1   2   0   0   0   0   1   0   0   0  1.73 0.33
   38 R   -3  1 -2 -3 -5 -1 -1 -4 -3 -5 -5  7 -3 -5 -3 -2 -2 -5 -4 -4    0   3   0   0   0   0   0   0   0   0   0  96   0   0   0   0   1   0   0   0  1.57 0.33
   39 P    0 -4 -4 -4 -5 -3 -3 -4 -4 -5 -5 -3 -4 -6  8 -3 -3 -6 -5 -4    9   0   0   0   0   0   0   0   0   0   0   0   0   0  90   0   0   0   0   0  2.42 0.36
   40 D   -2 -2 -1  0 -3  1  4 -3 -2  2 -2 -1 -1 -3 -3 -1  3 -4 -2  0    0   0   1   2   0   7  36   0   0  15   0   0   1   0   0   2  31   0   1   4  0.47 0.17
   41 F   -4 -4 -5 -5 -4 -4 -5 -5 -1 -3 -2 -4 -2  7 -5 -4 -4  1  8 -3    0   0   0   0   0   0   0   0   0   0   0   0   0  45   0   0   0   1  54   0  1.73 0.31
   42 T    0 -3 -2 -3 -3 -2 -3 -3 -4 -3 -3 -3 -3 -4 -3  0  7 -5 -4 -2    6   0   0   0   0   1   0   0   0   0   0   0   0   0   0   1  93   0   0   0  1.44 0.34
   43 P   -3 -4 -4 -4 -5 -4 -3 -4 -4 -5 -5 -3 -5 -6  9 -3 -3 -6 -5 -5    0   0   0   0   0   0   0   0   0   0   0   0   0   0  99   0   1   0   0   0  2.81 0.40
   44 N   -4 -2  1 -2 -5 -2 -2 -4 10 -6 -5 -3 -4 -1 -4 -2 -4 -5  0 -5    0   0   7   1   0   0   0   0  89   0   0   0   0   2   0   1   0   0   0   0  2.33 0.40
   45 M   -1 -4 -4 -5 -1 -3 -4 -5 -4  2  1 -4  4 -2 -4 -3 -2 -4 -3  5    2   0   0   0   1   1   0   0   0   9   6   0  16   0   0   0   0   0   0  65  0.82 0.22
   46 I   -3 -4  0  8 -6 -2  0 -3 -3 -4 -4 -3 -5 -6 -3 -2 -3 -6 -5 -5    1   0   0  97   0   0   0   0   0   1   1   0   0   0   1   0   0   0   0   0  1.93 0.35
   47 Q   -1 -3 -1 -3  3 -2 -3 -3 -4 -2 -3 -3  1 -4 -3  0  7 -4 -4 -2    2   0   1   0   7   1   0   1   0   0   0   0   4   0   0   1  82   0   0   0  1.17 0.30
   48 G   -2 -4 -2 -3 -5 -4 -4  7 -4 -6 -6 -4 -5 -5 -4 -2 -4 -5 -5 -5    0   0   0   0   0   0   0 100   0   0   0   0   0   0   0   0   0   0   0   0  1.95 0.32
   49 D   -4 -4 -1  8 -6 -2  0 -3 -3 -5 -6 -3 -5 -6 -4 -2 -3 -7 -5 -5    0   0   0  99   0   0   0   1   0   0   0   0   0   0   0   0   0   0   0   0  2.05 0.36
   50 F   -4 -4 -2 -5 -4 -3 -4 -5  4 -3 -2 -4 -2  6 -5 -4 -4  0  7 -3    0   0   2   0   0   0   0   0  11   0   0   0   0  40   0   0   0   0  46   0  1.44 0.28
   51 V   -2 -4 -5 -5 -2 -4 -4 -5 -5  4  0 -4  0 -2 -4 -3 -2 -4 -3  6    0   0   0   0   0   0   0   0   0  29   2   0   0   0   0   0   0   0   0  69  1.02 0.24
   52 V   -2 -5 -5 -5 -3 -4 -5 -5 -5  6  0 -4  0 -2 -4 -4 -2 -4 -3  4    0   0   0   0   0   0   0   0   0  65   0   0   0   0   0   0   0   0   0  35  1.10 0.25
   53 V   -2 -4 -5 -5 -3 -4 -4 -5 -5  4  0 -4 -1 -2 -4 -4 -2 -5 -3  6    0   0   0   0   0   0   0   0   0  19   1   0   0   0   0   0   0   0   0  80  1.12 0.26
   54 I   -2 -4 -5 -5 -3 -4 -4 -5 -5  6  1 -4  0 -2 -4 -3 -1 -4 -3  4    0   0   0   0   0   0   0   0   0  56   5   0   0   0   0   0   2   0   0  38  0.93 0.22
   55 N   -4 -3  8 -1 -5 -2 -2 -3 -1 -6 -6 -2 -4 -5 -4 -1 -2 -6 -4 -5    0   0  99   0   0   0   0   0   1   0   0   0   0   0   0   0   0   0   0   0  2.05 0.38
   56 A    6 -3 -3 -4  0 -3 -3 -2 -4 -3 -3 -3 -3 -4 -3 -1 -2 -5 -4 -2   97   0   0   0   2   0   0   0   0   0   0   0   0   0   0   0   0   0   0   1  1.29 0.31
   57 A   -1 -2 -1  4 -5  0  5 -2 -2 -5 -5 -1 -4 -5 -3  0 -2 -5 -4 -4    5   0   0  28   0   0  58   2   0   0   0   1   0   0   0   5   0   0   0   0  0.99 0.23
   58 Q   -3  0 -2 -2 -5  1 -1 -4 -2 -5 -4  7 -3 -5 -3 -2 -3 -5 -4 -4    0   0   0   1   0   3   1   0   0   0   0  94   0   0   0   0   0   0   0   0  1.49 0.33
   59 V   -2 -4 -5 -5 -2 -4 -4 -5 -5  5  0 -4  0 -2 -4 -3 -2 -4 -3  5    1   0   0   0   0   0   0   0   0  39   4   0   0   0   0   0   0   0   0  56  0.94 0.22
   60 A    1  2 -1 -2 -2  0  0 -1  1 -1 -2  3 -1 -3 -2  0  0 -4 -2  1   18  17   1   0   0   3   6   3   5   2   1  22   1   0   0   2   5   0   0  15  0.20 0.09
   61 L   -2 -4 -5 -5 -2 -4 -4 -5 -4  1  3 -4  0  0 -4 -3 -2 -4 -2  5    0   0   0   0   0   0   0   0   0   1  33   0   0   3   0   0   1   0   0  61  0.79 0.21
   62 T   -2 -3 -2 -3 -3 -3 -3 -4 -4 -3 -3 -3 -3 -4 -3  1  7 -5 -4 -2    0   0   0   0   0   0   0   0   0   0   0   0   0   0   0   6  94   0   0   0  1.52 0.34
   63 G   -1 -4 -2 -3 -5 -4 -4  7 -4 -6 -6 -3 -5 -5 -4 -2 -3 -5 -5 -5    0   0   0   0   0   0   0  99   0   0   0   0   0   0   0   1   0   0   0   0  1.91 0.32
   64 K   -1  2  5 -1 -4 -1 -1 -3 -1 -4 -4  5 -3 -5 -3 -1 -1 -5 -3 -4    3   8  33   2   0   0   1   0   0   0   0  51   0   0   0   0   2   0   0   0  0.85 0.22
   65 K   -3  0 -2 -3 -5 -1 -1 -4 -3 -5 -5  7 -3 -5 -3 -2 -3 -5 -4 -4    0   0   0   0   0   0   0   0   0   0   0 100   0   0   0   0   0   0   0   0  1.68 0.35
   66 L    1  2 -2 -3 -2 -1 -1 -2 -3  0  3 -1  2 -1 -2 -1 -1  1 -2 -1   19  14   1   1   0   0   3   1   0   0  43   1   6   2   1   3   2   2   0   1  0.24 0.12
   67 D   -1 -1  1  3 -3  2  2 -2 -1 -2 -3  1 -2 -3 -2  1  2 -4 -3 -2    4   1   5  20   0  14  13   0   1   1   1   9   0   1   0   7  21   0   0   1  0.34 0.11
   68 D   -2 -1  1  5 -5  6  0 -2 -2 -5 -4  0 -3 -5 -3 -1 -2 -5 -4 -4    2   0   4  41   0  45   1   2   0   0   0   3   0   0   0   1   1   0   0   0  1.00 0.25
   69 K   -2  0 -2 -3 -5 -1 -1 -4 -3 -5 -5  7 -3 -5 -3 -2 -3 -5 -4 -4    1   0   0   0   0   0   0   0   0   0   0  99   0   0   0   0   0   0   0   0  1.64 0.35
   70 V   -2 -1 -2 -3 -2 -1 -1 -4 -2  3  1  1  4 -1 -3 -2  0 -3 -2  2    0   3   1   0   0   1   3   0   1  29  13  13  17   2   0   0   7   0   1  11  0.28 0.12
   71 Y   -2 -4 -4 -5 -5 -3 -4 -5  2 -4 -3 -4 -3  1 -5 -4 -4  0  9 -3    3   0   0   0   0   1   0   0   3   0   0   0   0   0   0   0   0   0  93   0  2.20 0.39
   72 T   -3  2 -3 -4 -4 -2 -3 -4  3 -3 -3 -1 -3  2 -4 -3 -1  1  8 -3    1  15   0   0   0   0   0   0   7   1   0   2   0   7   0   0   4   1  62   0  1.20 0.26
   73 R   -2  6  0 -3 -5 -1 -2 -3  5 -4 -4  0 -3 -3 -4  0 -2  1  0 -4    1  62   4   0   0   0   0   0  15   0   0   2   0   0   0   8   1   2   3   0  0.97 0.23
   74 Y   -4 -3 -2 -3 -5 -2 -2 -5 10 -5 -5 -3 -4 -1 -5 -3 -4 -4  2 -5    0   0   0   0   0   0   0   0  93   0   0   0   0   2   0   0   0   0   4   0  2.53 0.42
   75 T   -1 -3 -1 -2 -3 -2 -2 -2 -3 -4 -4 -2 -3 -4 -3  6  4 -5 -3 -3    0   0   0   0   0   0   0   0   0   0   0   0   0   0   0  69  31   0   0   0  1.06 0.28
   76 G   -1 -2  0  1 -4 -1 -1  6 -2 -4 -2 -2  0 -4 -4 -2 -3 -4 -4 -4    0   2   4   9   0   3   4  70   0   0   4   0   4   0   0   0   0   0   0   0  0.98 0.21
   77 Y   -4  2 -3 -5 -5 -3 -3 -5  4 -3 -3 -3 -3  3 -5 -3 -4  1  8 -3    0  11   0   0   0   0   0   0  10   0   0   0   0   9   0   0   0   1  69   0  1.53 0.30
   78 Q   -2 -4 -4 -4 -4 -2 -3 -4 -4  1 -3 -3 -3 -4  7 -3 -2 -5 -4  2    1   0   0   0   0   2   0   0   0   7   1   0   0   0  69   0   1   0   0  18  1.62 0.28
   79 G   -2 -4 -2 -3 -5 -4 -4  7 -4 -6 -6 -3 -5 -5 -4 -2 -4 -5 -5 -5    0   0   0   0   0   0   0  99   0   0   0   0   0   0   0   1   0   0   0   0  1.92 0.32
   80 G   -2 -4  1 -3 -4 -3 -4  7 -2 -6 -6 -3 -5 -5 -4 -1 -3 -4 -5 -5    0   0   6   0   0   0   0  92   1   0   0   0   0   0   0   1   0   0   0   0  1.69 0.29
   81 L   -2 -2 -4 -4 -3 -3 -4 -4 -3  3  4 -3  5  0 -4 -3 -1 -3 -2  0    1   2   0   0   0   0   0   0   1  19  49   0  23   1   0   1   2   0   0   1  0.66 0.18
   82 K   -3  3 -2 -3 -5  0 -1 -3 -2 -4 -4  7 -3 -4 -3 -2 -1 -4  0 -4    0  12   0   0   0   0   0   0   0   0   0  80   0   0   0   0   4   0   3   0  1.19 0.28
   83 T    0 -1 -1  0 -2  1  4 -2 -2 -2 -3  0 -2 -1 -2  2  2 -3 -2  0    3   1   0   1   1   7  34   0   0   1   0   4   0   4   0  23  13   0   1   7  0.34 0.13
   84 E    0  1 -2 -2 -2 -1  2 -3 -2  2 -1 -1  1 -1 -3 -1  3 -3 -2  1    7   9   0   0   0   2  16   0   0  18   1   0   4   2   0   0  34   0   1   7  0.26 0.13
   85 T   -1 -2  2 -2 -3 -1 -2 -2 -3 -2 -3 -1 -2 -4  1  2  5 -4 -3 -1    2   1  10   0   0   1   0   0   0   0   0   2   0   0   6  19  56   0   0   2  0.69 0.21
   86 A    2 -4 -4 -4 -3 -3 -4 -3 -2 -1  2 -3 -1  6 -3 -2 -3 -1  3 -1   21   0   0   0   0   0   0   0   0   1  25   0   0  41   0   0   0   0  10   1  0.66 0.18
   87 R    1  2  0  1 -3  1  3  1 -1 -3 -2  2 -2 -4 -2  0 -1 -4 -3 -3   14  14   2   7   0   4  24  13   0   0   3  13   0   0   0   2   3   0   0   0  0.30 0.10
   88 E   -2  0 -1  2 -5  2  4 -3  1 -3 -3  4 -2 -4 -2 -1 -1 -2 -3 -3    1   1   0  10   0   8  39   0   3   1   1  32   0   0   0   0   3   1   0   0  0.66 0.18
   89 A   -1 -3 -4 -5 -3 -2 -4 -5 -4  0  4 -2  7 -1 -4 -3 -2 -3 -3 -1    4   1   0   0   0   1   0   0   0   0  46   2  44   1   0   0   0   0   0   1  0.94 0.24
   90 L   -2  1 -3 -3 -3  3 -2 -4 -2  2  3 -1  3 -1 -4 -3 -2 -3 -2  0    0  11   1   0   0  19   0   0   0  16  40   1  11   1   0   0   0   0   0   1  0.43 0.15
   91 S    3 -1  1  2 -3  2  3 -2 -2 -3 -3  1 -2 -4 -2  0  0 -4 -3 -2   33   2   7  10   0  10  21   1   0   1   0   6   0   0   0   3   4   0   0   1  0.35 0.12
   92 K   -2  4  2 -1 -4  0  0 -3  1 -4 -4  5 -3 -4 -3 -1  1 -4 -3 -3    1  25   9   1   0   1   4   0   3   0   0  44   0   0   0   2  10   0   0   0  0.64 0.18
   93 H    0  1  1 -2 -4  0 -1 -3  5 -1 -1  3 -2  1 -3 -1 -2 -3  1 -2    8   8   5   1   0   1   0   0  21   6   5  33   0   6   0   1   0   0   5   1  0.36 0.14
   94 P   -3 -4 -4 -4 -5 -3 -3 -4 -4 -5 -5 -3 -5 -6  9 -2 -3 -6 -5 -5    0   0   0   0   0   0   0   0   0   0   0   0   0   0  97   2   0   0   0   0  2.74 0.39
   95 E   -2 -1 -2  0 -5  0  7 -2 -2 -5 -5 -1 -4 -5 -3 -2 -1 -5 -4 -3    1   2   0   2   0   1  86   3   0   0   0   0   0   0   0   0   3   0   0   2  1.30 0.29
   96 R   -2  6 -2 -1 -5  1  0 -4 -1 -4 -3  3  1 -2 -3 -2 -2 -4 -2 -3    1  63   0   2   0   4   5   0   0   0   1  13   5   2   0   1   0   0   1   0  0.92 0.22
   97 V    1 -4 -4 -4 -2 -3 -4 -4 -4  3  1 -3  3 -2 -2 -2 -1 -4 -2  4   11   0   0   0   0   0   0   0   0  18   6   0  11   0   1   0   1   0   0  51  0.58 0.17
   98 I   -3 -4 -5 -5 -3 -4 -5 -5 -5  6  3 -4  1 -1 -4 -4 -2 -4 -2  3    0   0   0   0   0   0   0   0   0  61  23   0   1   2   0   0   0   0   0  13  0.86 0.20
   99 E   -3  0 -2  0 -5  2  7 -4 -1 -4 -4 -1 -2 -4 -3 -2 -2 -1 -1 -4    0   4   0   0   0   6  82   0   0   1   0   0   1   0   0   0   1   1   3   0  1.23 0.28
  100 H   -1  0 -1 -2 -3  0 -1 -3  4  1  2  2  0 -1 -3 -1  0 -3  0 -1    3   3   2   0   0   3   1   1  16   8  30  20   1   2   0   3   6   0   2   0  0.19 0.10
  101 A    6 -3 -3 -4 -2 -3 -3 -1 -4 -3 -3 -3 -3 -4 -3  0 -1 -5 -4 -2   96   0   0   0   0   0   0   0   0   0   0   0   0   0   0   3   1   0   0   1  1.26 0.30
  102 V   -2 -4 -5 -5 -3 -4 -4 -5 -5  3 -1 -4 -1 -3 -4 -4 -2 -5 -3  6    0   0   0   0   0   0   0   0   0  11   0   0   0   0   0   0   0   0   0  89  1.24 0.29
  103 F   -3  3 -2 -3 -5  0 -1 -3  0 -5 -4  7 -3 -3 -3 -2 -3 -1 -3 -4    0  11   0   0   0   2   0   0   2   0   0  83   0   1   0   0   0   1   0   0  1.24 0.28
  104 G   -2 -1 -2 -3 -5 -3 -4  7 -4 -6 -6 -3 -5 -5 -4 -2 -3 -4 -5 -5    0   4   1   0   0   0   0  95   0   0   0   0   0   0   0   0   0   0   0   0  1.77 0.30
  105 M   -3 -4 -5 -6 -4 -3 -5 -5 -4 -1  0 -4 10 -2 -5 -4 -3 -4 -3 -2    0   0   0   0   0   0   0   0   0   0   0   0 100   0   0   0   0   0   0   0  2.41 0.46
  106 L   -3 -4 -5 -5 -3 -4 -5 -5 -5  1  6 -4  2 -1 -5 -4 -3 -3 -3  0    0   0   0   0   0   0   0   0   0   2  95   0   2   0   0   0   0   0   0   1  1.20 0.26
  107 P   -3 -4 -4 -4 -5 -4 -3 -5 -5 -5 -5 -3 -5 -6  9 -3 -3 -6 -5 -5    0   0   0   0   0   0   0   0   0   0   0   0   0   0 100   0   0   0   0   0  2.88 0.40
  108 K   -3  2 -2 -2 -5  0 -1 -3  2 -5 -4  7 -3 -5 -3 -2 -3 -5 -3 -4    0   7   0   1   0   0   0   1   7   0   0  84   0   0   0   1   0   0   0   0  1.27 0.29
  109 G   -2 -3  6 -1 -4 -2 -3  5 -2 -5 -5 -2 -4 -5 -4 -1  0 -5 -4 -5    0   0  52   0   0   0   0  42   0   0   0   0   0   0   0   2   4   0   0   0  1.15 0.25
  110 R    0  3 -2 -3 -4 -1 -2 -3 -3 -4 -4  1 -3 -4  6  2  0 -5 -4 -3    5  19   1   0   0   0   0   0   0   0   0   8   0   0  44  16   6   0   0   1  0.95 0.19
  111 Q   -3 -3 -5 -5 -3 -3 -5 -5 -5  0  6 -4  1 -1 -5 -4 -3 -3 -3 -1    0   0   0   0   0   1   0   0   0   0  96   0   2   0   0   0   0   0   0   0  1.21 0.27
  112 G   -1 -4 -2 -3 -5 -4 -4  7 -4 -6 -6 -3 -5 -5 -4 -2 -4 -5 -5 -5    1   0   0   0   0   0   0  99   0   0   0   0   0   0   0   0   0   0   0   0  1.93 0.32
  113 R   -2  7  0 -3 -5 -1 -1 -4 -1 -5 -4  1 -3 -3 -4 -2 -3 -4  1 -4    3  82   3   0   0   0   2   0   1   0   0   2   0   1   0   1   0   0   6   0  1.33 0.28
  114 A    3  1 -1 -1 -3  4  1 -2 -1 -3 -3  2 -2 -4 -2  0 -1 -4 -3 -3   35   7   1   2   0  30   5   0   1   0   0  15   0   0   0   4   0   0   0   0  0.51 0.17
  115 M   -3 -3 -4 -5 -4  1 -4 -5 -4  0  2 -3  9 -2 -5 -4 -2 -4 -3 -1    0   0   0   0   0   7   0   0   0   3  14   0  75   0   0   0   1   0   0   0  1.49 0.34
  116 H   -2 -3 -3 -4 -2 -3 -4 -1 -1  2  1 -2  0  6 -4 -3 -2 -1  4 -1    3   0   0   0   0   0   0   4   1  14  12   3   2  40   0   0   0   0  18   0  0.61 0.16
  117 T   -2  4 -1 -2 -4  0 -1 -2 -2 -3 -2  5  0 -4 -3  0  3 -4 -3 -3    0  23   0   0   0   0   0   1   0   0   3  46   2   0   0   3  21   0   0   0  0.66 0.19
  118 R   -3  2 -2 -3 -5 -1 -1 -4 -3 -5 -5  7 -3 -5 -3 -2 -3 -5 -4 -4    0   6   0   0   0   0   0   0   0   0   0  93   0   0   0   0   0   0   0   0  1.51 0.32
  119 L   -3 -4 -5 -6 -3 -4 -5 -6 -5  0  6 -4  2 -1 -5 -4 -3 -3 -3 -1    0   0   0   0   0   0   0   0   0   0  96   0   2   0   0   0   0   0   0   1  1.23 0.27
  120 K   -3  1  0 -2 -5  0 -1 -3  5 -4 -4  6 -3 -1 -3 -2 -2 -4 -1 -4    0   4   5   0   0   1   0   0  16   0   0  70   0   4   0   0   0   0   1   0  1.02 0.26
  121 V   -2 -4 -5 -5 -1 -4 -4 -5 -5  2 -1 -4 -1 -3 -4 -3 -2 -5 -3  7    1   0   0   0   1   0   0   0   0   4   1   0   0   0   0   0   0   0   0  93  1.27 0.29
  122 Y   -4 -4 -5 -6 -5 -4 -4 -6  0 -4 -3 -4 -3  2 -5 -4 -4  0  9 -4    0   0   0   0   0   0   0   0   0   0   0   0   0   2   0   0   0   0  98   0  2.43 0.41
  123 A    6  0 -3 -3 -2 -2 -2 -1 -3 -3 -3 -1 -3 -4 -2  0 -1 -4 -3 -1   81   5   0   0   0   0   0   2   0   0   0   3   0   0   1   3   2   0   0   2  0.87 0.24
  124 G   -1 -4 -2 -3 -4 -4 -3  7 -4 -6 -6 -3 -5 -5 -4 -1 -3 -4 -5 -5    0   0   0   1   0   0   1  96   0   0   0   0   0   0   0   1   0   0   0   0  1.81 0.31
  125 E    3 -2 -1 -1 -3 -2 -1 -1 -3 -3 -4 -2 -3 -4  5  2  1 -4 -4 -3   30   0   2   2   0   0   4   1   0   0   0   0   0   0  37  16   7   0   0   0  0.79 0.18
  126 T   -2 -2  1  2 -5  1  6 -3 -2 -4 -4 -1 -4 -5 -3 -1  0 -5 -4 -3    2   0   6   9   0   2  71   0   0   0   0   0   0   0   0   3   7   0   0   1  1.02 0.24
  127 H   -4 -3 -2 -4 -6 -2 -2 -5 11 -6 -5 -3 -4 -4 -5 -3 -4 -5 -1 -6    0   0   0   0   0   0   0   0 100   0   0   0   0   0   0   0   0   0   0   0  2.84 0.45
  128 P   -2 -1  1 -1 -4 -1 -1 -3 -2 -5 -5  1 -4 -5  7 -2 -2 -5 -4 -4    2   2   9   2   0   2   4   1   1   0   0   8   0   0  67   1   1   0   0   0  1.52 0.25
  129 H   -4 -2 -1 -3 -6  0 -2 -4 10 -6 -5 -3 -4 -4 -5 -3 -4 -5 -1 -6    0   0   1   0   0   4   0   0  95   0   0   0   0   0   0   0   0   0   0   0  2.61 0.43
  130 S    3 -1 -2 -1 -3  4  1 -2  0 -2 -3 -1 -1 -4 -2  0  1 -4 -3 -2   39   0   0   1   0  28  10   1   1   1   0   1   1   0   0   4  10   0   0   2  0.48 0.17
  131 A    6 -3 -3 -4 -2 -3 -3 -2 -4 -3 -3 -3 -3 -4 -3  0 -2 -5 -4 -2   99   0   0   0   0   0   0   0   0   0   0   0   0   0   0   1   0   0   0   0  1.34 0.32
  132 Q   -3 -1 -2 -3 -5  8  0 -4 -2 -5 -5 -1 -3 -6 -4 -2 -3 -4 -4 -5    0   0   0   0   0 100   0   0   0   0   0   0   0   0   0   0   0   0   0   0  2.08 0.42
  133 K   -2  1  0 -2 -5  6  0 -3 -2 -5 -4  5 -3 -5 -3 -1 -2 -4 -3 -4    0   2   3   0   0  51   1   0   0   0   1  41   0   0   0   1   0   0   0   0  1.08 0.27
  134 P   -3 -4 -4 -4 -5 -4 -3 -5 -5 -5 -5 -3 -5 -6  9 -3 -3 -6 -5 -5    0   0   0   0   0   0   0   0   0   0   0   0   0   0 100   0   0   0   0   0  2.88 0.40
  135 Q   -2  0 -2 -1 -4  4  5 -3 -2 -3 -3  2 -2 -4 -3 -2 -1 -4 -3 -1    0   3   0   0   0  26  47   0   0   1   1  15   0   0   0   0   2   0   0   4  0.78 0.21
  136 V    0 -2 -2 -2 -3 -1  2 -3 -3  0 -1  0 -1 -3  2 -1  1 -4 -3  4    8   0   0   0   0   2  16   0   0   1   1   5   0   0  13   2   7   0   0  45  0.36 0.15
  137 L   -3 -3 -5 -5 -3 -3 -4 -5 -2  1  5 -4  1  1 -4 -4 -3  3  3 -1    0   1   0   0   0   0   0   0   1   5  73   0   1   3   0   0   0   5  12   0  0.83 0.21
  138 K   -1 -1  1  3 -4  1  5 -3 -1 -3 -4  2 -3 -4 -3 -1  0 -4 -3 -3    2   1   5  17   0   1  53   0   0   1   0  12   0   0   0   2   6   0   0   1  0.73 0.19
  139 T   -3 -4 -5 -5 -3 -4 -4 -5 -5  6  3 -4  1 -1 -4 -3 -2 -4 -3  2    0   0   0   0   0   0   0   0   0  59  31   0   2   0   0   0   1   0   0   7  0.83 0.20
  140 Q   -2  3  4  0 -4  2  1 -2 -1 -3 -3  3 -2 -4 -2  0  1 -4 -3 -3    0  23  25   2   0   8  11   0   0   0   0  22   0   0   0   2   8   0   0   0  0.48 0.11
  141 P    1 -1  2 -1 -2  1  1 -2 -1 -2 -2  0 -2 -3  1  0  4 -3 -2 -1   12   0  11   0   0   9  11   0   0   0   0   3   0   0   5   1  47   0   0   0  0.37 0.08
  142 L   -2 -4 -4 -4 -2 -3 -4 -5 -4  5  2 -3  1 -1 -4 -3 -1 -3 -2  2    0   0   0   0   0   0   0   0   0  76  21   0   0   0   0   0   0   0   0   4  0.62 0.09

                      K         Lambda
Standard Ungapped    0.1341     0.3176
Standard Gapped      0.0641     0.2670
PSI Ungapped         0.2107     0.3150
PSI Gapped           0.0641     0.2670
