
Last position-specific scoring matrix computed, weighted observed percentages rounded down, information per position, and relative weight of gapless real matches to pseudocounts
           A  R  N  D  C  Q  E  G  H  I  L  K  M  F  P  S  T  W  Y  V   A   R   N   D   C   Q   E   G   H   I   L   K   M   F   P   S   T   W   Y   V
    1 A    5 -2 -2 -2 -1 -2 -2  0 -2 -2 -3 -2 -2 -3 -2  1 -1 -4 -3 -1   87   0   0   0   0   0   0   5   0   0   0   0   0   0   0   9   0   0   0   0  0.73 0.13
    2 K   -2  3 -1 -2 -4  0  0 -3 -2 -4 -3  6 -2 -4 -2 -1 -2 -4 -3 -3    0  12   0   0   0   0   0   0   0   0   0  87   0   0   0   0   0   0   0   0  0.99 0.15
    3 G    3 -1 -1  0 -2  1  4  0 -1 -3 -3  0 -2 -3 -1  0 -1 -3 -3 -2   44   0   0   0   0   7  39   5   0   0   0   2   0   0   0   2   0   0   0   1  0.46 0.09
    4 E   -2  1 -1 -2 -4  0  0 -3 -1 -4 -3  6 -2 -4 -2 -1 -1 -4 -3 -3    0   1   0   0   0   0   1   0   1   0   0  95   0   0   0   0   2   0   0   1  1.01 0.16
    5 F   -3 -4 -4 -5 -4 -4 -4 -4 -2 -1 -1 -4 -1  8 -5 -3 -3  0  4 -2    0   0   0   0   0   0   0   0   0   0   0   0   0  91   0   0   0   0   9   0  1.44 0.17
    6 I   -2 -1 -1  3 -4  1  6 -3 -1 -3 -4  0 -3 -4 -2 -1 -1 -4 -3 -2    1   0   0  15   0   0  79   0   0   1   0   0   0   0   0   1   1   0   0   2  0.96 0.14
    7 R   -3  7 -2 -3 -5  0 -1 -4 -1 -4 -3  1 -3 -4 -3 -2 -2 -4 -3 -4    0  99   0   0   0   0   0   0   0   0   0   1   0   0   0   0   0   0   0   0  1.43 0.18
    8 T   -1 -1  3 -1 -2 -1 -1 -2 -2 -2 -3  0 -2 -3 -2  2  5 -4 -3 -1    0   0  17   0   0   0   0   0   0   0   0   3   0   0   0  22  56   0   0   1  0.57 0.11
    9 K   -2  1 -1 -2 -4  0  0 -3 -2 -4 -4  7 -2 -4 -2 -1 -2 -4 -3 -3    0   0   0   0   0   0   0   0   0   0   0 100   0   0   0   0   0   0   0   0  1.14 0.17
   10 P   -2 -3 -3 -2 -4 -2 -2 -3 -3 -4 -4 -2 -4 -5  8 -1 -1 -5 -4 -3    0   0   0   2   0   0   1   0   0   0   0   0   0   0  91   2   4   0   0   0  2.18 0.18
   11 H   -3 -2 -1 -2 -4 -1 -1 -3 10 -5 -4 -2 -3 -3 -4 -2 -3 -4  1 -5    0   0   0   0   0   0   0   0 100   0   0   0   0   0   0   0   0   0   0   0  2.04 0.22
   12 V    0 -3 -4 -4  3 -3 -3 -4 -4  2  0 -3  0 -2 -3 -2 -1 -4 -2  5    6   0   0   0   8   0   0   0   0   2   3   0   0   0   0   0   0   0   0  81  0.63 0.12
   13 N   -3 -2  8  0 -4 -1 -1 -2 -1 -5 -5 -1 -3 -4 -3  0 -1 -5 -3 -4    0   0 100   0   0   0   0   0   0   0   0   0   0   0   0   0   0   0   0   0  1.49 0.19
   14 V   -2 -4 -4 -4 -2 -4 -4 -5 -4  5  1 -3  0 -1 -4 -3 -1 -4 -2  3    0   0   0   0   0   0   0   0   0  72   0   0   0   0   0   0   0   0   0  28  0.76 0.12
   15 G   -1 -3 -1 -2 -4 -3 -3  7 -3 -5 -5 -3 -4 -4 -3 -1 -3 -4 -4 -4    0   0   0   0   0   0   0 100   0   0   0   0   0   0   0   0   0   0   0   0  1.55 0.16
   16 T   -1 -2 -1 -2 -2 -2 -2 -3 -3 -2 -2 -2 -2 -3 -2  0  7 -4 -3 -1    0   0   0   0   0   0   0   0   0   0   0   0   0   0   0   0 100   0   0   0  1.13 0.18
   17 I   -2 -4 -4 -4 -2 -4 -4 -5 -4  6  1 -4  0 -1 -4 -3 -2 -4 -2  2    0   0   0   0   0   0   0   0   0  98   2   0   0   0   0   0   0   0   0   1  0.99 0.16
   18 G   -1 -3 -1 -2 -4 -3 -3  7 -3 -5 -5 -3 -4 -4 -3 -1 -3 -4 -4 -4    0   0   0   0   0   0   0 100   0   0   0   0   0   0   0   0   0   0   0   0  1.55 0.16
   19 H   -3 -2 -1 -2 -4 -1 -1 -3 10 -5 -4 -2 -3 -3 -4 -2 -3 -4  1 -5    0   0   0   0   0   0   0   0 100   0   0   0   0   0   0   0   0   0   0   0  2.04 0.22
   20 V   -1 -4 -4 -4 -2 -3 -4 -4 -4  2  0 -3  0 -2 -3 -3 -1 -4 -2  6    0   0   0   0   0   0   0   0   0   4   0   0   0   0   0   0   0   0   0  96  0.88 0.15
   21 D   -3 -3  0  7 -5 -1  1 -2 -2 -4 -5 -2 -4 -5 -3 -1 -2 -6 -4 -4    0   0   0 100   0   0   0   0   0   0   0   0   0   0   0   0   0   0   0   0  1.58 0.18
   22 H   -3 -2 -1 -2 -4 -1 -1 -3 10 -5 -4 -2 -3 -3 -4 -2 -3 -4  1 -5    0   0   0   0   0   0   0   0 100   0   0   0   0   0   0   0   0   0   0   0  2.04 0.22
   23 G   -1 -3 -1 -2 -4 -3 -3  7 -3 -5 -5 -3 -4 -4 -3 -1 -3 -4 -4 -4    0   0   0   0   0   0   0 100   0   0   0   0   0   0   0   0   0   0   0   0  1.55 0.16
   24 K   -2  1 -1 -2 -4  0  0 -3 -2 -4 -4  7 -2 -4 -2 -1 -2 -4 -3 -3    0   0   0   0   0   0   0   0   0   0   0 100   0   0   0   0   0   0   0   0  1.14 0.17
   25 T   -1 -2 -1 -2 -2 -2 -2 -3 -3 -2 -2 -2 -2 -3 -2  0  7 -4 -3 -1    0   0   0   0   0   0   0   0   0   0   0   0   0   0   0   0 100   0   0   0  1.13 0.18
   26 T   -1 -2 -1 -2 -2 -2 -2 -3 -3 -2 -2 -2 -2 -3 -2  1  6 -4 -3 -1    0   0   0   0   0   0   0   0   0   0   0   0   0   0   0   5  95   0   0   0  1.04 0.17
   27 L   -2 -3 -4 -4 -2 -3 -4 -4 -4  1  5 -3  1  0 -4 -3  0 -2 -2  0    0   0   0   0   0   0   0   0   0   0  93   0   0   0   0   0   5   0   0   0  0.76 0.12
   28 T   -1 -2 -1 -2 -2 -2 -2 -3 -3 -2 -2 -2 -2 -3 -2  1  6 -4 -3 -1    0   0   0   0   0   0   0   0   0   0   2   0   0   0   0   1  97   0   0   0  1.06 0.17
   29 A    5 -2 -2 -3 -1 -2 -2 -1 -3 -2 -2 -2 -2 -3 -2  1  0 -4 -3 -1   96   0   0   0   0   0   0   0   0   0   0   0   0   0   0   2   2   0   0   0  0.85 0.15
   30 A    6 -2 -3 -3 -1 -2 -2 -1 -3 -2 -3 -2 -2 -3 -2  0 -1 -4 -3 -1  100   0   0   0   0   0   0   0   0   0   0   0   0   0   0   0   0   0   0   0  0.92 0.16
   31 L   -2 -4 -4 -4 -2 -4 -4 -5 -4  6  1 -4  1 -1 -4 -3 -2 -4 -2  2    2   0   0   0   0   0   0   0   0  94   3   0   1   0   0   0   0   0   0   0  0.90 0.15
   32 T    0 -2 -1 -2 -2 -2 -2 -2 -3 -1 -2 -2 -2 -3 -2  1  6 -4 -3 -1    4   0   0   0   0   0   0   0   0   1   1   0   0   0   0   4  89   0   0   0  0.91 0.16
   33 Y   -1  0  0 -2 -2  0 -1 -2 -1 -1 -1  3  2  0 -2  0  3 -3 -1 -1    3   3   3   0   0   0   0   1   0   1   4  32  13   4   0   3  30   0   1   2  0.23 0.07
   34 V    0 -3 -3 -3  1 -2 -3 -3 -3  2  0 -2  0 -2 -3 -1  2 -2  0  4    4   0   0   0   2   0   0   0   0   4   1   0   1   0   0   1  22   0   3  62  0.42 0.10
   35 A   -1 -3 -4 -4  0 -3 -3 -4 -3  1  5 -3  2  0 -4 -3 -1 -2 -2  0    3   0   0   0   2   0   0   1   0   0  89   0   3   0   0   0   2   0   0   0  0.68 0.11
   36 A    4 -2  0 -2 -1 -1 -1  0  2 -2 -2 -1 -2 -2 -2  3  0 -3 -1 -1   51   0   4   0   0   0   0   2   8   0   3   0   0   1   0  29   1   0   1   0  0.39 0.09
   37 A    1  0  0  0 -2  1  1 -1 -1 -2 -1  3  0 -2 -1  0  0 -3 -2 -1   20   1   4   4   0   3  11   2   0   0   6  34   3   1   0   3   5   0   0   1  0.20 0.05
   38 E    1  2 -1 -1 -2  1  1 -2  1 -1 -1  3 -1 -3 -2  0  0 -3 -2 -1   13  15   1   0   0   7   6   1   4   1   6  32   1   0   0   2   5   0   0   5  0.22 0.05
   39 N    0 -2  0 -1 -3 -2 -2  4 -1 -2 -2 -2 -1  1 -3  0 -1 -2  2 -1    3   0   5   2   0   0   0  52   1   0   3   0   1   9   0   6   2   0  13   4  0.47 0.07
   40 P    0 -2 -1 -1 -1 -1 -1  5 -1 -2 -1 -1 -1  0  0 -1 -1  0 -1 -2    3   1   1   2   1   3   3  54   2   1   9   2   1   4   5   2   2   1   2   2  0.41 0.05
   41 N    0  0  0  0 -2  1  0  3 -1 -2 -1  1 -1 -2 -1  0  0 -2 -2 -2    3   3   4   4   0  12   2  28   0   2   5  17   3   1   1   6   6   0   1   2  0.19 0.03
   42 V    4 -2  0 -2 -1 -1 -1  2 -2 -1 -2 -1 -1 -2 -1  1  0 -3 -2  0   62   1   4   1   0   1   1  14   0   2   1   1   0   1   1   5   1   0   0   4  0.38 0.07
   43 E    0  0  0  1 -3  3  4 -2 -1 -2 -3  2 -2 -3 -1  0  1 -3 -2 -2    5   0   2   4   0  14  41   1   0   1   1  14   0   0   0   3  11   0   0   3  0.39 0.06
   44 V    4 -2 -2 -3 -2 -2 -2 -1 -2 -1 -1 -1 -1  3 -1  0 -1 -1  1  0   57   0   0   0   0   0   0   2   0   0   1   3   1  22   1   0   1   0   4   6  0.33 0.09
   45 K   -1  2 -1 -2 -2  1  0 -3 -1  0  0  2  2 -2 -2  0  1 -3 -2  1    0  17   0   0   0   7   4   0   0   2   3  24  10   1   0   3  11   0   0  16  0.18 0.05
   46 D    3  0  0  3 -2 -1  0  0 -2 -3 -3  2 -2 -3 -1  1 -1 -4 -3 -2   45   3   3  22   0   0   1   4   0   0   0  16   0   0   1   6   1   0   0   0  0.33 0.07
   47 Y   -3 -3 -3 -4 -4 -3 -3 -4  0 -2 -2 -3 -2  5 -4 -3 -3  1  8 -2    0   0   0   0   0   0   0   0   0   0   0   0   0  29   0   0   0   0  71   0  1.38 0.16
   48 G    1 -2  0  6 -4 -1  2 -1 -2 -4 -4 -1 -3 -4 -2  0 -2 -5 -4 -3   16   0   0  69   0   0  11   1   0   0   0   0   0   0   0   2   0   0   0   0  0.89 0.12
   49 D   -1  0  3  2 -3  4  2 -2  0 -3 -3  0  0 -4 -2  0 -1 -3 -2 -3    4   0  17  10   0  40  17   0   1   0   0   1   4   0   0   5   1   0   0   0  0.50 0.09
   50 I   -2 -4 -4 -4 -2 -4 -4 -5 -4  6  1 -4  0 -1 -4 -3 -2 -4 -2  2    0   0   0   0   0   0   0   0   0 100   0   0   0   0   0   0   0   0   0   0  1.03 0.16
   51 D   -3 -3  0  7 -5 -1  1 -2 -2 -4 -5 -2 -4 -5 -3 -1 -2 -6 -4 -4    0   0   0 100   0   0   0   0   0   0   0   0   0   0   0   0   0   0   0   0  1.58 0.18
   52 K    1  1  3 -1 -3  0  0  1 -1 -3 -3  4 -2 -4 -2  0 -1 -4 -3 -2   19   1  21   0   0   1   0   9   0   0   0  46   0   0   0   3   0   0   0   0  0.41 0.09
   53 A    6 -2 -3 -3 -1 -2 -2 -1 -3 -2 -3 -2 -2 -3 -2  0 -1 -4 -3 -1  100   0   0   0   0   0   0   0   0   0   0   0   0   0   0   0   0   0   0   0  0.92 0.16
   54 P   -2 -3 -3 -3 -4 -3 -2 -3 -3 -4 -4 -2 -4 -5  8 -2 -2 -5 -4 -4    0   0   0   0   0   0   0   0   0   0   0   0   0   0 100   0   0   0   0   0  2.53 0.20
   55 E   -2 -1 -1  1 -5  1  7 -3 -1 -4 -4  0 -3 -4 -2 -1 -2 -4 -3 -4    0   0   0   0   0   0 100   0   0   0   0   0   0   0   0   0   0   0   0   0  1.32 0.18
   56 E   -2 -1 -1  1 -5  1  7 -3 -1 -4 -4  0 -3 -4 -2 -1 -2 -4 -3 -4    0   0   0   0   0   0 100   0   0   0   0   0   0   0   0   0   0   0   0   0  1.32 0.18
   57 R   -2  5 -1 -2 -4  0  0 -3 -1 -4 -3  5 -2 -4 -2 -1 -2 -4 -3 -3    0  54   0   0   0   0   0   0   0   0   0  46   0   0   0   0   0   0   0   0  0.94 0.13
   58 A    3 -1 -1  0 -3  1  5 -2 -1 -3 -3  0 -2 -4 -2  0 -1 -4 -3 -2   37   0   0   1   0   1  62   0   0   0   0   0   0   0   0   0   0   0   0   0  0.69 0.12
   59 R   -3  7 -2 -3 -5  0 -1 -4 -1 -4 -3  1 -3 -4 -3 -2 -2 -4 -3 -4    0 100   0   0   0   0   0   0   0   0   0   0   0   0   0   0   0   0   0   0  1.44 0.18
   60 G   -1 -3 -1 -2 -4 -3 -3  7 -3 -5 -5 -3 -4 -4 -3 -1 -3 -4 -4 -4    0   0   0   0   0   0   0 100   0   0   0   0   0   0   0   0   0   0   0   0  1.55 0.16
   61 I   -2 -4 -4 -4 -2 -4 -4 -5 -4  6  1 -4  0 -1 -4 -3 -2 -4 -2  2    0   0   0   0   0   0   0   0   0  99   0   0   0   0   0   0   0   0   0   1  1.02 0.16
   62 T   -1 -2 -1 -2 -2 -2 -2 -3 -3 -2 -2 -2 -2 -3 -2  0  7 -4 -3 -1    0   0   0   0   0   0   0   0   0   0   0   0   0   0   0   0 100   0   0   0  1.13 0.18
   63 I   -2 -4 -4 -4 -2 -4 -4 -5 -4  6  1 -4  0 -1 -4 -3 -2 -4 -2  2    0   0   0   0   0   0   0   0   0 100   0   0   0   0   0   0   0   0   0   0  1.03 0.16
   64 N    1 -1  5  0 -2 -1 -1 -1 -1 -4 -4 -1 -3 -4 -2  3  0 -4 -3 -3   12   0  53   0   0   0   0   0   0   0   0   0   0   0   0  34   0   0   0   0  0.69 0.12
   65 T   -1 -2 -1 -2 -2 -2 -2 -3 -3 -1 -2 -2 -2 -3 -2  0  6 -4 -3 -1    1   0   0   0   0   0   0   0   0   4   1   0   0   0   0   0  95   0   0   0  1.00 0.17
   66 A    5 -2 -2 -2 -1 -1 -1 -1 -2 -2 -3 -1 -2 -3 -2  3  0 -3 -3 -1   73   0   0   0   0   0   0   0   0   0   0   0   0   0   0  26   1   0   0   0  0.65 0.12
   67 H   -3 -2 -1 -2 -4 -1 -1 -3 10 -5 -4 -2 -3 -3 -4 -2 -3 -4  1 -5    0   0   0   0   0   0   0   0 100   0   0   0   0   0   0   0   0   0   0   0  2.04 0.22
   68 V   -1 -4 -4 -4 -2 -3 -4 -4 -4  2  0 -3  0 -2 -3 -3 -1 -4 -2  6    0   0   0   0   0   0   0   0   0   7   0   0   0   0   0   0   0   0   0  93  0.84 0.14
   69 E   -2 -1 -1  1 -5  1  7 -3 -1 -4 -4  0 -3 -4 -2 -1 -2 -4 -3 -4    0   0   0   0   0   0 100   0   0   0   0   0   0   0   0   0   0   0   0   0  1.32 0.18
   70 Y   -3 -3 -3 -4 -4 -3 -3 -4  1 -3 -2 -3 -2  2 -4 -3 -3  1  9 -3    0   0   0   0   0   0   0   0   0   0   0   0   0   0   0   0   0   0 100   0  1.82 0.21
   71 E   -2 -1 -1  1 -5  2  6 -3 -1 -4 -4  0 -3 -4 -2 -1 -2 -4 -3 -4    0   0   1   4   0   8  86   0   0   0   0   0   0   0   0   1   0   0   0   0  1.08 0.15
   72 T   -1 -2 -1 -2 -2 -2 -2 -3 -3 -2 -2 -2 -2 -3 -2  1  6 -4 -3 -1    0   0   0   0   0   0   0   0   0   0   0   0   0   0   0   2  97   0   0   0  1.08 0.17
   73 A    1 -1 -1  3 -3  0  4 -2 -1 -3 -3  0 -3 -4  2  0 -1 -4 -3 -2   17   0   0  23   0   1  42   1   1   0   1   0   0   0  12   2   1   0   0   0  0.54 0.08
   74 K    0  0  4  0 -3  0  0 -1  0 -3 -3  3 -2 -3 -2  1  2 -4 -2 -2    7   0  37   2   0   1   1   1   1   0   0  28   0   0   0   4  16   0   0   1  0.41 0.08
   75 R   -3  7 -2 -3 -5  0 -1 -4 -1 -4 -3  1 -3 -4 -3 -2 -2 -4 -3 -4    0 100   0   0   0   0   0   0   0   0   0   0   0   0   0   0   0   0   0   0  1.44 0.18
   76 H   -3 -2 -1 -2 -4 -1 -1 -3 10 -5 -4 -2 -3 -3 -4 -2 -3 -4  1 -5    0   0   0   0   0   0   0   0 100   0   0   0   0   0   0   0   0   0   0   0  2.04 0.22
   77 Y   -3 -3 -3 -4 -4 -3 -3 -4  1 -3 -2 -3 -2  2 -4 -3 -3  1  9 -3    0   0   0   0   0   0   0   0   0   0   0   0   0   0   0   0   0   0 100   0  1.82 0.21
   78 S    6 -2 -2 -3 -1 -2 -2 -1 -3 -2 -2 -2 -2 -3 -2  1 -1 -4 -3 -1   97   0   0   0   0   0   0   0   0   0   0   0   0   0   0   3   0   0   0   0  0.87 0.15
   79 H   -3 -2 -1 -2 -4 -1 -1 -3 10 -5 -4 -2 -3 -3 -4 -2 -3 -4  1 -5    0   0   0   0   0   0   0   0 100   0   0   0   0   0   0   0   0   0   0   0  2.04 0.22
   80 V   -1 -4 -4 -4 -2 -3 -4 -4 -4  2  0 -3  0 -2 -3 -3 -1 -4 -2  6    0   0   0   0   0   0   0   0   0   3   0   0   0   0   0   0   0   0   0  97  0.89 0.15
   81 D   -3 -3  0  7 -5 -1  1 -2 -2 -4 -5 -2 -4 -5 -3 -1 -2 -6 -4 -4    0   0   0 100   0   0   0   0   0   0   0   0   0   0   0   0   0   0   0   0  1.58 0.18
   82 C   -1 -5 -4 -5 10 -4 -5 -4 -4 -3 -3 -4 -3 -4 -4 -2 -2 -4 -4 -2    2   0   0   0  98   0   0   0   0   0   0   0   0   0   0   0   0   0   0   0  2.37 0.22
   83 P   -2 -3 -3 -3 -4 -3 -2 -3 -3 -4 -4 -2 -4 -5  8 -2 -2 -5 -4 -4    0   0   0   0   0   0   0   0   0   0   0   0   0   0 100   0   0   0   0   0  2.53 0.20
   84 G   -1 -3 -1 -2 -4 -3 -3  7 -3 -5 -5 -3 -4 -4 -3 -1 -3 -4 -4 -4    0   0   0   0   0   0   0 100   0   0   0   0   0   0   0   0   0   0   0   0  1.55 0.16
   85 H   -3 -2 -1 -2 -4 -1 -1 -3 10 -5 -4 -2 -3 -3 -4 -2 -3 -4  1 -5    0   0   0   0   0   0   0   0 100   0   0   0   0   0   0   0   0   0   0   0  2.04 0.22
   86 A    6 -2 -3 -3 -1 -2 -2 -1 -3 -2 -2 -2 -2 -3 -2  0 -1 -4 -3 -1   99   0   0   0   0   0   0   0   0   0   0   0   0   0   0   0   0   0   0   1  0.90 0.15
   87 D   -3 -3  0  7 -5 -1  1 -2 -2 -4 -5 -2 -4 -5 -3 -1 -2 -6 -4 -4    0   0   0 100   0   0   0   0   0   0   0   0   0   0   0   0   0   0   0   0  1.58 0.18
   88 Y   -3 -3 -3 -4 -4 -3 -3 -4  1 -3 -2 -3 -2  2 -4 -3 -3  1  9 -3    0   0   0   0   0   0   0   0   0   0   0   0   0   0   0   0   0   0 100   0  1.82 0.21
   89 I   -1 -4 -4 -4 -2 -3 -4 -4 -4  3  0 -3  0 -2 -3 -3 -1 -4 -2  6    0   0   0   0   0   0   0   0   0   8   0   0   0   0   0   0   0   0   0  92  0.83 0.14
   90 K   -2  1 -1 -2 -4  0  0 -3 -2 -4 -4  7 -2 -4 -2 -1 -2 -4 -3 -3    0   0   0   0   0   0   0   0   0   0   0 100   0   0   0   0   0   0   0   0  1.14 0.17
   91 N   -3 -2  8  0 -4 -1 -1 -2 -1 -5 -5 -1 -3 -4 -3  0 -1 -5 -3 -4    0   0 100   0   0   0   0   0   0   0   0   0   0   0   0   0   0   0   0   0  1.49 0.19
   92 M   -2 -3 -4 -5 -3 -2 -3 -4 -3  0  1 -3  9 -1 -4 -3 -2 -3 -2 -1    0   0   0   0   0   0   0   0   0   0   0   0 100   0   0   0   0   0   0   0  1.54 0.23
   93 I   -2 -4 -4 -4 -2 -4 -4 -5 -4  6  1 -4  0 -1 -4 -3 -2 -4 -2  2    0   0   0   0   0   0   0   0   0 100   0   0   0   0   0   0   0   0   0   0  1.03 0.16
   94 T   -1 -2 -1 -2 -2 -2 -2 -3 -3 -2 -2 -2 -2 -3 -2  0  7 -4 -3 -1    0   0   0   0   0   0   0   0   0   0   0   0   0   0   0   0 100   0   0   0  1.13 0.18
   95 G   -1 -3 -1 -2 -4 -3 -3  7 -3 -5 -5 -3 -4 -4 -3 -1 -3 -4 -4 -4    0   0   0   0   0   0   0 100   0   0   0   0   0   0   0   0   0   0   0   0  1.55 0.16
   96 A    6 -2 -3 -3 -1 -2 -2 -1 -3 -2 -3 -2 -2 -3 -2  0 -1 -4 -3 -1  100   0   0   0   0   0   0   0   0   0   0   0   0   0   0   0   0   0   0   0  0.92 0.16
   97 A    6 -2 -3 -3 -1 -2 -2 -1 -3 -2 -3 -2 -2 -3 -2  0 -1 -4 -3 -1  100   0   0   0   0   0   0   0   0   0   0   0   0   0   0   0   0   0   0   0  0.92 0.16
   98 Q   -2  0 -1 -2 -4  8  1 -3 -1 -4 -3  0 -2 -5 -3 -1 -2 -3 -3 -4    0   0   0   0   0 100   0   0   0   0   0   0   0   0   0   0   0   0   0   0  1.45 0.21
   99 M   -2 -3 -4 -5 -3 -2 -3 -4 -3  0  1 -3  9 -1 -4 -3 -2 -3 -2 -1    0   0   0   0   0   0   0   0   0   0   0   0 100   0   0   0   0   0   0   0  1.54 0.23
  100 D   -3 -3  0  7 -5 -1  1 -2 -2 -4 -5 -2 -4 -5 -3 -1 -2 -6 -4 -4    0   0   0 100   0   0   0   0   0   0   0   0   0   0   0   0   0   0   0   0  1.58 0.18
  101 G   -1 -3 -1 -2 -4 -3 -3  7 -3 -5 -5 -3 -4 -4 -3 -1 -3 -4 -4 -4    0   0   0   0   0   0   0 100   0   0   0   0   0   0   0   0   0   0   0   0  1.54 0.15
  102 A    5 -2 -2 -3 -1 -2 -2  1 -3 -2 -3 -2 -2 -3 -2  0 -1 -4 -3 -1   89   0   0   0   0   0   0   9   0   0   0   0   0   0   0   1   1   0   0   0  0.76 0.13
  103 I   -2 -4 -4 -4 -2 -4 -4 -5 -4  6  1 -4  0 -1 -4 -3 -2 -4 -2  2    0   0   0   0   0   0   0   0   0  98   0   0   0   0   0   0   0   0   0   2  1.00 0.16
  104 L   -2 -3 -4 -5 -2 -3 -4 -5 -4  1  5 -3  1  0 -4 -3 -2 -3 -2  0    0   0   0   0   0   0   0   0   0   0  99   0   1   0   0   0   0   0   0   0  0.90 0.14
  105 V   -1 -4 -4 -4 -1 -3 -4 -4 -4  2  0 -3  0 -2 -3 -3 -1 -4 -2  6    0   0   0   0   1   0   0   0   0   1   0   0   0   0   0   0   0   0   0  99  0.90 0.15
  106 V   -1 -4 -4 -4  3 -3 -4 -4 -4  2  0 -3  0 -2 -3 -3 -1 -4 -2  5    0   0   0   0   9   0   0   0   0   3   0   0   0   0   0   0   0   0   0  88  0.78 0.14
  107 S    2 -2  0 -1 -2 -1 -1 -1 -2 -3 -3 -1 -2 -3 -2  5  0 -4 -3 -2   19   0   0   0   0   0   0   0   0   0   0   0   0   0   0  81   0   0   0   0  0.75 0.14
  108 A    6 -2 -2 -3 -1 -2 -2 -1 -3 -2 -2 -2 -2 -3 -2  1 -1 -4 -3 -1   98   0   0   0   0   0   0   0   0   0   0   0   0   0   0   2   0   0   0   0  0.88 0.15
  109 A    5 -2 -1 -2 -1 -2 -2 -1 -2 -2 -2 -2 -2 -3 -2  1  2 -3 -3 -1   78   0   1   0   0   0   0   0   0   0   0   0   0   0   0   2  19   0   0   0  0.64 0.12
  110 D   -3 -3  0  7 -5 -1  1 -2 -2 -4 -5 -2 -4 -5 -3 -1 -2 -6 -4 -4    0   0   0 100   0   0   0   0   0   0   0   0   0   0   0   0   0   0   0   0  1.58 0.18
  111 G   -1 -3 -1 -2 -4 -3 -3  7 -3 -5 -5 -3 -4 -4 -3 -1 -3 -4 -4 -4    0   0   0   0   0   0   0 100   0   0   0   0   0   0   0   0   0   0   0   0  1.55 0.16
  112 P   -1 -3 -3 -3 -4 -2 -2 -3 -3 -3 -4 -2 -3 -5  8 -2 -2 -5 -4 -2    1   0   0   0   0   0   0   0   0   0   0   0   0   0  95   0   0   0   0   4  2.29 0.19
  113 M   -2 -3 -4 -5 -3 -2 -3 -4 -3  0  1 -3  9 -1 -4 -3 -2 -3 -2 -1    0   0   0   0   0   0   0   0   0   0   0   0 100   0   0   0   0   0   0   0  1.54 0.23
  114 P    0 -3 -3 -3 -4 -2 -2 -3 -3 -4 -4 -2 -4 -5  8 -2 -2 -5 -4 -3    7   0   0   0   0   0   0   0   0   0   0   0   0   0  93   0   0   0   0   0  2.24 0.18
  115 Q   -2  0 -1 -2 -4  8  1 -3 -1 -4 -3  0 -2 -5 -3 -1 -2 -3 -3 -4    0   0   0   0   0 100   0   0   0   0   0   0   0   0   0   0   0   0   0   0  1.45 0.21
  116 T   -1 -2 -1 -2 -2 -2 -2 -3 -3 -2 -2 -2 -2 -3 -2  0  7 -4 -3 -1    0   0   0   0   0   0   0   0   0   0   0   0   0   0   0   0 100   0   0   0  1.13 0.18
  117 R   -2  7 -1 -3 -5  0 -1 -3 -1 -4 -3  2 -2 -4 -3 -2 -2 -4 -3 -4    0  96   0   0   0   0   0   0   0   0   0   4   0   0   0   0   0   0   0   0  1.35 0.17
  118 E   -2 -1 -1  1 -5  1  7 -3 -1 -4 -4  0 -3 -4 -2 -1 -2 -4 -3 -4    0   0   0   0   0   0 100   0   0   0   0   0   0   0   0   0   0   0   0   0  1.32 0.18
  119 H   -3 -2 -1 -2 -4 -1 -1 -3 10 -5 -4 -2 -3 -3 -4 -2 -3 -4  1 -5    0   0   0   0   0   0   0   0 100   0   0   0   0   0   0   0   0   0   0   0  2.04 0.22
  120 I   -2 -4 -4 -4 -2 -4 -4 -5 -4  6  1 -4  0 -1 -4 -3 -2 -4 -2  2    0   0   0   0   0   0   0   0   0  97   2   0   0   0   0   0   0   0   0   1  0.99 0.16
  121 L   -2 -3 -4 -5 -2 -3 -4 -5 -4  1  5 -3  1  0 -4 -3 -2 -3 -2  0    0   0   0   0   0   0   0   0   0   0 100   0   0   0   0   0   0   0   0   0  0.90 0.14
  122 L   -2 -3 -4 -5 -2 -3 -4 -5 -4  1  5 -3  1  0 -4 -3 -2 -3 -2  0    0   0   0   0   0   0   0   0   0   0 100   0   0   0   0   0   0   0   0   0  0.91 0.14
  123 A    4 -2 -1 -2 -1 -1 -1  0 -2 -3 -3 -1 -2 -3 -2  3  0 -3 -3 -1   59   0   0   0   0   0   0   3   0   0   0   0   0   0   0  38   0   0   0   0  0.59 0.11
  124 R   -2  7 -1 -3 -4  0 -1 -3 -1 -4 -3  2 -2 -4 -3 -1 -2 -4 -3 -4    0  92   0   0   0   0   0   0   1   0   0   6   0   0   0   1   0   0   0   0  1.26 0.16
  125 Q   -2  0  1 -1 -4  7  1 -3 -1 -4 -3  0 -2 -4 -3 -1 -2 -3 -3 -4    0   1   5   0   0  94   0   0   0   0   0   0   0   0   0   0   0   0   0   0  1.31 0.19
  126 V   -1 -4 -4 -4 -2 -3 -4 -4 -4  2  0 -3  0 -2 -3 -3 -1 -4 -2  6    0   0   0   0   0   0   0   0   0   0   0   0   0   0   0   0   0   0   0 100  0.91 0.16
  127 G   -1 -3  0 -2 -4 -2 -3  7 -3 -5 -5 -2 -4 -4 -3 -1 -3 -4 -4 -4    0   0   2   0   0   0   0  97   0   0   0   0   0   0   0   0   0   0   0   0  1.46 0.15
  128 V   -1 -4 -4 -4 -2 -3 -4 -4 -4  2  0 -3  0 -2 -3 -3 -1 -4 -2  6    0   0   0   0   0   0   0   0   0   1   0   0   0   0   0   0   0   0   0  99  0.91 0.15
  129 P   -2 -3 -3 -3 -4 -2 -2 -3 -3 -4 -4 -1 -4 -5  8 -2 -2 -5 -4 -4    0   0   1   0   0   1   1   0   0   0   0   2   0   0  96   0   0   0   0   0  2.37 0.19
  130 Y    1 -1  1 -3 -3 -1 -2 -3  1 -2 -2 -1 -2  1 -3  0 -2  0  7 -2   14   2   8   0   0   0   0   0   2   0   0   3   0   1   0   7   0   0  63   0  0.75 0.13
  131 I   -2 -4 -4 -4 -2 -3 -4 -5 -4  5  2 -3  2  0 -4 -3 -2 -3 -2  2    0   0   0   0   0   0   0   0   0  78  17   0   3   2   0   0   0   0   0   1  0.72 0.12
  132 V   -1 -4 -4 -4 -2 -3 -3 -4 -4  3  0 -3  0 -2 -3 -3 -1 -4 -2  5    1   0   0   0   0   0   0   0   0  11   0   0   0   0   0   0   0   0   0  88  0.78 0.13
  133 V   -1 -4 -4 -4 -2 -3 -4 -4 -4  2  0 -3  0 -2 -3 -3 -1 -4 -2  6    0   0   0   0   0   0   0   0   0   0   0   0   0   0   0   0   0   0   0 100  0.92 0.16
  134 F   -3 -4 -4 -5 -4 -4 -4 -4 -2 -1 -1 -4 -1  8 -5 -3 -3  2  3 -2    1   0   0   0   0   0   0   0   0   0   0   0   0  91   0   0   0   2   6   0  1.40 0.17
  135 M   -2 -3 -4 -4 -2 -2 -4 -4 -3  1  4 -3  5  0 -4 -3 -2 -2 -2  0    0   0   0   0   0   0   0   0   0   0  71   0  28   0   0   0   0   0   0   0  0.76 0.12
  136 N   -3 -2  8  0 -4 -1 -1 -2 -1 -5 -5 -1 -3 -4 -3  0 -1 -5 -3 -4    0   0 100   0   0   0   0   0   0   0   0   0   0   0   0   0   0   0   0   0  1.49 0.19
  137 K   -2  1 -1 -2 -4  0  0 -3 -2 -4 -4  7 -2 -4 -2 -1 -2 -4 -3 -3    0   0   0   0   0   0   0   0   0   0   0 100   0   0   0   0   0   0   0   0  1.14 0.17
  138 V    2 -2 -3 -3  7  0 -1 -2 -3  0 -1 -1 -1 -3 -3 -1  0 -3 -3  2   23   0   0   0  38   4   5   0   0   3   0   3   1   0   0   1   3   0   0  19  0.51 0.09
  139 D   -3 -3  0  7 -5 -1  1 -2 -2 -4 -5 -2 -4 -5 -3 -1 -2 -6 -4 -4    0   0   0 100   0   0   0   0   0   0   0   0   0   0   0   0   0   0   0   0  1.58 0.18
  140 M   -2 -2 -3 -4 -3  3 -2 -4 -2  0  1 -2  8 -2 -3 -2 -2 -3 -2 -1    0   0   0   0   0  19   0   0   0   0   1   0  80   0   0   0   0   0   0   0  1.09 0.19
  141 V   -1 -4 -4 -4 -2 -3 -4 -4 -4  2  0 -3  0 -2 -3 -3 -1 -4 -2  6    0   0   0   0   0   0   0   0   0   0   1   0   0   0   0   0   0   0   0  99  0.90 0.15
  142 D   -3 -3  0  7 -5 -1  1 -2 -2 -4 -5 -2 -4 -5 -3 -1 -2 -5 -4 -4    0   0   1  97   0   0   3   0   0   0   0   0   0   0   0   0   0   0   0   0  1.50 0.17
  143 D   -3 -3  0  7 -5 -1  1 -2 -2 -4 -5 -2 -4 -5 -3 -1 -2 -6 -4 -4    0   0   0 100   0   0   0   0   0   0   0   0   0   0   0   0   0   0   0   0  1.58 0.18
  144 P    0 -1 -2  0 -4  0  5 -3 -2 -4 -4  0 -3 -4  5 -1 -2 -4 -3 -3    9   0   0   1   0   0  57   0   0   0   0   1   0   0  31   0   0   0   0   0  0.93 0.12
  145 E   -2 -1 -1  1 -5  1  7 -3 -1 -4 -4  0 -3 -4 -2 -1 -2 -4 -3 -4    0   0   0   0   0   0 100   0   0   0   0   0   0   0   0   0   0   0   0   0  1.32 0.18
  146 L   -2 -3 -4 -5 -2 -3 -4 -5 -4  1  5 -3  1  0 -4 -3 -2 -3 -2  0    0   0   0   0   0   0   0   0   0   1  98   0   0   0   0   0   0   0   0   0  0.88 0.13
  147 L   -2 -3 -4 -4 -2 -3 -4 -5 -4  2  5 -3  2  0 -4 -3 -2 -3 -2  1    0   0   0   0   0   0   0   0   0  12  83   0   4   0   0   0   0   0   0   1  0.71 0.11
  148 D   -2 -1 -1  2 -5  1  6 -3 -1 -4 -4  0 -3 -4 -2 -1 -2 -4 -3 -4    0   0   0  10   0   0  90   0   0   0   0   0   0   0   0   0   0   0   0   0  1.17 0.16
  149 L   -2 -3 -4 -5 -2 -3 -4 -5 -4  1  5 -3  1  0 -4 -3 -2 -3 -2  0    0   0   0   0   0   0   0   0   0   0 100   0   0   0   0   0   0   0   0   0  0.91 0.14
  150 V   -1 -4 -4 -4 -2 -3 -4 -4 -4  2  0 -3  0 -2 -3 -3 -1 -4 -2  6    0   0   0   0   0   0   0   0   0   0   0   0   0   0   0   0   0   0   0 100  0.92 0.16
  151 E   -2 -1 -1  1 -5  1  6 -3 -1 -4 -4  0 -3 -4 -2 -1 -2 -4 -3 -4    0   0   0   3   0   0  97   0   0   0   0   0   0   0   0   0   0   0   0   0  1.26 0.17
  152 M   -2 -3 -4 -4 -3 -2 -3 -4 -3  0  2 -3  8 -1 -4 -3 -2 -3 -2  0    0   0   0   0   0   0   0   0   0   0  19   0  80   0   0   0   0   0   0   1  1.12 0.18
  153 E   -2 -1 -1  1 -5  1  7 -3 -1 -4 -4  0 -3 -4 -2 -1 -2 -4 -3 -4    0   0   0   0   0   0 100   0   0   0   0   0   0   0   0   0   0   0   0   0  1.31 0.18
  154 V   -1 -3 -4 -4 -2 -3 -3 -4 -4  3  0 -3  0 -1 -3 -2 -1 -4 -2  5    0   0   0   0   0   0   0   0   0  20   2   0   0   0   0   0   1   0   0  77  0.70 0.12
  155 R   -3  7 -2 -3 -5  0 -1 -4 -1 -4 -3  1 -3 -4 -3 -2 -2 -4 -3 -4    0 100   0   0   0   0   0   0   0   0   0   0   0   0   0   0   0   0   0   0  1.44 0.18
  156 D   -2 -1  0  4 -5  1  5 -3 -1 -4 -4  0 -3 -4 -2 -1 -2 -4 -3 -4    0   0   0  34   0   0  66   0   0   0   0   0   0   0   0   0   0   0   0   0  1.02 0.14
  157 L   -2 -3 -4 -5 -2 -3 -4 -5 -4  1  5 -3  1  0 -4 -3 -2 -3 -2  0    0   0   0   0   0   0   0   0   0   0  98   0   1   0   0   0   1   0   0   0  0.87 0.13
  158 L   -2 -3 -4 -5 -2 -3 -4 -5 -4  1  5 -3  2  0 -4 -3 -2 -3 -2  0    0   0   0   0   0   0   0   0   0   0  99   0   1   0   0   0   0   0   0   0  0.90 0.14
  159 N    0 -2  3  0 -2 -1 -1 -1 -1 -3 -3 -1 -2 -3 -2  4  1 -4 -3 -3    0   0  22   3   0   0   0   0   0   0   0   0   0   0   0  66   8   0   0   0  0.63 0.12
  160 Q   -1  0  0  1 -3  2  4 -2 -1 -3 -3  2 -2 -3 -2  2  0 -3 -3 -3    1   1   2   3   0   7  49   0   0   0   0  12   1   0   0  22   2   0   0   0  0.52 0.09
  161 Y   -3 -3 -3 -4 -4 -2 -3 -4  1 -3 -2 -3 -2  2 -4 -3 -3  1  9 -3    0   0   0   0   0   1   0   0   0   0   0   0   0   0   0   0   0   0  99   0  1.80 0.21
  162 E   -2 -2  0  5 -4  0  4  0 -1 -4 -4 -1 -3 -4 -2 -1 -2 -4 -3 -4    0   0   1  50   0   2  40   8   0   0   0   0   0   0   0   0   0   0   0   0  0.85 0.11
  163 F   -3 -4 -4 -5 -4 -4 -4 -4 -2 -1 -1 -4 -1  8 -5 -4 -3  0  3 -2    0   0   0   0   0   0   0   0   0   0   0   0   0  97   0   0   0   0   3   0  1.52 0.18
  164 P   -2 -3 -2  1 -4 -2 -2 -3 -3 -4 -4 -2 -4 -5  8 -2 -2 -5 -4 -4    0   0   0   8   0   0   0   0   0   0   0   0   0   0  91   0   0   0   0   0  2.20 0.18
  165 G   -1 -3 -1 -2 -4 -3 -3  7 -3 -5 -5 -3 -4 -4 -3 -1 -3 -4 -4 -4    0   0   0   0   0   0   0 100   0   0   0   0   0   0   0   0   0   0   0   0  1.55 0.16
  166 D   -3 -3  0  7 -5 -1  1 -2 -2 -4 -5 -2 -4 -5 -3 -1 -2 -6 -4 -4    0   0   1  99   0   0   0   0   0   0   0   0   0   0   0   0   0   0   0   0  1.56 0.18
  167 E   -2 -2  2  6 -4 -1  3 -2 -2 -4 -4 -1 -4 -4 -2 -1 -2 -5 -4 -4    0   0   6  76   0   0  17   0   0   0   0   0   0   0   0   0   1   0   0   0  1.14 0.13
  168 V   -1 -3 -2 -3 -1 -2 -3 -3 -3  4  1 -2  0 -1 -3 -1  3 -3 -2  2    1   0   0   0   0   0   0   0   0  45   5   0   0   0   0   0  32   0   0  16  0.42 0.09
  169 P   -2 -3 -3 -3 -4 -3 -2 -3 -3 -4 -4 -2 -4 -5  8 -2 -2 -5 -4 -4    0   0   0   0   0   0   0   0   0   0   0   0   0   0 100   0   0   0   0   0  2.53 0.20
  170 V   -2 -4 -4 -4 -2 -3 -4 -4 -4  5  1 -3  0  0 -3 -3 -1 -3 -2  4    0   0   0   0   0   0   0   0   0  58   1   0   0   2   0   0   0   0   0  39  0.67 0.11
  171 I   -2 -4 -4 -4 -2 -3 -4 -4 -4  5  1 -3  0 -1 -3 -3 -1 -4 -2  4    0   0   0   0   0   0   0   0   0  62   0   0   0   0   0   0   3   0   0  35  0.67 0.11
  172 R    1  3 -1 -2 -2  1  0 -2  0 -1 -2  3 -1 -3  0  0  0 -3 -2  0   14  23   0   0   0   8   0   0   2   1   0  28   1   0   2   4   7   0   0   9  0.26 0.05
  173 G   -1 -3 -1 -2 -4 -3 -3  7 -3 -5 -5 -3 -4 -4 -3 -1 -3 -4 -4 -4    0   0   0   0   0   0   0  99   0   0   0   0   0   0   0   0   0   0   0   1  1.52 0.15
  174 S    0 -2  0 -1 -2 -1 -1 -1 -2 -4 -4 -1 -3 -4 -2  6  0 -4 -3 -3    1   0   0   0   0   0   0   0   0   0   0   0   0   0   0  99   0   0   0   0  0.98 0.17
  175 A    5 -2 -2 -3 -1 -2 -2  1 -3 -2 -3 -2 -2 -3 -2  1 -1 -4 -3 -1   93   0   0   0   0   0   0   5   0   0   0   0   0   0   0   2   0   0   0   0  0.80 0.14
  176 L   -2 -1 -4 -4 -2 -3 -3 -4 -3  1  5 -2  1  0 -4 -3 -2 -2 -1  0    0   2   0   0   0   0   0   0   0   0  92   3   0   0   0   0   0   0   1   0  0.73 0.12
  177 L   -1  1 -1 -2 -1  2  1 -2 -1 -3 -1  5  0 -3 -2 -1 -1 -4 -3 -2    3   2   0   0   2   9   3   2   0   0   7  69   3   0   0   0   0   0   0   1  0.54 0.11
  178 A    5 -2 -3 -3 -1 -2 -2  0 -3 -2 -2 -2 -2 -3 -2  0 -1 -4 -3  0   94   0   0   0   0   0   0   1   0   0   0   0   0   0   0   0   1   0   0   4  0.80 0.14
  179 L   -2 -3 -4 -4 -2 -3 -4 -5 -4  1  5 -3  2  0 -4 -3 -2 -3 -2  1    0   0   0   0   0   0   0   0   0   3  90   0   2   0   0   0   0   0   0   5  0.76 0.12
  180 E   -2 -1  0  1 -4  2  6 -3 -1 -4 -4  0 -3 -4 -2 -1 -1 -4 -3 -3    0   0   2   2   0   5  86   0   0   0   0   0   0   0   0   0   2   0   0   0  1.03 0.14
  181 E    1  0  1  2  0  0  0  1  0 -1 -1  0 -1 -1 -1  1  0 -1 -1 -1   17   3   8  19   2   3   4   9   2   2   4   4   1   2   2   8   3   1   3   3  0.11 0.01
  182 M    0 -1  0  1 -1  0  0 -1 -1 -1  0 -1  1 -1  4  0  0 -1 -1  0    5   3   3  10   1   2   3   5   1   3  12   3   9   2  21   5   7   1   1   4  0.19 0.01
  183 H    0  0  1  0 -1  1  0  0  0 -1 -1  0  0 -1  0  1  1 -1 -1 -1    6   3   7   5   1   9   4   5   2   3   5   6   2   3   3  14  15   1   2   4  0.07 0.01
  184 K    1  0  0  0 -1  0  0  1 -1 -1 -1  0 -1 -1  0  1  1 -1 -1 -1   16   4   4   6   1   3   5   8   1   3   5   8   1   2   3  17   7   1   2   4  0.08 0.01
  185 N    0  0  2  2 -1  0  1  1  0 -1 -1  0 -1 -1  0  0  0 -1 -1 -1    7   3  17  13   1   3   8  10   2   4   5   4   1   2   3   5   5   1   2   4  0.10 0.01
  186 P    0 -1 -1  0  3 -1 -1 -1 -1  0  0 -1 -1 -1  4  0  0 -1 -1  0    5   3   2   7  11   2   3   4   1   7   7   3   2   2  25   5   3   1   2   5  0.25 0.02
  187 K    0  0  1  0 -1  0  0  2 -1 -1 -1  1 -1 -1  0  0  0 -1 -1 -1    5   3  10   3   1   5   5  23   1   3   5  13   1   2   3   7   4   1   2   4  0.11 0.01
  188 T    0 -1  0 -1  3  0 -1  0  0  0  0  0  0 -1  0  0  1 -1 -1  0   10   3   3   3  12   3   4   6   2  10   7   4   2   2   3   6  12   1   2   4  0.04 0.01
  189 K    0  0  0  0 -1  1  0  2 -1 -1 -1  1 -1 -1  2  0  0 -1 -1 -1    8   3   3   4   1  10   6  19   1   3   6   9   1   2   9   4   3   1   2   4  0.11 0.01
  190 R    0  2  1  0 -1  1  1 -1  0 -1 -1  2 -1 -1  0  0  0 -1 -1 -1    5  14   6   5   1   4   8   4   2   5   7  16   2   2   3   6   4   1   2   4  0.08 0.01
  191 G    0  1  0 -1 -2 -1 -1  4 -1 -2 -2  0 -1 -2  0  0 -1 -1 -2 -2    3  11   2   2   1   2   4  49   1   2   4   3   1   2   5   3   2   1   1   3  0.36 0.03
  192 E   -1 -1  0  4 -2  1  3 -1 -1 -2 -2  0 -2 -2 -1  0 -1 -2 -2 -2    3   2   2  36   1   3  33   2   1   2   3   2   1   1   2   3   2   0   1   3  0.43 0.05
  193 N    1 -1  2  1  3  0  1  1 -1 -2 -2 -1 -2 -2  2  0 -1 -2 -2 -2   17   1  13   9  11   1   9  14   1   1   2   2   0   1   9   3   2   0   1   1  0.19 0.03
  194 E    0  0 -1  1 -3  2  4 -2 -1 -2 -2  1 -2 -3  2  0 -1 -3 -2 -2    7   1   1   5   0   7  47   1   0   1   2   9   0   1  11   2   1   0   1   1  0.44 0.06
  195 W   -1 -2 -2 -3 -2 -1 -1 -2  0 -2 -2 -2 -1  0 -2 -2 -2 10  3 -2    6   1   2   1   0   3   3   3   2   1   2   1   1   1   1   1   1  58  11   2  1.48 0.12
  196 V    0 -2 -1 -1  3  0  2  1 -1  0 -1 -1 -1 -1 -2 -1  0 -2  1  1    5   0   1   0  12   2  24  15   0   1   2   2   0   0   0   2   3   0   9  22  0.14 0.05
  197 D    0 -1  0  4 -3  1  2  0 -1 -3 -3  1 -2 -3  0  0 -1 -3 -3 -3   11   0   2  36   0   7  16   8   0   0   1  14   0   0   3   2   0   0   0   0  0.40 0.06
  198 K    1  1 -1 -2  3  0  0 -2 -1 -3 -3  5 -2 -4  1  0 -1 -4 -2 -2   16   2   1   0   9   1   0   0   0   0   0  60   0   0   6   5   0   0   0   0  0.48 0.10
  199 I   -2 -4 -4 -4 -2 -4 -4 -5 -4  6  1 -4  1 -1 -4 -3 -2 -4 -2  2    0   0   0   0   0   0   0   0   0  93   1   0   1   0   0   0   0   0   0   6  0.93 0.15
  200 W   -2 -1 -2 -3 -2 -1 -2 -3  0  1  2 -2  2  1 -3 -2 -2  6  2  1    0   2   1   1   0   1   2   1   3   9  27   2  10   4   0   0   0  17   8  11  0.36 0.06
  201 E    0  0  0  2 -4  1  5 -2 -1 -4 -4  2 -3 -4 -2 -1 -1 -4 -3 -3    7   2   2   7   0   1  66   0   0   0   0  13   0   0   0   1   1   0   0   0  0.71 0.11
  202 L   -2 -3 -4 -5 -2 -3 -4 -5 -4  1  5 -3  2  0 -4 -3 -2 -3 -2  0    0   0   0   0   0   0   0   0   0   0  99   0   1   0   0   0   0   0   0   0  0.89 0.13
  203 L    0 -3 -3 -4 -2 -2 -3 -3 -3  0  1 -2  8  1 -3 -2 -2 -2 -1  0   11   0   0   0   0   0   0   1   0   1   6   0  73   6   0   0   0   0   0   2  0.83 0.16
  204 D    0 -1  1  5 -4  0  3 -2 -1 -4 -4  0 -3 -4 -2  0 -1 -4 -3 -3   11   0   5  53   0   2  22   0   0   0   0   4   0   0   0   0   1   0   0   0  0.70 0.09
  205 A    5 -2 -1 -2 -2  0  1 -1 -1 -2 -2 -1 -2 -3 -2  1  0 -3 -2 -1   76   0   1   0   0   4   9   0   1   1   0   1   0   0   0   2   3   0   0   0  0.52 0.11
  206 I   -1 -3 -4 -4 -1 -3 -3 -4 -4  3  2 -3  1 -1 -3 -3 -1 -3 -2  5    0   0   0   0   0   0   0   0   0  11  13   0   2   0   0   0   0   0   0  74  0.62 0.11
  207 D   -3 -3  0  7 -5 -1  1 -2 -2 -4 -5 -2 -4 -5 -3 -1 -2 -6 -4 -4    0   0   0 100   0   0   0   0   0   0   0   0   0   0   0   0   0   0   0   0  1.57 0.18
  208 E    1 -1  1  1 -2  0  3 -1 -1 -3 -3  0 -2 -3 -2  3  1 -3 -2 -2    9   1   5   6   0   1  32   0   0   0   0   2   0   0   0  35   9   0   0   0  0.41 0.08
  209 Y   -3 -3 -3 -4 -4 -3 -3 -4  1 -3 -2 -3 -2  2 -4 -3 -2  3  8 -2    1   0   0   0   0   0   0   0   0   0   0   0   0   2   0   0   1   3  93   0  1.64 0.19
  210 I   -2 -4 -4 -4 -2 -4 -4 -5 -4  6  1 -4  0  0 -4 -3 -2 -4 -2  2    0   0   0   0   0   0   0   0   0  94   0   0   0   2   0   0   0   0   0   4  0.93 0.15
  211 P   -2 -3 -3 -3 -4 -2 -2 -3 -3 -4 -4 -2 -4 -5  8 -2 -2 -5 -4 -4    0   0   0   0   0   0   1   0   0   0   0   0   0   0  99   0   0   0   0   0  2.50 0.20
  212 T    0 -1  0  1 -2  0  2 -2 -2 -2 -1 -1 -1 -3 -2  0  5 -3 -3 -1    3   1   1   6   0   4  15   0   0   1   3   0   0   0   0   1  64   0   0   0  0.50 0.11
  213 P   -2 -3 -3 -3 -4 -3 -2 -3 -3 -4 -4 -2 -4 -5  8 -2 -2 -5 -4 -4    0   0   0   0   0   0   0   0   0   0   0   0   0   0 100   0   0   0   0   0  2.53 0.20
  214 V   -1 -1 -1  1 -4  2  5 -3 -1 -3 -3  0 -2 -4 -2 -1 -1 -4 -3  0    2   0   0   5   0  10  69   0   0   0   0   2   0   0   0   1   2   0   0   9  0.71 0.11
  215 R   -3  7 -2 -3 -5  0 -1 -4 -1 -4 -3  1 -3 -4 -3 -2 -2 -4 -3 -4    0  99   0   0   0   0   0   0   1   0   0   0   0   0   0   0   0   0   0   0  1.42 0.18
  216 D    2 -2  0  5 -3  0  1 -2 -2 -3 -4  0 -3 -4  2 -1 -1 -4 -3 -3   23   0   0  55   0   1   8   0   0   0   0   4   0   0   8   0   0   0   0   0  0.66 0.10
  217 V    0 -2 -1 -2 -2 -2 -2 -3 -2  3  0 -1  0 -2 -2  0  3 -3 -2  3    3   0   1   0   0   0   0   0   1  23   3   4   0   0   0   3  35   0   0  27  0.28 0.07
  218 D   -2 -3  0  7 -5 -1  1 -2 -2 -4 -5 -2 -4 -5 -3 -1 -2 -5 -4 -4    1   0   0  92   0   0   5   0   0   0   0   0   0   0   0   1   1   0   0   0  1.39 0.16
  219 K   -2  2 -1 -2 -4  2  0 -1  0 -3 -2  6 -2 -4 -2 -1 -2 -4 -3 -3    0   3   0   0   0   8   0   3   1   0   4  79   1   0   0   0   0   0   0   0  0.73 0.13
  220 P   -1 -3 -3 -2 -4 -2 -2 -3 -3 -4 -4 -2 -4 -5  8 -2 -1 -5 -4 -3    4   0   0   1   0   0   1   0   0   0   0   0   0   0  91   0   2   0   0   0  2.18 0.18
  221 F   -3 -4 -4 -5 -4 -4 -4 -4 -2 -1 -1 -4 -1  8 -5 -4 -3  0  2 -2    0   0   0   0   0   0   0   0   0   0   0   0   0 100   0   0   0   0   0   0  1.58 0.18
  222 L   -2 -3 -4 -4 -2 -3 -4 -4 -4  1  5 -3  4  0 -4 -3 -2 -2 -2  0    0   0   0   0   0   0   0   0   0   3  84   0  12   0   0   0   0   0   0   0  0.75 0.12
  223 M   -2 -3 -4 -5 -3 -2 -3 -4 -3  0  1 -3  9 -1 -4 -3 -2 -3 -2 -1    0   0   0   0   0   0   0   0   0   0   5   0  95   0   0   0   0   0   0   0  1.40 0.21
  224 P    1 -3 -3 -3 -4 -2 -2 -3 -3 -4 -4 -2 -3 -5  8 -1 -2 -5 -4 -3   11   0   0   0   0   0   0   0   0   0   0   0   0   0  88   1   0   0   0   0  2.08 0.17
  225 V   -1 -4 -4 -4 -2 -3 -4 -4 -4  4  0 -3  0 -1 -3 -3 -1 -4 -2  5    0   0   0   0   0   0   0   0   0  27   0   0   0   0   0   0   0   0   0  73  0.72 0.12
  226 E   -2 -1 -1  1 -5  1  7 -3 -1 -4 -4  0 -3 -4 -2 -1 -2 -4 -3 -4    0   0   0   0   0   0 100   0   0   0   0   0   0   0   0   0   0   0   0   0  1.32 0.18
  227 D   -3 -3  0  7 -5 -1  1 -2 -2 -4 -5 -2 -4 -5 -3 -1 -2 -6 -4 -4    0   0   0 100   0   0   0   0   0   0   0   0   0   0   0   0   0   0   0   0  1.58 0.18
  228 V   -1 -4 -4 -4 -2 -3 -4 -4 -4  2  0 -3  0 -2 -3 -3 -1 -4 -2  6    0   0   0   0   0   0   0   0   0   5   0   0   0   0   0   0   1   0   0  95  0.85 0.15
  229 F   -3 -4 -4 -5 -4 -4 -4 -4 -2 -1 -1 -4  0  8 -5 -4 -3  0  2 -2    0   0   0   0   0   0   0   0   0   0   0   0   1  99   0   0   0   0   0   0  1.55 0.18
  230 T    0 -2  0 -1 -2 -1 -1 -2 -2 -3 -3 -1 -2 -3 -2  5  4 -4 -3 -2    0   0   0   0   0   0   0   0   0   0   0   0   0   0   0  68  32   0   0   0  0.72 0.13
  231 I   -2 -4 -4 -4 -2 -4 -4 -5 -4  6  1 -4  0 -1 -4 -3 -2 -4 -2  2    0   0   0   0   0   0   0   0   0 100   0   0   0   0   0   0   0   0   0   0  1.03 0.16
  232 T    0 -2 -1 -2 -2 -1 -2 -2 -2 -2 -2 -1 -2 -3 -2  3  6 -4 -3 -1    1   0   0   0   0   1   0   0   0   0   0   0   0   0   0  24  74   0   0   0  0.78 0.14
  233 G   -1 -3 -1 -2 -4 -3 -3  7 -3 -5 -5 -3 -4 -4 -3 -1 -3 -4 -4 -4    0   0   0   0   0   0   0 100   0   0   0   0   0   0   0   0   0   0   0   0  1.55 0.16
  234 R   -3  7 -2 -3 -5  0 -1 -4 -1 -4 -3  1 -3 -4 -3 -2 -2 -4 -3 -4    0 100   0   0   0   0   0   0   0   0   0   0   0   0   0   0   0   0   0   0  1.44 0.18
  235 G   -1 -3 -1 -2 -4 -3 -3  7 -3 -5 -5 -3 -4 -4 -3 -1 -3 -4 -4 -4    0   0   0   0   0   0   0 100   0   0   0   0   0   0   0   0   0   0   0   0  1.55 0.16
  236 T   -1 -2 -1 -2 -2 -2 -2 -3 -3 -2 -2 -2 -2 -3 -2  0  7 -4 -3 -1    0   0   0   0   0   0   0   0   0   0   0   0   0   0   0   0 100   0   0   0  1.13 0.18
  237 V   -1 -4 -4 -4 -2 -3 -4 -4 -4  2  0 -3  0 -2 -3 -3 -1 -4 -2  6    0   0   0   0   0   0   0   0   0   0   0   0   0   0   0   0   0   0   0 100  0.92 0.16
  238 A    4 -3 -3 -3 -1 -2 -2 -1 -3  0 -1 -2 -1 -3 -2  0 -1 -3 -2  3   69   0   0   0   0   0   0   0   0   0   0   0   0   0   0   0   1   0   0  29  0.53 0.11
  239 T   -1 -2 -1 -2 -2 -2 -2 -3 -3 -2 -2 -2 -2 -3 -2  0  7 -4 -3 -1    0   0   0   0   0   0   0   0   0   0   0   0   0   0   0   0 100   0   0   0  1.13 0.18
  240 G   -1 -3 -1 -2 -4 -3 -3  7 -3 -5 -5 -3 -4 -4 -3 -1 -3 -4 -4 -4    0   0   0   0   0   0   0 100   0   0   0   0   0   0   0   0   0   0   0   0  1.55 0.16
  241 R   -3  7 -2 -3 -5  0 -1 -3 -1 -4 -3  1 -3 -4 -3 -2 -2 -4 -3 -4    0  99   0   0   0   0   0   0   0   0   0   1   0   0   0   0   0   0   0   0  1.42 0.18
  242 I   -1 -4 -4 -4 -2 -3 -4 -4 -4  3  0 -3  0 -2 -3 -3 -1 -4 -2  5    0   0   0   0   0   0   0   0   0  22   0   0   0   0   0   0   0   0   0  78  0.74 0.13
  243 E   -2 -1 -1  1 -5  1  7 -3 -1 -4 -4  0 -3 -4 -2 -1 -2 -4 -3 -4    0   0   0   1   0   0  99   0   0   0   0   0   0   0   0   0   0   0   0   0  1.31 0.17
  244 R   -2  7 -1 -3 -4  1 -1 -3 -1 -4 -3  1 -2 -4 -3 -1 -2 -4 -3 -4    1  93   0   0   0   2   0   0   0   0   0   1   0   0   0   2   1   0   0   0  1.25 0.16
  245 G   -1 -3 -1 -2 -4 -3 -3  7 -3 -5 -5 -3 -4 -4 -3 -1 -3 -4 -4 -4    0   0   0   0   0   0   0 100   0   0   0   0   0   0   0   0   0   0   0   0  1.55 0.16
  246 K   -1  0 -1 -2 -2  2  0 -3 -2  2  0  1  0 -2 -2 -1  1 -3 -2  2    1   5   1   0   0  15   3   0   0  22   0  12   2   0   0   0  11   0   0  27  0.17 0.05
  247 V   -1 -3 -4 -4 -1 -3 -3 -4 -4  3  2 -3  1 -1 -3 -3 -1 -3 -2  4    0   0   0   0   0   0   0   0   0  25  23   0   0   0   0   0   0   0   0  51  0.52 0.09
  248 K   -2  2  1 -1 -3  0  0 -2  2 -4 -3  6 -2 -4 -2 -1 -1 -4 -2 -3    0   4   5   0   0   0   1   0   7   0   0  80   0   0   0   0   1   0   0   1  0.79 0.13
  249 V   -1 -3 -4 -4 -2 -3 -3 -4 -4  2  1 -3  0 -2 -1 -2  0 -4 -2  5    1   0   0   0   0   0   0   0   0   6   6   1   1   0   3   0   4   0   0  79  0.59 0.11
  250 G   -1 -2  1 -2 -3  1 -2  6 -2 -4 -4 -2 -3 -4 -3  0 -2 -3 -4 -3    0   0   6   0   0   9   0  77   0   0   0   0   0   0   0   7   0   0   0   1  1.00 0.12
  251 D   -2 -2  0  6 -5  0  4 -2 -2 -4 -4 -1 -4 -4 -2 -1 -2 -5 -4 -4    0   0   1  66   0   0  33   1   0   0   0   0   0   0   0   0   0   0   0   0  1.08 0.13
  252 E   -1 -1  0  1 -4  1  6 -3 -1 -3 -3  0 -2 -4 -2 -1  1 -4 -3 -2    1   0   3   1   0   1  75   0   0   0   0   1   0   0   1   1  13   0   0   4  0.78 0.13
  253 V   -1 -3 -4 -4 -1 -3 -3 -4 -4  3  0 -3  0 -2 -3 -3 -1 -4 -2  5    0   0   0   0   0   0   1   0   0  19   2   0   0   0   0   0   0   0   0  78  0.69 0.12
  254 E   -2 -1 -1  1 -5  1  6 -3 -1 -4 -4  0 -3 -4 -2 -1 -2 -4 -3 -3    0   0   0   2   0   1  96   0   0   0   0   0   0   0   0   0   0   0   0   1  1.22 0.17
  255 I   -2 -4 -4 -4 -2 -4 -4 -5 -4  6  2 -4  0 -1 -4 -3 -2 -3 -2  2    0   0   0   0   0   0   1   0   0  83  13   0   0   0   0   0   0   0   0   3  0.79 0.13
  256 V   -1 -4 -4 -4 -2 -3 -4 -4 -4  3  0 -3  0 -2 -3 -3 -1 -4 -2  5    0   0   0   0   0   0   0   0   0  15   1   0   0   0   0   0   0   0   0  85  0.77 0.13
  257 G   -1 -3 -1 -2 -4 -3 -3  7 -3 -5 -5 -3 -4 -4 -3 -1 -3 -4 -4 -4    0   0   0   0   0   0   0  99   0   0   0   0   0   0   0   0   0   0   0   1  1.52 0.15
  258 L   -2 -3 -4 -4 -2 -3 -4 -4 -4  4  4 -3  2  1 -4 -3 -2 -2 -1  1    0   0   0   0   0   0   0   1   0  41  50   0   4   3   0   0   0   0   0   0  0.55 0.09
  259 A    1  3  0 -1 -2  1  0 -1  1 -2 -2  3 -1 -3 -2  1  1 -3 -2 -2   13  20   1   1   0   5   1   2   5   1   0  26   1   0   0  11  12   0   0   1  0.28 0.05
  260 P    0 -1  0  3 -2  0  3 -1 -1 -2 -2  0 -1 -2  3  0  0 -2 -2 -2    5   1   1  20   0   2  32   3   1   1   2   4   1   1  16   2   4   0   1   2  0.38 0.04
  261 E    0  0  0  3 -3  1  4 -2 -1 -3 -3  1 -2 -3 -1  0  0 -3 -2 -2    6   2   2  21   0   2  48   1   1   1   1   6   0   1   1   2   5   0   0   1  0.48 0.06
  262 T    0 -1 -1 -2 -2 -1 -1 -2 -2 -1 -2  1 -2 -3  3  1  4 -3 -2 -1    5   2   1   0   0   0   1   0   0   4   0   9   0   0  15   7  55   0   0   2  0.47 0.09
  263 R   -1  4 -1 -2 -3  2  0 -2 -1 -2 -2  3 -1 -3 -2  0  1 -3 -2 -1    4  35   1   0   0  10   1   1   0   1   1  28   0   0   0   5   9   0   0   3  0.42 0.07
  264 K   -1  1  0 -1 -3  1  0 -2 -2 -3 -3  5 -2 -4 -2  1  0 -4 -3 -3    0   1   2   0   0   2   1   0   0   0   0  74   0   0   0  14   6   0   0   0  0.68 0.12
  265 T   -1 -2 -1 -2 -1 -2 -2 -3 -3 -1 -2 -2 -1 -3 -2  1  6 -3 -2  1    0   0   0   0   0   0   0   0   0   0   0   0   0   0   0   6  83   0   0   9  0.79 0.14
  266 V   -1 -3 -2 -3 -2 -2 -2 -3 -3  1 -1 -2 -1 -2 -2 -1  4 -3 -2  4    0   0   0   0   0   0   0   0   0   2   0   0   0   0   0   0  48   0   0  50  0.55 0.12
  267 V   -1 -4 -4 -4  5 -3 -4 -4 -4  1  0 -3  0 -2 -3 -2 -1 -4 -2  5    3   0   0   0  19   0   0   0   0   1   0   0   0   0   0   0   1   0   0  76  0.71 0.13
  268 T   -1 -2 -1 -2 -2 -2 -2 -2 -3 -2 -2 -2 -2 -3 -2  0  6 -4 -3 -1    0   0   0   0   0   0   0   1   0   0   0   0   0   0   0   0  99   0   0   0  1.09 0.18
  269 G   -1 -3 -1 -2 -3 -3 -3  7 -3 -5 -5 -2 -4 -4 -3 -1 -2 -4 -4 -4    0   0   0   0   0   0   0  97   0   0   0   0   0   0   0   2   0   0   0   0  1.46 0.15
  270 V   -1 -3 -4 -4 -2 -3 -3 -4 -4  3  1 -3  0 -1 -3 -3 -1 -4 -2  5    0   0   0   0   0   0   0   0   0  20   5   0   0   0   0   0   0   0   0  75  0.69 0.12
  271 E   -2 -1 -1  1 -5  1  7 -3 -1 -4 -4  0 -3 -4 -2 -1 -2 -4 -3 -4    0   0   0   0   0   0 100   0   0   0   0   0   0   0   0   0   0   0   0   0  1.32 0.18
  272 M   -2 -3 -4 -5 -3 -2 -3 -4 -3  0  1 -3  9 -1 -4 -3 -2 -3 -2 -1    0   0   0   0   0   0   0   0   0   0   0   0 100   0   0   0   0   0   0   0  1.54 0.23
  273 H   -3 -4 -4 -5 -4 -4 -4 -4  0 -1 -1 -4 -1  8 -5 -4 -3  0  2 -2    0   0   0   0   0   0   0   0   3   0   0   0   0  97   0   0   0   0   0   0  1.49 0.18
  274 R   -2  7 -1 -3 -4  2 -1 -3 -1 -4 -3  2 -2 -4 -3 -2 -2 -4 -3 -4    0  89   0   0   0   6   0   0   0   0   0   4   0   0   0   0   0   0   0   0  1.21 0.16
  275 K   -2  1 -1 -2 -4  0  0 -3 -2 -4 -4  7 -2 -4 -2 -1 -2 -4 -3 -3    0   0   0   0   0   0   0   0   0   0   0 100   0   0   0   0   0   0   0   0  1.14 0.17
  276 T   -2 -2 -3 -3 -2 -1 -2 -4 -3  1  4 -2  2 -1 -3 -1  1 -2 -2  1    0   0   0   0   0   3   2   0   0   8  63   0   5   0   0   6  11   0   0   3  0.37 0.08
  277 L   -2 -3 -4 -5 -2 -3 -4 -5 -4  1  5 -3  2  0 -4 -3 -2 -3 -2  0    0   0   0   0   0   0   0   0   0   0  96   0   4   0   0   0   0   0   0   0  0.86 0.13
  278 Q   -3 -3  0  7 -5 -1  1 -2 -2 -4 -5 -2 -4 -5 -3 -1 -2 -5 -4 -4    0   0   1  94   0   0   4   0   0   0   0   0   0   0   0   1   0   0   0   0  1.44 0.16
  279 E   -1  0 -1  0 -4  4  4 -3  0 -3 -3  0 -2  0 -2  0 -1 -1  3 -2    0   2   0   1   0  31  35   0   0   0   0   0   0   5   0   7   0   0  17   1  0.51 0.10
  280 G    4 -3 -2 -2 -2 -2 -2  4 -3 -3 -3 -2 -2 -3 -2  0 -1 -3 -3 -2   54   0   0   0   0   0   0  46   0   0   0   0   0   0   0   0   0   0   0   0  0.74 0.11
  281 I   -2  1 -1 -1 -3  4  3 -3 -1  0 -1  0  2 -2 -2 -1 -1 -3 -2  0    0   7   0   0   0  32  34   0   0   6   4   0   9   1   0   0   0   0   0   7  0.41 0.09
  282 A    6 -2 -3 -3 -1 -2 -2 -1 -3 -2 -2 -2 -2 -3 -1  0 -1 -4 -3 -1   98   0   0   0   0   0   0   0   0   0   0   0   0   0   1   0   1   0   0   0  0.87 0.15
  283 G   -1 -3 -1 -2 -4 -3 -3  7 -3 -5 -5 -3 -4 -4 -3 -1 -3 -4 -4 -4    0   0   0   0   0   0   0 100   0   0   0   0   0   0   0   0   0   0   0   0  1.55 0.16
  284 D   -3 -3  0  7 -5 -1  1 -2 -2 -4 -5 -2 -4 -5 -3 -1 -2 -5 -4 -4    0   0   0  95   0   0   5   0   0   0   0   0   0   0   0   0   0   0   0   0  1.48 0.17
  285 N   -3 -2  8  0 -4 -1 -1 -2 -1 -5 -5 -1 -3 -4 -3  0 -1 -5 -3 -4    0   0 100   0   0   0   0   0   0   0   0   0   0   0   0   0   0   0   0   0  1.49 0.19
  286 V    0 -4 -4 -4 -1 -3 -4 -4 -4  5  1 -3  0 -1 -3 -3 -1 -4 -2  4    5   0   0   0   1   0   0   0   0  61   0   0   0   0   0   0   0   0   0  33  0.63 0.11
  287 G   -1 -3 -1 -2 -4 -3 -3  7 -3 -5 -5 -3 -4 -4 -3 -1 -3 -4 -4 -4    0   0   0   0   0   0   0 100   0   0   0   0   0   0   0   0   0   0   0   0  1.55 0.16
  288 L    3 -3 -3 -3  3 -2 -2 -2 -3  1  0 -2 -1 -2 -2  0  0 -3 -2  2   53   0   0   0   7   0   0   0   0   8   9   0   0   0   0   0   3   0   0  21  0.33 0.08
  289 L   -2 -3 -4 -5 -2 -3 -4 -5 -4  1  5 -3  1  0 -4 -3 -2 -3 -2  0    0   0   0   0   0   0   0   0   0   0 100   0   0   0   0   0   0   0   0   0  0.91 0.14
  290 L   -2 -3 -4 -5 -2 -3 -4 -5 -4  1  5 -3  1  0 -4 -3 -2 -3 -2  0    0   0   0   0   0   0   0   0   0   1  98   0   0   0   0   0   0   0   0   1  0.88 0.13
  291 R   -3  7 -2 -3 -5  0 -1 -4 -1 -4 -3  1 -3 -4 -3 -2 -2 -4 -3 -4    0 100   0   0   0   0   0   0   0   0   0   0   0   0   0   0   0   0   0   0  1.44 0.18
  292 G   -1 -3 -1 -2 -4 -3 -3  7 -3 -5 -5 -3 -4 -4 -3 -1 -3 -4 -4 -4    0   0   0   0   0   0   0 100   0   0   0   0   0   0   0   0   0   0   0   0  1.55 0.16
  293 V   -1 -3 -3 -3 -2 -3 -3 -4 -4  3  1 -3  0 -1 -3 -2  2 -3 -2  4    0   0   0   0   0   0   0   0   0  27   3   0   0   0   0   0  17   0   0  52  0.48 0.09
  294 S    0  0  0  2 -3  3  2 -1 -1 -3 -3  3 -2 -4 -2  0  0 -3 -2 -3    8   0   2  16   0  27   8   2   0   0   0  28   0   0   0   6   3   0   0   0  0.40 0.07
  295 R   -2  6 -1 -2 -4  0 -1 -3 -1 -4 -3  3 -2 -4 -3 -2 -2 -4 -3 -3    0  79   0   0   0   0   0   0   0   0   0  21   0   0   0   0   0   0   0   0  1.12 0.15
  296 E   -1  0  1  3 -3  1  4 -2 -1 -3 -3  2 -2 -4 -2  0  1 -4 -3 -3    3   0   6  20   0   0  42   0   0   0   0  15   0   0   0   1  13   0   0   0  0.52 0.08
  297 E   -2 -2  0  5 -5  1  5 -3 -1 -4 -4 -1 -3 -4 -2 -1 -2 -4 -3 -4    0   0   0  47   0   1  52   0   0   0   0   0   0   0   0   0   0   0   0   0  0.99 0.13
  298 V   -2 -4 -4 -4 -2 -3 -4 -4 -4  5  1 -3  0 -1 -3 -3 -1 -4 -2  4    0   0   0   0   0   0   0   0   0  61   0   0   0   0   0   0   0   0   0  38  0.71 0.12
  299 E   -2 -1  0  1 -5  3  6 -3 -1 -4 -4  0 -3 -4 -2 -1 -2 -4 -3 -3    0   0   3   0   0  10  85   0   0   0   0   1   0   0   0   1   0   0   0   1  1.04 0.15
  300 R   -3  7 -2 -3 -5  0 -1 -4 -1 -4 -3  1 -3 -4 -3 -2 -2 -4 -3 -4    0 100   0   0   0   0   0   0   0   0   0   0   0   0   0   0   0   0   0   0  1.44 0.18
  301 G   -1 -3 -1 -2 -4 -3 -3  7 -3 -5 -5 -3 -4 -4 -3 -1 -3 -4 -4 -4    0   0   0   0   0   0   0 100   0   0   0   0   0   0   0   0   0   0   0   0  1.55 0.16
  302 Q   -2  0 -1 -2 -4  7  1 -3 -1 -3 -2  0  4 -4 -3 -1 -2 -3 -3 -3    0   0   0   0   0  85   0   0   0   0   0   0  15   0   0   0   0   0   0   0  1.14 0.18
  303 V   -1 -4 -4 -4  0 -3 -4 -4 -4  2  0 -3  0 -2 -3 -3 -1 -4 -2  6    0   0   0   0   1   0   0   0   0   0   0   0   0   0   0   0   0   0   0  98  0.89 0.15
  304 L   -2 -3 -4 -5 -2 -3 -4 -5 -4  2  5 -3  1  0 -4 -3 -2 -3 -2  1    0   0   0   0   0   0   0   0   0   7  91   0   0   0   0   0   0   0   0   2  0.79 0.12
  305 A    5 -2 -2 -3  4 -2 -2 -1 -3 -2 -2 -2 -2 -3 -2  1 -1 -3 -3 -1   81   0   0   0  12   0   0   0   0   1   0   0   0   0   0   4   0   0   0   2  0.69 0.13
  306 K    0  1 -1 -2 -4  1  0 -2 -2 -4 -3  6 -2 -4 -2 -1 -2 -4 -3 -3    6   0   0   0   0   2   1   0   0   0   0  91   0   0   0   0   0   0   0   0  0.94 0.15
  307 P   -2 -3 -3 -3 -4 -2 -2 -3 -3 -4 -4 -2 -4 -5  8 -2 -2 -5 -4 -4    0   0   0   0   0   0   0   0   0   0   0   0   0   0  98   1   1   0   0   0  2.43 0.19
  308 G   -1 -3 -1 -2 -4 -3 -3  6 -3 -5 -5 -2 -4 -4 -3 -1 -2 -4 -4 -4    1   0   1   0   0   0   0  95   0   0   0   2   0   0   0   0   0   0   0   0  1.40 0.14
  309 S    0 -2  0 -1 -2 -1 -1 -1 -2 -3 -3 -1 -2 -3 -2  5  3 -4 -3 -2    0   0   0   0   0   0   0   0   0   0   0   0   0   0   0  77  23   0   0   0  0.76 0.14
  310 I   -2 -4 -4 -4 -2 -4 -4 -5 -4  6  1 -4  0 -1 -4 -3 -2 -4 -2  3    0   0   0   0   0   0   0   0   0  86   0   0   0   0   0   0   0   0   0  14  0.86 0.14
  311 T   -1  0  1 -1 -3  0 -1 -2  4 -2 -3  3 -2 -3 -2  0  4 -3 -2 -2    0   0   7   0   0   1   0   0  16   0   0  25   0   0   0   0  50   0   0   0  0.50 0.11
  312 P   -1 -3 -3 -3  1 -3 -2 -3 -3 -4 -4 -2 -4 -5  8 -2 -2 -5 -4 -3    1   0   0   0   4   0   0   0   0   0   0   0   0   0  95   0   0   0   0   0  2.33 0.19
  313 H   -3 -1 -1 -2 -4 -1 -1 -3 10 -4 -4 -2 -3 -2 -4 -2 -3 -4  1 -4    0   0   0   0   0   0   0   0  96   0   1   1   0   1   0   0   0   0   1   0  1.90 0.21
  314 T   -1 -1 -1 -2 -2 -1 -2 -3 -2 -2 -2  0 -2 -3 -2  1  6 -4 -3 -1    0   1   0   0   0   0   0   0   1   0   0   7   0   0   0   1  89   0   0   0  0.89 0.16
  315 K   -1  1  1 -1 -4  2  1 -2  2 -3 -3  5 -2 -4 -2 -1 -1 -4 -2 -3    1   1   6   1   0   8   5   0   7   0   0  67   0   0   0   0   2   0   1   0  0.61 0.11
  316 F   -3 -4 -4 -5 -4 -4 -4 -4 -2 -1 -1 -4 -1  8 -5 -4 -3  0  2 -2    0   0   0   0   0   0   0   0   0   0   0   0   0  99   0   0   0   0   1   0  1.57 0.18
  317 E   -1  1  0  0 -3  1  3 -2  0 -3 -3  3 -1 -3 -2  0  2 -3 -2 -1    1   2   3   1   0   1  27   0   1   0   0  36   1   0   0   5  18   0   0   3  0.37 0.07
  318 A    4 -2 -2 -2  1 -2 -2  3 -2 -3 -3 -2 -2 -3 -2  1 -1 -3 -3 -1   64   0   0   0   3   0   0  21   0   0   0   0   0   0   0  12   0   0   0   0  0.56 0.10
  319 S   -2 -1  0  0 -4  4  5 -3 -1 -4 -4  0 -2 -4 -2  0 -2 -4 -3 -3    0   0   2   0   0  25  68   0   0   0   0   0   0   0   0   4   0   0   0   0  0.91 0.13
  320 V    0 -3 -4 -4 -1 -3 -3 -4 -4  2  0 -3  0 -2 -3 -2 -1 -4 -2  5    7   0   0   0   0   0   0   0   0   7   0   0   0   0   0   0   1   0   0  86  0.70 0.13
  321 Y   -3 -3 -3 -4 -4 -3 -3 -4  1 -3 -2 -3 -2  2 -4 -3 -3  1  9 -3    0   0   0   0   0   0   0   0   0   0   0   0   0   0   0   0   0   0 100   0  1.82 0.21
  322 I   -1 -4 -4 -4 -2 -3 -4 -4 -4  3  0 -3  0 -2 -3 -3 -1 -4 -2  5    0   0   0   0   0   0   0   0   0  19   0   0   0   0   0   0   0   0   0  81  0.76 0.13
  323 L   -2 -3 -4 -5 -2 -3 -4 -5 -4  1  5 -3  1  0 -4 -3 -2 -3 -2  0    0   0   0   0   0   0   0   0   0   0 100   0   0   0   0   0   0   0   0   0  0.91 0.14
  324 K    0 -1  0 -1 -2 -1 -1 -1 -2 -2 -3  2 -2 -3 -2  3  4 -3 -2 -2    1   0   2   0   0   0   0   1   0   0   0  18   0   0   0  32  47   0   0   0  0.51 0.10
  325 K   -2  1 -1 -1 -4  0  0 -3 -2 -4 -4  6 -2 -4 -2 -1 -2 -4 -3 -3    0   0   0   1   0   0   2   0   0   0   0  97   0   0   0   0   0   0   0   0  1.09 0.17
  326 E   -2 -1 -1  3 -5  1  6 -3 -1 -4 -4  0 -3 -4 -2 -1 -2 -4 -3 -4    0   0   0  21   0   0  77   0   0   0   0   3   0   0   0   0   0   0   0   0  1.02 0.14
  327 E   -2 -1 -1  1 -5  1  7 -3 -1 -4 -4  0 -3 -4 -2 -1 -2 -4 -3 -4    0   0   0   0   0   0 100   0   0   0   0   0   0   0   0   0   0   0   0   0  1.32 0.18
  328 G   -1 -3 -1 -2 -4 -3 -3  7 -3 -5 -5 -3 -4 -4 -3 -1 -3 -4 -4 -4    0   0   0   0   0   0   0 100   0   0   0   0   0   0   0   0   0   0   0   0  1.55 0.16
  329 G   -1 -3 -1 -2 -4 -3 -3  7 -3 -5 -5 -3 -4 -4 -3 -1 -3 -4 -4 -4    0   0   0   0   0   0   0 100   0   0   0   0   0   0   0   0   0   0   0   0  1.55 0.16
  330 R   -3  7 -2 -3 -5  0 -1 -4 -1 -4 -3  1 -3 -4 -3 -2 -2 -4 -3 -4    0 100   0   0   0   0   0   0   0   0   0   0   0   0   0   0   0   0   0   0  1.44 0.18
  331 H   -3 -1 -1 -2 -4 -1 -1 -3 10 -5 -4 -1 -3 -3 -4 -2 -3 -4  0 -5    0   0   0   0   0   0   0   0  97   0   0   3   0   0   0   0   0   0   0   0  1.95 0.22
  332 T   -1 -2 -1 -2 -2 -2 -2 -3 -3 -2 -2 -1 -2 -3 -2  1  6 -4 -3 -1    0   0   0   0   0   0   0   0   0   0   0   3   0   0   0   2  96   0   0   0  1.03 0.17
  333 G   -1 -3 -3 -3 -4 -2 -2 -2 -3 -4 -4 -2 -4 -5  8 -2 -2 -5 -4 -4    1   0   0   0   0   0   0   2   0   0   0   0   0   0  97   0   0   0   0   0  2.38 0.19
  334 F   -3 -4 -4 -5 -4 -4 -4 -4 -2 -1 -1 -4 -1  8 -5 -4 -3  0  2 -2    0   0   0   0   0   0   0   0   0   0   0   0   0 100   0   0   0   0   0   0  1.59 0.19
  335 F   -3 -4 -4 -5 -4 -4 -4 -4 -2 -1 -1 -4 -1  8 -5 -4 -3  0  2 -2    0   0   0   0   0   0   0   0   0   0   0   0   0 100   0   0   0   0   0   0  1.57 0.18
  336 T    0 -1  4  1 -3  0  0 -1 -1 -3 -3  1 -2 -3  1  2  1 -4 -3 -2    5   0  38   7   0   3   1   2   1   0   0  10   0   0   6  16  13   0   0   0  0.40 0.07
  337 G   -1 -2  5 -1 -4 -2 -2  5 -1 -4 -5 -2 -3 -4 -3 -1 -2 -4 -4 -4    0   0  41   0   0   0   0  59   0   0   0   0   0   0   0   0   0   0   0   0  0.99 0.12
  338 Y   -3 -3 -3 -4 -4 -3 -3 -4  1 -3 -2 -3 -2  2 -4 -3 -3  1  9 -3    0   0   0   0   0   0   0   0   0   0   0   0   0   0   0   0   0   0 100   0  1.82 0.21
  339 R   -3  7 -1 -3 -5  0 -1 -3 -1 -4 -3  2 -2 -4 -3 -2 -2 -4 -3 -4    0  97   0   0   0   0   0   0   0   0   0   3   0   0   0   0   0   0   0   0  1.38 0.17
  340 P   -2 -3 -3 -3 -4 -3 -2 -3 -3 -4 -4 -2 -4 -5  8 -2 -2 -5 -4 -4    0   0   0   0   0   0   0   0   0   0   0   0   0   0 100   0   0   0   0   0  2.53 0.20
  341 Q   -2  0 -1 -2 -4  8  1 -3 -1 -4 -3  0 -2 -5 -3 -1 -2 -3 -3 -4    0   0   0   0   0 100   0   0   0   0   0   0   0   0   0   0   0   0   0   0  1.45 0.21
  342 F   -3 -4 -4 -5 -4 -4 -4 -4 -2 -1 -1 -4 -1  8 -5 -4 -3  0  2 -2    0   0   0   0   0   0   0   0   0   0   0   0   0 100   0   0   0   0   0   0  1.59 0.19
  343 Y   -3 -3 -3 -4 -4 -3 -3 -4  1 -3 -2 -3 -2  2 -4 -3 -3  1  9 -2    0   0   0   0   0   0   0   0   0   0   0   0   0   1   0   0   0   0  99   0  1.80 0.21
  344 F   -3 -4 -4 -5 -3 -4 -4 -4 -2  0  0 -4 -1  7 -5 -3 -3  0  2  1    0   0   0   0   0   0   0   0   0   2   0   0   0  86   0   0   0   0   0  12  1.22 0.16
  345 R   -3  7 -2 -3 -5  0 -1 -4 -1 -4 -3  1 -3 -4 -3 -2 -2 -4 -3 -4    0 100   0   0   0   0   0   0   0   0   0   0   0   0   0   0   0   0   0   0  1.44 0.18
  346 T   -1 -2 -1 -2 -2 -2 -2 -3 -3 -2 -2 -2 -2 -3 -2  0  7 -4 -3 -1    0   0   0   0   0   0   0   0   0   0   0   0   0   0   0   0 100   0   0   0  1.13 0.18
  347 T   -1 -2 -1 -2 -2 -2 -2 -3 -3 -2 -2 -2 -2 -3 -2  1  6 -4 -3 -1    0   0   0   0   0   0   0   0   0   0   0   0   0   0   0   1  99   0   0   0  1.11 0.18
  348 D   -3 -3  0  7 -5 -1  1 -2 -2 -4 -5 -2 -4 -5 -3 -1 -2 -6 -4 -4    0   0   0 100   0   0   0   0   0   0   0   0   0   0   0   0   0   0   0   0  1.58 0.18
  349 V   -1 -4 -4 -4 -2 -3 -3 -4 -4  2  0 -3  0 -2 -3 -3 -1 -4 -2  6    0   0   0   0   0   0   0   0   0   5   0   0   0   0   0   0   0   0   0  95  0.85 0.14
  350 T   -1 -2 -1 -2 -2 -2 -2 -3 -3 -2 -2 -2 -2 -3 -2  0  7 -4 -3 -1    0   0   0   0   0   0   0   0   0   0   0   0   0   0   0   0  99   0   0   0  1.11 0.18
  351 G   -1 -3 -1 -2 -4 -3 -3  7 -3 -5 -5 -3 -4 -4 -3 -1 -3 -4 -4 -4    0   0   0   0   0   0   0  99   0   0   0   0   0   0   0   0   0   0   0   0  1.52 0.15
  352 V    1 -2 -1 -1 -1 -2 -1 -2 -3  2  0 -2  0 -2 -2  1  2 -3 -2  3    8   0   2   3   0   0   2   0   0  11   0   0   2   0   0  12  17   0   0  42  0.21 0.06
  353 V   -1 -4 -4 -4  3 -3 -4 -4 -4  5  1 -3  0 -1 -3 -2 -1 -3 -2  3    2   0   0   0   8   0   0   0   0  58   1   0   0   0   0   0   1   0   0  30  0.58 0.10
  354 R   -1  0  1  1 -3  2  3 -2  1 -3 -3  2 -2 -3 -2  1  2 -3 -2 -2    2   2   7   6   0  10  24   0   4   1   0  18   0   0   0   6  19   0   0   0  0.32 0.05
  355 L   -1 -3 -4 -2 -2 -2 -3 -4 -3  1  5 -3  1  0 -3 -2 -2 -3 -2  0    3   0   0   4   0   0   1   0   0   0  88   0   1   1   0   2   1   0   0   0  0.63 0.11
  356 P   -1 -3 -3 -1 -4 -2 -1  0 -3 -4 -4 -2 -3 -2  8 -1 -2 -4 -4 -3    2   0   0   2   0   0   2   7   0   0   0   1   0   2  82   1   0   0   0   0  1.81 0.15
  357 Q    0 -1 -1  1 -4  1  6 -2 -1 -4 -4  0 -3 -4 -2  0 -1 -4 -3 -3    7   0   0   5   0   2  76   1   0   0   0   1   0   0   0   7   2   0   0   0  0.82 0.12
  358 G    0 -3 -1 -1 -3 -3 -3  6 -3 -4 -4 -2 -3 -4 -3 -1 -2 -3 -4 -4    6   0   1   1   0   0   0  89   0   0   0   0   0   0   0   1   0   0   0   0  1.26 0.13
  359 V    0 -2 -2 -3 -2 -2 -2 -3 -3  1 -1 -1  0 -2 -2  0  3 -3 -2  4    7   0   0   0   0   0   0   0   0   2   0   2   1   0   0   1  35   0   0  52  0.41 0.10
  360 E   -2 -1 -1  1 -5  1  6 -3 -1 -4 -4  0 -3 -4 -2 -1 -2 -4 -3 -4    0   0   0   1   0   1  98   0   0   0   0   0   0   0   0   0   0   0   0   0  1.28 0.17
  361 M   -2 -3 -4 -5 -3 -2 -3 -4 -3  0  1 -3  9 -1 -4 -3 -2 -3 -2 -1    0   0   0   0   0   0   0   0   0   0   0   0 100   0   0   0   0   0   0   0  1.54 0.23
  362 V   -1 -4 -4 -4  4 -3 -4 -4 -4  2  0 -3  0 -2 -3 -2 -1 -4 -2  5    0   0   0   0  13   0   0   0   0   2   0   0   0   0   0   0   0   0   0  85  0.78 0.14
  363 M   -2 -3 -4 -5 -3 -2 -3 -4 -3  0  1 -3  9 -1 -4 -3 -2 -3 -2 -1    0   0   0   0   0   0   0   0   0   0   0   0 100   0   0   0   0   0   0   0  1.53 0.23
  364 P   -2 -3 -3 -3 -4 -3 -2 -3 -3 -4 -4 -2 -4 -5  8 -2 -2 -5 -4 -4    0   0   0   0   0   0   0   0   0   0   0   0   0   0 100   0   0   0   0   0  2.53 0.20
  365 G   -1 -3 -1 -2 -4 -3 -3  7 -3 -5 -5 -3 -4 -4 -3 -1 -3 -4 -4 -4    0   0   0   0   0   0   0 100   0   0   0   0   0   0   0   0   0   0   0   0  1.55 0.16
  366 D   -3 -3  0  7 -5 -1  1 -2 -2 -4 -5 -2 -4 -5 -3 -1 -2 -5 -4 -4    0   0   0  99   0   0   1   0   0   0   0   0   0   0   0   0   0   0   0   0  1.56 0.17
  367 N   -3  2  7  0 -4 -1 -1 -2  2 -4 -4 -1 -3 -4 -3 -1 -1 -5 -3 -4    0  12  84   0   0   0   0   0   4   0   0   0   0   0   0   0   0   0   0   0  1.13 0.16
  368 V   -1 -3 -4 -4 -1 -3 -3 -4 -4  4  1 -3  0 -1 -3 -2  0 -3 -2  4    3   0   0   0   0   0   0   0   0  42   2   0   0   0   0   0   2   0   0  50  0.57 0.10
  369 T    0  1  0  1 -3  1  3 -2 -1 -2 -2  2 -2 -3 -2  1  2 -3 -2 -1    5   3   2   4   0   5  27   1   0   1   0  22   0   0   0   8  19   0   0   4  0.30 0.05
  370 F   -2 -3 -3 -4 -2 -2 -3 -4 -3  2  1 -3  8  2 -4 -3 -2 -2 -1  1    0   0   0   0   0   0   0   0   0  12   4   0  70   8   0   0   0   0   0   6  0.85 0.15
  371 T   -1 -1  1  2 -2  0  2 -2 -1 -2 -2  0 -2 -3 -2  1  4 -3 -2 -1    1   1   6  11   0   0  20   0   0   1   1   3   0   0   0   6  48   0   0   2  0.40 0.08
  372 V   -1 -3 -4 -4  0 -3 -3 -3 -4  3  0 -3  0 -2 -3 -3 -1 -4 -2  5    1   0   0   0   1   0   0   2   0  18   0   0   0   0   0   0   0   0   0  78  0.67 0.12
  373 E   -1 -1  0  1 -4  1  5 -3  0 -4 -4  1 -3 -4 -2  0  0 -4 -3 -3    1   0   3   4   0   2  71   0   1   0   0   8   0   0   0   4   6   0   0   0  0.75 0.11
  374 L   -2 -3 -4 -5 -2 -3 -4 -5 -4  1  5 -3  2  0 -4 -3 -2 -3 -2  0    0   0   0   0   0   0   0   0   0   1  99   0   1   0   0   0   0   0   0   0  0.89 0.13
  375 I   -2 -4 -4 -4 -2 -4 -4 -4 -4  6  1 -4  0 -1 -4 -3 -2 -4 -2  2    0   0   0   0   0   0   0   0   0 100   0   0   0   0   0   0   0   0   0   0  1.02 0.16
  376 K    1 -1  2 -1  0  0 -1 -1  3 -2 -2  0 -2 -3 -2  1  3 -3 -1 -1   20   0  14   0   1   3   0   0  13   0   0   5   0   0   0  11  31   0   1   2  0.29 0.07
  377 P   -1 -3 -3 -3 -4 -2 -2 -3 -3 -4 -4 -2 -4 -5  8 -2 -2 -5 -4 -4    1   0   0   0   0   0   0   0   0   0   0   1   0   0  95   1   1   0   0   0  2.31 0.19
  378 V   -2 -4 -4 -4 -2 -4 -4 -5 -4  6  1 -4  0 -1 -4 -3 -2 -4 -2  3    0   0   0   0   0   0   0   0   0  86   0   0   0   0   0   0   0   0   0  14  0.87 0.14
  379 A    6 -2 -3 -3 -1 -2 -2 -1 -3 -2 -2 -2 -2 -3 -2  0 -1 -4 -3 -1   99   0   0   0   1   0   0   0   0   0   0   0   0   0   0   0   0   0   0   0  0.89 0.15
  380 L   -2 -3 -4 -4 -2 -2 -4 -4 -3  4  1 -3  6 -1 -4 -3 -1 -3 -2  1    0   0   0   0   0   0   0   0   0  46   4   0  45   0   0   0   0   0   0   3  0.72 0.13
  381 E   -2 -1 -1  3 -5  1  6 -3 -1 -4 -4  0 -3 -4 -2 -1 -2 -4 -3 -4    1   0   0  14   0   0  84   0   1   0   0   0   0   0   0   0   0   0   0   0  1.07 0.15
  382 E   -1  0  0  2 -4  3  5 -3 -1 -4 -4  1 -2 -4 -1 -1 -1 -4 -3 -3    1   0   1   9   0  18  61   0   0   0   0   7   0   0   1   0   0   0   0   1  0.75 0.11
  383 G   -1 -3 -1 -2 -4 -3 -2  6 -3 -5 -5 -2 -4 -4 -3 -1 -3 -4 -4 -4    0   0   0   0   0   0   2  96   0   0   0   2   0   0   0   0   0   0   0   0  1.42 0.15
  384 L   -2 -3 -3 -4 -2 -2 -3 -4 -3  1  4 -3  3 -1 -3 -2  2 -3 -2  0    0   0   0   0   0   1   0   0   0   0  67   0  12   0   0   0  20   0   0   0  0.52 0.10
  385 R   -2  7 -1 -2 -4  0 -1 -3 -1 -4 -3  2 -2 -4 -3 -2 -1 -4 -3 -3    0  87   0   0   0   0   0   0   0   0   0  10   0   0   0   0   2   0   0   0  1.18 0.15
  386 F   -3 -4 -4 -5 -4 -4 -4 -4 -2 -1 -1 -4 -1  8 -5 -4 -3  0  2 -2    0   0   0   0   0   0   0   0   0   0   0   0   0 100   0   0   0   0   0   0  1.58 0.18
  387 A    5 -2 -2 -2 -1 -2 -2 -1 -2 -2 -3 -1 -2 -3 -2  2  0 -4 -3 -1   83   0   0   0   0   0   0   0   0   0   0   0   0   0   0  16   1   0   0   0  0.72 0.13
  388 I   -2 -4 -4 -4 -2 -4 -4 -5 -4  6  1 -4  0 -1 -4 -3 -2 -4 -2  2    0   0   0   0   0   0   0   0   0  98   0   0   0   0   0   0   0   0   0   2  1.00 0.16
  389 R   -3  7 -2 -3 -5  0 -1 -4 -1 -4 -3  1 -3 -4 -3 -2 -2 -4 -3 -4    0 100   0   0   0   0   0   0   0   0   0   0   0   0   0   0   0   0   0   0  1.44 0.18
  390 E   -2 -1 -1  1 -5  1  7 -3 -1 -4 -4  0 -3 -4 -2 -1 -2 -4 -3 -4    0   0   0   0   0   0 100   0   0   0   0   0   0   0   0   0   0   0   0   0  1.32 0.18
  391 G   -1 -3 -1 -2 -4 -3 -3  7 -3 -5 -5 -3 -4 -4 -3 -1 -3 -4 -4 -4    0   0   0   0   0   0   0 100   0   0   0   0   0   0   0   0   0   0   0   0  1.55 0.16
  392 G   -1 -3 -1 -2 -4 -3 -3  7 -3 -5 -5 -3 -4 -4 -3 -1 -3 -4 -4 -4    0   0   0   0   0   0   0 100   0   0   0   0   0   0   0   0   0   0   0   0  1.55 0.16
  393 R   -3  7 -1 -3 -5  0 -1 -3  2 -4 -3  1 -2 -4 -3 -2 -2 -4 -2 -4    0  94   0   0   0   0   0   0   5   0   0   1   0   0   0   0   0   0   0   0  1.31 0.17
  394 T   -1 -2 -1 -2 -2 -2 -2 -3 -3 -2 -2 -2 -2 -3 -2  0  7 -4 -3 -1    0   0   0   0   0   0   0   0   0   0   0   0   0   0   0   0 100   0   0   0  1.13 0.18
  395 V   -1 -4 -4 -4 -2 -3 -4 -4 -4  2  0 -3  0 -2 -3 -3 -1 -4 -2  6    0   0   0   0   0   0   0   0   0   7   0   0   0   0   0   0   0   0   0  93  0.84 0.14
  396 G    0 -3 -1 -2 -3 -3 -3  6 -3 -5 -5 -2 -4 -4 -3 -1 -2 -4 -4 -4    5   0   0   0   0   0   0  95   0   0   0   0   0   0   0   0   0   0   0   0  1.41 0.14
  397 A    5 -2 -2 -2 -1 -1 -1 -1 -2 -2 -3 -1 -2 -3 -2  3  0 -4 -3 -1   71   0   0   0   0   0   0   0   0   0   0   0   0   0   0  29   0   0   0   0  0.65 0.12
  398 G   -1 -3 -1 -2 -4 -3 -3  7 -3 -5 -5 -3 -4 -4 -3 -1 -3 -4 -4 -4    0   0   0   0   0   0   0 100   0   0   0   0   0   0   0   0   0   0   0   0  1.55 0.16
  399 V    0  0 -2 -4 -2 -2 -3 -3 -3  2  0 -2  0 -2 -3 -1  0 -4 -2  5    5   6   1   0   0   0   0   0   0   1   0   0   1   0   0   4   2   0   0  81  0.53 0.12
  400 V   -1 -4 -4 -4 -2 -3 -4 -4 -4  2  0 -3  0 -2 -3 -3 -1 -4 -2  6    0   0   0   0   0   0   0   0   0   2   0   0   0   0   0   0   0   0   0  98  0.89 0.15
  401 T    3 -2 -1 -1 -1 -1 -1 -1 -2 -1 -2 -1 -2 -3 -2  3  3 -3 -2 -1   32   0   1   2   0   0   0   0   0   1   0   0   0   0   0  32  29   0   0   3  0.41 0.09
  402 K    0  0  0  0 -3  1  2 -1 -1 -3 -3  4 -2 -3 -2  1  1 -3 -2 -2    6   0   1   1   0   2  17   3   0   0   0  43   0   0   0  16  10   0   0   0  0.38 0.07
  403 I   -2 -4 -4 -4 -2 -4 -4 -5 -4  6  1 -4  0 -1 -4 -3 -1 -4 -2  3    0   0   0   0   0   0   0   0   0  88   1   0   0   0   0   0   1   0   0  10  0.86 0.14
  404 L   -1 -2  0 -2 -2 -1 -1 -3 -3  4  2 -2  1 -1 -3 -2  0 -3 -2  2    1   0   6   1   0   3   3   0   0  51  19   0   0   0   0   2   4   0   0   9  0.29 0.07
  405 E   -2  0 -1  1 -4  2  5 -3 -1 -4 -4  3 -3 -4 -2 -1 -2 -4 -3 -3    0   0   0   2   0   5  65   0   0   0   0  29   0   0   0   0   0   0   0   0  0.82 0.12

                      K         Lambda
Standard Ungapped    0.1377     0.3175
Standard Gapped      0.0586     0.2670
PSI Ungapped         0.1917     0.3147
PSI Gapped           0.0586     0.2670
