
Last position-specific scoring matrix computed, weighted observed percentages rounded down, information per position, and relative weight of gapless real matches to pseudocounts
           A  R  N  D  C  Q  E  G  H  I  L  K  M  F  P  S  T  W  Y  V   A   R   N   D   C   Q   E   G   H   I   L   K   M   F   P   S   T   W   Y   V
    1 M   -1 -2 -3 -3 -2 -1 -2 -3 -2  1  2 -2  7  0 -3 -2 -1 -2 -1  1    0   0   0   0   0   0   0   0   0   3   0   0  95   0   0   0   0   0   0   2  0.48 0.04
    2 Q   -1  1  0 -1 -3  6  2 -2  0 -3 -2  1 -1 -4 -2  0 -1 -2 -2 -3    0   0   0   0   0 100   0   0   0   0   0   0   0   0   0   0   0   0   0   0  0.77 0.04
    3 K   -1  5  0 -1 -4  1  0 -1 -1 -3 -3  4 -2 -3 -2 -1 -1 -3 -2 -3    0  53   0   0   0   0   0   2   0   0   0  45   0   0   0   0   0   0   0   0  0.58 0.02
    4 G    0 -2  0 -1 -3 -2 -2  6 -2 -4 -4 -2 -3 -3 -2  0 -1 -3 -3 -3    0   0   2   0   0   0   0  91   0   0   0   0   0   0   0   6   2   0   0   0  0.96 0.02
    5 N   -2 -1  6  1 -3  0  0 -1  0 -4 -4  0 -2 -3 -2  1  0 -4 -2 -3    0   0  98   0   0   0   0   0   0   0   0   0   0   0   0   2   0   0   0   0  0.80 0.03
    6 F   -2 -3 -3 -4 -3 -3 -3 -3 -2  0  0 -3  0  7 -2 -2 -2  1  3 -1    2   0   0   0   0   0   0   0   0   0   2   0   0  93   1   0   0   0   0   2  0.74 0.03
    7 R   -1  5  0 -1 -4  1  0 -2 -1 -3 -3  3 -2 -3 -2 -1 -1 -3 -2 -3    0  67   0   0   0   0   0   0   0   0   0  33   0   0   0   0   0   0   0   0  0.65 0.02
    8 N   -1 -1  5  1 -3 -1 -1  3  0 -4 -4  0 -2 -3 -2  1  0 -4 -2 -3    0   0  58   3   0   0   0  29   2   0   0   1   0   0   0   7   0   0   0   0  0.54 0.02
    9 Q   -1  0  0 -1 -3  5  1 -2  1 -3 -2  1 -1 -3  3  0 -1 -3 -2 -2    0   0   2   0   0  77   0   0   1   2   0   0   0   0  17   1   0   0   0   0  0.63 0.03
   10 R   -2  6 -1 -2 -4  1  0 -2  0 -3 -2  3 -2 -3 -2 -1 -1 -3 -2 -3    0  83   0   0   0   2   0   0   0   0   0  15   0   0   0   0   0   0   0   0  0.73 0.02
   11 K   -1  3  0 -1 -3  1  1 -2 -1 -3 -3  5 -2 -3 -1  0 -1 -3 -2 -3    0  13   0   0   0   0   0   0   0   0   0  87   0   0   0   0   0   0   0   0  0.57 0.02
   12 T   -1 -1  1 -2 -1 -1 -2 -2 -2  3  0 -1  1 -1 -1  0  3 -3 -2  1    2   2   9   0   0   0   0   0   0  43   0   0   4   1   2   3  34   0   0   0  0.16 0.01
   13 V   -1 -3 -3 -3 -1 -3 -3 -4 -3  3  1 -3  1 -1 -3 -2  0 -3 -1  4    0   0   0   0   0   0   0   0   0  33   0   0   0   0   0   0   0   0   0  67  0.38 0.02
   14 K   -1  2  0 -1 -3  1  1 -2 -1 -3 -3  5 -2 -3 -1  0 -1 -3 -2 -3    0   0   3   0   0   0   0   0   0   0   0  97   0   0   0   0   0   0   0   0  0.57 0.03
   15 C   -1 -4 -3 -4 10 -3 -4 -3 -3 -2 -2 -3 -2 -3 -3 -1 -1 -3 -3 -1    0   0   0   0 100   0   0   0   0   0   0   0   0   0   0   0   0   0   0   0  1.41 0.04
   16 F   -3 -3 -3 -4 -3 -3 -4 -3 -1  0  0 -3  0  7 -4 -3 -2  1  3 -1    0   0   0   0   0   0   0   0   0   0   0   0   0  97   0   0   0   0   3   0  0.84 0.03
   17 N   -2 -1  6  1 -3  0  0 -1  0 -4 -4  0 -2 -3 -2  0  0 -4 -2 -3    0   0 100   0   0   0   0   0   0   0   0   0   0   0   0   0   0   0   0   0  0.83 0.03
   18 C   -1 -4 -3 -4  9 -3 -4 -3 -3 -2 -2 -3 -2 -3 -3 -1 -1 -3 -3 -1    0   0   0   0  98   0   0   0   0   0   0   0   0   0   0   2   0   0   0   0  1.37 0.04
   19 G    0 -3 -1 -1 -3 -2 -2  6 -2 -4 -4 -2 -3 -3 -2  0 -2 -3 -3 -3    0   0   0   2   0   0   0  98   0   0   0   0   0   0   0   0   0   0   0   0  1.07 0.02
   20 K   -1  3  0 -1 -3  1  1 -2 -1 -3 -3  5 -2 -3 -1  0 -1 -3 -2 -3    0   9   0   0   0   0   0   0   0   0   0  91   0   0   0   0   0   0   0   0  0.58 0.02
   21 E   -1  0  0  2 -4  2  5 -2  0 -3 -3  1 -2 -4 -1  0 -1 -3 -2 -2    0   0   0   2   0   0  96   0   0   0   0   0   0   0   0   0   0   0   0   2  0.77 0.03
   22 G    0 -1 -1 -2 -3 -2 -2  6 -2 -4 -4 -1 -3 -3 -2  0 -2 -3 -3 -3    0   4   0   0   0   0   0  96   0   0   0   0   0   0   0   0   0   0   0   0  1.03 0.02
   23 H   -2  0  0 -1 -3  0  0 -2  9 -4 -3 -1 -2 -2 -3 -1 -2 -3  2 -4    0   0   0   0   0   0   0   0 100   0   0   0   0   0   0   0   0   0   0   0  1.05 0.04
   24 I   -1 -3 -3 -3 -1 -3 -3 -4 -3  4  2 -3  1  0 -3 -2  0 -3 -1  2    0   0   0   0   0   0   0   0   0  74  19   0   0   0   0   0   4   0   0   3  0.37 0.02
   25 A    4 -2 -2 -2 -1 -1 -1  0 -2 -1 -2 -1 -1 -2 -1  1  0 -3 -2  0   96   0   0   0   0   0   0   0   0   0   0   0   0   0   0   2   0   0   0   2  0.44 0.02
   26 K   -1  5  0 -1 -4  1  0 -2  1 -3 -3  4 -2 -3 -2 -1 -1 -3 -2 -3    0  52   0   0   0   0   0   0   3   0   0  46   0   0   0   0   0   0   0   0  0.58 0.02
   27 N   -2 -1  6  1 -3  0  0 -1  0 -4 -4  0 -2 -3 -2  0  0 -4 -2 -3    0   0 100   0   0   0   0   0   0   0   0   0   0   0   0   0   0   0   0   0  0.83 0.03
   28 C   -1 -4 -3 -4 10 -3 -4 -3 -3 -2 -2 -3 -2 -3 -3 -1 -1 -3 -3 -1    0   0   0   0 100   0   0   0   0   0   0   0   0   0   0   0   0   0   0   0  1.41 0.04
   29 R   -2  6 -1 -2 -4  1  0 -3  0 -3 -2  2 -2 -3 -2 -1 -1 -3 -2 -3    0  92   0   0   0   0   0   0   0   0   0   8   0   0   0   0   0   0   0   0  0.79 0.03
   30 A    4 -2 -2 -2 -1 -1 -1  0 -2 -2 -2 -1 -1 -3 -1  1  0 -3 -2  0  100   0   0   0   0   0   0   0   0   0   0   0   0   0   0   0   0   0   0   0  0.47 0.02
   31 P   -1 -2 -2 -2 -3 -1 -1 -2 -2 -3 -3 -1 -3 -4  8 -1 -1 -4 -3 -3    0   2   0   0   0   0   0   0   0   0   0   0   0   0  98   0   0   0   0   0  2.05 0.03
   32 R   -2  6 -1 -2 -4  1  0 -2  0 -3 -2  2 -2 -3 -2 -1 -1 -3 -2 -3    0  93   0   0   0   0   0   2   0   0   0   5   0   0   0   0   0   0   0   0  0.77 0.03
   33 K   -1  2  0 -1 -3  1  1 -2 -1 -3 -3  5 -2 -3 -1  0 -1 -3 -2 -3    0   4   0   0   0   0   0   0   0   0   0  96   0   0   0   0   0   0   0   0  0.58 0.03
   34 K   -1  3  0 -1 -3  1  1 -2 -1 -3 -3  5 -2 -3 -1  0 -1 -3 -2 -3    0  18   0   0   0   0   0   0   0   0   0  82   0   0   0   0   0   0   0   0  0.56 0.02
   35 G    0 -3 -1 -2 -3 -2 -2  6 -2 -4 -4 -2 -3 -3 -2  0 -2 -3 -3 -3    0   0   0   0   0   0   0 100   0   0   0   0   0   0   0   0   0   0   0   0  1.11 0.02
   36 C   -1 -4 -3 -4 10 -3 -4 -3 -3 -2 -2 -3 -2 -3 -3 -1 -1 -3 -3 -1    0   0   0   0 100   0   0   0   0   0   0   0   0   0   0   0   0   0   0   0  1.41 0.04
   37 W   -3 -3 -4 -5 -3 -2 -3 -3 -3 -3 -2 -3 -2  1 -4 -3 -3 11  2 -3    0   0   0   0   0   0   0   0   0   0   0   0   0   0   0   0   0 100   0   0  2.54 0.05
   38 K   -1  3  0 -1 -3  1  1 -2 -1 -3 -3  5 -2 -3 -1  0 -1 -3 -2 -3    0   6   0   0   0   0   0   0   0   0   0  94   0   0   0   0   0   0   0   0  0.58 0.03
   39 C   -1 -3 -3 -4  9 -3 -4 -3 -3 -2 -2 -3 -2 -3 -3 -1 -1 -3 -3 -1    0   2   0   0  98   0   0   0   0   0   0   0   0   0   0   0   0   0   0   0  1.36 0.04
   40 G    0 -3 -1 -2 -3 -2 -2  6 -2 -4 -4 -2 -3 -3 -2  0 -2 -3 -3 -3    0   0   0   0   0   0   0 100   0   0   0   0   0   0   0   0   0   0   0   0  1.11 0.02
   41 K   -1  4  0 -1 -3  2  1 -2 -1 -3 -3  4 -1 -3 -1  0 -1 -3 -2 -3    0  29   0   0   0   8   2   0   0   0   0  62   0   0   0   0   0   0   0   0  0.53 0.02
   42 E   -1  0  0  2 -4  2  5 -2  0 -4 -3  1 -2 -4 -1  0 -1 -3 -2 -3    0   0   0   2   0   0  98   0   0   0   0   0   0   0   0   0   0   0   0   0  0.80 0.03
   43 G    0 -1 -1 -2 -3 -2 -2  6 -2 -4 -4 -1 -3 -3 -2  0 -2 -3 -3 -3    0   4   0   0   0   0   0  96   0   0   0   0   0   0   0   0   0   0   0   0  1.03 0.02
   44 H   -2  0  0 -1 -3  0  0 -2  9 -4 -3 -1 -2 -2 -3 -1 -2 -3  2 -4    0   0   0   0   0   0   0   0 100   0   0   0   0   0   0   0   0   0   0   0  1.05 0.04
   45 Q   -1  1  0 -1 -3  6  2 -2  0 -3 -2  1 -1 -3 -2  0 -1 -2 -2 -2    0   0   0   0   0  97   0   0   0   0   0   0   0   0   0   0   0   0   0   0  0.72 0.03
   46 M   -1 -2 -3 -3 -2 -1 -2 -3 -2  1  2 -2  7  0 -3 -2 -1 -2 -1  1    0   0   0   0   0   0   0   0   0   5   0   0  95   0   0   0   0   0   0   0  0.48 0.04
   47 K   -1  2  0 -1 -3  1  1 -2 -1 -3 -3  5 -2 -3 -1  0 -1 -3 -2 -3    0   2   0   0   0   0   2   0   0   0   0  96   0   0   0   0   0   0   0   0  0.58 0.03
   48 D   -2 -2  1  6 -4  0  2 -2 -1 -3 -4 -1 -3 -4 -2  0 -1 -5 -3 -3    0   0   3  92   0   0   5   0   0   0   0   0   0   0   0   0   0   0   0   0  0.94 0.03
   49 C   -1 -4 -3 -4 10 -3 -4 -3 -3 -2 -2 -3 -2 -3 -3 -1 -1 -3 -3 -1    0   0   0   0 100   0   0   0   0   0   0   0   0   0   0   0   0   0   0   0  1.41 0.04
   50 T    0 -1  0 -1 -1 -1 -1 -1 -2 -1 -2 -1 -1 -2 -1  2  5 -3 -2  0    0   0   0   0   0   0   0   2   0   0   0   0   0   0   0   5  93   0   0   0  0.51 0.03
   51 E   -1  0  0  1 -4  2  5 -1  0 -3 -3  1 -2 -3 -1  0 -1 -3 -2 -3    0   0   0   0   0   3  92   3   0   0   0   0   0   0   0   0   0   0   0   0  0.71 0.03
   52 R   -2  6 -1 -2 -4  1  0 -3  0 -3 -2  2 -2 -3 -2 -1 -1 -3 -2 -3    0  97   0   0   0   0   0   0   0   0   0   0   0   0   0   3   0   0   0   0  0.80 0.03
   53 Q   -1  1  0 -1 -3  6  2 -2  0 -3 -2  1 -1 -4 -2  0 -1 -2 -2 -3    0   0   0   0   0 100   0   0   0   0   0   0   0   0   0   0   0   0   0   0  0.76 0.03
   54 A    4 -2 -2 -2 -1 -1 -1  0 -2 -2 -2 -1 -1 -2 -1  1  0 -3 -2  0  100   0   0   0   0   0   0   0   0   0   0   0   0   0   0   0   0   0   0   0  0.46 0.02
   55 N   -2 -1  6  1 -3  0  0 -1  0 -4 -4  0 -2 -3 -2  0  0 -4 -2 -3    0   0  98   2   0   0   0   0   0   0   0   0   0   0   0   0   0   0   0   0  0.81 0.03

                      K         Lambda
Standard Ungapped    0.1335     0.3211
Standard Gapped      0.0431     0.2670
PSI Ungapped         0.1429     0.3136
PSI Gapped           0.0431     0.2670
