
Last position-specific scoring matrix computed, weighted observed percentages rounded down, information per position, and relative weight of gapless real matches to pseudocounts
           A  R  N  D  C  Q  E  G  H  I  L  K  M  F  P  S  T  W  Y  V   A   R   N   D   C   Q   E   G   H   I   L   K   M   F   P   S   T   W   Y   V
    1 K   -2  4 -1 -2 -5  1 -1 -3 -2 -4 -4  6 -3 -4 -3 -2 -2 -4 -3 -4    0  24   0   0   0   4   0   0   0   0   0  72   0   0   0   0   0   0   0   0  1.05 0.25
    2 K   -2  4 -2 -3 -5  1 -1 -1 -2 -4 -4  6 -3 -5 -3 -2 -1 -5 -3 -4    1  25   0   0   0   4   0   3   0   0   0  64   0   0   0   0   2   0   0   0  1.03 0.31
    3 G    1  0 -1 -2 -3 -1  0  4 -2 -1 -3  3 -3 -4 -3  1  0 -4 -3 -2   13   3   0   0   0   0   4  33   0   6   0  27   0   0   0   8   6   0   0   0  0.42 0.18
    4 A    2  2  0 -2 -3  1 -1  1 -2 -1 -3  2 -2 -3 -1  1  0 -4 -2 -2   20  12   3   0   0   9   0  12   0   6   0  18   0   0   1  15   4   0   1   1  0.25 0.14
    5 K    1  3  0 -2 -3  1 -1 -3 -2 -2 -3  4 -2 -4 -3  1  0 -4 -3  0   14  19   5   0   0   4   0   0   0   1   0  38   0   0   0   9   3   0   0   8  0.46 0.21
    6 K   -1  4 -2 -3 -4  2 -1  2 -2 -4 -4  4 -3 -4 -2 -2 -2 -4 -3 -4    5  30   0   0   0  10   0  16   0   0   0  36   0   0   1   0   2   0   1   0  0.72 0.28
    7 R   -1  5 -2 -3 -4  0  0 -2 -2 -2 -3  5 -2 -4 -3 -1 -1 -4 -3 -1    4  39   0   0   0   1   3   3   0   2   0  40   1   0   0   2   2   0   0   4  0.81 0.30
    8 T    0  0  0 -2 -3 -2 -1 -3 -3  2 -1  2 -2 -3 -2 -1  2 -4 -3  4    5   4   4   2   0   0   3   1   0  13   1  16   0   0   1   4  12   0   0  33  0.31 0.24
    9 I   -1  2 -3 -3 -3  1  0 -4 -3  1 -1  1 -2 -3 -2  0 -1 -4 -3  4    3  11   0   0   0   8   6   0   0   6   5  11   0   0   1   6   3   0   0  40  0.37 0.27
   10 D   -5 -3  1  8 -7 -3  1 -3 -1 -7 -7 -4 -6 -7 -5 -4 -4 -8 -6 -7    0   1   6  81   0   0   8   1   1   0   0   0   0   0   0   0   0   0   0   0  2.06 0.70
   11 P   -1  0 -3 -4 -5 -1 -3 -1 -4 -3 -4  3 -4 -5  6 -1  1 -5 -5 -1    5   4   0   0   0   2   0   4   0   1   0  19   0   0  44   5  10   0   0   5  1.00 0.43
   12 L   -2 -4 -3 -6 -5 -5 -6 -6 -5 -2 -2 -4  1  7 -6 -5 -5  9  0 -3    4   1   2   0   0   0   0   0   0   1   2   1   4  51   0   0   0  31   2   1  2.08 0.68
   13 S    1  1 -2 -2 -4 -2 -1 -3 -3 -3 -2  3 -2 -4 -3  4  2 -5 -4 -3   12   8   1   1   0   0   2   0   0   1   3  23   1   0   0  31  16   0   0   0  0.56 0.35
   14 R    0  4 -2 -2 -5 -1  1 -4 -3 -3 -1  5  0 -2 -2  0 -1 -5 -4 -3    8  22   1   1   0   0   9   0   0   1   6  37   3   2   1   6   3   0   0   1  0.63 0.35
   15 K   -4 -1 -2 -4 -7 -1 -2 -2 -4 -7 -6  8 -5 -7 -5 -4 -4 -7 -6 -6    0   2   2   0   0   1   1   3   0   0   0  90   0   0   0   0   0   0   0   0  2.14 0.80
   16 E   -3  1 -1  5 -6  1  4 -3 -3 -4 -5  2 -4 -6 -4 -1 -2 -6 -3 -2    1   6   2  31   0   6  30   1   0   1   0  13   0   0   0   4   1   0   1   4  0.84 0.42
   17 W   -7 -4 -8 -8 -3 -6 -2 -2 -7 -7 -5 -7 -6  0 -8 -4 -5 13 -3 -4    0   1   0   0   1   0   4   4   0   0   1   0   0   3   0   1   1  84   0   1  3.97 1.15
   18 Y   -6 -4 -3 -5 -3 -6 -6 -7 -3 -1 -3 -6 -5  3 -7 -6 -6 -2  9 -2    0   1   1   1   1   0   0   0   0   3   1   0   0  10   0   0   0   0  79   2  2.58 0.88
   19 D   -3 -2  3  5 -5 -1  1 -3 -1 -3 -4  0 -4 -3 -2  0  2 -5 -4 -3    1   1  17  35   0   2   6   1   1   1   1   7   0   1   1   7  15   0   0   2  0.68 0.36
   20 F   -3 -5 -6 -6 -4 -5 -6 -6 -6  5  2 -5  3 -1 -5 -5 -3 -5 -4  5    1   0   0   0   0   0   0   0   0  30  15   0   6   2   0   0   0   0   0  44  1.19 0.49
   21 R   -3  1 -2 -4 -5 -1 -1 -5  2  0 -1  5  0 -1 -4 -3  0 -4  3 -1    1   7   1   0   0   1   4   0   4   7   6  43   2   2   0   0   5   0  12   5  0.66 0.40
   22 A    6 -4 -4 -5 -4 -4 -4 -2 -5 -3 -3 -4 -4 -5 -2  0  2 -5 -5 -1   69   0   0   0   0   0   0   2   0   1   2   0   0   0   2   7  11   0   0   5  1.20 0.58
   23 P   -3 -6 -6 -5 -6 -5 -5 -6 -6 -6 -4 -5 -2 -7  9 -3 -2 -7 -6 -6    2   0   0   0   0   0   0   0   0   0   2   0   1   0  88   2   2   0   0   0  2.79 0.95
   24 I    2 -1 -1  1 -2  0  2 -2 -1 -3 -3  0 -2 -4  1  3  1 -5 -4 -1   18   2   2   6   1   3  13   2   1   1   1   6   1   0   8  24   6   0   0   4  0.32 0.25
   25 P   -1 -1  1 -3 -4  1 -1 -3 -1  1  0 -3  5  2  0 -1  0 -3  2  0    5   4   6   1   0   6   3   1   1   8   6   0  21   8   5   4   7   0   8   6  0.30 0.26
   26 F   -6 -7 -7 -7 -6 -7 -7 -7 -5 -1  0 -7  0  9 -7 -2 -6 -4  1 -3    0   0   0   0   0   0   0   0   0   3   8   0   2  78   0   4   0   0   2   2  2.33 0.84
   27 S   -1 -1  3  1 -4 -1  0  3  1 -3 -3 -1 -1 -3  1  0  0 -5 -4 -3    5   4  16   9   0   2   6  27   3   1   2   3   1   1   6   7   5   0   0   1  0.39 0.25
   28 S   -1  2  1 -1  0  0  0  1 -1  1 -1  1 -1 -2 -3  0  0 -4 -2  1    3  14   9   3   2   2   4  11   1  10   4   8   1   1   0   8   5   0   1  10  0.10 0.13
   29 K    1  5  1 -1 -5  1 -2 -2 -3 -2 -5  2 -4 -5 -5 -1  0 -5 -1  0   11  37   8   3   0   5   2   3   0   2   0  11   0   0   0   3   6   0   2   9  0.62 0.40
   30 S   -1  0  3  0 -3  1  1 -2  1  0 -2  0 -2 -1  0  0  0  0  0  0    5   4  17   5   0   7  11   2   3   7   3   3   0   3   5   7   6   2   4   7  0.13 0.14
   31 F   -1 -4 -2 -4  3 -4 -4 -5  0  4  1 -4  0  2  0 -1 -1 -4 -3  3    3   0   3   0   6   0   0   0   2  27  14   0   2  10   5   5   2   0   0  18  0.48 0.28
   32 G    1  0 -3 -3  3 -3  0  5 -4 -4 -4 -3 -4 -4 -3  0  1 -4 -4  0   10   6   0   1   6   0   6  44   0   0   1   1   0   0   1   8   9   0   0   6  0.66 0.32
   33 K   -1  1  0 -1 -4  0  2  0  1  0 -2  4  0 -1 -3 -1 -1 -3  0 -1    3   5   3   3   0   3  13   7   3   6   4  29   3   3   0   3   4   0   4   3  0.23 0.18
   34 T   -3 -4 -3 -4 -4 -4 -3 -5 -5 -1 -4 -4 -3 -5 -4 -2  8 -6 -5 -1    1   1   0   0   0   0   1   0   0   4   0   0   0   0   0   1  89   0   0   4  1.91 0.79
   35 L   -3 -3 -5 -5 -2 -4 -4 -5 -5  1  4 -4  1 -1  5 -3 -3 -4 -2  0    0   1   0   0   1   0   0   0   0   8  47   0   2   2  28   2   0   0   1   7  0.89 0.42
   36 V    3 -4 -4 -5  0 -3 -4 -3  0  2 -1 -4  0 -3 -4 -1 -2 -5 -3  5   30   0   0   0   2   0   0   1   3   9   3   0   1   0   0   5   1   0   0  44  0.69 0.40
   37 T   -1 -1  5  3 -4 -2 -1 -3 -2 -4 -4 -1 -3 -2 -1  1  4 -5 -3 -3    4   2  28  15   0   1   3   1   0   0   0   2   0   2   2   7  31   0   1   0  0.68 0.38
   38 K   -3  5 -1  3 -5 -1  2 -3 -3 -5 -4  4 -4 -5 -3 -2 -3 -5 -4 -3    0  40   1  17   0   0  13   1   0   0   1  23   0   0   0   0   0   0   0   1  0.94 0.42
   39 S   -1 -1 -1 -3  0 -2 -3 -3 -1 -2 -3 -3 -1 -4  4  2  5 -4 -4 -2    3   3   2   0   2   2   1   1   1   1   1   1   2   0  24  13  44   0   0   2  0.85 0.42
   40 S    1  0 -1 -2 -3  5 -1 -2 -2 -2 -2  0 -1 -3 -2  2  1 -3 -2 -2   12   5   2   1   0  34   1   3   0   2   2   3   1   1   2  14  11   0   1   2  0.43 0.25
   41 G    0 -1  0 -1 -2 -1 -1  5 -2 -2 -2 -2 -2 -2 -1 -1 -1 -2 -2 -2    5   4   3   3   1   2   4  52   1   2   4   2   1   1   3   4   4   0   1   2  0.60 0.20
   42 N    0 -1  0 -1 -2  0 -1 -1 -2 -1  0  1  0 -2 -1  0  4 -2 -2 -1    7   2   4   2   1   3   2   4   1   3  12   9   2   1   2   3  38   0   1   2  0.28 0.16
   43 R   -1  2  0 -1 -2  1  0 -2 -1 -2 -2  5 -2 -2 -1  0 -1 -2 -1 -2    4  10   3   3   1   6   3   3   1   2   3  43   1   2   2   5   3   0   2   3  0.44 0.18
   44 I   -1 -2  2  0 -2 -1 -1 -2 -1  4  0 -1  0 -1 -2  0 -1 -2  0  1    3   2  12   4   1   2   3   3   2  35   8   3   1   3   2   6   3   0   3   5  0.19 0.12
   45 A    4 -2 -1 -1 -1 -1 -1 -1 -1 -1 -1 -1  0 -2 -1  1  0 -2 -2  0   48   2   2   3   1   1   3   4   2   2   6   2   2   1   3   7   4   0   1   5  0.34 0.18
   46 S    1 -2  1 -1 -2 -1  0 -1 -1 -1 -2 -1 -1 -2  1  4  1 -2 -1 -1    8   2   6   3   1   2   5   2   1   4   3   2   2   1   6  39   8   0   2   3  0.30 0.18
   47 E   -3 -2  1  6 -4 -1  4 -2 -1 -4 -3 -1 -1 -4 -1 -2 -2 -2 -3 -3    1   2   5  43   0   1  28   2   1   1   2   3   2   1   3   2   2   1   1   1  0.85 0.35
   48 E    0 -1  0 -1 -1  1 -1  3 -2 -2 -1  2 -2 -1 -3  1 -2 -3  0 -2    8   1   5   2   1   6   1  29   0   1   6  19   1   3   0  10   1   0   4   2  0.29 0.21
   49 I   -1 -3 -5 -5 -2 -4 -4 -5 -5  1  5 -4  1 -2 -5 -3 -2 -4 -3  2    4   1   0   0   0   0   1   0   0   5  66   0   2   0   0   1   1   0   0  15  0.95 0.43
   50 K   -2  1  0 -2 -4 -2 -2 -4 -2  2  1  5  0 -3 -4 -2 -2 -4  0  1    1   5   4   1   0   0   1   0   0  15  12  45   2   0   0   2   1   0   3   8  0.55 0.35
   51 G   -3 -4  1 -1 -5 -4 -4  7  1 -6 -5 -2 -3 -4 -5 -2 -4 -5 -4 -5    1   1   6   4   0   0   1  77   4   0   1   3   1   0   0   2   0   0   0   0  1.54 0.57
   52 R   -5  8 -4 -5 -1 -2 -3 -5  1 -4 -5  0 -5 -6 -5 -4 -4 -6 -5 -6    0  89   0   0   2   0   0   0   3   1   0   3   0   0   0   0   0   0   0   0  2.25 0.79
   53 V   -2 -1 -2 -5 -1 -3 -4 -4 -5  2 -2 -1 -1 -3 -4 -3  2 -5 -4  6    1   3   2   0   1   1   0   1   0  11   0   4   1   0   0   0  14   0   0  60  0.91 0.46
   54 V   -2 -5 -5 -5 -3 -4 -5 -5 -4  2  0 -5  2  6 -5 -3 -2  0  3  3    4   0   0   0   0   0   0   0   0  13   6   0   4  40   0   1   2   1   8  19  0.87 0.39
   55 E   -3 -2 -2  0 -6  1  7 -4 -2 -6 -6 -1 -5 -6 -4 -2 -2 -6 -5 -5    1   1   1   3   0   4  83   1   1   0   0   2   0   0   0   2   2   0   0   0  1.77 0.70
   56 S    0 -4 -4 -4 -1 -3 -3 -3 -5  2  0 -4  0 -3 -4 -1  3 -5 -4  5    6   0   0   0   1   0   1   2   0  10   5   0   2   1   0   4  21   0   0  46  0.71 0.39
   57 T   -1 -2  3 -3  1 -3 -3 -3 -3 -4 -4 -3 -4 -4 -1  5  4 -5 -4 -3    2   1  15   0   3   0   0   1   0   0   1   0   0   0   2  44  28   0   0   0  0.92 0.48
   58 L   -3 -4 -5 -5 -4  1 -4 -5 -1  0  5 -4  1 -1 -4 -4 -3 -4 -2  1    1   0   0   0   0   7   0   0   2   2  71   0   3   1   1   0   0   0   1   7  1.00 0.45
   59 A    4  0 -3 -3 -3 -1 -3  3 -1 -4 -4 -1 -3 -1 -3  0 -2 -3  3 -2   42   5   0   0   0   2   1  24   1   0   1   3   0   3   0   4   2   0  10   2  0.61 0.35
   60 D   -3 -4 -2  8 -6 -2  2 -4 -4 -5 -6 -3 -5 -6 -4 -3 -4 -6 -5 -5    1   0   0  80   0   1  13   0   0   0   1   0   0   0   0   0   0   0   0   0  1.98 0.69
   61 L   -4 -4 -5 -5 -4 -3 -5 -5 -5  2  6 -4  1 -1 -5 -4 -3 -2 -3  0    1   0   0   0   0   1   0   0   0  12  75   0   2   2   0   0   0   1   0   3  1.19 0.48
   62 K   -2 -1  3 -2 -3  5 -1 -3 -1 -2 -2 -1  0 -2 -2  0  4 -4 -3 -2    2   1  13   1   0  26   2   1   1   1   4   3   3   1   1   5  31   0   0   2  0.60 0.38
   63 D   -2 -1  5  1 -1  0  0  3 -2 -5 -5  2 -4 -5 -2 -1 -1 -4 -4 -4    1   2  32   6   2   3   4  26   0   0   1  13   0   0   2   2   4   0   0   1  0.68 0.36
   64 N   -1 -3  4  6 -4 -1  0 -1 -3 -4 -4 -1 -4 -5 -3 -1 -2 -5 -4 -4    4   1  19  55   0   2   3   4   0   1   1   3   0   0   1   2   1   0   0   1  1.17 0.48
   65 S    0 -1 -1  2 -2  0  2 -1 -1 -1 -1  0 -1  3 -1  0 -1  0  1 -1    6   1   2  11   0   3  20   3   1   3   6   5   1  14   2   9   3   1   5   3  0.16 0.12
   66 N    0 -1  1  0 -2  0  1  0  0 -1 -2  0 -1 -2  1  2  0 -2 -2 -2    8   3   9   4   1   2  12   6   2   5   3   7   2   2   7  22   2   0   1   2  0.16 0.11
   67 D   -1 -1 -1  3 -3  0  4 -2 -2 -2 -1 -1 -2 -1 -1  0  1 -3 -2 -2    4   2   2  20   1   4  27   2   1   2   5   3   1   3   2   6  12   0   1   3  0.34 0.19
   68 K   -2  0  2 -1 -3  3 -1 -1  3 -1 -1  3  0 -1 -2 -1 -2 -3 -1  1    2   5  11   2   0  14   2   4   9   3   4  20   2   2   1   2   1   0   1  15  0.26 0.21
   69 A    3 -2  1 -2 -3  1 -2 -1  3 -2 -2 -2  0 -3 -1  2  0 -3 -1  0   27   0   7   1   0   7   1   3   8   1   3   1   2   0   2  20   5   0   2   7  0.30 0.25
   70 W   -3 -3  1 -3 -2 -1 -3 -4  5 -2 -2 -3  1  6 -1 -2 -2  1  5 -2    1   1   9   1   1   3   1   1  13   2   2   1   4  32   4   3   1   2  18   2  0.77 0.36
   71 R   -2  6 -1 -4 -4 -1 -3 -4  1  2 -2  1 -1 -4 -4 -3  1 -4 -2  1    2  45   3   0   0   1   0   0   4  13   2   7   2   0   0   0   8   0   1  10  0.72 0.39
   72 K   -3  1 -1 -3 -2 -2 -2 -4  1 -5 -2  7 -4 -5 -4 -3 -3 -5 -2 -4    1   5   3   0   1   0   1   1   3   0   5  75   0   0   0   1   1   0   1   1  1.48 0.62
   73 V   -3 -4 -4 -5 -3 -4 -4 -5 -4  3  3 -4  3  5 -4 -4 -3 -2  1  1    1   0   0   0   0   0   1   1   0  18  26   0   7  30   0   1   0   0   4   9  0.80 0.35
   74 K   -3  3 -1 -3 -2  0 -1 -3 -2  0 -3  5 -3  0 -3 -1  0 -3  3 -3    1  17   2   0   1   2   2   1   0   5   2  42   0   4   0   3   5   0  11   1  0.66 0.36
   75 L   -4 -3 -5 -5 -4 -4 -5 -5 -4 -1  4 -3 -1  6 -4 -4 -4  0 -1 -2    1   1   0   0   0   0   0   1   0   1  47   2   1  41   1   1   0   1   0   1  1.25 0.51
   76 V   -2  3 -2 -3  1  3 -1 -4 -3  3 -2  3 -1 -4 -3 -2 -2 -4 -3  0    2  16   1   0   3  14   3   1   0  23   1  24   1   0   0   2   1   0   0   5  0.50 0.32
   77 I    1 -4 -4 -4  4 -3 -4 -3 -1  4 -1 -3 -1 -3 -4 -1  2 -4 -3  3   11   0   0   0   8   0   0   2   2  32   2   1   1   0   0   3  15   0   0  21  0.56 0.32
   78 D   -2 -2  2  3 -4  0  4 -1  0 -1 -2 -2 -2 -1 -3 -1  0 -4  0 -1    2   1  10  16   0   4  31   4   2   3   3   1   1   3   0   4   6   0   3   5  0.39 0.26
   79 E   -2  1  1  5 -5 -1  3  0  0 -4 -4  1 -2 -5 -3 -1 -2 -5 -3 -4    2   6   5  41   0   1  16   8   3   0   1   7   1   0   0   4   1   0   1   0  0.72 0.35
   80 V   -2 -4 -1 -2 -1 -4 -4 -5 -2  3 -1 -4 -2 -3 -4 -4 -2 -5 -4  6    3   0   4   2   1   0   0   1   1  15   2   0   0   0   0   1   2   0   0  66  1.15 0.51
   81 D   -1 -1  0  1 -2  5  1  0 -1 -2 -3  1 -3 -3 -1 -1  0 -4 -2 -1    5   2   4   7   1  35   9   6   1   2   1   9   0   1   2   4   5   0   1   4  0.47 0.31
   82 G   -2 -4  0  0 -1 -4 -2  6 -1 -5 -5 -4 -5 -5 -4  0 -4 -5 -5 -5    2   0   3   5   2   0   3  73   2   0   1   0   0   0   0   6   0   0   0   0  1.42 0.53
   83 R   -1  2  2  3 -4  0  0 -1  0 -3 -2  4 -2 -2 -3  0  0 -4 -2 -3    3  12   9  17   0   2   5   3   2   0   3  28   1   2   0   5   5   0   1   1  0.36 0.23
   84 N   -1  0  5  2 -4  0  0 -3  0 -1 -3  1 -3 -3 -3  0  0 -4 -2 -1    3   5  39  10   0   3   5   1   1   4   2   9   0   1   0   6   5   0   1   5  0.52 0.30
   85 A    4 -4 -4 -4  8 -4 -4 -3 -1 -1  0 -4 -3 -2 -4 -2 -2 -4 -4  1   36   0   0   0  31   0   1   1   1   3   9   0   0   2   0   1   2   0   0  11  1.01 0.44
   86 K   -2 -2 -1 -4 -3 -1 -2 -4  1  2  4 -2 -1  0 -4 -2 -1 -2  4  0    2   1   4   0   0   4   3   1   4  10  43   3   0   2   0   2   3   0  15   3  0.44 0.27
   87 T   -1 -4 -3 -4  0 -3 -4 -1 -4 -2 -3 -3 -1 -4 -2  0  7 -5 -2 -2    3   0   0   0   2   0   1   5   0   1   2   0   2   0   1   6  71   0   1   2  1.29 0.58
   88 S   -2  2  4  1 -4  2  1 -1 -2 -1 -3  1 -3 -1 -3  0 -1 -4 -1 -1    2  10  28   7   0   9   8   3   0   3   2   8   0   3   0   7   2   0   2   4  0.36 0.24
   89 F   -5 -5 -5 -6  0 -5 -5 -5 -4 -2 -1 -5  0  9 -6 -5 -5 -2  1 -4    1   0   0   0   2   0   0   1   0   2   4   0   2  82   0   1   0   0   3   0  2.23 0.73
   90 Y   -2 -2  0 -1 -1 -1 -2 -3  7  1 -3  1  1 -1 -4 -2 -2  2  3  0    3   1   5   4   1   1   1   1  33   8   1  10   4   2   0   2   2   3  10   7  0.62 0.34
   91 G   -1 -1 -3 -3 -4 -1 -2  6 -4 -5 -4 -1 -4 -4 -4 -1 -3  2 -4 -5    2   4   0   0   0   3   2  75   0   0   2   3   0   0   0   3   0   3   0   0  1.36 0.48
   92 L   -2 -3 -3 -4 -3 -1 -3 -4  5  1  1 -2  7  0 -3 -2 -1 -3  1 -1    2   0   0   0   0   1   1   1  20   7   8   2  45   3   0   2   2   0   4   2  0.82 0.38
   93 D   -1  0  1  5 -3  0  3 -2 -1 -3 -3  1 -3 -3 -2  1 -1 -4 -2 -3    2   3   4  39   0   2  21   2   1   0   2   7   0   0   0  11   3   0   1   1  0.55 0.23
   94 I   -2 -3 -3 -3 -2 -2 -3 -3 -3  1  3 -3  2  2  1 -2  0 -2  1  1    1   0   0   0   0   0   1   1   0   5  46   1   7  10   7   2   4   0   5   9  0.35 0.18
   95 T    0 -2  0 -2 -2 -2 -2 -1 -2  0 -2  0  0 -3 -2  1  5 -3 -3  0    6   0   5   0   0   0   1   3   0   4   2   8   2   0   0   6  55   0   0   6  0.49 0.27
   96 R   -1  3  0 -1  2  0 -1 -1  1 -3 -3  2 -2 -3 -2  1  3  1 -2 -2    3  25   2   2   5   2   1   3   4   0   1  13   0   0   0   9  23   2   0   2  0.31 0.19
   97 D   -2  1  1  5 -4 -1  2  0  1 -4 -4  1 -3 -4 -2  0 -2 -4 -3 -3    1   8   4  51   0   0   9   6   5   0   1   8   0   0   0   5   1   0   0   1  0.61 0.21
   98 R   -2  1  1 -2  3  0  0 -2 -1 -2 -1  4  0  1 -2 -1 -2 -1  3 -2    1   6   8   0   7   0   4   1   0   0   5  37   4   5   0   1   1   0  18   1  0.30 0.18
   99 L    0 -1 -2 -2 -2  1 -1 -2  3  1  0  1  2 -1 -2 -1  1 -2  2  1   10   0   0   0   0   9   1   1   9  10  10  10   9   0   0   1  10   0   9  10  0.10 0.11
  100 C   -1  4  0  0  4 -1 -1 -1  1 -3 -3  2 -2  0 -3  0  0 -2  1 -3    5  28   4   4  12   0   0   5   4   0   1  14   0   4   0   5   4   0   7   0  0.31 0.20
  101 S    0 -1  0 -2 -2 -1 -1  1 -2 -3 -3 -1 -2 -1 -1  5  0  0 -1 -2    5   3   3   1   0   0   1   9   0   1   1   1   0   2   2  65   2   1   3   2  0.54 0.26
  102 M   -2 -2 -3 -3 -2 -1 -3 -3 -3  2  3 -1  5  0 -3 -2 -1 -2 -2  1    1   1   0   1   0   3   1   1   0  12  36   3  30   2   1   1   4   0   0   4  0.47 0.21
  103 I    0 -2 -2 -3 -1 -2 -2 -3 -3  2  1 -2  1  1  0 -1  0 -2 -1  3    5   1   1   1   0   1   1   1   0  15   5   1   4   6   4   1   5   0   0  47  0.24 0.09
  104 R   -1  4  1 -1 -3  0  0 -2  1 -2 -1  3 -1 -3 -2 -1 -1 -3 -2 -1    1  32   6   1   0   1   5   1   5   1   5  33   0   1   1   1   1   0   0   5  0.36 0.11
  105 K   -1  3  1 -1 -3  0  0 -2 -1 -1 -2  5 -1 -3 -2 -1  0 -3 -2 -2    1  16   6   1   0   1   1   1   0   6   1  56   0   1   1   1   6   0   0   1  0.42 0.14
  106 W   -3  2 -1 -3  2 -1 -2  1  0 -3 -3  0 -2 -1 -3 -2 -3 10  1 -3    1  12   3   1   5   3   1  10   2   1   1   7   0   0   1   1   1  48   3   1  1.30 0.31
  107 Q    0  1 -1 -2  2  4  0 -2  2 -2 -2  0 -1 -1 -2  1  1 -2  1 -1    5   8   1   1   6  30   1   1   6   1   2   3   2   2   1   9   9   0   6   3  0.21 0.15
  108 T   -2 -3 -1 -2 -3 -3 -2 -3 -4 -2 -4 -3 -3 -4 -2  4  5 -5 -4  0    1   0   1   2   0   0   1   0   0   1   1   0   0   0   2  37  46   0   0   6  1.01 0.51
  109 L   -2  3 -3 -4 -1 -2 -3 -4 -3  0  3  3  4 -3 -4 -3  0 -4 -3 -1    3  17   0   0   1   0   0   0   0   4  29  19  16   0   0   0   6   0   0   3  0.50 0.32
  110 I   -3 -5 -3 -5 -4 -4 -5 -5 -5  7  0 -5  1 -3 -1 -3 -1 -5 -4  2    0   0   2   0   0   0   0   0   0  66   6   0   3   0   3   1   4   0   0  13  1.20 0.50
  111 E   -3 -1 -1  3 -5  0  6 -4 -3 -5 -5  1 -1 -5 -3 -2 -2 -5 -4 -2    1   3   3  19   0   3  54   0   0   0   0   8   2   0   0   1   2   0   0   3  1.00 0.46
  112 A    5 -3 -2 -3  2 -3 -3  0  1 -2 -2 -2 -2 -3 -3  0  1 -4 -2  0   55   0   1   1   4   0   1   7   4   1   3   1   1   1   0   4   8   0   1   7  0.61 0.37
  113 R   -1 -2  2 -2 -1  0 -1 -3  6  3 -2 -3  1  0  0 -1 -1 -4  0  0    4   1  11   1   1   4   2   0  26  18   1   0   5   4   5   5   2   0   3   6  0.44 0.29
  114 V   -1 -2 -4 -4 -1 -1 -3 -4 -2  2  0 -1  0  1 -4 -1  0 -4 -1  5    3   2   0   0   1   2   0   0   1   7   8   4   1   6   0   5   5   0   1  49  0.47 0.31
  115 D   -2 -3  2  6 -4 -1  0 -2 -2 -2 -3 -2  1 -4 -1 -2  1 -4 -1 -2    2   0   9  49   0   2   5   2   1   2   2   2   5   0   3   1  10   0   3   3  0.77 0.37
  116 C   -1 -4 -4 -4 -1 -4 -4 -3 -4  2 -1 -4  1 -1 -4 -1 -2 -4 -3  6    5   0   0   1   1   0   1   2   0  11   3   1   2   2   0   5   1   0   0  64  0.91 0.42
  117 K   -2  2 -1 -2 -4  0  0 -3 -3 -2 -1  5 -2 -3 -2 -1  2 -1 -3  0    1  12   2   1   0   2   4   1   0   2   7  41   1   0   2   2  15   1   0   7  0.50 0.31
  118 T   -1 -4 -3 -4 -3 -3 -3 -4 -4 -3  0 -3 -3 -4 -3  0  7 -4 -4 -2    4   0   0   1   0   0   1   1   0   0   8   1   0   0   0   5  75   0   0   2  1.39 0.60
  119 N    0  0  0 -3 -3  1 -1 -3 -3 -2 -3  4 -3 -4  0  0  4 -4 -3 -2    5   2   3   1   0   5   1   1   0   2   2  28   0   0   5   5  36   0   0   2  0.57 0.34
  120 D   -4 -3  0  8 -5 -3  0 -2 -2 -5 -5 -3  0 -5 -4 -3 -3 -5 -5 -4    1   1   3  79   0   0   3   3   1   0   1   1   3   0   0   1   1   0   0   1  1.77 0.62
  121 G   -2 -3  1  1 -4 -2 -2  6 -2 -5 -5 -2 -4 -4 -4 -2 -3 -4 -4 -4    1   1   6   8   0   2   2  70   1   1   1   2   0   0   1   2   1   0   0   1  1.26 0.46
  122 Y   -1 -2 -2 -4 -1 -2 -3 -3  0 -1 -3 -1 -1  1 -4  0 -2  2  8 -2    4   2   2   0   1   1   1   2   1   4   1   4   1   4   0   6   2   3  58   1  1.21 0.51
  123 I   -2  1 -1 -2  1 -1 -1 -2 -1  0  2  2  0 -1 -3 -1  0 -3 -1  1    1   8   1   2   3   2   3   2   2   4  29  16   2   2   0   3   6   0   2  12  0.14 0.15
  124 I   -3 -3 -4 -4  0 -3 -4 -4 -4  2  4 -4  3  2 -1 -3 -2  1  0  2    1   0   0   0   2   0   0   1   0  10  47   0   8   7   3   1   0   2   2  14  0.57 0.30
  125 R   -3  6 -1 -2  3  1 -2 -4  1 -3 -2  1 -3 -4 -1 -1 -3 -4 -3  0    1  57   3   2   7   5   1   1   3   1   3   5   0   0   2   3   1   0   0   7  0.89 0.42
  126 V   -1 -2 -3 -3 -2 -1 -3 -4 -3  2  2 -3  3  0  0 -2 -1 -3  0  3    3   2   0   1   0   2   1   1   0  13  26   1   8   2   4   3   2   0   3  27  0.33 0.21
  127 F   -2 -2 -3 -3 -3  0 -2 -1  1 -1 -1  0  0  6 -3  0  1 -2  1 -1    3   0   0   0   0   6   2   4   5   2   2   8   2  43   0   8  10   0   2   3  0.54 0.33
  128 T    0 -3 -3 -4  7 -3 -3 -1 -4  0 -1 -3  1 -3  2 -1 -1  0 -2  3    9   1   0   0  28   0   1   4   0   4   2   0   4   0   9   3   4   1   2  26  0.62 0.33
  129 L   -1 -3 -1 -2 -1 -3 -3 -4  0  4  2 -3  3 -1 -3 -2  0 -3 -2  3    2   0   4   2   1   0   1   1   2  27  18   0   8   2   0   3   4   0   0  22  0.37 0.23
  130 A    3 -2 -2 -3  3 -3 -3  3 -3 -2 -3 -3 -3 -3 -3  0  0 -3 -1  1   31   1   0   0   8   0   0  29   0   2   1   0   0   0   0   5   7   0   3  10  0.49 0.28
  131 F   -3 -4 -3 -4 -3 -2 -4 -4 -3  2  1 -4  0  6 -4 -3 -2  1  1  1    1   0   1   0   0   2   1   1   0  13  14   1   2  47   0   1   2   1   4   9  0.82 0.35
  132 T   -1 -1 -1 -3 -3 -3 -3 -3 -4 -2 -2 -2 -3 -4  0  0  7 -4 -4 -2    5   3   2   0   0   0   1   1   0   2   3   1   0   0   4   4  73   0   0   1  1.19 0.53
  133 K    0  1 -1 -1 -3  0  0 -2  0  0 -2  4 -1  0 -1 -1  0 -3 -1 -1    9   6   2   4   0   2   4   1   2   5   2  37   2   5   3   4   6   0   2   4  0.24 0.17
  134 K   -2  4  1 -2 -3  1 -1 -2  0 -3 -2  4 -2 -2 -2 -1  0 -2  0 -2    2  26   7   1   0   5   2   2   3   1   2  33   1   1   1   2   4   0   4   2  0.51 0.23
  135 T   -2  5  0  0  1  1 -1 -2  0 -2 -2  1 -1 -2  0 -1  0  0 -1 -2    2  40   4   5   3   5   2   2   2   1   4   7   1   1   5   4   5   2   2   3  0.42 0.21
  136 S    0 -1  2  0 -1  0  0 -1  0 -1 -1  0 -1 -2  3  1  0 -2 -1 -1    8   2  15   3   1   4   5   3   2   3   7   4   2   2  18  10   5   1   2   4  0.21 0.08
  137 A    0  0  0  0 -1  0  0  1  0 -1 -1  0  0 -1  0  0  0 -1  0  0    8   6   4   7   1   3   5  13   2   3   7   5   2   3   4   8   7   1   3   6  0.04 0.01
  138 G    0  0  0  0  2  0  0  0 -2  0 -1  0 -1  0  0  0  0  3  1  0    6   6   5   6   5   5   6   6   0   6   6   6   0   5   6   6   6   5   5   6  0.05 0.08
  139 K    0  2  0  0 -2  3  1 -1  0  0 -1  2  0 -2  0 -1 -1 -2 -1 -1    7  12   3   4   0  16   6   4   2   7   5  14   2   1   5   2   3   0   2   3  0.16 0.14
  140 Q   -3  1  5  0 -4  0 -1 -1  2 -2 -2  1  1  0 -3 -1 -1  4 -2 -3    1   9  31   4   0   4   3   4   5   3   3   9   4   5   1   3   3   7   0   1  0.45 0.31
  141 S   -3  0  0 -1 -4  6  0 -3 -3 -1 -2  0  0 -4 -1  3 -2  1 -3 -3    1   4   3   2   0  42   4   1   0   4   3   3   3   0   3  21   1   2   0   1  0.77 0.50
  142 S   -1  0  0  0  1  1  0 -3  0  1  0  0  0  0 -2  0  2 -3 -2  1    4   4   4   4   3   7   6   1   3  12   8   5   1   4   1   5  14   0   0  14  0.08 0.12
  143 T   -2  4 -2 -1 -1  0  0 -1  0 -4 -3  4 -3 -4 -3  1 -1  0 -3 -4    2  26   0   3   1   3   5   4   2   1   2  32   0   0   1  12   3   1   0   1  0.65 0.39
  144 S   -1  1  0 -1 -3  0 -1 -3  0 -3 -1  5  1 -3 -2  0  0 -3  0 -3    3   5   5   2   0   2   2   1   3   1   8  48   4   1   1   5   5   0   3   1  0.50 0.30
  145 T   -1 -1  2 -3 -3  0 -3 -3  2 -2 -1 -1 -1 -4 -3 -1  6 -4 -3 -1    4   3   8   0   0   4   1   1   5   1   4   3   2   0   0   3  57   0   0   4  0.79 0.47
  146 C   -1 -3 -2 -3  8 -2 -3 -3  0 -2 -2 -3 -3  0 -3  3  1 -3  1 -1    3   0   2   0  34   1   1   1   3   2   4   1   0   3   0  22   9   0   6   5  0.79 0.43
  147 Y   -4  0 -3 -3 -2 -4 -4 -1  1 -4 -2 -2 -4  1 -1 -3 -4 -1  9 -4    0   6   1   1   1   0   0   5   3   0   3   3   0   4   3   2   0   0  67   0  1.59 0.68
  148 A    6 -4 -3 -1  2 -3 -3 -2  1  0 -2 -3 -3 -4 -3 -1 -2 -4 -4  0   67   0   0   4   5   0   0   1   3   5   3   0   0   0   0   1   2   0   0   6  0.88 0.50
  149 K   -2  0  2  0 -4  6 -1 -2  1 -4 -4  3 -3 -4 -3  1 -2 -4 -2 -4    1   4   8   3   0  39   1   2   3   0   1  22   0   0   0   9   2   0   1   0  0.76 0.46
  150 S    0  0 -1  0 -3  0 -1 -1  5 -3 -3  0 -3 -3 -3  3  3 -4 -2 -3    9   4   1   6   0   4   1   3  20   1   2   5   0   0   0  25  18   0   1   1  0.47 0.34
  151 S    1  0  0 -2 -3  3  0 -1  0 -4 -4 -1 -2 -4 -2  4  1 -4 -2 -3    9   5   2   1   0  12   6   4   2   0   1   2   1   0   1  43  10   0   1   0  0.52 0.37
  152 Q   -3  2 -3 -1 -5  7  0 -3  1 -3 -3  1 -3 -5 -4 -2 -3 -1 -4 -2    1   9   0   2   0  61   3   2   3   1   3   6   0   0   0   2   0   1   0   3  1.17 0.63
  153 V   -1 -2 -4 -3 -2 -1  0 -4 -3  4 -1  1 -1 -2 -1 -2 -1 -4 -3  4    3   2   0   0   1   2   7   0   1  26   2  11   1   1   3   1   4   0   0  36  0.48 0.35
  154 R   -3  6  0 -3  0  1 -2 -3  3 -4 -4  4 -1 -4 -3 -1  0 -5 -2 -4    0  42   3   1   2   4   1   1   7   1   0  25   1   0   1   4   5   0   1   0  0.83 0.46
  155 A    3  1 -1 -1 -2  4  1 -2 -1 -2 -1  0  0 -3  0  0 -1  1 -2 -1   27   8   3   2   0  21   7   1   1   2   6   6   2   1   3   4   2   2   1   3  0.29 0.27
  156 I   -4 -3 -3 -5 -4 -4 -5 -5 -5  7  1 -5  2 -3 -5 -3 -3 -5 -4  1    1   1   1   0   0   0   0   0   0  69   9   0   6   0   0   2   1   0   0   7  1.32 0.58
  157 R   -4  8 -3 -4 -5  0 -3 -5  0 -5 -4 -1 -4 -5 -1 -2 -2  3 -4 -5    1  79   0   0   0   3   0   1   2   0   1   0   0   0   3   3   2   4   0   0  1.75 0.72
  158 R    1  3 -1 -2 -4  1  0 -3 -1 -4 -3  6 -1 -5 -3 -1 -3 -5 -4 -3   11  17   2   2   0   4   3   1   1   0   2  51   2   0   0   2   0   0   0   1  0.82 0.45
  159 K   -1  2 -2 -3 -4 -1 -1 -1 -3  2 -3  6  0 -4 -4 -2 -1 -5 -4  0    4  10   1   0   0   2   1   4   0  12   1  53   2   0   0   1   2   0   0   6  0.75 0.45
  160 I   -3 -5 -5 -6 -4 -3 -5 -1 -5  3  0 -4  9 -1 -5 -3 -3 -5 -4 -1    2   0   0   0   0   1   0   5   0  18   4   1  62   2   0   1   1   0   0   2  1.66 0.75
  161 N   -2  0 -1 -2  1 -1  0 -3 -2  1 -1 -1  4  1 -3 -1  1 -2 -1  3    1   5   2   1   3   1   7   1   1   8   2   4  17   7   0   5  11   0   2  21  0.24 0.25
  162 T   -1 -2  0  4 -5  1  6 -3 -2 -4 -5  0 -4 -5 -4 -1  0 -5 -4 -5    5   1   3  21   0   4  50   1   0   1   0   4   0   0   0   4   5   0   0   0  0.98 0.51
  163 F   -2 -3 -4 -4 -2 -3 -4 -4 -2  6  0 -4  1 -1 -5 -3  1 -4  0  2    3   1   1   1   1   1   1   1   1  55   6   1   3   2   0   1   8   0   3  13  0.87 0.45
  164 I   -2 -4 -5 -5 -4 -4 -5 -5 -5  5  1 -3  7 -3 -5 -2 -2 -4 -2  3    3   0   0   0   0   0   0   0   0  31  11   1  30   0   0   3   2   0   1  17  1.01 0.50
  165 T    0  0  0 -1 -3  2  0 -2  0 -1 -2  0 -1 -2 -2  0  4 -4 -2 -1    6   4   4   3   0   9   5   3   3   3   3   7   2   1   1   5  35   0   1   4  0.31 0.27
  166 N    0  4  2 -1 -4  2  2 -3  0 -4 -4  2 -3 -4 -3 -1 -1  0 -3 -4    8  27  11   3   0   8  16   1   2   0   1  14   0   0   0   3   3   1   0   1  0.53 0.33
  167 E   -1  2 -1  0 -5  2  5 -4 -1 -3 -3  1  1 -2 -4 -2 -2 -5 -1 -3    6  10   2   3   0   7  47   0   1   1   1   7   4   2   0   2   2   0   2   1  0.70 0.43
  168 A    4 -4 -4 -4 -1 -4 -3 -1 -4  1  0 -4  0 -1 -4  0 -2 -5 -4  4   35   0   0   0   1   0   1   5   0   5   8   0   2   2   0   5   2   0   0  34  0.60 0.40
  169 A    1 -1  0 -1 -2  4  0 -1  1 -3 -3  0 -3 -4  0  3  1 -4 -3 -3   13   2   3   2   0  19   6   5   3   1   1   6   0   0   5  24   9   0   0   1  0.36 0.30
  170 K   -1 -1  1  0 -4  0  3  0 -2 -2 -3  1 -2 -4 -3  2  3 -4 -3 -3    4   1   8   3   0   4  18   8   1   2   1  10   1   0   0  18  20   0   0   1  0.37 0.29
  171 L   -1  0  4 -2  6 -1 -1 -2 -1 -1  0  0  1 -3 -3  1 -1 -1 -3 -1    3   6  21   1  17   1   3   2   1   3  11   5   4   0   0  13   2   1   0   5  0.36 0.28
  172 G   -3 -3  2  6 -5 -2  0 -2 -3 -3 -4 -2 -4 -5 -2  0  3 -6 -5 -4    1   1  10  49   0   1   5   2   0   1   1   2   0   0   2   7  17   0   0   0  1.00 0.51
  173 I   -4 -4 -5 -5 -2 -4 -5 -5 -3  2  5 -5  2  4 -5 -3 -3 -1 -1  0    0   0   0   0   1   0   0   0   0  13  53   0   4  17   0   1   1   1   2   5  0.91 0.45
  174 A    0  1  1  1 -4  0  1 -2 -2 -4 -4  5 -3 -4  0  0 -1 -5 -4 -3    7   5   7   8   0   2   9   3   0   1   1  42   0   1   5   5   2   0   0   2  0.55 0.35
  175 E   -1 -3 -2  2 -5  3  6 -2 -1 -5 -5  0 -4 -5 -4 -1 -1 -5 -4 -2    4   0   1  10   0  13  50   3   1   0   0   5   0   0   0   3   4   0   0   3  0.92 0.50
  176 F   -1 -4 -5 -5 -2 -3 -4 -5 -4  1  3 -4  0  4 -4 -3 -3 -3  0  4    4   1   0   0   1   1   0   0   0   5  33   0   1  19   0   1   1   0   3  30  0.70 0.38
  177 S   -1 -2 -5 -5 -1 -4 -4 -5 -5  2  0 -4  1 -3 -4 -3  0 -5 -3  6    4   2   0   0   1   0   0   0   0  11   5   0   3   1   0   1   6   0   0  63  1.01 0.51
  178 K   -1  0  5  1 -4  2  0 -2  0 -4 -2  3 -3 -4 -3  0 -1 -5 -4 -3    3   3  31   8   0  12   6   2   2   0   4  17   0   0   1   7   3   0   0   1  0.55 0.34
  179 N    0  0 -2  0 -4 -1  1 -2 -3 -2 -2  6 -2 -3 -2 -1 -3 -5 -2 -3    7   2   1   4   0   1  10   3   0   3   4  52   1   1   1   4   0   0   2   2  0.67 0.42
  180 L   -2 -4 -5 -5  1 -3 -4 -5 -4  2  4 -4  3  3 -4 -3 -2 -2 -1  1    3   0   0   0   3   1   0   0   0  12  46   0   7  11   0   2   2   0   1  10  0.65 0.35
  181 I   -2 -3 -2 -4  0 -3 -4 -5 -4  6  1 -3  0 -3 -4 -1  0 -4 -2  3    3   1   2   0   2   1   0   0   0  48  12   1   1   0   0   4   4   0   1  19  0.76 0.40
  182 G   -2 -1  0 -2 -4 -1  1 -1 -3 -3 -1 -3  0  0  6  1  0 -4 -2 -3    2   3   5   2   0   2   8   4   0   0   6   0   3   4  42  10   6   0   1   1  0.78 0.41
  183 E   -3 -4  0  5 -5 -2  3  4 -3 -5 -4 -3 -5 -2 -3 -2 -3 -5 -3 -4    1   0   3  33   0   1  21  33   0   0   1   0   0   2   1   2   0   0   1   1  0.96 0.48
  184 D    0  1  0  0 -2  0  0 -1 -3 -1 -3  2 -2 -4 -2  3  1 -4 -3  0    5   6   2   6   0   2   5   3   0   4   1  14   1   0   1  33   7   0   1   9  0.30 0.27
  185 Y   -3 -5 -5 -5 -4 -4 -5 -5 -5  6  3 -4  2  0 -4 -3  0 -4 -1  1    1   0   0   0   0   0   0   0   0  53  22   0   5   3   1   1   5   0   2   5  0.97 0.46
  186 T    2 -2  0 -2 -4 -2 -2  5 -3 -4 -4 -3 -4 -4 -1  2 -1 -4 -3 -2   20   2   5   1   0   1   1  43   0   1   0   1   0   0   2  16   2   0   1   2  0.71 0.39
  187 K    0  2  0  0 -4  0  0 -3 -2 -4 -3  5 -3 -4 -3  2 -1 -4 -2 -3    9  12   5   4   0   3   4   1   1   0   2  41   0   0   0  14   2   0   1   1  0.58 0.36
  188 K    0  1  1  1 -3  1  0  0  2 -2 -1  0  1 -2 -2  0  0 -2  1  0    7   7   7   7   0   7   7   7   6   0   7   7   6   0   0   7   7   0   6   7  0.07 0.11
  189 I   -2 -2 -5 -5 -4 -4 -5 -3 -5  7  1 -4  2 -1 -5 -2 -2 -5 -4  1    4   2   0   0   0   0   0   2   0  59  11   0   4   3   0   4   2   0   0   6  1.03 0.53
  190 E   -1 -1 -3 -1 -4  0  4 -3  0 -2 -2 -1  0  2 -4 -1  0 -3  4 -2    6   3   0   3   0   4  35   2   2   2   3   3   2   8   0   2   5   0  17   3  0.50 0.38
  191 K   -1  2  1 -1 -4  1  1 -1  2 -2 -3  4 -1 -4 -3 -1 -1  0 -3 -2    6   9   6   2   0   5  10   5   5   2   2  36   2   0   0   2   3   1   0   2  0.43 0.33
  192 E    3  2  1 -1  1  1  2 -2 -1 -2 -2  0 -1 -4 -1  0 -1 -4 -2 -1   28  10   6   2   3   4  18   2   1   2   3   4   1   0   2   5   2   0   1   4  0.27 0.25
  193 T    3 -4 -4 -4  7 -4 -4  0 -4 -1 -2 -4 -3 -1 -4 -1  2 -4 -1  0   27   0   0   0  27   0   0   8   0   3   3   0   0   3   0   4  13   0   2   6  0.78 0.43
  194 K   -2  1  1 -3 -5  4 -1 -3  1 -3 -4  4  0 -5 -4  2 -2 -5 -2 -4    2   8   7   0   0  19   3   2   3   1   2  31   3   0   0  16   2   0   1   0  0.66 0.43
  195 N   -1 -1 -1 -1 -2 -1 -1  1 -2 -3 -3  4 -1 -2  1  2  0  0 -2 -2    3   2   2   3   1   2   4  12   1   2   3  27   2   1   7  19   6   1   2   2  0.31 0.28
  196 I   -4 -5 -6 -6 -4 -2 -6 -6 -6  7 -1 -5  0 -1 -5 -5 -1 -5 -2  1    0   0   0   0   0   2   0   0   0  74   3   0   2   2   0   0   4   0   1   8  1.64 0.69
  197 F   -2 -3 -5 -4 -1 -5 -5 -6  2  0 -3 -5 -2  5 -6 -5 -3 -2  8 -1    3   1   0   1   1   0   0   0   5   4   2   0   1  20   0   0   2   0  53   4  1.58 0.68
  198 P   -3 -1 -2 -5 -6 -2 -4 -5 -1 -5 -3 -4 -1 -6  8 -3 -4 -6 -5 -5    2   3   2   0   0   2   0   0   2   0   3   0   2   0  80   2   0   0   0   0  2.31 0.82
  199 L   -3 -4 -5 -5  3 -4 -5 -5 -5  3  5 -4  2 -2 -2 -4 -2 -4 -3  2    1   0   0   0   6   0   0   0   0  14  57   0   5   0   2   0   2   0   0  11  0.90 0.41
  200 Q   -3  5 -2 -1 -5  4 -1 -2  5 -5 -5  2 -4 -2 -3 -2 -2 -4  0 -5    1  31   1   2   0  23   2   4  15   0   0  13   0   2   1   1   1   0   3   0  0.88 0.45
  201 N   -3  3  5  4 -5 -1  0 -3  2 -5 -5  1 -4 -5 -4 -1 -1 -5 -2 -4    1  20  28  23   0   1   4   1   5   0   0   8   0   0   0   4   2   0   1   0  0.74 0.37
  202 I    0 -5 -5 -5  2 -5 -5 -5 -5  1 -1 -5 -2 -2 -5 -3  0 -5 -4  6    7   0   0   0   4   0   0   0   0   6   4   0   0   1   0   1   5   0   0  70  1.17 0.53
  203 T   -3 -1 -2 -3  1 -2  4 -1  2 -2 -1 -3  2  4 -4 -2 -2 -2  4 -2    1   3   1   0   4   0  28   4   5   1   3   0   7  19   0   1   1   0  17   2  0.58 0.36
  204 I   -3 -5 -5 -3 -4 -5 -5 -6 -5  6  0 -5 -2 -1 -5 -4 -1 -5 -4  4    0   0   0   2   0   0   0   0   0  56   5   0   0   2   0   0   3   0   0  29  1.22 0.50
  205 R   -2  7 -2 -4 -3 -1  0 -4 -1  1 -4  0 -3 -2 -4 -2 -2 -4  2 -3    4  59   1   0   1   2   5   1   1   8   1   2   0   1   0   3   2   0   8   1  1.04 0.49
  206 K   -4  1 -4 -4 -7 -2 -3 -5 -4 -6 -4  8 -5 -7 -5 -4 -4 -7 -6 -6    0   5   0   0   0   0   0   0   0   0   2  93   0   0   0   0   0   0   0   0  2.25 0.83
  207 V   -1 -4 -4 -5 -1 -2 -4 -2 -5  2 -1 -4 -1 -4 -4  2  1 -5 -4  6    3   0   0   0   1   1   0   2   0   8   2   0   1   0   0  15   7   0   0  59  0.88 0.45
  208 K   -3  0 -3 -3 -6  0  2 -5 -4 -6 -6  7 -2 -6 -4 -3 -1 -6 -5 -5    1   2   0   1   0   2  11   0   0   0   0  79   1   0   0   1   3   0   0   0  1.65 0.66
  209 V   -3 -5 -5 -5 -2 -4 -5 -6 -5  3  2 -4  4 -3 -2 -4 -1 -5 -4  5    1   0   0   0   1   0   0   0   0  19  21   0  12   0   2   0   3   0   0  41  0.87 0.39
  210 L   -3 -3 -5 -3 -3 -3 -1 -6 -5  3  5 -3  2 -2 -3 -4 -2 -4 -3  1    0   1   0   1   0   1   4   0   0  15  62   1   4   0   1   0   1   0   0   7  0.83 0.38
  211 K    0  2 -2 -2 -5 -1  2 -3 -1 -5 -4  6 -1 -4 -4 -1 -3 -1 -2 -3    8  11   1   1   0   0  12   1   1   0   1  57   1   1   0   2   1   1   1   1  0.94 0.45
  212 R    1  3 -1 -2 -3  0  1 -2  0 -2 -2  3 -2  0 -3  0  0 -1  0 -1   17  15   2   0   0   3   7   1   2   2   3  23   1   6   0   7   4   1   3   3  0.23 0.18
  213 P   -3 -6 -5 -5 -6 -5 -5 -1 -6 -6 -5 -3 -1 -7  8 -4 -5 -7 -6 -6    1   0   0   0   0   0   0   6   0   0   1   1   2   0  90   0   0   0   0   0  2.72 0.78
  214 K   -3  2 -3 -3 -6  0  1 -4 -3 -5 -5  7 -4 -6 -4 -2 -3 -6 -4 -5    0  10   0   0   0   2  10   0   0   0   0  77   0   0   0   1   1   0   0   0  1.48 0.52
  215 L   -3 -4 -5 -5 -4 -5 -5 -5 -3  1  0 -5  1  7 -5 -4 -3 -1  2  1    0   0   0   0   0   0   0   0   0   9   7   0   3  65   0   0   0   0   6  10  1.19 0.35

                      K         Lambda
Standard Ungapped    0.1311     0.3162
Standard Gapped      0.0464     0.2670
PSI Ungapped         0.1520     0.3132
PSI Gapped           0.0464     0.2670
