
Last position-specific scoring matrix computed, weighted observed percentages rounded down, information per position, and relative weight of gapless real matches to pseudocounts
           A  R  N  D  C  Q  E  G  H  I  L  K  M  F  P  S  T  W  Y  V   A   R   N   D   C   Q   E   G   H   I   L   K   M   F   P   S   T   W   Y   V
    1 M   -5 -5 -6 -7 -5 -4 -6 -6 -5 -2 -1 -5 11  0 -6 -5 -4 -5 -4 -3    0   0   0   0   0   0   0   0   0   0   0   0  96   4   0   0   0   0   0   0  2.96 0.72
    2 K   -3  3 -2 -3 -4  2  0 -4 -2  3 -2  5 -2 -4 -4 -3 -2 -5 -3  0    0  14   1   0   0   7   5   0   0  21   2  42   0   0   0   0   1   0   1   6  0.63 0.28
    3 I   -4 -6 -6 -6 -4 -6 -6 -7 -6  7 -1 -5 -1 -1 -6 -5 -3 -5 -4  3    0   0   0   0   0   0   0   0   0  84   1   0   0   2   0   0   0   0   0  13  1.72 0.48
    4 A    0  0  0  0 -3  1  1 -2  1  0 -1  3 -2 -2 -3  0  0 -3  0  0    9   2   3   6   0   5  10   1   3   8   4  29   0   1   0   3   4   0   4   7  0.18 0.13
    5 K   -4  3 -1 -4 -6  2 -2 -5 -3 -6 -5  7 -4 -6 -4 -3 -4 -6 -5 -5    0  13   2   0   0   7   0   0   0   0   0  78   0   0   0   0   0   0   0   0  1.64 0.50
    6 V   -2 -4 -4 -5 -3 -5 -5 -6 -6  6 -1 -4 -1 -3 -2 -3 -2 -5 -4  5    2   1   0   0   0   0   0   0   0  45   0   1   0   0   2   1   2   0   0  47  1.15 0.38
    7 I   -4 -5 -6 -6 -4 -5 -5 -6 -4  3  5 -5  1  3 -5 -5 -3 -3  1 -1    0   0   0   0   0   0   0   0   0  17  61   0   2  14   0   0   0   0   5   1  1.02 0.33
    8 N   -5 -4  9 -2 -6 -3 -4 -4 -3 -7 -7 -4 -6 -7 -6 -3 -3 -7 -6 -7    0   0 100   0   0   0   0   0   0   0   0   0   0   0   0   0   0   0   0   0  2.72 0.69
    9 N   -5 -4  9 -2 -6 -3 -4 -4 -1 -7 -7 -4 -6 -7 -5 -2 -2 -7 -5 -6    0   0  97   0   0   0   0   0   1   0   0   0   0   0   0   1   1   0   0   0  2.54 0.65
   10 N   -5 -4  9 -2 -6 -3 -4 -3 -1 -7 -7 -3 -6 -6 -5  0 -3 -7 -5 -6    0   0  92   0   0   0   0   1   1   0   0   0   0   0   0   6   0   0   0   0  2.36 0.62
   11 V    2 -4 -5 -5 -2 -4 -4 -4 -5  2  0 -4  0 -2 -4 -3 -1 -5 -3  6   20   0   0   0   1   0   0   0   0  10   5   0   2   1   0   1   3   0   0  59  0.88 0.33
   12 I    2 -5 -5 -6 -1 -5 -5 -5 -6  3 -1 -5 -2 -3 -5 -3 -3 -5 -4  6   15   0   0   0   1   0   0   0   0  17   3   0   0   0   0   1   0   0   0  63  1.11 0.42
   13 S   -2 -3 -3 -4  0 -1 -3 -4 -3  3  2 -3  0 -1 -4  1 -1 -4 -3  3    1   1   0   0   2   3   0   0   0  24  23   1   2   2   0  17   3   0   0  21  0.41 0.23
   14 V    3 -4 -3 -4  0 -3 -3 -3 -4  1 -2 -3 -2 -3 -3  2  2 -5 -3  4   24   0   0   0   1   0   0   0   0   7   2   0   0   0   0  19  15   0   0  31  0.54 0.29
   15 V   -1  1 -2 -2 -1  1  0 -3  0  1  1  2  0  0 -3 -1  0 -1  0  0    2   7   1   0   1   5   7   0   3  12  19  18   2   3   0   3   6   1   3   6  0.12 0.11
   16 N   -3 -3  4  6 -5 -1  0  0 -2 -5 -5 -1 -5 -5 -4 -1 -1 -6 -5 -5    1   1  23  54   0   1   4   5   1   0   0   3   0   0   0   2   4   0   0   0  1.16 0.39
   17 E   -1  0  0  3 -4  1  4 -2  1 -4 -4  1 -2 -3 -1  0 -2 -4 -2 -3    4   4   4  19   0   6  35   2   3   1   1   9   1   1   3   6   1   0   1   1  0.52 0.23
   18 Q   -1  0  3  2 -1  2  1  0  2 -4 -3  1 -1 -3 -2  1  0 -2 -3 -3    4   5  21  12   1  10   6   5   5   0   2  10   2   1   1  11   4   0   0   1  0.29 0.15
   19 G   -2 -1  3  0 -4  1 -2  5  1 -5 -4  0 -3 -5 -3 -2 -2 -5 -4 -4    2   3  16   5   0   7   2  53   4   0   1   5   1   0   1   1   1   0   0   1  0.84 0.29
   20 K   -2  2  2 -1 -3  4  3 -3  1 -2 -3  2 -2 -3 -2 -1 -1 -4 -3 -1    1   9  11   2   0  21  22   1   4   1   2  16   0   1   0   1   2   0   0   6  0.43 0.20
   21 E   -4 -3 -3  2 -7  1  7 -5 -3 -6 -6 -2 -5 -6 -2 -3 -4 -6 -5 -5    0   0   0   8   0   4  87   0   0   0   0   0   0   0   1   0   0   0   0   0  1.80 0.51
   22 L    0 -1 -3 -3 -1  1 -1 -3 -2  3  1  1  2  0 -3 -1  0 -3 -1  3    8   1   0   0   1   7   2   0   0  19   9  12   6   5   0   2   4   0   1  23  0.20 0.13
   23 V   -3 -5 -5 -6 -3 -5 -5 -6 -5  6  1 -5  1 -2 -5 -4 -3 -5 -3  4    0   0   0   0   0   0   0   0   0  56   7   0   3   0   0   0   0   0   0  34  1.20 0.36
   24 V   -1 -4 -5 -5 -1 -4 -5 -5 -5  3  2 -4  1 -1 -4 -4 -2  1 -2  5    4   0   0   0   1   0   0   0   0  15  22   0   2   1   0   0   0   2   1  52  0.79 0.28
   25 M   -3 -4 -5 -6  0 -3 -5 -5 -4  2  0 -1  9 -1 -5 -3  0 -4 -1 -1    1   0   0   0   2   0   0   0   0   9   4   4  68   1   0   1   5   0   2   2  1.56 0.48
   26 G   -2 -5 -3 -4 -5 -5 -5  7 -5 -6 -6 -4  0 -6 -5 -2 -4 -5 -6 -6    0   0   0   0   0   0   0  96   0   0   0   0   2   0   0   2   0   0   0   0  2.11 0.50
   27 R   -2  5 -1 -3  2 -1 -2 -3 -3 -4  0  4 -3 -4 -1  0  0 -5 -4 -3    2  32   2   0   5   1   0   1   0   0   9  33   0   0   2   5   7   0   0   0  0.62 0.26
   28 G   -2 -5 -3 -4 -5 -4 -3  7 -5 -7 -6 -4 -5 -6 -5 -1 -4 -5 -6 -6    2   0   0   0   0   0   2  94   0   0   0   0   0   0   0   3   0   0   0   0  2.04 0.49
   29 L   -4 -5 -6 -6 -3 -5 -5 -6 -5  6  3 -5 -1 -2 -5 -5 -3 -5 -3  1    0   0   0   0   0   0   0   0   0  61  33   0   0   0   0   0   0   0   0   6  1.24 0.36
   30 A    4 -4 -3 -4  1 -3 -4  5 -4 -3 -4 -3 -4 -5 -4 -1 -1 -5 -5 -2   41   0   0   0   3   0   0  48   0   1   0   0   0   0   0   2   2   0   0   2  1.03 0.33
   31 F   -5 -6 -6 -7 -5 -6 -6 -6 -4 -3 -3 -6 -3  9 -7 -5 -5  2  4 -4    0   0   0   0   0   0   0   0   0   0   0   0   0  88   0   0   0   2  10   0  2.40 0.55
   32 Q   -2 -1  2 -2 -5  5 -1  2  2 -5 -5  4 -2 -5 -3 -2 -2 -5 -3 -4    1   1  11   1   0  33   1  16   6   0   0  29   1   0   0   1   1   0   0   0  0.78 0.31
   33 K   -1  1 -1 -3 -2  1 -2 -3 -2 -5 -3  7  1 -3 -4 -1 -2 -5 -4 -4    3   4   2   0   1   4   0   1   1   0   1  73   5   1   0   3   2   0   0   0  1.14 0.39
   34 K   -3  4 -1 -3 -2  0 -2 -2  1 -4 -5  6 -4 -3 -4 -1 -2 -5 -4 -3    1  19   2   0   1   2   0   2   3   1   0  63   0   1   0   4   1   0   0   1  1.05 0.35
   35 S    1  0 -1 -2 -1 -1  0 -3 -3  0 -2  2 -1 -3  3 -1  0 -4 -2  2   16   4   2   0   1   1   6   0   0   7   1  17   1   0  18   2   5   0   1  18  0.28 0.15
   36 G   -2 -5  1 -3 -5 -3 -3  7 -2 -6 -6 -3 -5 -6 -5 -2 -4 -5 -3 -6    1   0   6   1   0   1   1  86   1   0   0   1   0   0   0   1   0   0   1   0  1.74 0.44
   37 D   -3 -2  1  7 -6  3  2 -3 -3 -5 -4 -1 -3 -6 -4 -1 -3 -6 -5 -5    2   1   4  62   0  12  12   1   0   0   1   2   1   0   0   2   0   0   0   0  1.21 0.36
   38 D   -1  0 -1  0 -2  0  3 -3 -1  0  0  0 -1 -1  0  0  1 -2 -2  0    4   5   2   5   1   4  23   0   1   8  10   3   1   3   5   7   9   0   1   8  0.12 0.10
   39 V   -1 -5 -6 -6 -4 -5 -5 -6 -6  6  2 -5 -1 -2 -3 -4 -3 -5 -4  5    3   0   0   0   0   0   0   0   0  45  13   0   0   1   1   0   0   0   0  36  1.13 0.39
   40 D   -2 -3  2  7 -6 -1  2 -3 -2 -4 -5 -2 -5 -5  1 -1 -3 -6 -5 -4    2   1   7  60   0   1  12   1   0   1   1   2   0   0   6   4   1   0   0   1  1.19 0.41
   41 E   -1  0 -1  2 -4  2  4 -3 -2 -1 -3  1 -1 -3  2  0 -1 -5 -3 -2    3   4   2   9   0   7  38   0   0   4   2   6   2   1  10   6   4   0   0   3  0.48 0.23
   42 A    1 -1  1  2 -4  0  3 -1 -1 -4 -4  0 -3 -5 -2  3  1 -5 -4 -3   10   1   6  11   0   3  19   3   1   0   0   6   0   0   1  29   9   0   0   0  0.44 0.23
   43 R   -2  2 -1 -3 -1  2  0 -3 -2 -3  1  5 -2 -3 -4 -2 -1 -5 -3 -3    3  11   2   0   2   8   4   1   1   1  13  47   0   1   0   2   3   0   0   1  0.62 0.30
   44 I   -3 -6 -6 -6 -4 -6 -6 -7 -6  7 -1 -6 -2 -3 -6 -5 -2 -6 -4  4    1   0   0   0   0   0   0   0   0  69   1   0   0   0   0   0   1   0   0  27  1.65 0.50
   45 E   -4 -3 -1  3 -7  1  7 -5 -3 -4 -6 -2 -5 -6 -4 -2 -2 -6 -4 -5    0   1   2  13   0   6  74   0   0   1   0   1   0   0   0   1   2   0   1   0  1.58 0.52
   46 K   -4  0 -2 -4 -7  0 -2 -5 -2 -6 -6  8 -5 -7 -4 -4 -4 -6 -5 -6    0   2   2   0   0   3   0   0   1   0   0  92   0   0   0   0   0   0   0   0  2.09 0.62
   47 V   -3  0 -3 -3 -2 -1 -1 -5 -3  4 -1 -1  0 -3 -4 -2  3 -3 -3  3    0   6   0   1   0   2   5   0   0  30   2   4   2   0   0   1  21   0   0  26  0.52 0.26
   48 F   -6 -6 -7 -7 -6 -7 -7 -7 -4 -4 -2 -7 -3  9 -7 -6 -6 -2  4 -4    0   0   0   0   0   0   0   0   0   0   1   0   0  88   0   0   0   0  10   0  2.62 0.65
   49 T    0  2 -2 -3 -2 -1 -2 -3  0  2  0  0  0 -1 -3  0  1 -3  0  3    7  12   1   1   0   2   1   0   2  11   6   4   1   2   0   5  10   0   4  29  0.20 0.15
   50 L   -3 -4 -6 -6 -4 -3 -5 -6 -4  1  6 -5  3 -1 -1 -5 -3 -4 -3  0    1   0   0   0   0   1   0   0   0   7  72   0   8   1   4   0   0   0   0   5  1.11 0.39
   51 D   -1  0  1  2 -5  3  3 -3  2 -5 -4  4 -3 -4 -2  1 -1 -5 -3 -4    3   3   7   9   0  14  17   0   5   0   0  28   0   1   1   9   2   0   0   0  0.55 0.26
   52 N   -2 -2  4  5 -5  0  1 -1 -2 -4 -5 -1 -4 -5 -2  2  1 -6 -4 -4    2   0  25  31   0   3   7   3   1   1   0   2   0   0   1  16   8   0   0   0  0.74 0.31
   53 K   -1  0  1  2 -4  3  3 -2  1 -5 -4  3 -3 -5  0  1 -1 -5 -4 -4    2   2   8   9   0  12  18   3   4   0   0  25   0   0   4  11   2   0   0   0  0.49 0.23
   54 D   -1 -1  3  4 -5  0  4 -1 -2 -5 -5 -1 -2 -5 -3  1 -1 -5 -4 -4    4   2  12  20   0   3  35   5   0   0   0   3   1   0   0  13   3   0   0   0  0.67 0.28
   55 V   -2 -4 -4 -5 -3 -3 -4 -5 -4  3  3 -4  3 -2 -4 -3  3 -4 -3  3    0   0   0   0   0   0   0   0   0  20  31   0   8   0   0   0  21   0   0  21  0.64 0.25

                      K         Lambda
Standard Ungapped    0.1341     0.3142
Standard Gapped      0.0625     0.2670
PSI Ungapped         0.2062     0.3156
PSI Gapped           0.0625     0.2670
