
Last position-specific scoring matrix computed, weighted observed percentages rounded down, information per position, and relative weight of gapless real matches to pseudocounts
           A  R  N  D  C  Q  E  G  H  I  L  K  M  F  P  S  T  W  Y  V   A   R   N   D   C   Q   E   G   H   I   L   K   M   F   P   S   T   W   Y   V
    1 T    0 -1  0 -1 -1 -1 -1 -2 -2 -1 -1 -1 -1 -2 -1  1  5 -3 -2  0    0   0   0   0   0   0   0   0   0   0   0   0   0   0   0   0 100   0   0   0  0.47 0.00
    2 Q   -1  1  0  0 -3  6  2 -2  0 -3 -2  1  0 -3 -1  0 -1 -2 -1 -2    0   0   0   0   0 100   0   0   0   0   0   0   0   0   0   0   0   0   0   0  0.65 0.00
    3 T    0 -1  0 -1 -1 -1 -1 -2 -2 -1 -1 -1 -1 -2 -1  1  5 -3 -2  0    0   0   0   0   0   0   0   0   0   0   0   0   0   0   0   0 100   0   0   0  0.47 0.00
    4 A    4 -1 -2 -2  0 -1 -1  0 -2 -1 -2 -1 -1 -2 -1  1  0 -3 -2  0  100   0   0   0   0   0   0   0   0   0   0   0   0   0   0   0   0   0   0   0  0.40 0.00
    5 P   -1 -2 -2 -2 -3 -1 -1 -2 -2 -3 -3 -1 -3 -4  8 -1 -1 -4 -3 -2    0   0   0   0   0   0   0   0   0   0   0   0   0   0 100   0   0   0   0   0  2.04 0.00
    6 V   -1 -3 -3 -3 -1 -3 -3 -4 -3  4  1 -3  1  0 -3 -2  0 -3 -1  3    0   0   0   0   0   0   0   0   0  59   0   0   0   0   0   0   0   0   0  41  0.35 0.00
    7 P   -1 -2 -2 -2 -3 -1 -1 -2 -2 -3 -3 -1 -3 -4  8 -1 -1 -4 -3 -2    0   0   0   0   0   0   0   0   0   0   0   0   0   0 100   0   0   0   0   0  2.04 0.00
    8 Q   -1  1  0  0 -3  6  2 -2  0 -3 -2  1  0 -3 -1  0 -1 -2 -1 -2    0   0   0   0   0 100   0   0   0   0   0   0   0   0   0   0   0   0   0   0  0.65 0.00
    9 Q   -1  1  0 -1 -3  5  2 -2  0 -3 -2  1 -1 -3  3  0 -1 -2 -2 -2    0   0   0   0   0  81   0   0   0   0   0   0   0   0  19   0   0   0   0   0  0.64 0.00
   10 N   -2  0  6  1 -3  0  0  0  1 -3 -4  0 -2 -3 -2  1  0 -4 -2 -3    0   0 100   0   0   0   0   0   0   0   0   0   0   0   0   0   0   0   0   0  0.74 0.01
   11 V    0 -2 -2 -3 -1 -2 -2 -3 -3  2  0 -2  0 -1 -2 -1  2 -3 -1  3    0   0   0   0   0   0   0   0   0   0   0   0   0   0   0   0  25   0   0  75  0.26 0.00
   12 P   -1 -2 -1 -1 -2 -1 -1 -2 -2 -2 -2 -1 -2 -3  7  0  2 -3 -3 -2    0   0   0   0   0   0   0   0   0   0   0   0   0   0  75   0  25   0   0   0  1.41 0.00
   13 A    4 -1 -2 -2  0 -1 -1  0 -2 -1 -2 -1 -1 -2 -1  1  0 -3 -2  0  100   0   0   0   0   0   0   0   0   0   0   0   0   0   0   0   0   0   0   0  0.41 0.00
   14 L   -1 -2 -3 -4 -1 -2 -3 -4 -3  1  4 -2  3  0 -3 -2 -1 -2 -1  1    0   0   0   0   0   0   0   0   0   0  80   0  20   0   0   0   0   0   0   0  0.43 0.01
   15 T    1 -1 -1 -2 -1 -1 -1 -1 -2  0  1 -1  2 -1 -2  2  2 -2 -2  0   15   0   0   0   0   0   0   0   0   0  20   0  18   0   0  29  19   0   0   0  0.16 0.01
   16 R   -1  5 -1 -2 -3  2  0 -2 -1 -2 -1  2  2 -2 -2 -1 -1 -3 -2 -2    0  58   0   0   0  12   0   0   0   0   0  16  14   0   0   0   0   0   0   0  0.48 0.02
   17 L   -2 -2 -3 -4 -1 -2 -3 -4 -3  1  4 -2  3  0 -3 -2 -1 -2 -1  1    0   0   0   0   0   0   0   0   0   0  84   0  16   0   0   0   0   0   0   0  0.47 0.02
   18 S    1 -1  0 -1 -1  0  0 -1 -1 -2 -2  0 -1 -3 -1  4  3 -3 -2 -1    0   0   0   0   0   0   0   0   0   0   0   0   0   0   0  69  31   0   0   0  0.44 0.03
   19 Q    1  0  0  3 -3  4  3 -2  0 -3 -3  0 -1 -3 -1  0 -1 -3 -2 -2   16   0   0  19   0  39  26   0   0   0   0   0   0   0   0   0   0   0   0   0  0.44 0.02
   20 P    1 -2 -2 -2 -2 -1 -1 -2 -2 -3 -3 -1 -2 -4  7 -1 -1 -4 -3 -2   19   0   0   0   0   0   0   0   0   0   0   0   0   0  81   0   0   0   0   0  1.59 0.03
   21 G    0 -3 -1 -2 -3 -2 -2  6 -2 -4 -4 -2 -3 -3 -2  0 -2 -3 -3 -3    0   0   0   0   0   0   0 100   0   0   0   0   0   0   0   0   0   0   0   0  1.13 0.03
   22 L   -2 -2 -4 -4 -1 -2 -3 -4 -3  1  4 -3  2  0 -3 -3 -1 -2 -1  1    0   0   0   0   0   0   0   0   0   0 100   0   0   0   0   0   0   0   0   0  0.52 0.03
   23 A    4 -1 -1  2 -1 -1  0  0 -2 -2 -2 -1 -1 -3 -1  2  0 -3 -2 -1   70   0   0  16   0   0   0   0   0   0   0   0   0   0   0  14   0   0   0   0  0.34 0.02
   24 F   -2 -3 -3 -4 -3 -3 -4 -3 -1  0  0 -3  0  7 -4 -3 -2  1  3 -1    0   0   0   0   0   0   0   0   0   0   0   0   0 100   0   0   0   0   0   0  0.89 0.04
   25 L   -2 -2 -4 -4 -1 -2 -3 -4 -3  1  4 -3  2  0 -3 -3 -1 -2 -1  1    0   0   0   0   0   0   0   0   0   0 100   0   0   0   0   0   0   0   0   0  0.52 0.03
   26 K   -1  2  0 -1 -3  1  1 -2 -1 -3 -3  5 -2 -3 -1  0 -1 -3 -2 -3    0   0   0   0   0   0   0   0   0   0   0 100   0   0   0   0   0   0   0   0  0.62 0.03
   27 C   -1 -4 -3 -4  9 -3 -4 -3 -3 -2 -2 -3 -2 -3 -3 -1 -1 -3 -3 -1    0   0   0   0 100   0   0   0   0   0   0   0   0   0   0   0   0   0   0   0  1.46 0.05
   28 A    4 -2 -2 -2 -1 -1 -1  0 -2 -2 -2 -1 -1 -2 -1  1  0 -3 -2  0  100   0   0   0   0   0   0   0   0   0   0   0   0   0   0   0   0   0   0   0  0.48 0.03
   29 F   -2 -3 -3 -4 -3 -3 -4 -3 -1  0  0 -3  0  7 -4 -3 -2  1  3 -1    0   0   0   0   0   0   0   0   0   0   0   0   0 100   0   0   0   0   0   0  0.89 0.04
   30 A    4 -2 -2 -2 -1 -1 -1  0 -2 -2 -2 -1 -1 -2 -1  1  0 -3 -2  0  100   0   0   0   0   0   0   0   0   0   0   0   0   0   0   0   0   0   0   0  0.48 0.03
   31 P    1 -2 -1 -1 -2 -1 -1 -1 -2 -3 -3 -1 -2 -3  6  2  0 -3 -2 -2   19   0   0   0   0   0   0   0   0   0   0   0   0   0  51  30   0   0   0   0  0.92 0.02
   32 P   -1 -2 -2 -2 -3 -2 -1 -2 -2 -3 -3 -1 -3 -4  8 -1 -1 -4 -3 -3    0   0   0   0   0   0   0   0   0   0   0   0   0   0 100   0   0   0   0   0  2.13 0.04
   33 D   -2 -2  1  6 -4 -1  1 -2 -1 -3 -4 -1 -3 -4 -2  0 -1 -5 -3 -3    0   0   0 100   0   0   0   0   0   0   0   0   0   0   0   0   0   0   0   0  1.04 0.04
   34 F   -2 -3 -2 -3 -2 -3 -3 -3 -1 -1  0 -3  0  6 -3  0 -1  0  3 -1    0   0   0   0   0   0   0   0   0   0   0   0   0  86   0  14   0   0   0   0  0.64 0.03
   35 N    0 -1  5  1 -2  1  0 -1  0 -3 -3  0 -2 -3 -2  2  0 -3 -2 -3    0   0  57   0   0   9   0   0   0   0   0   0   0   0   0  35   0   0   0   0  0.50 0.02
   36 T    0 -2 -1 -2 -1 -1 -1 -2 -2  0 -1 -1  0 -2 -2  1  4 -3 -2  2    0   0   0   0   0   0   0   0   0   0   0   0   0   0   0   0  72   0   0  28  0.37 0.03
   37 D   -2  0  1  6 -4  0  1 -2 -1 -3 -4  0 -3 -4 -2  0 -1 -4 -3 -3    0   9   0  91   0   0   0   0   0   0   0   0   0   0   0   0   0   0   0   0  0.91 0.03
   38 P   -1 -2 -2 -2 -3 -2 -1 -2 -2 -3 -3 -1 -2  0  7 -1 -1 -3 -2 -2    0   0   0   0   0   0   0   0   0   0   0   0   0   9  91   0   0   0   0   0  1.84 0.04
   39 G    0 -3 -1 -2 -3 -2 -2  6 -2 -4 -4 -2 -3 -3 -2  0 -2 -3 -3 -3    0   0   0   0   0   0   0 100   0   0   0   0   0   0   0   0   0   0   0   0  1.13 0.03
   40 K   -1  2  0 -1 -3  1  1 -2 -1 -3 -3  5 -2 -3 -1  0 -1 -3 -2 -3    0   0   0   0   0   0   0   0   0   0   0 100   0   0   0   0   0   0   0   0  0.62 0.03
   41 G    0 -3 -1 -2  2 -2 -2  6 -2 -4 -4 -2 -3 -3 -2  0 -2 -3 -3 -3    0   0   0   0   9   0   0  91   0   0   0   0   0   0   0   0   0   0   0   0  0.98 0.03
   42 I   -2 -3 -4 -3 -1 -3 -3 -4 -4  5  1 -3  1  0 -3 -3 -1 -3 -2  2    0   0   0   0   0   0   0   0   0 100   0   0   0   0   0   0   0   0   0   0  0.49 0.03
   43 P   -1 -2 -2 -2 -3 -2 -1 -2 -2 -3 -3 -1 -3 -4  8 -1 -1 -4 -3 -3    0   0   0   0   0   0   0   0   0   0   0   0   0   0 100   0   0   0   0   0  2.13 0.04
   44 D   -2 -2  1  6 -4 -1  1 -2 -1 -3 -4 -1 -3 -4 -2  0 -1 -5 -3 -3    0   0   0 100   0   0   0   0   0   0   0   0   0   0   0   0   0   0   0   0  1.04 0.04
   45 R   -1  4  3  0 -3  1  0 -2  0 -3 -3  3 -2 -3 -2  0 -1 -3 -2 -3    0  39  33   0   0   0   0   0   0   0   0  28   0   0   0   0   0   0   0   0  0.49 0.02
   46 F   -2 -3 -3 -4 -3 -3 -4 -3 -1  0  0 -3  0  7 -4 -3 -2  1  3 -1    0   0   0   0   0   0   0   0   0   0   0   0   0 100   0   0   0   0   0   0  0.89 0.04
   47 E   -1  0  0  1 -4  3  4 -2  4 -3 -3  1 -2 -3 -1  0 -1 -3 -1 -3    0   0   0   0   0  16  65   0  19   0   0   0   0   0   0   0   0   0   0   0  0.61 0.03
   48 G    0 -3 -1 -2 -3 -2 -2  6 -2 -4 -4 -2 -3 -3 -2  0 -2 -3 -3 -3    0   0   0   0   0   0   0 100   0   0   0   0   0   0   0   0   0   0   0   0  1.13 0.03
   49 K   -1  3 -1 -1 -3  1  0 -2 -1 -2  0  4 -1 -2 -2 -1 -1 -3 -2 -2    0  19   0   0   0   0   0   0   0   0  16  65   0   0   0   0   0   0   0   0  0.38 0.02
   50 V    0 -2 -2 -3 -1 -2 -2 -3 -3  2  0 -2  0 -1 -2 -1  2 -3 -1  4    0   0   0   0   0   0   0   0   0   0   0   0   0   0   0   0  19   0   0  81  0.32 0.02
   51 V   -1 -2 -3 -4 -1 -2 -3 -4 -3  2  3 -3  2  0 -3 -2 -1 -2 -1  3    0   0   0   0   0   0   0   0   0   0  61   0   0   0   0   0   0   0   0  39  0.37 0.02
   52 T    2 -1  0 -1 -1 -1 -1 -1 -1 -2 -2 -1 -1 -3  3  3  2 -3 -2 -1   19   0   0   0   0   0   0   0   0   0   0   0   0   0  16  50  16   0   0   0  0.41 0.02
   53 R   -1  4 -1 -2 -3  2  0 -2 -1  0 -1  2 -1 -2 -2 -1 -1 -3 -2 -1    0  51   0   0   0  14   0   0   0  19   0  16   0   0   0   0   0   0   0   0  0.37 0.02
   54 K   -1  2  0 -1 -3  1  1 -2 -1 -3 -3  5 -2 -3 -1  0 -1 -3 -2 -3    0   0   0   0   0   0   0   0   0   0   0 100   0   0   0   0   0   0   0   0  0.62 0.03
   55 D   -2 -1  3  5 -4  0  1 -1  3 -3 -4 -1 -3 -3 -2  0 -1 -4 -2 -3    0   0  14  70   0   0   0   0  16   0   0   0   0   0   0   0   0   0   0   0  0.73 0.03
   56 V    0 -3 -3 -4  6 -3 -3 -3 -3  2  0 -3  0 -1 -3 -2  0 -3 -2  3    0   0   0   0  35   0   0   0   0   0   0   0   0   0   0   0   0   0   0  65  0.49 0.03
   57 L   -2 -2  2 -2 -2 -2 -2 -3 -1  1  3 -2  1  1 -3 -2 -1 -1  2  0    0   0  19   0   0   0   0   0   0   0  67   0   0   0   0   0   0   0  14   0  0.25 0.02
   58 N   -1 -1  4  0 -2 -1 -1 -1 -1 -2 -2 -1 -1 -3 -2  1  4 -3 -2 -1    0   0  39   0   0   0   0   0   0   0   0   0   0   0   0   0  61   0   0   0  0.45 0.03
   59 Q   -1  0  0  2 -3  4  2 -2  0 -3 -2  1 -1 -3 -1  0  1 -3 -2 -2    0   0   0  12   0  55  14   0   0   0   0   0   0   0   0   0  19   0   0   0  0.46 0.02
   60 S    1 -1  0 -1 -1  0  0 -1 -1 -2 -2  0 -1 -3 -1  4  3 -3 -2 -1    0   0   0   0   0   0   0   0   0   0   0   0   0   0   0  74  26   0   0   0  0.45 0.03
   61 I   -1 -3 -3 -3 -1 -3 -3 -4 -3  4  1 -2  1 -1  2 -2 -1 -3 -2  3    0   0   0   0   0   0   0   0   0  55   0   0   0   0  12   0   0   0   0  33  0.36 0.02
   62 N    0 -1  3  0 -1 -1 -1 -1 -1 -1 -2 -1 -1 -2 -1  3  2 -3 -2  1    0   0  22   0   0   0   0   0   0   0   0   0   0   0   0  43  16   0   0  19  0.25 0.02
   63 F   -2 -3 -3 -4 -3 -3 -4 -3 -1  0  0 -3  0  7 -4 -3 -2  1  3 -1    0   0   0   0   0   0   0   0   0   0   0   0   0 100   0   0   0   0   0   0  0.89 0.04
   64 T    0 -1  0  0 -2  0  2 -2 -1 -2 -2  0 -1 -3  2  1  4 -3 -2 -1    0   0   0   0   0   0  24   0   0   0   0   0   0   0  12   0  65   0   0   0  0.42 0.02
   65 A    2 -1 -1 -1 -2  1  0 -1 -1 -2 -2  0 -2 -3  5  2  0 -3 -2 -2   27   0   0   0   0  14   0   0   0   0   0   0   0   0  35  24   0   0   0   0  0.60 0.02
   66 N   -1 -1  5  0 -3 -1 -1  4 -1 -4 -4 -1 -3 -3 -2  0 -1 -3 -3 -3    0   0  53   0   0   0   0  47   0   0   0   0   0   0   0   0   0   0   0   0  0.66 0.02
   67 R   -1  2  0 -1 -2  1  0 -2 -1 -1 -1  3 -1 -2 -1  0  2 -3 -2  0    0   8   0   0   0   8   0   0   0   0   0  39   0   0   0   0  31   0   0  14  0.24 0.02
   68 D   -2 -1  1  6 -4  2  1 -2 -1 -3 -4  0 -3 -4 -2  0 -1 -4 -3 -3    0   0   0  84   0  16   0   0   0   0   0   0   0   0   0   0   0   0   0   0  0.85 0.03
   69 T    0 -1  0 -1 -1 -1 -1 -2 -2  0 -1 -1 -1 -2 -1  1  5 -3 -2  1    0   0   0   0   0   0   0   0   0   0   0   0   0   0   0   0  88   0   0  12  0.47 0.03
   70 F   -2 -2 -3 -3 -2 -2 -3 -3  0  0  0 -2  2  5 -3 -2 -2  1  5 -1    0   0   0   0   0   0   0   0   0   0   0   0  16  39   0   0   0   0  45   0  0.62 0.03
   71 I   -2 -3 -3 -3 -1 -3 -3 -4 -3  4  2 -3  1  0 -3 -3 -1 -2 -1  2    0   0   0   0   0   0   0   0   0  72  28   0   0   0   0   0   0   0   0   0  0.41 0.02
   72 L   -1 -2 -3 -4 -1 -2 -3 -4 -3  2  3 -3  2  0 -3 -2 -1 -2 -1  2    0   0   0   0   0   0   0   0   0  14  67   0   0   0   0   0   0   0   0  19  0.39 0.02
   73 I   -1 -3 -3 -3 -1 -3 -3 -4 -3  3  1 -3  1 -1 -3 -2  0 -3 -1  4    0   0   0   0   0   0   0   0   0  39   0   0   0   0   0   0   0   0   0  61  0.39 0.02
   74 A    4 -2 -2 -2 -1 -1 -1 -1 -2  0  1 -1  0 -1 -1  0  0 -2 -2  0   74   0   0   0   0   0   0   0   0   0  26   0   0   0   0   0   0   0   0   0  0.28 0.02
   75 P   -1 -2 -2 -2 -3 -2 -1 -2 -2 -3 -3 -1 -3 -4  8 -1 -1 -4 -3 -3    0   0   0   0   0   0   0   0   0   0   0   0   0   0 100   0   0   0   0   0  2.13 0.04
   76 T    0 -2 -1 -2 -1 -1 -2 -2 -2  2  0 -1  0 -2 -2  0  4 -3 -2  2    0   0   0   0   0   0   0   0   0  16   0   0   0   0   0   0  65   0   0  19  0.32 0.02
   77 P   -1 -2 -2 -2 -3 -2 -1 -2 -2 -3 -3 -1 -3 -4  8 -1 -1 -4 -3 -3    0   0   0   0   0   0   0   0   0   0   0   0   0   0 100   0   0   0   0   0  2.13 0.04
   78 G    0 -3 -1 -2 -3 -2 -2  6 -2 -4 -4 -2 -3 -3 -2  0 -2 -3 -3 -3    0   0   0   0   0   0   0 100   0   0   0   0   0   0   0   0   0   0   0   0  1.13 0.03
   79 V   -1 -3 -3 -3 -1 -3 -3 -3 -3  3  1 -3  1  2 -3 -2 -1 -2  0  3    0   0   0   0   0   0   0   0   0  16   0   0   0  19   0   0   0   0   0  65  0.33 0.02
   80 A    4 -2 -2 -2 -1 -1 -1  0 -2 -1 -1 -1 -1 -2 -1  1  0 -3 -2  0   91   0   0   0   0   0   0   0   0   0   0   0   0   0   0   0   0   0   0   9  0.41 0.03
   81 Y   -2 -2 -3 -3  4 -2 -3 -3  1  0 -1 -2 -1  3 -3 -2 -2  1  6 -1    0   0   0   0  16   0   0   0   0   9   0   0   0  14   0   0   0   0  62   0  0.62 0.03
   82 W   -2 -3 -4 -4 -2 -2 -3 -3 -2 -1  1 -3  0  3 -4 -3 -2  9  2 -1    0   0   0   0   0   0   0   0   0   0  23   0   0  19   0   0   0  58   0   0  1.31 0.04
   83 V    1  3  0 -1 -2  0  0 -1 -1 -2 -2  2 -1 -3 -1  2  0 -3 -2 -1   14  31   0   0   0   0   0   0   0   0   0  16   0   0   0  31   0   0   0   8  0.26 0.01
   84 A    4 -2 -2 -2 -1 -1 -1  0 -2 -1  0 -1  0 -2 -1  1  1 -3 -2  0   74   0   0   0   0   0   0   0   0   0  12   0   0   0   0   0  14   0   0   0  0.30 0.02
   85 D    1  0  0  1 -2  2  3 -1 -1 -3 -3  0 -2 -3 -1  2  0 -3 -2 -2   14   0   0   8   0  12  35   0   0   0   0   0   0   0   0  31   0   0   0   0  0.36 0.01
   86 V    1 -1 -2 -2 -1 -1 -2 -2 -2  1  0  0  0 -2  2 -1  0 -3 -2  3   16   0   0   0   0   0   0   0   0   0   0  12   0   0  14   0   0   0   0  58  0.23 0.02
   87 P    2 -2  2  3 -2 -1  0 -1 -1 -2 -2 -1 -2 -3  3  0  0 -3 -2 -1   45   0  16  24   0   0   0   0   0   0   0   0   0   0  16   0   0   0   0   0  0.37 0.02
   88 A    2 -1 -2 -2 -1  1 -1 -1 -2  1 -1 -1  0 -2 -1  0  1 -3 -2  2   43   0   0   0   0  14   0   0   0   0   0   0   0   0   0   0   8   0   0  35  0.18 0.02
   89 G    0 -2 -1 -2 -3 -2 -2  5 -2 -4 -4 -2 -3 -3  2 -1 -2 -3 -3 -3    0   0   0   0   0   0   0  86   0   0   0   0   0   0  14   0   0   0   0   0  0.98 0.03
   90 T    3 -1 -1 -1 -1 -1 -1  0 -2 -1 -2 -1 -1 -2 -1  2  2 -3 -2 -1   49   0   0   0   0   0   0   0   0   0   0   0   0   0   0  24  27   0   0   0  0.33 0.02
   91 F    1 -1 -1 -1 -2  2  0 -1 -1 -1  0 -1  0  4 -1  0 -1  0  1 -1   16   1   1   1   1  20   2   2   1   1   2   2   1  40   1   2   2   0   1   2  0.16 0.01
   92 P   -1 -2 -2 -2 -2 -1 -1 -2 -2 -1  1 -1 -1 -2  6  1 -1 -3 -2 -1    0   0   0   0   0   0   0   0   0   0  23   0   0   0  62  16   0   0   0   0  1.03 0.02
   93 I   -1 -1 -1 -1 -1 -1 -1 -2 -2  1  0 -1  0  2 -1  0  3 -1  0  1    1   1   1   1   0   1   1   1   0  21   2   1   0  16   1   1  46   0   1   1  0.16 0.01
   94 S    0 -1  0  2 -1  0  0 -1 -1 -2 -2  0 -1 -2 -1  3  2 -2 -2 -1    1   1   1  13   0   1   1   1   0   1   2   1   0   1   1  56  15   0   1   1  0.28 0.01
   95 T    1 -1  0 -1 -1 -1 -1  2 -1 -1 -1 -1 -1 -2 -1  1  4 -2 -2  0    9   1   1   1   0   1   1  17   0   1   2   1   0   1   1   1  59   0   1   1  0.27 0.01
   96 T    0 -1  1  2 -1 -1 -1 -2 -2  0 -1 -1 -1 -2 -1  1  3 -3 -2  1    0   0   9  14   0   0   0   0   0   0   0   0   0   0   0  12  50   0   0  16  0.26 0.02
   97 T    0 -1  1 -1 -1 -1 -1 -2 -2  0 -1 -1 -1 -2  3  1  4 -3 -2  1    0   0  12   0   0   0   0   0   0   0   0   0   0   0  16   0  58   0   0  14  0.37 0.02
   98 F   -2 -3 -3 -4 -2 -3 -3 -3 -2  0  1 -3  0  6 -4 -3 -2  0  2  0    0   0   0   0   0   0   0   0   0   0  16   0   0  76   0   0   0   0   0   9  0.60 0.03
   99 N    1  1  2 -1 -1 -1 -1 -1 -1  0 -1  0 -1 -2 -2  0  2 -3 -2  1   16  16  16   0   0   0   0   0   0   0   0   0   0   0   0   0  33   0   0  19  0.17 0.01
  100 A    2 -2 -1 -1 -1 -1 -1  2 -2 -2 -2 -1 -2 -3  3  2  1 -3 -2 -1   34   0   0   0   0   0   0  19   0   0   0   0   0   0  15  24   8   0   0   0  0.38 0.01
  101 V    0 -2 -2 -3 -1 -2 -2 -3 -3  2  0 -2  0 -1 -2  0  1 -3 -1  4    0   0   0   0   0   0   0   0   0   0   0   0   0   0   0   9  15   0   0  76  0.28 0.02
  102 N   -1 -1  4  0 -3  0  1 -2 -1 -2 -1 -1 -1 -3  5  0 -1 -3 -2 -2    0   0  39   0   0   0  16   0   0   0  12   0   0   0  33   0   0   0   0   0  0.58 0.02
  103 F   -2 -2 -3 -3 -3 -2 -3 -3  1 -1 -1 -2 -1  5 -3 -2 -2  2  6 -1    0   0   0   0   0   0   0   0   0   0   0   0   0  38   0   0   0   0  62   0  0.82 0.03
  104 P   -1 -2 -2 -2 -3 -1 -1 -2 -2 -3 -3 -1 -3 -4  7  0 -1 -4 -3 -3    0   0   0   0   0   0   0   0   0   0   0   0   0   0  91   9   0   0   0   0  1.88 0.04
  105 G    0 -2  0  1 -2 -1 -1  5 -2 -3 -3 -1 -2 -3 -2  0  1 -3 -3 -2    0   0   0  14   0   0   0  67   0   0   0   0   0   0   0   0  19   0   0   0  0.64 0.02
  106 F   -2 -3 -3 -4 -3 -3 -3 -3 -1 -1  0 -3  0  6 -4 -2 -2  1  4 -1    0   0   0   0   0   0   0   0   0   0   0   0   0  81   0   0   0   0  19   0  0.80 0.03
  107 N    1 -1  1  2 -1 -1  0 -1 -1 -1 -2 -1 -1 -3 -1  1  4 -3 -2 -1   19   0   8  16   0   0   0   0   0   0   0   0   0   0   0   0  57   0   0   0  0.32 0.02
  108 S    1 -1  0 -1 -1  2  0 -1 -1 -2 -2  0 -1 -3 -1  3  2 -3 -2 -2    0   0   0   0   0  16   0   0   0   0   0   0   0   0   0  65  19   0   0   0  0.39 0.02
  109 M   -1 -2  2 -2 -2 -1 -2 -3 -2  1  3 -2  4  0 -3 -1 -1 -2 -1  0    0   0  19   0   0   0   0   0   0   0  42   0  39   0   0   0   0   0   0   0  0.26 0.02
  110 F   -2 -3 -3 -4 -3 -3 -4 -3 -1  0  0 -3  0  7 -4 -3 -2  1  3 -1    0   0   0   0   0   0   0   0   0   0   0   0   0 100   0   0   0   0   0   0  0.89 0.04
  111 G    0 -3 -1 -2 -3 -2 -2  6 -2 -4 -4 -2 -3 -3 -2  0 -2 -3 -3 -3    0   0   0   0   0   0   0 100   0   0   0   0   0   0   0   0   0   0   0   0  1.13 0.03
  112 N    1 -1  1 -1 -1 -1 -1 -1 -2 -1 -2 -1 -1 -2 -1  1  4 -3 -2  0   19   0   8   0   0   0   0   0   0   0   0   0   0   0   0   0  73   0   0   0  0.39 0.03
  113 A    1 -1  0 -1 -1 -1 -1  2 -2 -2 -2 -1 -1 -3 -1  2  4 -3 -2 -1    8   0   0   0   0   0   0  19   0   0   0   0   0   0   0  16  57   0   0   0  0.36 0.02
  114 A    4 -1 -1 -1 -1 -1 -1  0 -2 -2 -2 -1 -1 -2 -1  2  0 -3 -2 -1   73   0   0   0   0   0   0   0   0   0   0   0   0   0   0  27   0   0   0   0  0.40 0.02
  115 A    0  0  0 -1 -1  3  0 -2 -1 -1 -2  0 -1 -3 -1  1  4 -2 -2 -1    8   0   0   0   0  31   0   0   0   0   0   0   0   0   0   0  61   0   0   0  0.38 0.03
  116 S    0 -1  4  2 -2  0  0 -1  0 -3 -3  0 -2 -3 -1  3  1 -3 -2 -2    0   0  33  16   0   0   0   0   0   0   0   0   0   0   0  51   0   0   0   0  0.44 0.02
  117 R    1  5 -1 -2 -2  0  0 -2 -1 -2 -2  1 -1 -3 -2  0  1 -3 -2 -2   19  65   0   0   0   0   0   0   0   0   0   0   0   0   0   0  16   0   0   0  0.45 0.02
  118 S    2 -1  0 -1 -1 -1 -1 -1 -2  0 -1 -1 -1 -2 -1  3  1 -3 -2  1   30   0   0   0   0   0   0   0   0   0   0   0   0   0   0  51   0   0   0  19  0.26 0.02
  119 D    1 -1  3  5 -2  0  1 -1 -1 -3 -3 -1 -2 -3 -2  0 -1 -4 -3 -2   28   0  19  53   0   0   0   0   0   0   0   0   0   0   0   0   0   0   0   0  0.50 0.02
  120 Q   -1  0  4  0 -3  4  1 -1  0 -3 -3  1 -1 -3 -2  0 -1 -3 -2 -3    0   0  47   0   0  53   0   0   0   0   0   0   0   0   0   0   0   0   0   0  0.58 0.03
  121 V   -1 -3 -3 -3 -1 -2 -3 -3 -2  2  0 -2  0  0 -3 -2  0 -1  3  4    0   0   0   0   0   0   0   0   0   0   0   0   0   0   0   0   0   0  19  81  0.34 0.03
  122 S    2 -1  0 -1 -1  0  0 -1 -1 -2 -2  0 -1 -3 -1  4  2 -3 -2 -1   14   0   0   0   0   0   0   0   0   0   0   0   0   0   0  70  16   0   0   0  0.41 0.02
  123 S    2  0  0 -1 -1  0  0  0 -1 -2 -2  2 -1 -3 -1  3  1 -3 -2 -1   30   0   0   0   0   0   0   0   0   0   0  19   0   0   0  51   0   0   0   0  0.32 0.02
  124 F   -2 -3 -3 -4 -3 -3 -4 -3 -1  0  0 -3  0  7 -4 -3 -2  1  3 -1    0   0   0   0   0   0   0   0   0   0   0   0   0 100   0   0   0   0   0   0  0.89 0.04
  125 R   -2  6 -1 -2 -4  1  0 -3  0 -3 -2  2 -2 -3 -2 -1 -1 -3 -2 -3    0 100   0   0   0   0   0   0   0   0   0   0   0   0   0   0   0   0   0   0  0.87 0.04
  126 Y   -2 -2 -2 -3 -3 -2 -2 -3  2 -2 -1 -2 -1  3 -3 -2 -2  2  7 -1    0   0   0   0   0   0   0   0   0   0   0   0   0   0   0   0   0   0 100   0  1.04 0.05
  127 A    4 -2 -2 -2 -1 -1 -1  0 -2 -2 -2 -1 -1 -2 -1  1  0 -3 -2  0  100   0   0   0   0   0   0   0   0   0   0   0   0   0   0   0   0   0   0   0  0.48 0.03
  128 S    1 -1  0  0 -1  0  0  0 -1 -3 -3  0 -2 -3 -1  4  1 -3 -2 -2    0   0   0   0   0   0   0   0   0   0   0   0   0   0   0 100   0   0   0   0  0.54 0.04
  129 M   -1 -2 -2 -3 -2 -1 -2 -3 -2  1  2 -2  7  0 -3 -2 -1 -2 -1  0    0   0   0   0   0   0   0   0   0   0   0   0 100   0   0   0   0   0   0   0  0.55 0.05
  130 N    2 -1  5  0 -2  0 -1  0  0 -3 -3  0 -2 -3 -2  1  0 -3 -2 -2   35   0  58   0   0   0   0   0   0   0   0   0   0   0   0   8   0   0   0   0  0.43 0.02
  131 V    1 -3 -3 -3  6 -2 -3 -2 -3  1  0 -2  0  2 -2 -1 -1 -2 -1  2   16   0   0   0  31   0   0   0   0   0   0   0   0  14   0   0   0   0   0  39  0.33 0.02
  132 G    0 -3 -1 -2 -3 -2 -2  6 -2 -4 -4 -2 -3 -3 -2  0 -2 -3 -3 -3    0   0   0   0   0   0   0 100   0   0   0   0   0   0   0   0   0   0   0   0  1.13 0.03
  133 I   -1 -3 -3 -4 -1 -3 -3 -4 -3  3  3 -3  1  0 -3 -2 -1 -2 -1  2    0   0   0   0   0   0   0   0   0  39  45   0   0   0   0   0   0   0   0  16  0.37 0.01
  134 Y   -2 -2 -2 -3 -3 -2 -2 -3  2 -2 -1 -2 -1  3 -3 -2 -2  2  7 -1    0   0   0   0   0   0   0   0   0   0   0   0   0   0   0   0   0   0 100   0  1.04 0.05
  135 P   -1 -2 -2 -2 -3 -2 -1 -2 -2 -3 -3 -1 -3 -4  8 -1 -1 -4 -3 -3    0   0   0   0   0   0   0   0   0   0   0   0   0   0 100   0   0   0   0   0  2.13 0.04
  136 T    0 -1  0 -1 -1 -1 -1 -2 -2 -1 -2 -1 -1 -2 -1  2  5 -3 -2  0    0   0   0   0   0   0   0   0   0   0   0   0   0   0   0  12  88   0   0   0  0.52 0.03
  137 S    1 -1  0 -1  4 -1 -1 -1 -1 -2 -2 -1 -2 -3 -1  4  1 -3 -2 -2    0   0   0   0  14   0   0   0   0   0   0   0   0   0   0  86   0   0   0   0  0.47 0.03
  138 N   -2  0  6  1 -3  0  0 -1  0 -3 -4  1 -2 -3 -2  0  0 -4 -2 -3    0   0  91   0   0   0   0   0   0   0   0   9   0   0   0   0   0   0   0   0  0.76 0.04
  139 L   -1 -2 -2 -3 -1 -1 -2 -3 -2  1  3 -2  4  0 -3  0 -1 -2 -1  0    0   0   0   0   0   0   0   0   0   0  55   0  31   0   0  14   0   0   0   0  0.29 0.02
  140 M   -1 -2 -2 -3 -2 -1 -2 -3 -2  1  2 -2  6  0 -3 -1  1 -2 -1  0    0   0   0   0   0   0   0   0   0   0   0   0  86   0   0   0  14   0   0   0  0.42 0.04
  141 Q   -1  1  0 -1 -3  6  2 -2  0 -3 -2  1 -1 -4 -2  0 -1 -2 -2 -3    0   0   0   0   0 100   0   0   0   0   0   0   0   0   0   0   0   0   0   0  0.79 0.04
  142 F   -2 -3 -3 -4 -3 -3 -3 -3  0 -1  0 -3  0  6 -4 -2 -2  1  5 -1    0   0   0   0   0   0   0   0   0   0   0   0   0  74   0   0   0   0  26   0  0.79 0.03
  143 A    3 -1  2 -1 -1 -1 -1  2 -1 -2 -2 -1 -1 -3 -1  2  1 -3 -2 -1   46   0  14   0   0   0   0  12   0   0   0   0   0   0   0  19   9   0   0   0  0.29 0.01
  144 G    0 -3 -1 -2 -3 -2 -2  6 -2 -4 -4 -2 -3 -3 -2  0 -2 -3 -3 -3    0   0   0   0   0   0   0 100   0   0   0   0   0   0   0   0   0   0   0   0  1.13 0.03
  145 S    1 -1  0 -1 -1  0 -1  2 -1 -3 -3 -1 -2 -3 -1  4  1 -3 -2 -2    0   0   0   0   0   0   0  14   0   0   0   0   0   0   0  86   0   0   0   0  0.47 0.03
  146 I   -1 -3 -3 -3 -1 -3 -3 -4 -3  4  1 -3  1  0 -3 -2 -1 -3 -1  3    0   0   0   0   0   0   0   0   0  69   0   0   0   0   0   0   0   0   0  31  0.41 0.02
  147 T    0  0  0 -1 -2  3  0 -1 -1 -2 -2  0 -1 -3 -1  2  3 -3 -2 -1    0   0   0   0   0  35   0   0   0   0   0   0   0   0   0  26  39   0   0   0  0.36 0.02
  148 V    0 -3 -3 -3 -1 -2 -3 -3 -3  2  1 -3  1 -1 -3 -2  0 -3 -1  4    0   0   0   0   0   0   0   0   0   0   0   0   0   0   0   0   0   0   0 100  0.43 0.03
  149 W   -3 -3 -4 -4 -3 -2 -3 -3 -2 -3 -2 -3 -2  1 -4 -3 -3 11  4 -3    0   0   0   0   0   0   0   0   0   0   0   0   0   0   0   0   0  84  16   0  2.15 0.05
  150 K   -1  3  0 -1 -3  1  1 -2 -1 -3 -3  5 -2 -3 -1  0 -1 -3 -2 -3    0  19   0   0   0   0   0   0   0   0   0  81   0   0   0   0   0   0   0   0  0.58 0.03
  151 C    0 -3 -3 -3  6 -3 -3  1 -3  2  0 -3  0 -2 -3 -1 -1 -3 -2  2    0   0   0   0  39   0   0  14   0  16   0   0   0   0   0   0   0   0   0  31  0.41 0.02
  152 P    1 -2 -1  2 -3 -1 -1 -2 -2 -3 -3 -1 -3 -4  7  0 -1 -4 -3 -2   14   0   0  19   0   0   0   0   0   0   0   0   0   0  67   0   0   0   0   0  1.26 0.03
  153 V   -1 -3 -3 -3 -1 -3 -3 -4 -3  3  3 -3  1  0 -3 -2 -1 -2 -1  3    0   0   0   0   0   0   0   0   0  35  35   0   0   0   0   0   0   0   0  30  0.35 0.01
  154 K   -1  1  2  0 -3  3  1 -2  0 -3 -3  4 -1 -3 -1  0 -1 -3 -2 -3    0   0  19   0   0  26   0   0   0   0   0  55   0   0   0   0   0   0   0   0  0.45 0.02
  155 L   -1 -2 -3 -4 -1 -2 -3 -4 -3  1  4 -2  4  0 -3 -2 -1 -2 -1  1    0   0   0   0   0   0   0   0   0   0  74   0  26   0   0   0   0   0   0   0  0.44 0.02
  156 S    1 -1  2  0 -1  0  0 -1 -1 -3 -3  0 -2 -3 -1  4  2 -3 -2 -2    0   0  16   0   0   0   0   0   0   0   0   0   0   0   0  77   7   0   0   0  0.44 0.03
  157 N    0 -1  1  0 -1  0  2 -1 -1 -2 -2  0 -1 -3 -1  2  3 -3 -2 -1    0   0   8   0   0   0  19   0   0   0   0   0   0   0   0  23  50   0   0   0  0.35 0.02
  158 V    2 -2 -2 -3 -1 -2 -2 -2 -1  1  0 -2  0  0 -2  0  1 -1  2  2   26   0   0   0   0   0   0   0   0   0   0   0   0   0   0   0  14   0  16  44  0.17 0.01
  159 Q    0  0  0 -1 -2  5  1 -2  0 -1 -2  1  0 -3 -2  1  0 -2 -2  1    0   0   0   0   0  65   0   0   0   0   0   0   0   0   0  16   0   0   0  19  0.38 0.03
  160 F   -2 -1  2 -1 -3  1 -1 -2  0 -1 -1 -1 -1  4 -3 -1 -1  0  4 -2    0   0  19   0   0  16   0   0   0   0   0   0   0  39   0   0   0   0  26   0  0.38 0.02
  161 P   -1 -2 -2 -2 -3 -1 -1 -2 -2 -3 -3 -1 -2 -4  7 -1  1 -4 -3 -2    0   0   0   0   0   0   0   0   0   0   0   0   0   0  84   0  16   0   0   0  1.68 0.03
  162 V    1 -2 -3 -3 -1 -2 -2 -2 -3  2  1 -2  1 -1 -2 -1  0 -3 -1  3   19   0   0   0   0   0   0   0   0   0  14   0   0   0   0   0   0   0   0  67  0.26 0.02
  163 A    3 -2 -1  1 -1 -1 -1 -1 -2  0 -1 -1 -1 -2 -1  2  0 -3 -2  1   47   0   0  14   0   0   0   0   0   0   0   0   0   0   0  19   0   0   0  19  0.21 0.01
  164 T    0 -1  2 -1 -1 -1 -1 -2 -2 -1 -2 -1 -1 -2 -1  1  5 -3 -2  0    0   0  12   0   0   0   0   0   0   0   0   0   0   0   0   0  88   0   0   0  0.50 0.03
  165 T    0 -1  0  1 -1  0  1 -2 -2  0 -1 -1 -1 -2 -1  1  3 -3 -2  1    0   0   0   8   0   0  16   0   0   0   0   0   0   0   0  12  41   0   0  23  0.21 0.01
  166 P   -1 -2 -2 -2 -3 -2 -1 -3 -3 -2 -2 -1 -2 -3  7 -1 -1 -4 -3  0    0   0   0   0   0   0   0   0   0   0   0   0   0   0  88   0   0   0   0  12  1.74 0.04
  167 A    3 -2 -2 -1 -1  0  1 -1 -2 -2 -2 -1 -2 -3  4  0 -1 -3 -2 -1   58   0   0   0   0   0  14   0   0   0   0   0   0   0  28   0   0   0   0   0  0.53 0.02
  168 T    0 -1  0 -1 -1 -1 -1 -2 -2 -1 -2 -1 -1 -3  3  2  4 -3 -2 -1    0   0   0   0   0   0   0   0   0   0   0   0   0   0  19  14  67   0   0   0  0.52 0.02
  169 S    1 -1  2  0 -2  0 -1  2 -1 -3 -3 -1 -2 -3 -1  3  1 -3 -2 -2    0   0  16   0   0   0   0  19   0   0   0   0   0   0   0  65   0   0   0   0  0.42 0.02
  170 A    1 -1 -1 -1 -1  2  0 -2 -1  0  0  0  0 -2 -2  2  0 -2 -2  1    8   0   0   0   0  26   0   0   0   0  16   0   0   0   0  31   0   0   0  19  0.14 0.01
  171 L    0 -2 -2 -3 -2 -2 -2 -3  2  1  3 -2  1  3 -3 -1 -1 -1  0  0   16   0   0   0   0   0   0   0  12   0  53   0   0  19   0   0   0   0   0   0  0.22 0.01
  172 V    1 -1 -2 -2 -1  1 -1 -2 -2  1  0 -1  0 -2 -2  1  0 -3 -2  2   19   0   0   0   0  16   0   0   0   8   0   0   0   0   0  12   0   0   0  46  0.15 0.01
  173 H   -2 -1  4  0 -3  0  0 -2  7 -4 -3 -1 -2 -2 -2  0 -1 -3  1 -3    0   0  35   0   0   0   0   0  65   0   0   0   0   0   0   0   0   0   0   0  0.75 0.03
  174 T    2  2 -1 -2 -1 -1 -1  0 -2  0 -1  0 -1 -2 -1  1  2 -3 -2  0   26  19   0   0   0   0   0   8   0   9   0   0   0   0   0   7  31   0   0   0  0.18 0.01
  175 L   -2 -3 -4 -4 -1 -3 -3 -4 -3  3  3 -3  2  0 -3 -3 -1 -2 -1  2    0   0   0   0   0   0   0   0   0  49  51   0   0   0   0   0   0   0   0   0  0.41 0.02
  176 V    1 -1  2 -1 -1  1 -1 -1 -1  0 -1 -1  0 -2 -2  0  1 -3 -2  2   24   0  19   0   0  12   0   0   0   0   0   0   0   0   0   0  14   0   0  31  0.13 0.01
  177 G    0 -3 -1 -2 -3 -2 -2  6 -2 -4 -4 -2 -3 -3 -2  0 -2 -3 -3 -3    0   0   0   0   0   0   0 100   0   0   0   0   0   0   0   0   0   0   0   0  1.13 0.03
  178 L   -2 -2 -4 -4 -1 -2 -3 -4 -3  1  4 -3  2  0 -3 -3 -1 -2 -1  1    0   0   0   0   0   0   0   0   0   0 100   0   0   0   0   0   0   0   0   0  0.52 0.03
  179 D   -1  2  0  4 -4  1  4 -2 -1 -3 -3  1 -2 -3 -2  0 -1 -3 -2 -3    0  19   0  39   0   0  42   0   0   0   0   0   0   0   0   0   0   0   0   0  0.59 0.02
  180 G    1 -2 -1 -1 -2 -1 -2  5 -2 -3 -3 -1 -2 -3 -2  1 -1 -3 -3 -2   16   0   0   0   0   0   0  70   0   0   0   0   0   0   0  14   0   0   0   0  0.71 0.02
  181 V    1 -3 -3 -3 -1 -2 -2 -3 -3  3  2 -2  1 -1 -2 -1  0 -3 -1  3   14   0   0   0   0   0   0   0   0  19  16   0   0   0   0   0   0   0   0  51  0.26 0.01
  182 L   -1  2 -1  1 -2 -1 -1 -3 -2  0  3 -1  1 -1 -2 -1  1 -2 -2  0    0  19   0  16   0   0   0   0   0   0  53   0   0   0   0   0  12   0   0   0  0.16 0.01
  183 A    3 -1 -2 -2 -1 -1 -1 -1 -2 -2 -2  1 -1  1  3  0 -1 -2 -1 -1   55   0   0   0   0   0   0   0   0   0   0  14   0  12  19   0   0   0   0   0  0.33 0.02
  184 V   -1 -3 -3 -4 -1 -2 -3 -4 -3  2  2 -3  1  0 -3 -2 -1 -3 -1  3    0   0   0   0   0   0   0   0   0   0  35   0   0   0   0   0   0   0   0  65  0.35 0.02
  185 G    1 -2 -1 -1 -2 -1 -2  4 -2 -3 -3 -1 -2 -3  3  1 -1 -3 -3 -2   19   0   0   0   0   0   0  53   0   0   0   0   0   0  16  12   0   0   0   0  0.60 0.02
  186 P   -1 -1  2  2 -3  1  0 -2 -1 -3 -3 -1 -2 -4  6 -1 -1 -4 -3 -3    0   0  16  14   0  12   0   0   0   0   0   0   0   0  58   0   0   0   0   0  1.08 0.02
  187 D   -2 -1  3  5 -4  0  2 -1 -1 -3 -4  0 -3 -4 -2  0 -1 -4 -3 -3    0   0  16  70   0   0  14   0   0   0   0   0   0   0   0   0   0   0   0   0  0.77 0.02
  188 N   -2 -1  6  1 -3  0  0 -1  0 -4 -4  0 -2 -3 -2  0  0 -4 -2 -3    0   0 100   0   0   0   0   0   0   0   0   0   0   0   0   0   0   0   0   0  0.86 0.04
  189 F   -2 -2 -3 -4 -3 -2 -3 -3  1 -1 -1 -2 -1  5 -3 -2 -2  2  6 -1    0   0   0   0   0   0   0   0   0   0   0   0   0  39   0   0   0   0  61   0  0.81 0.03
  190 S    1 -1  0 -1 -1  0  0 -1 -1 -2 -3  0 -2 -3 -1  4  2 -3 -2 -2    0   0   0   0   0   0   0   0   0   0   0   0   0   0   0  88  12   0   0   0  0.49 0.03
  191 E   -1 -1  0  1 -3  1  4  3 -1 -4 -3  0 -2 -3 -2  0 -1 -3 -3 -3    0   0   0   0   0   0  65  35   0   0   0   0   0   0   0   0   0   0   0   0  0.58 0.02
  192 S    1 -1  3  0 -1  0  0  0 -1 -3 -3  0 -2 -3 -1  4  1 -3 -2 -2    0   0  19   0   0   0   0   0   0   0   0   0   0   0   0  81   0   0   0   0  0.47 0.03
  193 F   -2 -3 -3 -4 -3 -3 -4 -3 -1  0  0 -3  0  7 -4 -3 -2  1  3 -1    0   0   0   0   0   0   0   0   0   0   0   0   0 100   0   0   0   0   0   0  0.89 0.04
  194 I   -2 -3 -4 -3 -1 -3 -3 -4 -4  5  1 -3  1  0 -3 -3 -1 -3 -2  2    0   0   0   0   0   0   0   0   0 100   0   0   0   0   0   0   0   0   0   0  0.49 0.03
  195 K   -1  1  0  4 -3  1  2 -2 -1 -3 -3  3 -2 -3 -1  0 -1 -4 -2 -3    0   0   0  33   0   0  16   0   0   0   0  51   0   0   0   0   0   0   0   0  0.49 0.02
  196 G    0 -3 -1 -2 -3 -2 -2  6 -2 -4 -4 -2 -3 -3 -2  0 -2 -3 -3 -3    0   0   0   0   0   0   0 100   0   0   0   0   0   0   0   0   0   0   0   0  1.13 0.03
  197 V    1 -2 -3 -3  4 -2 -2 -2 -3  1  0 -2  2 -1 -2 -1  0 -3 -2  3   19   0   0   0  16   0   0   0   0   0   0   0  12   0   0   0   0   0   0  53  0.25 0.02
  198 F   -2 -2 -3 -4 -3 -2 -3 -3  0 -1  0 -3 -1  5 -4 -2 -2  1  6 -1    0   0   0   0   0   0   0   0   0   0   0   0   0  53   0   0   0   0  47   0  0.78 0.03
  199 S    1 -1  0 -1 -1  0 -1 -1 -1 -2 -2 -1 -1 -2 -1  3  3 -3 -2 -1   12   0   0   0   0   0   0   0   0   0   0   0   0   0   0  55  33   0   0   0  0.39 0.02
  200 Q   -1  0  0 -1 -3  5  1 -2  0 -2 -2  1 -1  2 -2  1 -1 -1  0 -2    0   0   0   0   0  69   0   0   0   0   0   0   0  19   0  12   0   0   0   0  0.43 0.03
  201 S    2 -1  0 -1 -1  0  0  0 -1 -2 -2  0 -2 -3 -1  4  1 -3 -2 -1   19   0   0   0   0   0   0   0   0   0   0   0   0   0   0  81   0   0   0   0  0.45 0.03
  202 V    2 -2 -3 -3 -1 -2 -2 -2 -2  2  0 -2  0  2 -2 -1 -1 -2  0  2   31   0   0   0   0   0   0   0   0  14   0   0   0  19   0   0   0   0   0  36  0.18 0.01
  203 C   -1 -3  2  2  8 -2 -1 -2 -2 -2 -2 -2 -2 -3 -3 -1 -1 -3 -3 -2    0   0  14  19  67   0   0   0   0   0   0   0   0   0   0   0   0   0   0   0  0.82 0.03
  204 N   -1  0  5  1 -3  0  0  2  0 -3 -3  2 -2 -3 -2  0  0 -4 -2 -3    0   0  67   0   0   0   0  14   0   0   0  19   0   0   0   0   0   0   0   0  0.54 0.02
  205 E   -1  0  2  1 -3  1  4 -2  0 -3 -3  0 -2 -3 -1  1  0 -3 -2 -3    0   0  14   0   0   0  67   0   0   0   0   0   0   0   0  19   0   0   0   0  0.54 0.02
  206 P    1 -2 -2 -2 -2 -1 -1 -2 -2 -2 -2 -1 -2 -3  7  0  1 -3 -3 -2   14   0   0   0   0   0   0   0   0   0   0   0   0   0  67   0  19   0   0   0  1.23 0.03
  207 D   -2 -1  1  5 -4  1  4 -2 -1 -3 -4  0 -3 -4 -2  0 -1 -4 -3 -3    0   0   0  58   0   0  42   0   0   0   0   0   0   0   0   0   0   0   0   0  0.76 0.03
  208 F   -2 -3 -3 -4 -3 -3 -4 -3 -1  0  0 -3  0  7 -4 -3 -2  1  3 -1    0   0   0   0   0   0   0   0   0   0   0   0   0 100   0   0   0   0   0   0  0.89 0.04
  209 E   -1  0 -1  1 -4  1  5 -2 -1 -3 -3  0 -2 -4  3  0 -1 -3 -2 -3    0   0   0   0   0   0  86   0   0   0   0   0   0   0  14   0   0   0   0   0  0.76 0.03
  210 F   -3 -3 -3 -4 -3 -3 -3 -3 -2 -1  0 -3  0  6 -4 -3 -2  6  3 -1    0   0   0   0   0   0   0   0   0   0   0   0   0  81   0   0   0  19   0   0  0.93 0.03
  211 S   -1 -1  3 -1  4  0 -1 -1  3 -2 -2  0 -2 -1 -2  1  0 -2  2 -2    0   0  27   0  19   0   0   0  16   0   0   9   0   0   0  15   0   0  14   0  0.29 0.02
  212 D   -2 -2  2  5 -3 -1  1 -2 -1 -3 -4 -1 -3 -4  4  0 -1 -4 -3 -3    0   0  12  58   0   0   0   0   0   0   0   0   0   0  30   0   0   0   0   0  0.85 0.02
  213 I   -2 -3 -3 -3 -2 -3 -3 -4 -3  4  1 -3  1  3 -3 -3 -1 -2  0  2    0   0   0   0   0   0   0   0   0  81   0   0   0  19   0   0   0   0   0   0  0.40 0.03
  214 L   -1 -2 -3 -4 -1 -2 -3 -4 -3  2  3 -2  3  0 -3 -2 -1 -2 -1  2    0   0   0   0   0   0   0   0   0   0  65   0  16   0   0   0   0   0   0  19  0.38 0.02
  215 E   -1  2  0  1 -4  2  5 -2  0 -3 -3  1 -2 -3 -1  0 -1 -3 -2 -3    0  19   0   0   0   0  81   0   0   0   0   0   0   0   0   0   0   0   0   0  0.68 0.03
  216 G    0 -2  0 -1 -2 -2 -2  5 -2 -4 -4 -1 -3 -3 -2  1 -1 -3 -3 -3    0   0   0   0   0   0   0  81   0   0   0   0   0   0   0  19   0   0   0   0  0.85 0.02
  217 I   -1 -3 -3 -3 -1 -2 -3 -4 -2  3  2 -3  1  1 -3 -2 -1 -1  2  2    0   0   0   0   0   0   0   0   0  39  19   0   0   0   0   0   0   0  16  26  0.29 0.01
  218 Q    1  0  0  0 -3  5  3 -2  0 -3 -2  1 -1 -3 -1  0 -1 -2 -2 -2   16   0   0   0   0  65  19   0   0   0   0   0   0   0   0   0   0   0   0   0  0.53 0.03
  219 T    0 -1  0 -1 -1 -1 -1 -1 -1  0 -1 -1 -1 -2 -1  2  4 -2 -1  0    1   1   1   1   0   1   1   1   0   8   2   1   0   1   1  17  59   0   1   1  0.27 0.01
  220 L   -1 -2 -3 -4 -2 -2 -3 -4 -3  1  3 -3  1  3 -3 -2 -1 -1  0  1    0   0   0   0   0   0   0   0   0   0  65   0   0  19   0   0   0   0   0  16  0.37 0.02
  221 P   -1 -2 -2 -1 -3 -1 -1 -2 -2 -3 -3 -1 -3 -4  7  1 -1 -4 -3 -2    0   0   0   0   0   0   0   0   0   0   0   0   0   0  81  19   0   0   0   0  1.60 0.03
  222 P   -1 -2 -2 -1 -3 -1  1  1 -2 -3 -3 -1 -3 -4  7 -1 -1 -4 -3 -3    0   0   0   0   0   0  19  14   0   0   0   0   0   0  67   0   0   0   0   0  1.26 0.03
  223 A    2 -1 -1 -1 -1  1  0 -1 -1  0  0 -1  0 -2 -1  2  0 -3 -2  1   31   0   0   0   0  14   0   0   0   0   7   0   0   0   0  28   0   0   0  20  0.16 0.01
  224 N   -2 -1  6  1 -3  0  0 -1  0 -4 -4  0 -2 -3 -2  0  0 -4 -2 -3    0   0 100   0   0   0   0   0   0   0   0   0   0   0   0   0   0   0   0   0  0.86 0.04
  225 V    0 -3 -3 -3 -1 -2 -3 -3 -3  2  1 -3  1 -1 -3 -2  0 -3 -1  4    0   0   0   0   0   0   0   0   0   0   0   0   0   0   0   0   0   0   0 100  0.43 0.03
  226 T    0 -1  0  2 -2 -1  0 -2 -2 -1  0 -1  0 -2 -2  2  3 -3 -2 -1    0   0   0  24   0   0   0   0   0   0  19   0   0   0   0  20  38   0   0   0  0.23 0.01
  227 V   -1 -2  1 -2 -2 -2 -2  2 -2  2  1 -2  0 -1 -3 -1 -1 -3 -2  2    0   0  16   0   0   0   0  19   0  35   8   0   0   0   0   0   0   0   0  22  0.15 0.01
  228 A    3 -2 -1 -2 -1 -1 -1  3 -2 -2 -2 -1 -2 -3 -1  1  0 -3 -2 -1   57   0   0   0   0   0   0  31   0   0   0   0   0   0   0  12   0   0   0   0  0.42 0.02
  229 T    1  0  0 -1 -2  4  1 -1 -1 -2 -2  0 -1 -3 -1  2  1 -3 -2 -1   19   0   0   0   0  42   0   0   0   0   0   0   0   0   0  31   8   0   0   0  0.34 0.02
  230 S    2 -1  0 -1 -1 -1 -1 -1 -2 -1 -2 -1 -1 -2 -1  2  4 -3 -2  0   30   0   0   0   0   0   0   0   0   0   0   0   0   0   0  20  50   0   0   0  0.35 0.02
  231 G    2 -2 -1 -1 -2 -1 -2  5 -2 -3 -3 -1 -2 -3 -2  1 -1 -3 -3 -2   19   0   0   0   0   0   0  65   0   0   0   0   0   0   0  16   0   0   0   0  0.66 0.02
  232 Q   -1  0 -1 -2 -2  4  0 -2 -1  0  0  0  5 -1 -2 -1 -1 -2 -1 -1    0   0   0   0   0  51   0   0   0   0   0   0  49   0   0   0   0   0   0   0  0.37 0.03
  233 P   -1 -1 -2 -2 -3 -1 -1 -2 -2 -2 -2  1 -2  1  6 -1 -1 -2 -1 -2    0   0   0   0   0   0   0   0   0   0   0  19   0  16  65   0   0   0   0   0  1.15 0.03
  234 F   -2 -3 -3 -3 -2 -3 -3 -3 -2  0  1 -3  0  5 -3 -2  1  0  2  0    0   0   0   0   0   0   0   0   0   0  19   0   0  65   0   0  16   0   0   0  0.46 0.02
  235 N    1 -1  3  0 -1  0 -1  1 -1 -2 -2  0 -1 -2 -1  1  2 -2 -2 -1    9   1  25   1   0   1   1  13   0   1   2   1   0   1   1  16  25   0   1   1  0.22 0.01
  236 L   -2 -2 -3 -4 -1 -2 -3 -4 -3  2  4 -3  3  0 -3 -3 -1 -2 -1  1    0   0   0   0   0   0   0   0   0  12  80   0   8   0   0   0   0   0   0   0  0.44 0.02
  237 A    2 -1  0  3 -1 -1  0 -1 -1 -2 -2 -1 -2 -3 -1  2  2 -3 -2 -1   27   0   0  34   0   0   0   0   0   0   0   0   0   0   0  24  16   0   0   0  0.33 0.01
  238 A    3 -2 -2 -2 -1 -1 -1 -1 -2 -2 -1 -1 -1  2  3  1  0 -2 -1 -1   58   0   0   0   0   0   0   0   0   0   0   0   0  16  19   8   0   0   0   0  0.36 0.02
  239 G    0 -2  0 -1 -2 -2 -2  5 -2 -4 -4 -1 -3 -3 -2  1 -1 -3 -3 -3    0   0   0   0   0   0   0  84   0   0   0   0   0   0   0  16   0   0   0   0  0.89 0.03
  240 A    2 -2  1  2 -2 -1 -1  3 -2 -3 -3 -1 -2 -3 -2  0 -1 -3 -3 -2   42   0   7  16   0   0   0  35   0   0   0   0   0   0   0   0   0   0   0   0  0.38 0.01
  241 E    2 -1 -1  0 -2  1  4  2 -1 -3 -3  0 -2 -3 -1  0 -1 -3 -2 -2   30   0   0   0   0   0  51  19   0   0   0   0   0   0   0   0   0   0   0   0  0.39 0.02
  242 A    2 -1  3  0 -1 -1 -1 -1 -1 -2 -2 -1 -1 -3 -1  1  3 -3 -2 -1   31   0  28   0   0   0   0   0   0   0   0   0   0   0   0   8  33   0   0   0  0.30 0.02
  243 V   -1 -2 -1  2 -2 -1 -1 -2 -1  1 -1 -1 -1  0 -2  0  2 -1  2  2    0   0   0  19   0   0   0   0   0   0   0   0   0   0   0   0  31   0  16  34  0.17 0.02
  244 S    1 -1  0 -1  3 -1 -1 -1 -2 -2 -2 -1 -1 -2 -1  3  3 -3 -2 -1   14   0   0   0  12   0   0   0   0   0   0   0   0   0   0  39  35   0   0   0  0.34 0.02
  245 G    0 -2  0 -1 -2 -2 -2  5 -2 -3 -3 -2 -2 -3 -2  0  1 -3 -3 -2    0   0   0   0   0   0   0  81   0   0   0   0   0   0   0   0  19   0   0   0  0.81 0.02
  246 I   -1 -3 -3 -3 -1 -2 -3 -3 -3  3  2 -3  1  2 -3 -2  0 -2  0  2    0   0   0   0   0   0   0   0   0  35  35   0   0  14   0   0   9   0   0   8  0.27 0.01
  247 V    0 -1 -1 -2 -1 -1 -1 -2 -2  1  0 -1  0 -1 -1  0  3 -2 -1  2    1   1   1   1   0   1   1   1   0   1   1   1   0   1   1   1  46   0   1  40  0.21 0.01
  248 G    0 -2  0 -1 -2 -2 -2  5 -2 -3 -3 -1 -2 -3 -2  0 -1 -2 -2 -3    1   1   1   1   0   1   1  85   0   1   1   1   0   1   1   1   1   0   1   1  0.83 0.02
  249 W   -2 -2 -3 -3 -2 -2 -2 -2 -2  1  1 -2  0  2 -2 -2 -1  8  1  0    1   1   1   1   0   1   1   1   0  15  21   1   0  13   1   1   1  39   1   1  0.72 0.02
  250 G    0 -3 -1 -2 -3 -2 -2  6 -2 -4 -4 -2 -3 -3 -2  0 -2 -3 -3 -3    0   0   0   0   0   0   0 100   0   0   0   0   0   0   0   0   0   0   0   0  1.13 0.03
  251 N   -1 -1  5  3 -3  0  0  2  0 -4 -4 -1 -3 -3 -2  0 -1 -4 -3 -3    0   0  70  16   0   0   0  14   0   0   0   0   0   0   0   0   0   0   0   0  0.63 0.03
  252 M   -1 -2 -3 -3 -2 -1 -2 -3 -2  1  2 -2  6  0 -3 -2 -1 -2 -1  2    0   0   0   0   0   0   0   0   0   0   0   0  81   0   0   0   0   0   0  19  0.43 0.04
  253 D   -2 -2  3  6 -4  0  1 -1 -1 -3 -4 -1 -3 -4 -2  0 -1 -4 -3 -3    0   0  19  81   0   0   0   0   0   0   0   0   0   0   0   0   0   0   0   0  0.87 0.03
  254 T    3 -1 -1 -1 -1 -1 -1 -1 -2 -1 -1 -1 -1 -2 -1  1  4 -3 -2  0   42   0   0   0   0   0   0   0   0   0   0   0   0   0   0   0  58   0   0   0  0.37 0.02
  255 I   -2 -3 -3 -3 -1 -3 -3 -4 -3  4  2 -3  1  0 -3 -3 -1 -3 -1  2    0   0   0   0   0   0   0   0   0  81  19   0   0   0   0   0   0   0   0   0  0.43 0.02
  256 V    1 -3 -3 -3 -1 -2 -2 -3 -3  2  1 -2  0  2 -2 -1  0 -2  0  3   16   0   0   0   0   0   0   0   0  12   0   0   0  14   0   0   0   0   0  58  0.24 0.02
  257 I   -2 -3 -3 -3 -2 -3 -3 -4 -2  4  1 -3  1  1 -3 -2 -1 -1  3  2    0   0   0   0   0   0   0   0   0  81   0   0   0   0   0   0   0   0  19   0  0.38 0.03
  258 R   -1  4 -1 -2 -3  1  0 -2 -1 -2  0  3 -1 -2 -2 -1 -1 -3 -2 -2    0  39   0   0   0   0   0   0   0   0  16  45   0   0   0   0   0   0   0   0  0.40 0.02
  259 V   -1 -3 -3 -3 -1 -3 -3 -3 -3  3  1 -3  1 -1 -3 -2  0 -3 -1  4    0   0   0   0   0   0   0   0   0  19   0   0   0   0   0   0   0   0   0  81  0.40 0.02
  260 S    1 -1  0 -1 -1  0 -1 -1 -1 -2 -2 -1 -1 -2 -1  3  3 -3 -2 -1    0   0   0   0   0   0   0   0   0   0   0   0   0   0   0  58  42   0   0   0  0.43 0.02
  261 A    3 -1 -1 -2 -1 -1 -1 -1 -2 -1 -2 -1 -1 -2 -1  1  3 -3 -2  0   53   0   0   0   0   0   0   0   0   0   0   0   0   0   0   0  47   0   0   0  0.35 0.02
  262 P    1 -2 -2 -2 -3 -1 -1 -2 -2 -3 -3 -1 -2 -4  7 -1 -1 -4 -3 -2   14   0   0   0   0   0   0   0   0   0   0   0   0   0  86   0   0   0   0   0  1.72 0.03
  263 T    1 -1  0 -1 -1 -1  0 -1 -2 -1 -2 -1 -1 -2 -1  1  4 -3 -2  0   14   0   0   0   0   0   8   0   0   0   0   0   0   0   0   0  78   0   0   0  0.41 0.03
  264 G    0 -3 -1 -2 -3 -2 -2  6 -2 -4 -4 -2 -3 -3 -2  0 -2 -3 -3 -3    0   0   0   0   0   0   0 100   0   0   0   0   0   0   0   0   0   0   0   0  1.13 0.03
  265 A    4 -1 -1 -2 -1 -1 -1  0 -2 -2 -2 -1 -1 -2 -1  2  0 -3 -2 -1   86   0   0   0   0   0   0   0   0   0   0   0   0   0   0  14   0   0   0   0  0.43 0.03
  266 V    0 -3 -3 -3 -1 -2 -2 -3 -3  2  0 -2  0 -1 -2 -1  1 -3 -1  4    0   0   0   0   0   0   0   0   0   0   0   0   0   0   0   0  12   0   0  88  0.35 0.03
  267 N   -2 -1  6  1 -3  0  0 -1  0 -4 -4  0 -2 -3 -2  0  0 -4 -2 -3    0   0 100   0   0   0   0   0   0   0   0   0   0   0   0   0   0   0   0   0  0.86 0.04
  268 S    0 -1  0 -1 -1 -1 -1 -1 -2 -1 -1 -1 -1 -2 -1  3  4 -3 -2  0    0   0   0   0   0   0   0   0   0   0   0   0   0   0   0  39  49   0   0  12  0.34 0.02
  269 A    4 -2 -2 -2 -1 -1 -1  0 -2 -2 -2 -1 -1 -2 -1  1  0 -3 -2  0  100   0   0   0   0   0   0   0   0   0   0   0   0   0   0   0   0   0   0   0  0.48 0.03
  270 I   -1 -2 -2 -3 -1 -2 -2 -3 -3  3  1 -2  1 -1 -2 -1  2 -3 -2  2    0   0   0   0   0   0   0   0   0  58   0   0   0   0   0   0  26   0   0  16  0.28 0.02
  271 L   -2 -3 -4 -4 -2 -3 -3 -4 -3  2  4 -3  2  2 -3 -3 -1 -1  0  1    0   0   0   0   0   0   0   0   0  14  74   0   0  12   0   0   0   0   0   0  0.41 0.02
  272 K   -1  3  0 -1 -3  1  1 -2 -1 -3 -3  5 -2 -3 -1  0 -1 -3 -2 -3    0  19   0   0   0   0   0   0   0   0   0  81   0   0   0   0   0   0   0   0  0.58 0.03
  273 T    2 -1  1 -1 -1 -1 -1 -1 -2  0 -1 -1 -1 -2 -1  1  3 -3 -2  1   31   0  12   0   0   0   0   0   0   0   0   0   0   0   0   0  41   0   0  16  0.23 0.02
  274 W   -3 -3 -4 -5 -3 -2 -3 -3 -3 -3 -2 -3 -2  1 -4 -3 -3 11  2 -3    0   0   0   0   0   0   0   0   0   0   0   0   0   0   0   0   0 100   0   0  2.59 0.06
  275 A    3 -1  2 -1 -1 -1 -1  0 -1 -2 -2 -1 -1 -3 -1  2  0 -3 -2 -1   50   0  19   0   0   0   0   0   0   0   0   0   0   0   0  31   0   0   0   0  0.33 0.02
  276 C   -1 -4 -3 -4  9 -3 -4 -3 -3 -2 -2 -3 -2 -3 -3 -1 -1 -3 -3 -1    0   0   0   0 100   0   0   0   0   0   0   0   0   0   0   0   0   0   0   0  1.46 0.05
  277 L   -1 -3 -3 -3 -1 -3 -3 -4 -3  4  2 -3  1  0 -3 -2 -1 -3 -1  3    0   0   0   0   0   0   0   0   0  76   8   0   0   0   0   0   0   0   0  16  0.41 0.02
  278 E   -1  0  0  1 -4  2  5 -2  0 -3 -3  1 -2 -3 -1  0 -1 -3 -2 -3    0   0   0   0   0   0 100   0   0   0   0   0   0   0   0   0   0   0   0   0  0.83 0.04
  279 Y   -2 -2 -3 -3 -2 -2 -2 -3  1 -1  1 -2  0  3 -3 -2 -2  2  7 -1    0   0   0   0   0   0   0   0   0   0  19   0   0   0   0   0   0   0  81   0  0.75 0.04
  280 R   -1  5 -1 -2 -4  3  0 -2  0 -3 -2  2 -1 -3 -2 -1 -1 -3 -2 -3    0  81   0   0   0  19   0   0   0   0   0   0   0   0   0   0   0   0   0   0  0.72 0.03
  281 P   -1 -2 -2 -2 -3 -2 -1 -2 -2 -3 -3 -1 -3 -4  8 -1 -1 -4 -3 -3    0   0   0   0   0   0   0   0   0   0   0   0   0   0 100   0   0   0   0   0  2.13 0.04
  282 N   -2 -1  5  0 -3  0 -1 -1  1 -3 -3 -1 -2 -1 -2  0  1 -1  3 -2    0   0  69   0   0   0   0   0   0   0   0   0   0   0   0   0  12   0  19   0  0.50 0.03
  283 P   -1 -2 -1 -2 -2 -1 -1 -2 -2 -2 -2 -1 -2 -3  7  0  2 -3 -3 -2    0   0   0   0   0   0   0   0   0   0   0   0   0   0  67   0  33   0   0   0  1.27 0.03
  284 N   -2 -1  6  3 -3  0  0 -1  0 -3 -4  0 -3 -3 -2  0  0 -4 -2 -3    0   0  81  19   0   0   0   0   0   0   0   0   0   0   0   0   0   0   0   0  0.75 0.03
  285 A    3 -1 -1 -1 -1 -1 -1  0 -1 -2 -2 -1 -1 -2 -1  3  2 -3 -2 -1   51   0   0   0   0   0   0   0   0   0   0   0   0   0   0  35  14   0   0   0  0.35 0.02
  286 M    2 -1 -1 -2 -1 -1 -1 -1 -2  0  0 -1  4 -1 -2  0  2 -2 -2  0   33   0   0   0   0   0   0   0   0   0   0   0  39   0   0   0  28   0   0   0  0.21 0.02
  287 L   -2 -2 -4 -4 -1 -2 -3 -4 -3  1  4 -3  2  0 -3 -3 -1 -2 -1  1    0   0   0   0   0   0   0   0   0   0 100   0   0   0   0   0   0   0   0   0  0.52 0.03
  288 Y   -2 -2 -3 -3 -3 -2 -2 -3  1 -1 -1 -2 -1  4 -3 -2 -2  2  7 -1    0   0   0   0   0   0   0   0   0   0   0   0   0  19   0   0   0   0  81   0  0.90 0.04
  289 Q   -1  1  0  0 -3  5  3 -2  2 -3 -3  2 -1 -3 -1  0 -1 -2 -1 -3    0   0   0   0   0  63  16   0   8   0   0  14   0   0   0   0   0   0   0   0  0.56 0.03
  290 F   -2 -3 -3 -4 -3 -3 -3 -3  0 -1  0 -3  0  6 -4 -2 -2  1  5 -1    0   0   0   0   0   0   0   0   0   0   0   0   0  74   0   0   0   0  26   0  0.79 0.03
  291 G    3 -2 -1 -1 -1 -1 -1  4 -2 -2 -3 -1 -2 -3 -1  2  0 -3 -2 -1   42   0   0   0   0   0   0  39   0   0   0   0   0   0   0  19   0   0   0   0  0.45 0.02
  292 H   -1  2  0 -1 -3  0 -1  2  7 -4 -3  0 -2 -2 -2 -1 -2 -3  1 -3    0  16   0   0   0   0   0  19  65   0   0   0   0   0   0   0   0   0   0   0  0.63 0.03
  293 D   -1 -2  0  5 -3  0  2 -2 -1 -1 -2 -1 -2 -3 -2 -1 -1 -4 -3  0    0   0   0  65   0   0  16   0   0   0   0   0   0   0   0   0   0   0   0  19  0.55 0.02
  294 S    1 -1  0  0 -1  0  0  0 -1 -3 -3  0 -2 -3 -1  4  1 -3 -2 -2    0   0   0   0   0   0   0   0   0   0   0   0   0   0   0 100   0   0   0   0  0.54 0.04
  295 P   -1 -2 -2 -2 -3 -2 -1 -2 -2 -3 -3 -1 -3 -4  8 -1 -1 -4 -3 -3    0   0   0   0   0   0   0   0   0   0   0   0   0   0 100   0   0   0   0   0  2.13 0.04
  296 P    2 -2 -2 -2 -2 -1 -1 -1 -2 -2 -3 -1 -2 -3  7  0 -1 -4 -3 -2   30   0   0   0   0   0   0   0   0   0   0   0   0   0  70   0   0   0   0   0  1.33 0.03
  297 C   -2 -2  1 -1  2 -1  1 -3 -1  0  2 -2  1  2 -3 -1 -1 -1  0  0    0   0  16   0   8   0  14   0   0   0  43   0   0  19   0   0   0   0   0   0  0.14 0.01
  298 D   -2 -2  1  6 -4 -1  1 -2 -1 -3 -4 -1 -3 -4 -2  0 -1 -5 -3 -3    0   0   0 100   0   0   0   0   0   0   0   0   0   0   0   0   0   0   0   0  1.04 0.04
  299 E   -1 -1 -1  1 -3  1  4 -3 -1  0 -2  0 -2 -3  3 -1 -1 -3 -2 -1    0   0   0   0   0   0  67   0   0  14   0   0   0   0  19   0   0   0   0   0  0.54 0.02
  300 V   -1 -3 -3 -3 -1 -2 -3 -4 -2  3  2 -2  1  0 -3 -2 -1 -1  2  3    0   0   0   0   0   0   0   0   0  26  19   0   0   0   0   0   0   0  16  39  0.29 0.01
  301 A    4 -2 -2 -2 -1 -1 -1  0 -2 -2 -2 -1 -1 -2 -1  1  0 -3 -2  0  100   0   0   0   0   0   0   0   0   0   0   0   0   0   0   0   0   0   0   0  0.48 0.03
  302 L   -2 -2 -4 -4 -1 -2 -3 -4 -3  1  4 -3  2  0 -3 -3 -1 -2 -1  1    0   0   0   0   0   0   0   0   0   0 100   0   0   0   0   0   0   0   0   0  0.52 0.03
  303 Q    1  2  0  0 -3  4  3 -2  0 -3 -2  1 -1 -3 -1  0 -1 -2 -2 -2   16  12   0   0   0  53  19   0   0   0   0   0   0   0   0   0   0   0   0   0  0.46 0.02
  304 E    1 -1 -1  0  4  2  4 -2 -1 -3 -2  0 -2 -3 -1  0 -1 -3 -2 -2   16   0   0   0  19  14  51   0   0   0   0   0   0   0   0   0   0   0   0   0  0.42 0.02
  305 Y   -2 -2 -2 -3 -3 -2 -2 -3  2 -2 -1 -2 -1  3 -3 -2 -2  2  7 -1    0   0   0   0   0   0   0   0   0   0   0   0   0   0   0   0   0   0 100   0  1.04 0.05
  306 R   -2  5  0 -2 -4  1  0 -2  4 -3 -3  2 -2 -3 -2 -1 -1 -3 -1 -3    0  81   0   0   0   0   0   0  19   0   0   0   0   0   0   0   0   0   0   0  0.71 0.03
  307 T   -1  2  2  0 -2  0  0 -2 -1 -2 -2  2 -1 -3 -1  1  3 -3 -2 -1    0  12  19   0   0   0   0   0   0   0   0  30   0   0   0   0  39   0   0   0  0.31 0.02
  308 V   -1 -3 -3 -3 -1 -2 -3 -4 -3  3  2 -3  1 -1 -3 -2  0 -3 -1  4    0   0   0   0   0   0   0   0   0  16  19   0   0   0   0   0   0   0   0  65  0.35 0.02
  309 A    3  0 -1 -2 -1  0 -1 -1 -1 -2 -2  1 -1 -1 -1  1  0 -1  2 -1   67   0   0   0   0   0   0   0   0   0   0  19   0   0   0   0   0   0  14   0  0.27 0.02
  310 R   -1  5 -1 -2 -3  1  0 -2 -1 -2 -1  3  2 -2 -2 -1 -1 -3 -2 -2    0  58   0   0   0   0   0   0   0   0   0  23  19   0   0   0   0   0   0   0  0.47 0.02
  311 S    0  2  0  2  3  0  0 -1 -1 -3 -3  0 -2 -3 -1  3  0 -3 -2 -2    0  19   0  16  12   0   0   0   0   0   0   0   0   0   0  53   0   0   0   0  0.31 0.02
  312 L   -2 -3 -3 -4 -2 -3 -3 -4 -3  2  3 -3  2  3 -3 -3 -1 -1  0  1    0   0   0   0   0   0   0   0   0  16  65   0   0  19   0   0   0   0   0   0  0.39 0.02
  313 P   -1 -2 -2 -2 -3 -2 -1 -2 -2 -3 -3 -1 -3 -4  8 -1 -1 -4 -3 -3    0   0   0   0   0   0   0   0   0   0   0   0   0   0 100   0   0   0   0   0  2.13 0.04
  314 V    0 -3 -3 -3 -1 -2 -3 -3 -3  3  1 -3  1 -1 -3 -2  0 -3 -1  4    0   0   0   0   0   0   0   0   0  16   0   0   0   0   0   0   0   0   0  84  0.41 0.03
  315 A    4 -2 -2 -2 -1 -1 -1  0 -2 -2 -2 -1 -1 -2 -1  1  0 -3 -2  0  100   0   0   0   0   0   0   0   0   0   0   0   0   0   0   0   0   0   0   0  0.48 0.03
  316 V    0 -3 -3 -3 -1 -2 -3 -3 -3  2  1 -3  1 -1 -3 -2  0 -3 -1  4    0   0   0   0   0   0   0   0   0   0   0   0   0   0   0   0   0   0   0 100  0.43 0.03
  317 I    1  1 -1 -2 -1 -1 -1 -2 -2  2  0 -1  0 -2  2  1  0 -3 -2  1   16  14   0   0   0   0   0   0   0  39   0   0   0   0  12  19   0   0   0   0  0.15 0.01
  318 A    3 -2 -1 -2  6 -1 -1 -1 -2 -2 -2 -1 -1 -2 -1  2  0 -3 -2 -1   53   0   0   0  28   0   0   0   0   0   0   0   0   0   0  19   0   0   0   0  0.42 0.02
  319 A    3  2 -1 -2 -2  0  0 -1 -1 -2 -2  2 -1 -3 -1  0 -1 -3 -2 -1   51  19   0   0   0   0   0   0   0   0   0  30   0   0   0   0   0   0   0   0  0.30 0.02
  320 Q   -1  0  0  2 -3  4  3 -2  0 -2  0  0 -1 -3 -2  0 -1 -3 -2 -2    0   0   0  16   0  51  19   0   0   0  14   0   0   0   0   0   0   0   0   0  0.41 0.02
  321 N   -2 -1  6  1 -3  0  0 -1  0 -4 -4  0 -2 -3 -2  0  0 -4 -2 -3    0   0 100   0   0   0   0   0   0   0   0   0   0   0   0   0   0   0   0   0  0.86 0.04

                      K         Lambda
Standard Ungapped    0.1330     0.3183
Standard Gapped      0.0410     0.2670
PSI Ungapped         0.1330     0.3183
PSI Gapped           0.0410     0.2670
