
Last position-specific scoring matrix computed, weighted observed percentages rounded down, information per position, and relative weight of gapless real matches to pseudocounts
           A  R  N  D  C  Q  E  G  H  I  L  K  M  F  P  S  T  W  Y  V   A   R   N   D   C   Q   E   G   H   I   L   K   M   F   P   S   T   W   Y   V
    1 M   -4 -4 -5 -6 -4 -4 -5 -6 -5  2  4 -5  7  1 -5 -4 -3 -4 -3  0    0   0   0   0   0   0   0   0   0  11  45   0  33   5   0   0   0   0   0   5  1.15 0.41
    2 K   -2  2  2  1 -5  1  0 -1  1 -5 -5  5 -4 -5 -3 -2 -1 -5 -1 -4    2  10   9   9   0   6   4   4   4   0   0  47   0   0   0   1   2   0   3   0  0.70 0.32
    3 F   -4 -5 -6 -6 -4 -5 -6 -6 -5  2  3 -6 -2  6 -6 -5 -4  6 -1 -2    0   0   0   0   0   0   0   0   0  12  33   0   0  43   0   0   0  10   0   1  1.33 0.46
    4 Y   -3 -5 -6 -7  3 -5 -6 -6 -2  0 -3 -4 -4  2 -6 -5 -5 -2  9  0    1   0   0   0   5   0   0   0   0   6   1   1   0   5   0   0   0   0  74   6  2.09 0.68
    5 T   -2  2  2  0 -3  1  1 -2 -2  0 -2  0  0 -2 -3  0  3  1  0  0    1  13  12   3   0   5   9   1   0   5   1   6   2   1   0   6  20   2   4   7  0.21 0.18
    6 I   -2 -5 -6 -6 -4 -5 -6 -6 -6  6 -1 -5  2 -3 -5 -5 -3 -5 -4  5    3   0   0   0   0   0   0   0   0  55   2   0   4   0   0   0   0   0   0  36  1.35 0.49
    7 S   -3 -2  4  5 -5 -1  1 -2 -3 -5 -5  2 -4 -5 -4  1  0 -6 -5 -5    1   1  20  42   0   2   5   1   0   0   0  11   0   0   0  11   5   0   0   0  0.91 0.38
    8 S   -1 -2  0  3 -4  0  3 -2 -2  0 -2  0  1 -3  1  1  1 -4 -1 -2    3   0   4  21   0   2  20   1   0   6   3   5   5   0   8   9   8   0   2   2  0.30 0.20
    9 K   -2  0  3  4 -5  0  3 -2  0 -5 -5  2 -2 -5 -3  1 -1 -5 -3 -4    2   3  12  26   0   2  22   1   2   0   0  15   1   0   0   9   3   0   1   0  0.61 0.29
   10 Y   -6 -5 -6 -7 -6 -5 -6 -7  0 -5 -5 -6 -5  0 -7 -5 -5 -2 10 -5    0   0   0   0   0   0   0   0   1   0   0   0   0   2   0   0   0   0  96   0  3.14 0.89
   11 I   -3 -3  0 -5  1 -4 -5 -5 -5  6  3 -4  1 -2 -5 -4 -2 -5 -3  2    0   1   5   0   3   0   0   0   0  49  26   0   2   0   0   1   1   0   0  12  0.89 0.37
   12 E   -2  1  4  3 -3  1  2 -3 -1 -5 -5  3 -2 -5 -3 -1 -1 -5 -4 -4    3   8  22  19   1   7  12   1   1   0   0  21   1   0   0   3   2   0   0   0  0.61 0.29
   13 Y   -3 -3 -1 -3 -3 -2 -2 -5  2 -3 -4  0 -4  4 -5 -3 -4 -1  8 -4    2   1   3   1   1   2   3   0   4   1   0   6   0  13   0   2   0   0  60   0  1.49 0.54
   14 L   -3 -5 -7 -7 -4 -5 -6 -7 -6  0  6 -6  1 -3 -6 -6 -4 -5 -4 -2    1   0   0   0   0   0   0   0   0   2  95   0   2   0   0   0   0   0   0   0  1.78 0.61
   15 K   -2  5  1 -3 -5  2 -2 -4  5 -3 -4  3 -3 -2 -4  0 -2 -4  2 -3    2  30   7   0   0   9   0   0  15   1   0  20   0   1   0   6   2   0   7   1  0.72 0.35
   16 E   -1  1  1 -1 -4  3  2 -1 -2 -3 -3  4 -1 -4 -3  2  0 -5 -4 -4    2   5   8   3   0  16  11   3   0   1   2  27   1   0   0  16   4   0   0   0  0.44 0.26
   17 F    0 -2 -1 -4 -2 -2 -3 -4  0  2 -1  0 -2  4 -4 -2 -2 -2  5  2    7   2   3   0   1   1   1   0   2  15   3   6   0  22   0   2   1   0  21  14  0.48 0.26
   18 D   -3 -4 -2  7  2 -1  4 -5 -4 -6 -6 -3 -6 -4 -3 -3 -3 -7 -6 -4    1   0   0  63   5   1  25   0   0   0   0   1   0   1   1   1   1   0   0   1  1.55 0.57
   19 D   -1 -1  1  2 -4 -1  0 -1  0 -3 -4  1 -3 -3  2  3  2 -4  0 -3    2   2   6  12   0   1   4   4   2   1   0   7   0   1  11  28  16   0   4   0  0.40 0.26
   20 K   -4  5  2 -3 -3  0  2 -4  4 -6 -5  4 -4 -5 -4 -2 -2 -5 -4 -5    0  35   9   0   1   2  13   0  10   0   0  28   0   0   0   1   1   0   0   0  0.99 0.43
   21 V   -3 -6 -3 -6 -4 -5 -6 -6 -6  4 -1 -5 -2 -4 -5 -5 -3 -6 -4  6    0   0   2   0   0   0   0   0   0  26   2   0   0   0   0   0   0   0   0  70  1.56 0.57
   22 P   -1 -1 -3 -2 -4  1 -2 -3 -1 -1  0 -1  1  1  5 -1 -3 -3  3 -2    5   4   0   2   0   9   2   1   1   2  10   3   3   7  34   4   0   0  10   1  0.58 0.27
   23 N   -3 -1  4  1 -4 -2 -2 -3  1 -2 -1 -1 -2  2 -2  0 -2  1  5 -2    1   3  21   9   0   1   2   0   2   2   6   4   1   7   2   8   0   1  26   3  0.47 0.27
   24 S   -3 -3  6 -1 -4  1 -2 -3  3  2 -3 -2  0 -3 -3  0  0 -4 -1  0    1   0  43   2   0   5   2   1   6  12   1   0   2   0   1   6   6   0   3   9  0.63 0.32
   25 E   -1  1  0  2 -3  0  1 -2  1 -2 -2  3 -1 -1 -1  1 -1 -3  1 -2    2   5   3  11   0   4   7   2   4   2   2  28   2   3   3  14   3   0   5   2  0.26 0.17
   26 D   -2  0  1  2 -3  0  1  0 -1 -2 -3  1 -3 -1  2  0 -1 -2  4 -3    1   4   6  12   0   3  10   9   0   2   1   7   0   0  11   8   2   0  21   1  0.33 0.20
   27 P   -1  0  0  0 -3  2  2  1  0 -2 -2  1 -1 -1  0  0  0 -2  2 -2    4   3   5   4   0  10  15  15   1   3   3   8   1   1   5   5   6   0  10   1  0.15 0.10
   28 T   -1  0  2  1 -2  0  0  1  1  0 -1  0 -1 -2  0  0  0 -2  0 -1    3   5  13   9   0   4   7  14   5   7   6   4   0   1   4   4   6   0   4   3  0.09 0.06
   29 Y   -1  1  0  0 -2  0  0  1  3 -1 -2  0 -2  0 -2  0 -1 -1  3 -1    3  11   4   5   1   2   8  15  10   3   3   4   1   2   2   5   3   0  16   5  0.17 0.10
   30 Q   -2  1  3  1 -3  1  0 -1 -2 -2 -1  4 -2 -3 -2  0  0 -3 -1 -2    1   5  16   6   0   7   6   3   0   2   6  33   0   1   1   4   4   0   2   2  0.36 0.19
   31 N   -1  1  2  0 -1  0  1  0  5 -2 -2  1 -2  1 -2  0 -1 -2  1 -3    2  10  11   5   1   2   9   5  17   1   3   9   0   6   1   7   3   0   6   1  0.25 0.14
   32 P   -1  0  2 -1 -2  0 -1 -2 -1  0 -1  2  0  1  0  0  1 -2  0 -1    3   4  12   2   0   3   2   2   0   9   6  19   2   8   5   7   9   0   3   2  0.11 0.10
   33 K   -3  6 -3 -3 -5 -1 -2 -4 -3 -5 -5  5 -4 -5  1 -2 -3 -1 -4 -5    0  47   0   0   0   0   0   0   0   0   0  41   0   0   8   2   0   1   0   0  1.27 0.44
   34 A   -1 -2 -4 -4 -4 -2 -3 -4  0 -3 -1  1 -1  3  7 -1 -2 -4 -3 -1    3   1   0   0   0   1   0   0   2   1   5   9   1  14  52   3   2   0   0   4  1.12 0.37
   35 F   -2 -4 -2 -3 -5 -4 -4 -5  1 -3 -2 -3 -3  6 -5 -3 -3 -1  7 -2    4   0   2   2   0   0   0   0   4   0   1   1   0  40   0   1   1   0  42   3  1.41 0.45
   36 I   -2 -4 -4 -5  2 -4 -4 -5 -4  4  2 -4 -1  2 -1 -3 -2 -3  1  3    0   0   0   0   6   0   0   0   0  25  17   0   0  11   3   1   1   0   6  29  0.55 0.24
   37 G   -2 -1 -3 -4 -5 -4 -4  6 -4 -5 -3 -1 -4 -2 -1 -3 -4  1 -5 -1    1   4   0   0   0   0   0  77   0   0   2   5   0   2   3   0   0   2   0   5  1.34 0.42
   38 I   -1 -4 -4 -5 -3 -4 -3 -5 -5  5  1 -4  0  0  0 -3  0 -4 -3  3    5   0   0   0   0   0   1   0   0  48   7   0   1   3   6   1   4   0   0  23  0.69 0.30
   39 V   -2 -4 -4 -4 -1 -4 -2 -5 -4  3  3 -2  0  0 -4 -2 -1 -4 -3  4    2   0   0   1   1   0   2   0   0  22  30   2   1   3   0   3   2   0   0  32  0.58 0.25
   40 L   -3 -4 -3 -3 -3 -3 -3 -5 -4  2  3 -4  3  3 -4 -3 -1 -3  0  2    0   0   1   1   0   0   2   0   0  14  35   0   9  16   0   0   4   0   3  15  0.54 0.24
   41 E   -2  1  1  0 -2  1  2 -1  0 -1 -2  2  0 -2 -2  0  1 -3 -1 -1    0   8   8   3   1   6  17   4   2   5   1  18   3   1   1   8   9   0   1   5  0.18 0.13
   42 I   -2 -3  1 -3  3 -2 -1 -3 -1  5  0 -1  0 -1 -4 -3 -1 -4 -2  3    0   0   9   0   7   2   5   2   1  41   5   4   1   2   0   0   2   0   1  19  0.45 0.24
   43 Q   -3 -2  6  2 -2  0  3  1  1 -5 -5 -1 -4 -5 -4 -1 -1 -5 -4 -4    0   1  40  12   1   4  22  11   3   0   0   2   0   0   0   2   2   0   0   1  0.79 0.33
   44 G   -2 -2  4  3 -4 -2  1  4 -1 -5 -5  0 -3 -2 -3  0 -1 -5 -4 -4    1   1  22  18   0   0   9  32   1   0   0   4   1   2   0   7   3   0   0   0  0.61 0.26
   45 H   -3  0 -1 -3  1  0 -2 -4  3  3  0 -1  0  3 -4 -3 -1 -2  4  0    0   5   3   0   3   5   1   0  11  22   8   3   2  14   0   0   4   0  15   4  0.32 0.19
   46 K   -2 -1  3  1  0  1  1 -3  0 -1 -3  3  0 -2 -2 -1 -1 -4  0 -1    1   1  21   9   2   6   7   0   3   5   1  25   3   1   1   3   3   0   4   4  0.29 0.19
   47 Y   -5 -5 -6 -7 -6 -5 -6 -7 -2 -5 -4 -5 -4  3 -7 -5 -5 -1 10 -5    0   0   0   0   0   0   0   0   0   0   0   0   0   9   0   0   0   0  91   0  2.83 0.75
   48 L   -2 -5 -5 -5  4 -4 -5 -5 -3  1  1 -5 -1  6 -5 -4 -3 -2  4  2    3   0   0   0   9   0   0   0   0   7   9   0   1  36   0   0   0   0  16  18  0.85 0.32
   49 A    3 -4 -4 -4 -3 -3 -4  0 -4  4 -1 -3  0 -3 -4 -1  0 -4 -3  3   30   0   0   0   0   0   0   7   0  26   2   0   1   0   0   2   7   0   0  25  0.51 0.27
   50 P   -2 -5 -2 -4 -6  1 -4 -3 -5 -5 -4 -4 -5 -6  8 -2 -4 -7 -6 -3    3   0   2   0   0   7   0   2   0   0   1   0   0   0  80   3   0   0   0   2  2.22 0.60
   51 L   -3 -4 -5 -6 -3 -4 -5 -6 -5  3  5 -5  3  1 -5 -4 -3 -4 -3  2    0   0   0   0   0   0   0   0   0  18  58   0   6   4   0   0   0   0   0  14  0.94 0.34
   52 T    0 -2 -1  0 -2 -2  0  0 -2 -1 -1 -2 -2  0 -2  4  3 -3  0 -2    4   0   0   3   0   0   5   4   0   3   7   0   0   3   0  42  24   0   4   0  0.37 0.22
   53 S   -1  1 -1 -2 -3 -1 -2 -2  4 -4 -4  1 -3 -4 -3  5  2 -4 -3 -3    0   7   0   0   0   0   0   0  10   0   0   7   0   0   0  65  10   0   0   0  0.81 0.34
   54 P    1 -1 -1 -3 -3 -2 -2 -1  3 -3 -2 -1 -2  0  5 -1 -2 -2  3 -2   17   3   3   0   0   0   0   3  10   0   3   3   0   4  33   3   0   0  14   3  0.58 0.20
   55 K   -2  1  1  1 -4  2  0 -3 -2 -1 -3  6 -3 -4 -1 -2 -1 -4 -3 -2    2   5   5   9   0   7   2   0   0   5   0  58   0   0   2   0   2   0   0   2  0.71 0.35
   56 K   -1  0 -1  1  1  0  3  0  0 -3 -3  3 -3 -4  3 -1 -1 -4 -2 -2    5   3   2   6   3   1  20   6   2   0   1  24   0   0  17   2   2   0   1   3  0.38 0.20
   57 W   -1  2 -2  0 -4  1 -1 -1  1 -4 -3  5  0 -2 -3  0 -1  1 -3 -3    3   7   0   6   0   4   0   3   3   0   1  56   3   2   0   5   4   2   0   0  0.65 0.32
   58 H   -3  0  1 -1 -4  2 -1 -3  7 -4 -3  1 -3  2  0 -2 -1  1  2 -4    1   3   6   3   0   9   3   1  40   0   1   8   0   9   5   1   3   2   5   0  0.74 0.32
   59 N   -1  1  2  0 -4  2  1 -1  1 -1 -1  3 -2  0  0  0 -2 -3  0 -3    5   6  10   5   0   9   7   5   4   4   7  21   0   4   4   5   0   0   4   0  0.18 0.20
   60 N   -1  2  2  0 -3  1  0 -1  1 -1 -2  3 -2 -3  0  0  0  2  0 -1    4  10  12   5   0   4   4   5   3   4   4  20   0   0   3   4   6   3   4   4  0.17 0.18
   61 V   -3  0  1 -3  0 -1 -3 -4  0  3  0  1  5 -2 -4 -3 -2  5  0  0    1   4   8   1   2   3   1   1   2  21   7  11  21   0   1   1   1   8   4   4  0.48 0.35
   62 K   -2  2 -1 -3  0  0 -1 -2 -2 -1 -1  5  1 -3 -1  1 -2 -3  1 -3    3  12   2   1   2   3   3   3   0   4   6  39   4   0   3   9   1   0   6   1  0.43 0.33
   63 E   -1  0  3  2 -3  0  1 -1  0 -2 -1  1 -1  0  0  0  1 -3 -2 -1    3   3  17  12   0   3  12   3   3   1   5  12   2   5   4   4   8   0   0   4  0.20 0.17
   64 S   -1  0  4  0 -3  0  0 -1 -2  0 -1  0 -2 -3 -3  2  1 -4 -3  0    4   3  22   5   0   5   5   4   0   7   4   5   0   0   1  16   9   0   0   8  0.22 0.21
   65 S   -1  0  2  0 -3  0 -1  0  1 -1 -2  1  1 -3  1  2  1 -3 -1 -2    3   6   9   4   0   4   2   5   4   3   4   8   5   0   7  24   8   0   2   2  0.18 0.18
   66 L   -1  0  2  1 -1  1  0 -2 -2  1  0  0  0  0  1 -1  0 -3 -1  0    3   4  11  11   2   7   6   2   0  11   6   4   2   6   6   4   3   0   2   9  0.07 0.09
   67 S    0 -2  2  3 -3  0  0 -2  0 -1 -1  0 -2  0  0  0  1 -3 -1 -1    5   0  11  20   0   3   5   0   3   2   6   7   0   5   5   7  12   0   2   5  0.18 0.17
   68 C   -1 -1  0 -1  1 -1 -1 -3  1  3 -1 -2 -1  3 -3  0  0 -2  2  1    5   2   6   3   3   2   3   0   4  21   3   0   0  16   0   6   5   0   6  12  0.18 0.19
   69 F   -2 -1 -3 -3 -1  0 -1 -1  0  2  0  0  2  3 -3 -2 -1 -2  3  1    1   2   0   0   2   3   4   5   3  16   8   8   6  16   0   2   4   0  12   8  0.19 0.17
   70 K   -2  2 -2  0 -4 -1  0 -3 -2  1  0  4 -2 -2 -1 -2 -2 -3  2 -1    3  10   0   6   0   0   6   1   0   9  11  36   0   0   3   1   0   0   8   4  0.36 0.29
   71 L   -3 -1  0 -2 -3 -3 -1 -3 -3  5  1 -1  2 -2 -4 -3  0 -3  0  1    1   4   4   2   0   0   4   2   0  46  10   4   5   0   0   1   5   0   3   6  0.47 0.31
   72 H   -2  0  1 -1 -1 -1 -1 -3  2  0 -1  1 -1  2 -1 -1 -1 -1  4  0    1   4   8   3   1   2   3   1   7   7   6   9   1  10   3   2   3   0  20   6  0.22 0.19
   73 E   -1 -1  0  3 -3  0  3 -1  0  0 -3  0 -2 -2 -1  0  0 -3  0  0    3   3   3  18   0   2  21   5   2   6   1   7   0   2   3   7   5   0   3   8  0.22 0.20
   74 N   -1  0  2  2 -3  0  0  0  0  0 -1  0  0 -2  1  0  0 -3 -1 -1    1   3  14  12   0   3   7   7   2   6   7   7   2   1   8   6   6   0   2   4  0.12 0.12
   75 G    0  0  1  1 -3  1  0  1 -2 -1 -2  2 -2 -1  0  1  0 -3 -2 -1    5   4   8   9   0   5   5  13   0   5   1  15   0   3   3  11   7   0   0   4  0.14 0.14
   76 V    0  0  2  1 -3  0  1 -1 -1  0 -1  1  0 -2 -2  1  0 -3  0  0    5   6  11  10   0   3   9   4   0   9   4  10   3   0   1  10   4   0   3   8  0.10 0.12
   77 P    0  0  0  0 -2  1  0  0  2  0 -1  0 -1  0  1  0  0 -2  1  0    6   6   6   6   0   6   6   6   6   6   6   6   0   6   6   6   6   0   6   6  0.04 0.06
   78 E   -1  0  3  2  0  1  1  1 -2 -1 -2  2  0 -3 -3  0 -1 -3 -1 -3    3   5  17  10   3   6   9   9   0   4   3  14   3   0   1   8   2   0   2   1  0.21 0.20
   79 N   -1  0  2  0 -3  1  1  2  2 -1 -2  2 -2 -3 -3  0 -1 -3  0 -1    4   5  12   5   0   4  11  15   5   5   4  15   0   0   0   5   4   0   3   4  0.16 0.17
   80 Q   -2  1  0 -1  1  0  0 -3 -2  1  1  1  1  1  0 -1 -1 -2  1  0    0   7   4   3   3   5   7   0   0  12  14   8   3   8   5   4   4   0   6   6  0.06 0.11
   81 L   -1 -3 -4 -4 -3 -3 -1 -4 -3  2  4  1  1  1 -4 -3 -3  3  2  1    4   0   0   0   0   0   3   0   0  12  40  10   3   4   0   0   0   4   9   8  0.45 0.30
   82 G    3 -4 -2 -3 -3 -3 -3  5 -3 -4 -4 -3 -4  0 -3  2 -2 -4 -4 -4   23   0   0   0   0   0   0  51   0   0   0   0   0   4   0  18   0   0   0   0  0.92 0.37
   83 L    1 -3 -1 -3  0 -1 -3 -2 -3  1  0 -1  2 -2 -3  0  2 -3 -1  3   12   0   2   0   2   2   0   2   0   9   8   4   6   0   0   6  15   0   2  29  0.23 0.18
   84 I   -2 -4 -5 -5 -3 -4 -5 -5 -5  5  4 -4  1 -2 -5 -2 -1 -4 -3  2    3   0   0   0   0   0   0   0   0  40  38   0   2   0   0   3   2   0   0  12  0.81 0.34
   85 N    0  1  1  1 -3  1  1  0  2 -2  0  1  1 -2 -2 -1  0 -3 -2 -2    8   8   8   8   0   8   8   8   8   0   8   8   8   0   0   1   8   0   0   0  0.12 0.12
   86 L   -3 -4 -4 -4 -1 -4 -4  1  1  3  3 -4 -1  4 -4 -4 -3 -3  0 -1    0   0   0   0   2   0   0  14   3  23  29   0   0  24   0   0   0   0   2   2  0.59 0.27
   87 K   -2 -1  6  3 -2  0 -2 -2  0 -2 -4  2 -4 -5 -4  1 -2 -5 -4 -3    3   2  41  14   1   3   0   2   2   3   1  11   0   0   0  13   1   0   0   2  0.76 0.33
   88 F   -3 -2  6 -1 -1 -3 -2 -4  0  2 -3  2 -2  1 -5 -1 -2 -4  3 -3    1   1  39   2   2   0   1   0   2  14   1  14   1   6   0   5   2   0  11   0  0.72 0.34
   89 M   -2 -5 -5 -6 -5 -4 -5 -6 -4  0 -1 -5 10 -3 -6 -1 -4 -4  4 -3    3   0   0   0   0   0   0   0   0   3   3   0  71   0   0   4   0   0  16   0  2.06 0.60
   90 I   -3 -3 -2 -5 -4 -4 -4 -5  0  6  0  2  1  3 -5 -4 -3 -4 -2  1    0   0   2   0   0   0   0   0   2  51   7  16   2  13   0   0   0   0   0   6  0.80 0.31
   91 P   -4 -6 -6 -5 -6 -5 -5 -6 -5 -6 -6 -5 -6 -5  8 -4 -5 -5  4 -6    0   0   0   0   0   0   0   0   0   0   0   0   0   0  84   0   0   0  16   0  2.70 0.65
   92 I    0 -5 -5 -5  1 -4 -5 -5 -4  3 -1 -4 -2  0 -5 -4 -1 -3  4  5    7   0   0   0   3   0   0   0   0  13   4   0   0   2   0   0   3   0  16  52  0.86 0.32
   93 I   -1 -2 -1 -1 -1 -1 -1 -2  0  0 -1  0 -1 -2  5  2 -1 -4 -1 -1    4   1   3   2   1   1   4   1   2   5   7   5   1   2  31  19   2   0   2   5  0.46 0.19
   94 E   -2  0  2  5 -4  0  2 -1  0 -1 -3  0 -3 -2 -1  0 -1 -5 -3 -3    1   4   8  36   0   2  14   4   2   6   1   7   0   2   3   7   2   0   0   1  0.47 0.20
   95 A   -2 -1  2  2 -1  1  3  1 -1 -2 -5  1 -4 -5 -2  2 -1 -5 -1 -3    2   2  12  11   2   6  20   9   1   2   0  10   0   0   2  17   2   0   2   1  0.38 0.24
   96 E    0 -3  0 -1  5  1  3 -3  0 -2  0 -2 -1 -1 -2 -2 -2 -4  2  1    8   0   5   2  15   5  23   1   3   1   8   1   2   3   2   2   2   0   7  11  0.34 0.24
   97 V   -1 -1 -1 -4  1 -3 -4 -5  0  3  3  0  1  1 -4 -2 -3 -3  4  1    5   3   3   0   3   0   0   0   3  17  29   5   3   3   0   3   0   0  17   8  0.41 0.28
   98 S   -2  0  1 -1 -3  0  0 -3  1  0 -1  2  1  1 -3  1  1 -3  0  0    0   5   8   3   0   4   7   0   3   7   4  14   4   7   0  13  11   0   4   5  0.13 0.17
   99 L   -2  0  0 -1 -3  0  2 -3  1  1  1  1  0  0  1 -1 -1 -3  2  0    2   5   5   3   0   3  15   0   4   9  13  11   3   3   6   2   2   0   8   7  0.12 0.14
  100 L   -2 -1 -4 -4 -4 -3 -1 -5 -4  4  2  1  1  2 -2 -4 -3  3  2  2    2   3   0   0   0   0   4   0   0  28  17   9   3   9   2   0   0   4   6  12  0.42 0.28
  101 D   -3 -3  2  5 -5 -1  1 -2 -1 -1 -2  1 -4 -5 -1 -1  0 -5 -4 -2    0   0  11  43   0   1   7   3   2   5   3   9   0   0   2   4   7   0   0   3  0.64 0.37
  102 L   -1 -4 -2 -2 -3 -4 -2 -5 -3  4  1 -2  2  3  0 -2 -1 -3  2  0    4   0   3   2   0   0   3   0   0  35  12   2   4  17   6   2   2   0   7   3  0.45 0.31
  103 G   -1  0  4  2 -4  1  0 -2  0 -2 -2  2 -3 -1 -1  1 -1 -4  1 -3    5   5  21  12   0   6   4   2   2   3   3  15   0   3   3   9   4   0   5   0  0.28 0.23
  104 N   -1 -1  4  1 -4  0  2 -1  0 -1 -1  2 -1 -4  0  1  0 -4 -2 -2    4   2  21   6   0   3  14   3   2   4   5  15   1   0   3  10   5   0   1   1  0.27 0.23
  105 M   -2 -3 -2  0 -4  0  3 -4 -2  4  1  0  1  0 -1 -2 -2 -4 -2  0    2   0   2   5   0   3  25   0   1  26  10   7   3   4   3   3   1   0   1   4  0.33 0.28
  106 P   -1  1  1  0 -4  2  3 -2 -1 -3 -3  3 -1 -5  2  0  1 -5 -4 -3    4   6   6   3   0  11  20   2   1   2   2  18   1   0   8   6   9   0   0   1  0.38 0.28
  107 N   -3 -1  3  6 -5 -2  3 -3 -3 -2 -5  0 -5 -5 -4 -2 -2 -6 -5 -5    2   4  11  50   0   0  17   2   0   3   1   5   0   0   0   2   2   0   0   0  1.10 0.52
  108 T   -1  0  0  0 -2  0  1 -2 -1  1 -1  2 -2 -1  2  1  0 -3  0 -2    4   4   6   5   1   3  10   1   2  10   7  16   0   2   8  10   7   0   4   1  0.13 0.14
  109 P   -2  3 -1 -1 -5  1 -1 -2  1 -3 -2  5  0 -2 -1 -1 -1 -4 -1 -4    3  16   3   3   0   7   3   2   4   1   3  40   2   2   3   3   4   0   3   0  0.55 0.36
  110 Y   -5  0 -5 -6 -6  0 -5 -6 -2 -5 -2 -1 -5 -1 -6 -5 -5 -2  9 -5    0   6   0   0   0   4   0   0   0   0   3   4   0   1   0   0   0   0  79   0  2.43 0.93
  111 K   -2  3 -2 -3 -5  1 -1  0  0  0 -3  5 -3 -1 -4  0 -1 -1 -1 -3    2  15   1   0   0   6   3   6   2   7   1  40   0   4   0   5   3   1   3   1  0.54 0.36
  112 R   -1  1  3  3 -4  1  1 -2  1 -1 -2  1  0 -1 -3  0  0 -4  0 -2    6   9  16  16   0   5   8   1   3   5   3  11   2   3   0   4   4   0   3   2  0.24 0.19
  113 M   -5 -2 -1 -6 -5 -1 -5 -6 -5  0  6 -5  3 -1 -6 -4 -4 -5 -4 -2    0   2   3   0   0   3   0   0   0   3  77   0   7   2   0   1   0   0   0   1  1.36 0.63
  114 L   -3 -2 -6 -6  1 -5 -5 -6 -5  1  5 -2  2  0 -2 -3 -4 -1 -2  1    1   3   0   0   3   0   0   0   0   7  63   2   5   4   2   1   0   1   1   7  0.92 0.48
  115 Y   -1  1  2 -1 -4  3  1 -3 -1  1 -1  1  1 -1 -3 -1 -1 -3  1 -1    4   9  12   3   0  15   8   0   1  10   6   9   4   3   0   4   3   0   7   2  0.20 0.21
  116 K   -1  2  3  0 -2  0  0 -3 -3 -5 -2  5 -2 -2 -4 -1 -1 -6 -4 -5    4  11  16   4   1   2   5   1   0   0   4  43   1   2   0   3   3   0   0   0  0.72 0.44
  117 Q   -5 -1 -4  0 -7  7  6 -6 -4 -7 -6 -3 -2 -7 -5 -4 -5 -6 -6 -3    0   3   0   3   0  43  47   0   0   0   0   0   1   0   0   0   0   0   0   2  1.74 0.80
  118 L   -1 -2 -4 -2 -4  1 -4 -5  0  1  4 -2  1  1 -5 -3 -3  3  5 -1    5   2   0   2   0   6   0   0   2   6  38   2   4   4   0   2   1   4  20   2  0.59 0.37
  119 Q    0  3  0 -1 -4  2  1 -3  1  0 -1  2 -2 -1 -3  0 -1 -3  1 -2    9  16   5   3   0   9   8   0   4   5   6  17   0   2   0   6   2   0   5   2  0.22 0.19
  120 F   -2 -5 -5 -2 -2 -4 -1 -6 -2 -1 -1 -5 -2  7 -6 -3 -5  6  5 -1    4   0   0   3   1   1   5   0   1   3   4   0   1  41   0   2   0  12  19   4  1.23 0.54
  121 I   -4 -6 -6 -7  8 -6 -7 -7 -6  6  2 -3  0 -4 -6 -5 -4 -6 -5 -1    0   0   0   0  30   0   0   0   0  47  17   2   2   0   0   0   0   0   0   2  1.61 0.65
  122 R   -3  4  5 -1 -5  1 -2 -4 -2 -2 -1  3  0 -4 -4 -1 -3  0 -1 -3    0  20  30   2   0   4   1   0   0   3   7  19   2   0   0   4   0   1   2   2  0.66 0.40
  123 A    0  0  1  1 -4  1  1 -2  2 -3 -3  4 -3 -4 -2  1 -1 -4 -3 -1   10   4   5   8   0   7   7   1   4   1   2  30   0   0   1  11   2   0   0   4  0.36 0.26
  124 N   -4 -1  6  0 -5  0 -1 -4  5  1 -3  1 -4 -2 -5 -2 -3 -5  0 -2    0   2  43   3   0   4   4   0  15   9   2   8   0   2   0   1   0   0   3   3  0.89 0.48
  125 S   -1  1  1 -1 -4  2  2 -2 -1 -2 -1  4 -1 -3 -3  1 -1 -2 -1 -3    4   7   6   1   0  11  14   2   1   2   6  27   1   1   0  11   3   1   2   1  0.33 0.26
  126 D   -1  0  1  3 -5  1  4 -3  0 -2 -3  2 -1 -5 -2  0  1 -5 -4 -3    3   4   8  19   0   6  27   0   2   2   2  11   2   0   2   5   8   0   0   1  0.46 0.31
  127 K   -1  2  1  1 -5  1  2 -3 -1 -1 -3  4 -1 -3 -2 -2  0 -5 -2 -1    4  12   8   7   0   7  16   0   1   4   1  27   1   1   1   1   5   0   1   4  0.40 0.28
  128 I   -5 -6 -7 -7 -5 -6 -7 -7 -7  7  1 -6 -2 -2 -6 -6 -4 -6 -2  2    0   0   0   0   0   0   0   0   0  73  13   0   0   1   0   0   0   0   1  11  1.78 0.70
  129 A    0  0 -1 -3  0  2  0 -3  0  1  1  1  0  1 -3 -1 -1 -3  0  0    7   4   3   0   2  11   6   0   2  12  18  12   2   6   0   4   3   0   3   5  0.11 0.14
  130 S   -2  2  3  0 -5 -1  1 -2  1 -2 -2  4 -3 -5 -4  1 -1 -5 -4 -4    3   9  18   5   0   1   9   2   3   2   5  32   0   0   0  10   3   0   0   0  0.52 0.34
  131 K   -2  3  2 -1 -6  0 -2 -4 -3 -2 -5  6 -1 -6 -4  0 -1 -6 -3 -3    2  12  11   3   0   3   0   0   0   3   0  53   2   0   0   6   4   0   1   1  0.98 0.51
  132 S    6 -5 -3 -5  1 -4 -4 -3 -5 -3 -3 -4 -4  0 -4  1 -2 -6 -5  1   71   0   1   0   3   0   0   1   0   1   2   0   0   4   0   9   1   0   0   8  1.20 0.61
  133 D   -2  1  2 -1 -4  1  3 -4 -1  0 -1  3  1 -2 -3  0  1 -4 -1 -2    1   6  11   2   0   5  23   0   1   5   5  20   4   1   0   4   8   0   2   3  0.33 0.26
  134 T   -2  2  0 -1 -4  0 -1 -4 -2  1 -1  5 -1 -4 -4 -1  1 -5 -1  0    1  11   4   4   0   4   2   0   1   8   6  38   2   0   0   4   8   0   2   6  0.43 0.31
  135 L   -4 -5 -5 -6 -4 -5 -5 -6 -3  3  5 -5  0  1 -5 -4  1 -4 -2  2    0   0   0   0   0   0   0   0   1  17  52   0   1   5   0   0   9   0   1  14  0.93 0.45
  136 R   -6  1 -6 -7 -7 -2 -6 -7  2 -6 -2 -5 -5 -1 -7 -6 -4 -2 10 -5    0   8   0   0   0   2   0   0   4   0   3   0   0   0   0   0   1   0  83   0  2.68 0.95
  137 N   -2  0  4  1 -5  2  2 -3  1 -3 -4  2 -1 -4 -4  1  1 -5  0 -4    1   4  21   5   0  10  14   0   4   1   0  16   2   0   0  10   7   0   4   1  0.47 0.31
  138 L   -2 -1  1 -1 -4  2  0 -2  0  0  2  3  2 -1 -3  0  0 -4 -3 -1    2   1   8   3   0   9   4   2   2   6  20  23   5   3   0   5   5   0   0   2  0.20 0.21
  139 V   -1 -1 -2 -4  0  2 -2 -3 -3  1 -1  3 -1  0 -4 -2 -1 -3  3  3    6   2   1   0   2   9   1   2   0   9   3  22   1   3   0   1   2   0  11  28  0.38 0.30
  140 L   -2 -1  1 -3  0 -2 -2 -4 -3  3  1  1  1 -1 -3 -1  2 -3  1  1    1   3   8   0   3   0   2   0   0  20  11   9   4   2   1   3  18   0   6  10  0.23 0.22
  141 Q   -1  0  4  1 -4  2  1 -3  2 -3 -4  3 -2 -5 -3  2  0 -5 -4 -3    3   3  20   8   0   8   8   0   4   1   1  22   1   0   0  15   6   0   0   2  0.47 0.31
  142 G   -2  1  4 -1 -2  0  0  3 -1 -3 -5  3 -4 -3 -3 -1  0 -5  0 -4    1   6  22   2   1   3   5  24   1   1   0  21   0   1   1   3   5   0   3   0  0.52 0.33
  143 K   -2  1  1 -3 -4 -1 -1 -1  0  2  1  3  0  1 -2 -2 -1 -3  2 -1    1   7   8   0   0   1   4   5   2  12  15  23   2   5   1   0   2   0   9   3  0.21 0.21
  144 M    0  0  0 -2 -1  0  0 -3  1  1  1  2  0 -2 -3  0 -1 -4 -1  1    9   4   5   1   1   2   4   0   4  10  14  19   2   1   0   7   1   0   1  13  0.14 0.16
  145 Q   -2  2  2  0 -5  3  1 -3  1 -2 -4  5 -3 -1  1 -1 -1 -5 -4 -3    2   8   9   4   0  12   7   1   3   3   1  37   0   3   6   3   2   0   0   1  0.55 0.33
  146 G   -1  5  2 -3 -2 -2 -3 -2  0  0 -2 -1 -1  3 -2 -1 -3 -4  1 -3    6  39   9   1   1   0   0   3   2   6   4   2   1  16   2   3   0   0   4   1  0.58 0.36
  147 T   -2 -1 -2 -6 10 -3 -5 -5  0 -4 -5 -5 -5 -2 -6  2  2 -6 -2 -3    2   3   2   0  55   1   0   0   2   1   0   0   0   2   0  15  14   0   2   2  1.86 0.70
  148 C   -3 -5  1 -6 10 -6 -7 -6 -6  0  1 -6 -4 -1 -4 -4 -4 -6 -5  1    1   1   7   0  62   0   0   0   0   5  11   0   0   2   1   1   0   0   0   9  2.11 0.73
  149 N   -3 -5  6  7 -7 -3 -3 -5 -4 -7 -7 -3 -6 -7 -1 -2 -3 -8 -6 -7    2   0  35  56   0   1   0   0   0   0   0   1   0   0   3   1   1   0   0   0  1.81 0.71
  150 F   -6 -7 -7 -8 -7 -7 -7 -7 -5 -3 -1 -7 -4  9 -8 -7 -6 -3  2 -5    0   0   0   0   0   0   0   0   0   1   5   0   0  89   0   0   0   0   5   0  2.81 0.91
  151 S    0  0  1 -2 -2 -1  0 -2 -1 -3 -1  5 -3 -3  1  0 -1 -5 -4 -3    7   4   6   2   1   1   3   3   1   1   8  42   0   1   7   8   3   0   0   1  0.47 0.31
  152 L   -1  0 -1 -4 -4 -2  0 -3 -4  0  4  3  0 -1 -4 -3  0 -4 -3  0    4   4   3   0   0   0   8   1   0   4  42  20   2   2   0   0   6   0   0   5  0.42 0.30
  153 L   -5 -6 -7 -5 -5 -6 -6 -7 -6 -1  7 -6  1 -3 -7 -6 -5 -5 -5 -2    0   0   0   1   0   0   0   0   0   2  93   0   3   0   0   0   0   0   0   1  1.90 0.72
  154 E   -4 -4 -2 -3 -8 -1  8 -6 -4 -4 -5 -3 -6 -7 -5 -4 -5 -7 -6 -4    1   0   1   0   0   1  94   0   0   1   1   0   0   0   0   0   0   0   0   1  2.34 0.89
  155 E    0  0  0  1 -5  2  4 -3 -1 -2 -3  3  1 -5 -3  0 -1 -5 -2 -2    9   3   3   7   0   9  28   1   1   2   1  22   4   0   0   5   2   0   1   2  0.48 0.30
  156 K    2 -1  0 -3 -4  0  0 -1 -2  0 -1  4 -1 -3 -3 -1 -2 -4  0  0   21   1   4   0   0   3   5   3   1   5   7  33   1   1   0   2   1   0   3   9  0.33 0.27
  157 Y    2 -3 -4 -5  8 -4 -5 -4  2 -3  0 -4  4 -1 -5  1 -2 -4  3 -2   18   1   0   0  31   0   0   1   5   0   8   0  10   2   0  10   2   0  12   1  0.98 0.47
  158 R   -2  2  1  1 -4  1  0 -3  1 -1  0  4  0 -3 -3 -1 -1 -2 -2 -1    3  11   6   9   0   8   4   1   3   5  11  28   2   1   0   3   2   0   1   3  0.28 0.22
  159 D   -1  0  1  2 -5  2  4 -3  2 -4 -2  3 -4 -5 -4 -1 -1 -5 -4 -4    4   3   7  11   0   7  32   1   4   1   5  19   0   0   0   3   2   0   0   0  0.57 0.33
  160 F   -6 -6 -7 -8 -7 -6 -6 -7 -3 -3 -5 -6 -5  4 -7 -6 -6  7  9 -5    0   0   0   0   0   0   0   0   0   1   0   0   0  17   0   0   0  16  67   0  2.66 0.86
  161 G   -2  0  3 -1  1  2  0  0 -1 -3 -4  4 -2 -5 -3  1 -2 -5 -4 -2    0   1  18   2   3   8   4   6   1   2   0  37   1   0   0  13   0   0   0   3  0.56 0.32
  162 K   -3  2 -2 -3 -5 -1 -1 -4 -3 -5 -5  7 -3 -5 -3 -2 -3 -5 -4 -4    0   6   0   0   0   0   0   0   0   0   0  94   0   0   0   0   0   0   0   0  1.62 0.43

                      K         Lambda
Standard Ungapped    0.1357     0.3171
Standard Gapped      0.0501     0.2670
PSI Ungapped         0.1636     0.3159
PSI Gapped           0.0501     0.2670
