
Last position-specific scoring matrix computed, weighted observed percentages rounded down, information per position, and relative weight of gapless real matches to pseudocounts
           A  R  N  D  C  Q  E  G  H  I  L  K  M  F  P  S  T  W  Y  V   A   R   N   D   C   Q   E   G   H   I   L   K   M   F   P   S   T   W   Y   V
    1 T   -2 -3  4 -2 -4 -2 -2 -3 -3 -4 -4 -2 -4 -5  5  2  3 -5 -4 -3    0   0  28   0   0   0   0   0   0   0   0   0   0   0  34  17  22   0   0   0  1.01 0.29
    2 R   -5  4 -4 -5 -7 -1 -2 -6 -4 -7 -6  7 -5 -7 -5 -4 -5 -7 -6 -6    0  18   0   0   0   2   1   0   0   0   0  80   0   0   0   0   0   0   0   0  2.06 0.68
    3 R    0  1  0 -1 -1  1  2 -2  0 -1 -3  2 -2 -1 -2  3  1 -4 -2 -2    8   7   3   2   1   6  12   1   3   3   2  13   1   2   1  24  10   0   1   1  0.24 0.18
    4 E   -3 -1  1 -1 -3  1  3 -3  2 -1  0 -1 -2  1 -4 -2 -3 -1  5 -1    1   3   9   3   1   6  21   1   4   3   8   4   0   5   0   2   0   0  26   3  0.50 0.29
    5 R   -4  7 -4 -5 -6 -3 -4 -5 -1 -2 -4  1 -1 -6 -5  2  1 -6 -5 -4    0  61   0   0   0   0   0   0   1   3   1   6   1   0   0  19   7   0   0   1  1.38 0.56
    6 L   -4 -6 -7 -7 -4 -6 -6 -7 -6  4  5 -6  0 -2 -6 -6 -4 -5 -4  3    0   0   0   0   0   0   0   0   0  25  57   0   1   0   0   0   0   0   0  17  1.31 0.49
    7 R   -4  4 -2 -5 -2 -2 -3 -5 -2 -5 -1  7 -5 -6 -5 -3 -2 -7 -4 -5    0  21   1   0   1   0   0   1   1   0   6  65   0   0   0   1   2   0   0   0  1.52 0.60
    8 L   -3  2  0 -1 -6 -1 -2 -5 -3 -6 -2  7 -4 -5 -5  1 -2 -6 -5 -5    1   8   4   3   0   2   2   0   0   0   5  62   0   0   0  10   2   0   0   0  1.21 0.52
    9 R   -4  2  7  0 -6 -1  2 -4 -3 -6 -6  0 -5 -6 -1  1 -2 -7 -4 -6    0  11  52   4   0   2  11   0   0   0   0   5   0   0   4   8   2   0   0   0  1.18 0.50
   10 R    0  2  0 -1 -3  1  1 -2  0 -2 -3  3 -2 -1 -1  1 -1 -2  2 -2    9  14   4   2   0   5  11   3   2   2   2  19   0   3   2  11   3   1   7   1  0.24 0.18
   11 D   -4 -3 -2  6 -7  0  5 -5 -3 -4 -7 -3 -6 -7 -5 -3 -5 -7 -4 -5    1   1   1  47   0   4  43   0   0   1   0   0   0   0   0   1   0   0   1   0  1.65 0.62
   12 F   -7 -7 -8 -8 -7 -8 -8 -8 -6 -2 -4 -8 -5  9 -8 -7 -7 -3  2 -5    0   0   0   0   0   0   0   0   0   2   0   0   0  92   0   0   0   0   6   0  3.07 0.89
   13 L   -3  3  0 -1 -6  6  0 -3 -3 -4 -1  2 -3 -5 -5  0 -2 -5 -4 -3    1  13   3   4   0  45   4   2   0   1   6  10   0   0   0   8   2   0   0   1  0.87 0.44
   14 L    1  4  2 -2 -4  0  0 -3  0 -2 -1  2 -2 -1 -4 -1  0 -4 -1 -2   11  27  10   1   0   4   4   1   2   3   7  14   1   3   0   2   5   0   2   1  0.35 0.22
   15 I   -2 -6 -6 -7  2 -6 -6 -5 -6  4  0 -6 -2 -3 -6 -5 -3 -6 -5  6    3   0   0   0   4   0   0   1   0  21   8   0   0   1   0   0   1   0   0  62  1.35 0.52
   16 F   -6 -3 -5 -7 -3 -6 -6 -6 -3 -1 -2 -6 -3  6 -7 -3 -6 -2  8 -4    0   1   1   0   1   0   0   1   0   4   3   0   0  33   0   2   0   0  54   1  2.11 0.70
   17 K   -1  4  2 -1 -5  1  1 -3  0 -5 -5  4 -3 -6 -4 -1 -1 -6 -4 -4    4  25  11   3   0   6   7   1   2   0   0  30   0   0   0   4   4   0   0   1  0.73 0.35
   18 E   -1  3  2 -2 -3  1  0 -2  3 -4 -4  4 -3 -3 -4  0  0 -3  0 -4    3  18  10   1   1   5   6   2   7   0   1  29   0   1   0   5   6   0   3   1  0.53 0.29
   19 G   -2 -2 -3 -5 -6 -5 -5  7  1 -8 -7  0 -6 -7 -6 -2 -5 -7 -6 -7    2   3   1   0   0   0   0  83   3   0   0   6   0   0   0   2   0   0   0   0  1.97 0.66
   20 K   -2  4  1 -2 -6  2 -1 -4 -1 -4 -5  6 -3 -4 -4 -2 -1 -6 -4 -3    2  18   7   2   0   7   3   0   1   1   1  49   0   0   0   2   4   0   0   1  0.96 0.44
   21 S   -1  1 -1 -4 -5 -3 -4 -3 -2 -3 -6  0 -4  0 -3  6 -1 -6  0 -3    2   7   3   0   0   0   0   1   1   1   0   6   0   4   1  65   3   0   3   2  1.09 0.54
   22 L    0 -2 -4 -4  1 -4 -4 -5 -1  1  0 -2  1  4 -5 -2 -1 -1  5  3    8   1   0   0   3   0   1   0   1   7   7   3   3  22   0   3   3   0  19  19  0.55 0.28
   23 Q    5 -3 -3 -5 -4  0 -4  0  1 -3 -4 -2 -4 -2 -4  1 -2 -1  0  1   57   1   1   0   0   3   0   6   3   1   0   2   0   2   0   7   1   1   4  11  0.79 0.41
   24 N   -4 -4  8  1 -1 -2 -4  1 -4 -7 -6 -4 -4 -7 -6  1  0 -7 -6 -5    1   0  65   6   1   1   0  11   0   0   0   0   0   0   0   9   5   0   0   0  1.62 0.62
   25 E   -3  6  0 -2 -6 -1  0 -1  1 -6 -6  3 -5 -4  0 -1 -3 -6 -2 -5    2  49   4   1   0   1   4   4   3   0   0  19   0   1   5   5   1   0   1   0  1.03 0.45
   26 Y   -3 -1  0 -2  1  4 -2 -3  2 -3  0  1 -1  1 -5 -2 -2 -3  6 -3    1   3   5   3   3  20   1   1   4   1   9   8   1   4   0   2   2   0  30   2  0.62 0.35
   27 F   -3 -6 -6 -7 -2 -6 -6 -6 -5  1  3 -6  0  7 -6 -2 -3  0 -1  1    1   0   0   0   1   0   0   0   0   5  32   0   2  45   0   3   1   1   0   8  1.22 0.47
   28 V   -3 -5 -6 -5 -3 -5 -5 -7 -6  2 -1 -4 -3 -4 -6 -3  1 -6 -5  7    2   0   0   0   0   0   0   0   0  10   4   1   0   0   0   1  10   0   0  70  1.42 0.56
   29 V   -2 -5 -6 -6 -4 -5 -6 -6 -6  4  3 -5  5  0 -6 -5 -3 -5 -4  4    3   0   0   0   0   0   0   0   0  24  23   0  15   4   0   0   1   0   0  30  1.01 0.41
   30 L   -4 -6 -7 -8 -4 -6 -5 -6 -2  0 -2 -6 -5  3 -7 -5 -6 -2  9 -2    1   0   0   0   0   0   0   1   0   6   4   0   0  10   0   0   0   0  75   2  2.41 0.79
   31 F   -1 -1 -4 -5  1 -1 -4 -4 -1  2  0 -1  2  2 -4 -1  0  2  4  3    3   3   0   0   4   2   0   0   1  13   4   3   5   8   0   3   6   3  14  26  0.39 0.23
   32 R   -1  2 -2 -3  0 -1 -2 -4 -2 -1  3  1  2  0 -4 -2 -2 -2  1 -1    5  14   2   1   2   3   1   0   1   2  36  11   5   4   0   2   1   0   5   3  0.31 0.21
   33 K   -3  1 -1  0 -6  0  2 -4 -2 -6 -5  6 -4 -6  4 -2 -3 -6 -5 -5    1   5   3   5   0   3  15   1   1   0   0  46   0   0  18   1   1   0   0   0  1.01 0.44
   34 N   -4 -1  7 -2 -6 -2  0 -2 -1 -6 -6  1 -5 -6  2 -1 -1 -7 -5 -4    1   2  61   1   0   1   6   3   1   0   0   8   0   0   9   3   3   0   0   1  1.36 0.53
   35 G   -2  1  3  2 -4  1  2  3  0 -4 -5  1 -3 -5 -2 -1 -2 -5 -3 -4    2   6  16  12   0   7  16  21   2   0   0  11   0   0   2   2   1   0   0   0  0.48 0.25
   36 L   -2  0 -1 -2 -2  4  0 -2 -1 -1  3  1  0 -2 -4 -1  0 -4 -1 -1    2   4   2   1   1  27   4   3   1   2  28   7   2   1   0   4   6   0   2   2  0.35 0.25
   37 D   -1 -2  2  3 -2  1  2  1 -3 -4 -4  1 -3 -5  2  0  0 -5 -4 -3    3   0  10  18   1   6  13  10   0   0   1  10   0   0  12   8   5   0   0   1  0.40 0.22
   38 Y   -3  1  0 -2  0  0  0 -2  7 -1 -3  0 -2  2 -2 -2 -2 -1  4 -2    1   7   3   1   2   3   7   3  26   5   1   7   1   7   2   2   2   0  17   2  0.56 0.29
   39 S   -3 -1  5 -3 -2 -3 -4 -3 -3 -3 -2 -2 -1  5  0  1 -1 -1  0 -2    1   4  31   0   1   1   0   1   0   1   3   2   1  27   5  12   4   1   3   2  0.72 0.36
   40 R   -6  8 -5 -6 -8 -2 -4 -7 -3 -7 -6  1 -4 -7 -6 -4 -5 -7 -2 -7    0  90   0   0   0   1   0   0   0   0   0   6   0   0   0   0   0   0   1   0  2.53 0.79
   41 L   -2 -4 -6 -6 -2 -5 -5 -6 -5  4  3 -5  0  3 -5 -4 -2 -4  1  3    2   0   0   0   1   0   0   0   0  23  31   0   1  11   0   0   2   0   5  24  0.78 0.33
   42 G   -1 -7 -5 -6 -7 -6 -6  8 -6 -8 -8 -6 -7 -7 -6 -4 -6 -7 -7 -7    4   0   0   0   0   0   0  96   0   0   0   0   0   0   0   0   0   0   0   0  2.58 0.77
   43 I   -4 -6 -6 -7 -3 -6 -6 -7 -6  6  2 -6  0  5 -6 -5 -4 -4  0  1    0   0   0   0   0   0   0   0   0  46  21   0   1  21   0   0   0   0   2   9  1.23 0.45
   44 V    0 -3 -3 -4 -4 -4 -4 -4 -5 -1 -4 -4 -4 -6 -5  6  2 -6 -5  0    8   1   0   0   0   0   0   0   0   4   1   0   0   0   0  67  12   0   0   7  1.26 0.57
   45 V    1 -6 -6 -6 -1 -6 -6 -6 -6  2 -2 -6 -1 -4 -6 -4 -1 -6 -5  7   12   0   0   0   1   0   0   0   0   8   1   0   1   0   0   1   4   0   0  72  1.48 0.56
   46 K   -2 -4 -1 -4 -5 -3 -4  3 -5 -6 -6 -2 -5 -6 -3  6  0 -7 -6 -6    1   0   2   0   0   0   0  20   0   0   0   2   0   0   1  69   4   0   0   0  1.44 0.60
   47 R   -3  2 -3 -5 -7 -3 -3 -5 -5 -7 -7  8 -5 -7 -5 -3 -2 -7 -6 -5    1   8   0   0   0   0   0   0   0   0   0  86   0   0   0   1   2   0   0   1  2.12 0.73
   48 K   -4  0 -3 -5 -8 -3 -3 -6 -5 -7 -7  8 -6 -8 -5 -4 -5 -7 -6 -7    1   4   1   0   0   0   0   0   0   0   0  94   0   0   0   0   0   0   0   0  2.49 0.81
   49 F   -3 -5 -3 -6 -4 -4 -5 -6 -6  4  2 -5 -1  1 -5 -4 -1 -5 -1  5    1   0   1   0   0   0   0   0   0  24  18   0   1   6   0   0   4   0   1  43  0.95 0.39
   50 G   -3 -5 -4 -5 -3 -4 -6  8 -6 -8 -8 -3 -7 -7 -6 -3 -6 -7 -7 -7    1   1   0   0   1   1   0  94   0   0   0   2   0   0   0   1   0   0   0   0  2.43 0.74
   51 K   -5 -2  7 -3  1 -3 -4 -2  1 -6 -7  4 -4 -7 -4 -3 -2 -7 -6 -6    0   1  59   0   3   0   0   2   3   0   0  28   0   0   1   1   1   0   0   0  1.67 0.62
   52 A    6 -5 -5 -5 -4 -4 -5 -4 -5 -5 -6 -4 -5 -6 -5  4 -3 -7 -6 -4   75   0   0   0   0   0   0   0   0   0   0   0   0   0   0  25   0   0   0   0  1.73 0.67
   53 T   -4 -6 -1 -7 -3 -6 -6 -7  0  0 -3 -6 -3 -3 -6 -5 -2 -7 -3  7    0   0   3   0   0   0   0   0   3   3   0   0   0   1   0   0   2   0   1  87  1.94 0.68
   54 R   -1  0 -3 -2  2  0  0 -4 -1  1 -2  1  1 -3 -4 -2  2  0 -3  4    4   5   0   2   4   4   5   0   1   6   1  10   4   0   0   1  13   1   0  36  0.38 0.26
   55 R   -6  9 -5 -6 -3 -3 -5 -7 -5 -8 -7 -1 -6 -7 -7 -5 -6 -7 -6 -7    0  98   0   0   1   0   0   0   0   0   0   1   0   0   0   0   0   0   0   0  2.92 0.89
   56 N   -6 -5  8 -3 -7 -4 -4 -4  5 -7 -8 -4 -6 -7 -6 -1 -3 -8 -5 -4    0   0  80   0   0   0   0   1  13   0   0   0   0   0   0   5   1   0   0   1  2.41 0.78
   57 K   -2  7 -3 -4 -7  1 -3 -4  3 -6 -4  2 -5 -3 -5 -3 -3  3 -2 -6    3  63   0   0   0   5   1   1   6   0   1  12   0   1   0   1   1   3   1   0  1.46 0.55
   58 L    0 -5 -5 -6  0 -5 -5 -5 -5  5  2 -4  2  0 -5 -2 -2 -5 -1  4    7   0   0   0   2   0   0   0   0  34  15   1   4   4   0   2   1   0   2  28  0.78 0.33
   59 K   -2  4 -4 -5 -3 -3 -3 -5 -4 -6 -6  7 -5 -7 -5 -3  1 -7 -6 -5    3  21   0   0   1   0   0   0   0   0   0  66   0   0   0   1   9   0   0   1  1.64 0.61
   60 R   -6  9 -5 -6 -8 -3 -5 -7 -5 -8 -7 -2 -6 -8 -7 -5 -6 -7 -6 -7    0 100   0   0   0   0   0   0   0   0   0   0   0   0   0   0   0   0   0   0  3.03 0.91
   61 W   -3  3 -4 -5 -2  0 -4 -5 -2  0  4  1  1 -2 -5 -3 -4  2  3 -1    2  17   0   0   1   4   0   0   1   4  45   9   2   0   0   1   0   3   9   3  0.62 0.33
   62 V   -3 -6 -6 -6 -4 -5 -6 -7 -6  6  3 -5  4  1 -6 -5 -3 -5 -4  2    1   0   0   0   0   0   0   0   0  46  25   0   9   4   0   0   1   0   0  14  1.15 0.43
   63 R   -5  8 -4 -5 -7 -3 -4 -5 -3 -7 -6  3 -5 -5 -6 -3 -4 -7 -3 -7    0  78   0   0   0   0   0   0   1   0   0  17   0   0   0   1   1   0   1   0  2.17 0.72
   64 E   -1 -4 -2 -2 -7  3  7 -6  3 -7 -5 -3 -1 -7 -5 -3 -4 -6 -5 -5    6   0   1   1   0  13  68   0   6   0   0   0   2   0   0   1   0   0   0   0  1.57 0.61
   65 I    2 -4  0 -4  0 -3 -4 -2 -4  3 -2 -3 -1  0 -4  3  0 -1  0  2   17   0   4   0   2   0   0   2   0  22   2   0   1   4   0  25   4   1   3  13  0.40 0.27
   66 F   -4 -5 -6 -6  2 -5 -6 -6 -3  2  1 -5 -1  5 -6 -4 -3 -2  6  1    1   0   0   0   4   0   0   0   0  13  11   0   1  26   0   0   1   0  31  11  1.16 0.44
   67 R   -4  7 -3 -3 -6  0 -3 -6  1 -3 -1  1  1 -3 -6 -4 -1 -6 -1 -5    1  67   0   1   0   3   0   0   3   2   8   5   3   1   0   0   3   0   2   0  1.42 0.54
   68 R   -2 -1 -1 -2 -4  0  3 -4  1 -1  4 -1 -1 -3 -4 -2 -1 -4 -2 -1    3   4   3   2   0   3  22   0   4   1  45   4   0   0   0   2   4   0   1   2  0.49 0.30
   69 N   -4 -2  6 -3 -3  0 -2 -4  6 -1  2 -3  0  0 -5 -2 -2 -3 -1 -3    1   1  36   0   1   4   1   0  20   3  19   1   3   3   0   2   1   0   2   2  0.83 0.39
   70 K   -1  1 -1  0 -1  2  3 -2 -1 -2 -2  4 -1 -2 -2  0 -2 -2  0 -3    4   6   2   3   1   8  20   2   1   3   3  30   1   1   1   6   1   0   3   1  0.40 0.24
   71 G   -1 -2  1  4 -3  0  2 -1  3 -2 -3 -1 -3 -3  2  0 -1 -5 -1 -3    5   2   6  24   1   4  16   5   7   3   1   3   0   1  10   8   2   0   2   1  0.38 0.21
   72 V   -1  2  1  2 -2  2  2 -2  1 -2 -1  2  0 -2 -3  0 -2 -2  0 -2    3   9   8  12   1   9  16   2   3   3   5  13   3   2   0   4   1   1   4   2  0.22 0.15
   73 I   -4 -5 -6 -6 -4 -5 -5 -6 -5  5  4 -5  1  4 -5 -4 -3 -4 -2  0    1   0   0   0   0   0   0   0   0  33  38   0   2  18   0   1   0   0   0   4  1.04 0.40
   74 P   -1  1  1  0 -2  0  0 -3 -1 -1 -2  4 -2 -3  3  0 -2 -5 -3 -1    4   8   6   6   1   3   5   1   2   4   4  28   1   1  15   5   1   0   1   3  0.35 0.22
   75 K   -1 -1  1  1 -1  2  1 -2 -2 -3 -3  2 -2 -5  4  1  0 -5 -3 -2    5   2   7   6   2  11   9   2   1   1   2  13   1   0  18  11   6   0   1   2  0.36 0.22
   76 G   -2 -3  2  1 -3 -2  0  6  1 -5 -5 -2 -4 -4 -2 -1 -3 -5 -4 -4    1   1   9   7   1   1   7  54   4   1   1   2   0   1   2   5   1   0   0   1  0.95 0.39
   77 F   -3 -2 -1 -4  1 -2 -4 -5  1  0  1  0  1  2 -5 -3 -1  2  7  1    1   2   3   1   3   1   1   0   4   4  13   6   4   7   0   1   3   2  35   9  0.69 0.33
   78 D   -5 -5 -1  8 -8 -3 -1 -6 -2 -8 -8 -5 -7 -8 -6 -3 -4 -9 -7 -8    1   0   2  90   0   1   3   0   1   0   0   0   0   0   0   1   1   0   0   0  2.61 0.83
   79 I   -4 -4 -6 -6 -3 -5 -6 -6 -4  5  1 -5  1  5 -6 -5 -4 -3  4  0    0   1   0   0   0   0   0   0   0  38  13   0   3  23   0   0   0   0  16   5  1.14 0.44
   80 V   -4 -6 -2 -6 -4 -5 -6 -6 -3  5  0 -6 -2 -3 -4 -5 -4 -6 -4  6    0   0   2   0   0   0   0   0   1  29   8   0   0   1   1   0   0   0   0  57  1.38 0.52
   81 V   -3 -5 -6 -6 -2 -5 -6 -6 -5  5  1 -5 -1  4 -6 -5 -3 -2 -3  5    1   0   0   0   1   0   0   0   0  29  12   0   0  19   0   0   1   1   0  37  1.07 0.42
   82 I   -3 -6 -6 -4 -4 -6 -6 -6 -6  7  0 -4 -1 -4 -6 -4 -3 -6 -4  4    1   0   0   1   0   0   0   0   0  61   7   1   1   0   0   1   1   0   0  26  1.49 0.53
   83 P    6 -5 -5 -5 -1 -4 -4  0 -5 -2 -4 -4 -4 -5  1 -2 -3  0 -5  2   65   0   0   0   1   0   0   7   0   2   1   0   0   0   7   2   1   2   0  13  1.10 0.50
   84 R   -5  8 -3 -6 -7 -3 -4 -6 -2 -3 -6  2 -5 -7 -6 -5 -5 -7 -6 -4    0  83   1   0   0   0   0   0   1   2   0  12   0   0   0   0   0   0   0   1  2.30 0.77
   85 K    0  1  1 -3 -4  1 -2 -2  0 -2 -4  4 -2 -4  3  0 -1 -5 -4  1    6   5   8   0   0   6   1   3   2   2   0  34   1   1  13   6   3   0   0  10  0.46 0.28
   86 K    1  0  1  0 -3 -1 -2  2  0 -2 -3  1 -2 -3  4  1  0 -4 -1 -2   11   6   6   5   0   2   1  18   3   3   1   8   0   0  18   9   5   0   2   2  0.31 0.18
   87 L    4 -4 -4 -4  2 -3 -3 -3 -3  2  0 -3  1 -1 -2  0  0 -4 -3  2   39   0   0   0   4   0   0   1   0  10   9   1   3   2   2   5   6   0   1  16  0.47 0.27
   88 S    1  1  0 -1  0  0  0  0 -1 -1 -1  2 -1 -2 -1  1  0 -3 -1  0   15   6   5   3   2   2   3   5   1   4   6  19   1   1   2   9   5   0   1   9  0.10 0.09
   89 E   -1 -1  0  4 -2  0  3  1  0 -2 -2  0 -2 -2 -1 -1 -1 -2 -1 -2    4   2   4  25   1   3  20  10   2   2   4   5   1   2   3   4   3   0   2   4  0.33 0.14
   90 E    0  1  1  1 -1  1  1 -1  0 -1 -1  2 -1 -1  0  1  0  0 -1 -1    6   6   6   6   2   5   7   5   3   3   6  17   1   2   5   9   4   1   2   5  0.08 0.03
   91 F    0  0  0  0 -1  0  0  0  0  0  0  0  0  0  0  0  0 -1  0  0    9   5   4   4   2   3   6   7   2   8   8   7   1   7   4   7   6   1   3   6  0.01 0.14
   92 E    0  0  0  1  0  1  2 -1  0 -1 -1  2 -1 -1  0  0  0 -1 -1 -1    5   5   2   7   2   5  14   5   2   3   7  15   1   3   4   8   5   1   2   4  0.09 0.04
   93 R    0  0  1  1 -2  1  0  0  0 -1 -1  1 -1 -1  0  1  1 -1  0 -1    6   4   9   7   1   5   7   8   2   2   5   9   1   2   3   8  11   1   3   4  0.07 0.04
   94 V    1 -2 -3 -2  0 -1 -2 -2 -2  1  2 -2  5  1 -1 -1 -2 -2 -2  1   15   2   1   2   2   2   2   2   1   9  24   1  16   5   3   3   1   0   1   7  0.27 0.16
   95 D   -2 -2  2  5 -3 -2  1 -2 -3 -2 -4  1 -4 -5 -1  2  2 -5 -4 -3    1   2  10  31   1   1   6   3   0   2   1   8   0   0   3  17  13   0   0   1  0.59 0.30
   96 F   -4 -5 -2 -6  0 -3 -4 -5 -2 -2 -2 -5  1  5 -6 -3 -2  0  8 -3    1   0   2   0   2   1   1   1   1   2   3   0   4  25   0   2   3   1  47   2  1.53 0.58
   97 W    1  1 -1 -1 -4  2  1 -2  5 -3 -2  2 -3  0 -3  0 -2  2  0 -2   11   6   3   4   0  11   9   3  17   1   3  12   0   4   1   7   2   3   2   2  0.32 0.22
   98 T   -2 -1 -2  3 -4  3  5 -3 -2 -3 -4  1 -1 -3 -4 -1 -1 -6 -5 -3    3   2   1  16   0  13  40   2   1   2   1   7   1   1   0   3   4   0   0   1  0.76 0.39
   99 V   -2 -5 -4 -6 -2 -5 -6 -5 -4  5  3 -5  3  0 -6 -4  0 -5 -3  3    2   0   1   0   1   0   0   1   0  30  22   0   8   4   0   0   7   0   1  24  0.84 0.38
  100 R   -3  1 -1 -2 -1  1  5 -4 -1 -4 -3  4 -3 -4 -5 -2 -2 -6 -1 -4    2   7   2   1   1   6  39   1   1   1   2  28   0   1   0   2   2   0   2   1  0.89 0.45
  101 E   -1  2  0 -1 -5  2  1 -2 -1 -5 -5  5 -4 -4 -4  2 -2 -6 -2 -5    5   9   4   3   0   7   9   2   1   0   0  36   0   1   0  18   2   0   1   0  0.67 0.38
  102 K    3 -3  2  2 -2  0  1 -3  0 -5 -5 -1 -3 -6 -4  4 -2 -6 -3 -4   22   1  10   9   1   4   9   0   2   0   1   2   1   0   0  36   1   0   1   1  0.67 0.40
  103 L   -4 -6 -6 -7 -2 -5 -6 -7 -5  2  5 -5  4  3 -6 -6 -4 -4  1  1    1   0   0   0   1   0   0   0   0   8  53   0   9  13   0   0   0   0   5   9  1.10 0.46
  104 L   -2  0 -1 -2 -4 -1  1 -3 -2  2  3  1  2 -1 -3 -2 -1 -1 -1  0    2   5   3   2   0   3  10   2   1  16  30   9   5   1   0   1   4   1   2   4  0.24 0.19
  105 N   -3  1  2 -3 -7 -1 -1 -4  9 -7 -5  2 -5 -3 -2 -2 -4 -6  1 -6    2   7   9   1   0   2   3   1  51   0   1  11   0   1   2   3   1   0   4   0  1.60 0.63
  106 L    0 -6 -5 -7 -2 -6 -6 -6 -6  2  5 -6 -1 -4 -6 -4 -3 -6 -5  4    7   0   0   0   1   0   0   0   0   7  48   0   1   0   0   1   1   0   0  33  1.11 0.48
  107 L   -1 -5 -6 -6  3 -5 -6 -2 -5  1  5 -5  2  4 -6 -4 -3 -1  0 -1    6   0   0   0   6   0   0   3   0   8  50   0   5  16   0   0   1   1   2   2  0.89 0.41
  108 K   -2  3 -1 -3 -7 -1  0 -3 -2 -5 -4  7 -4 -6 -5 -2 -3 -7 -2 -5    3  16   2   1   0   2   5   2   1   0   1  60   0   0   0   3   2   0   1   1  1.30 0.57
  109 R   -5  5 -2 -5 -7 -2 -1 -6 -3 -3 -6  7 -2 -7 -5 -4 -3 -7 -6 -6    0  31   2   0   0   1   3   0   0   1   0  61   1   0   0   0   1   0   0   0  1.72 0.65
  110 I    5 -4 -5 -4 -1 -4 -4 -3 -2  2  2 -4  3 -2 -3 -2 -1 -5 -2  0   47   0   0   1   1   0   0   0   1  14  19   0   6   1   1   0   3   0   1   4  0.68 0.37
  111 E   -2  1  2  1 -5  2  3 -1 -2 -5 -5  4 -4 -3 -3  1 -2 -5 -4 -4    2   7  11   9   0   7  17   3   0   0   0  33   0   1   0   9   0   0   0   0  0.62 0.30
  112 G    4 -3  3 -2 -2 -2 -2  4 -2 -4 -4 -2 -3 -4 -3  0 -1 -4 -3 -3   43   0  19   0   0   0   0  36   0   0   0   0   0   0   0   2   0   0   0   0  0.65 0.18

                      K         Lambda
Standard Ungapped    0.1469     0.3287
Standard Gapped      0.0574     0.2670
PSI Ungapped         0.1887     0.3162
PSI Gapped           0.0574     0.2670
