
Last position-specific scoring matrix computed, weighted observed percentages rounded down, information per position, and relative weight of gapless real matches to pseudocounts
           A  R  N  D  C  Q  E  G  H  I  L  K  M  F  P  S  T  W  Y  V   A   R   N   D   C   Q   E   G   H   I   L   K   M   F   P   S   T   W   Y   V
    1 P   -2 -3 -3 -3 -4 -2 -2 -3 -3 -4 -4 -2 -4 -5  8 -2 -2 -5 -4 -4    0   0   0   0   0   0   0   0   0   0   0   0   0   0 100   0   0   0   0   0  2.48 0.17
    2 T   -1 -2 -1 -2 -2 -2 -2 -3 -3 -2 -2 -2 -2 -3 -2  0  6 -4 -3 -1    0   0   0   0   0   0   0   0   0   0   0   0   0   0   0   0 100   0   0   0  1.07 0.16
    3 I   -2 -4 -4 -4 -2 -4 -4 -5 -4  6  1 -4  0  0 -4 -3 -1 -3 -2  2    0   0   0   0   0   0   0   0   0  91   2   0   0   2   0   0   0   0   0   5  0.83 0.12
    4 N   -2 -1  6  0 -3  4  0 -2  0 -4 -4  0 -2 -4 -3  1 -1 -4 -3 -3    1   1  61   0   0  31   0   0   0   0   0   0   0   0   0   7   0   0   0   0  0.83 0.12
    5 Q   -2  0 -1 -1 -4  7  1 -3 -1 -4 -3  0 -2 -4 -2 -1 -2 -3 -3 -3    0   0   0   0   0 100   0   0   0   0   0   0   0   0   0   0   0   0   0   0  1.39 0.18
    6 L   -2 -3 -4 -5 -2 -3 -4 -5 -4  1  5 -3  1  0 -4 -3 -2 -3 -2  0    0   0   0   0   0   0   0   0   0   0 100   0   0   0   0   0   0   0   0   0  0.87 0.12
    7 V   -1 -4 -4 -4 -2 -3 -4 -4 -4  4  1 -3  0 -1 -3 -3 -1 -4 -2  5    0   0   0   0   0   0   0   0   0  38   1   0   0   0   0   0   0   0   0  61  0.65 0.10
    8 R   -2  7 -1 -3 -4  0 -1 -3 -1 -4 -3  2 -2 -4 -3 -2 -2 -4 -3 -4    0  94   0   0   0   1   0   0   0   0   0   3   0   0   0   0   0   0   0   0  1.25 0.14
    9 K   -1  1  1 -1 -3  1  0 -2  0 -3 -2  5 -2 -1 -2  1  0 -3 -1 -2    1   2   7   1   0   6   1   0   3   0   1  59   0   3   0  11   3   0   1   0  0.43 0.08
   10 G    0 -2 -1 -1 -3 -1  1  5 -2 -4 -4 -1 -3 -4  4  0 -2 -3 -3 -3    5   1   0   0   0   2  11  53   0   0   0   2   0   0  20   3   0   0   0   1  0.69 0.07
   11 R   -2  7 -1 -3 -5  0 -1 -3 -1 -4 -3  1 -2 -4 -3 -2 -2 -4 -3 -4    0 100   0   0   0   0   0   0   0   0   0   0   0   0   0   0   0   0   0   0  1.38 0.16
   12 E    0  1  0  0 -3  3  3 -2 -1 -2 -2  3 -1 -3 -2  0  0 -3 -2 -1    4   2   1   0   0  15  23   0   0   1   0  35   0   1   0   4   7   0   0   5  0.35 0.06
   13 K    0  2  0  0 -3  1  1 -2 -1 -2 -2  3 -1 -3  2  0  1 -3 -2 -1    7  10   1   4   0   3   5   0   0   1   2  32   0   0  11   7  10   0   0   6  0.24 0.04
   14 V    0  0 -1 -2 -1  0 -1 -2 -2  2  1  1  0 -1  1 -1  0 -3 -2  2    6   1   1   0   0   7   2   0   0  19  13  17   2   0   6   3   2   0   0  18  0.10 0.03
   15 R    0  1 -1 -1 -2  0  1 -2 -1  0 -1  2  0 -2  0  0  1 -3 -1  1    7   6   1   0   0   3   9   2   1   5   3  18   1   1   3   5  10   0   1  25  0.09 0.03
   16 K    0  1  1  0 -3  1  1 -1 -1 -2 -2  3 -1 -2 -2  0  0 -1  0 -1    6   6   5   4   0   3  11   2   0   1   0  36   0   1   0   7   7   1   3   4  0.21 0.04
   17 K   -2  3 -1 -2 -4  1  0 -2 -1 -3 -3  6 -2 -4 -2 -1 -1 -4 -3 -3    1  15   1   0   0   1   0   0   1   1   0  81   0   0   0   0   0   0   0   0  0.83 0.12
   18 S    0 -1  2 -1 -2 -1 -1 -1 -2 -2 -3  0 -2 -3 -2  4  3 -3 -2 -2    1   1  10   1   0   1   0   2   0   0   0   3   0   0   0  50  32   0   0   0  0.49 0.09
   19 K   -1  1  1  0 -3  0  0 -2 -1 -3 -3  5 -2 -4 -2  0  1 -4 -3 -3    3   0   7   4   0   0   0   1   0   0   0  69   1   0   0   4  10   0   0   0  0.54 0.10
   20 V    2 -2 -1 -2 -1 -1 -1 -1 -2 -1 -2 -1 -1 -3 -2  3  2 -3 -2  2   18   0   1   0   0   0   0   0   0   0   0   0   0   0   0  48   9   0   0  24  0.34 0.08
   21 P   -1 -2 -3 -3 -4 -2 -2 -3 -3 -4 -3 -2 -3 -5  8 -2 -2 -5 -4 -3    1   2   0   0   0   1   0   0   0   0   1   0   0   0  94   0   0   0   0   1  2.23 0.16
   22 A    6 -2 -2 -3 -1 -2 -2 -1 -1 -2 -2 -2 -2 -3 -2  0 -1 -4 -3 -1   99   0   0   0   0   0   0   0   1   0   0   0   0   0   0   0   0   0   0   0  0.84 0.13
   23 L   -2 -3 -4 -5 -2 -3 -4 -5 -4  1  5 -3  3  0 -4 -3 -2 -2 -2  0    0   0   0   0   0   0   0   0   0   0  94   0   6   0   0   0   0   0   0   0  0.80 0.11
   24 K   -1  2  0  1 -3  3  2 -2  0 -3 -3  3 -1 -4 -2 -1 -1 -3 -2 -2    1   6   3   8   0  24  16   1   1   0   0  35   2   0   0   0   2   0   0   2  0.43 0.06
   25 G    2 -1  1 -1 -1  0  1  3 -1 -3 -3  0 -2 -3 -2  2  0 -3 -3 -2   25   2  11   1   1   2  10  27   0   0   0   2   0   0   0  20   0   0   0   0  0.33 0.05
   26 A   -1 -4  0 -3 10 -3 -4 -3 -2 -3 -3 -3 -3 -4 -4  1 -1 -4 -3 -2    2   0   7   0  79   0   0   1   1   0   0   0   0   0   0  11   0   0   0   0  1.55 0.15
   27 P   -2 -3 -3 -3 -4 -2 -2 -3 -3 -4 -4 -2 -4 -5  8 -2 -2 -5 -4 -4    0   0   0   0   0   0   0   0   0   0   0   0   0   0 100   0   0   0   0   0  2.49 0.17
   28 F   -2  0 -1 -1 -4  7  1 -3 -1 -4 -3  0 -1 -2 -2 -1 -2 -3 -2 -3    0   0   0   0   0  96   2   0   0   0   0   0   0   2   0   0   0   0   0   0  1.26 0.17
   29 R   -2  5 -1 -2 -4  0  0 -3 -1 -4 -3  4 -2 -4 -2 -1 -2 -4 -3 -3    0  55   0   0   0   0   0   0   0   0   0  44   0   0   0   0   0   0   0   1  0.88 0.11
   30 R   -2  7 -1 -3 -5  0 -1 -3 -1 -4 -3  1 -2 -4 -3 -2 -2 -4 -3 -4    0 100   0   0   0   0   0   0   0   0   0   0   0   0   0   0   0   0   0   0  1.38 0.16
   31 G   -1 -3 -1 -2 -4 -3 -3  7 -3 -5 -5 -2 -4 -4 -3 -1 -3 -4 -4 -4    0   0   0   0   0   0   0 100   0   0   0   0   0   0   0   0   0   0   0   0  1.50 0.14
   32 V   -1 -4 -4 -4 -2 -3 -3 -4 -4  2  0 -3  0 -2 -3 -3 -1 -4 -2  6    0   0   0   0   0   0   0   0   0   1   0   0   0   0   0   0   0   0   0  99  0.86 0.13
   33 C   -2 -5 -4 -5 10 -4 -5 -4 -4 -3 -3 -4 -3 -4 -4 -2 -2 -4 -4 -2    0   0   0   0 100   0   0   0   0   0   0   0   0   0   0   0   0   0   0   0  2.36 0.20
   34 T   -1 -2 -1 -2 -2 -2 -2 -3 -3  0 -1 -2 -1 -3 -2  0  6 -3 -2  1    0   0   0   0   0   0   0   0   0   2   1   0   0   0   0   0  86   0   0  11  0.80 0.13
   35 V   -2  7 -1 -3 -4  0 -1 -3 -1 -3 -2  1 -2 -4 -3 -2 -2 -4 -3 -1    0  93   0   0   0   0   0   0   0   0   1   1   0   0   0   0   0   0   0   5  1.16 0.14
   36 V   -1 -4 -4 -4 -2 -3 -3 -4 -4  2  0 -3  0 -2 -3 -3 -1 -4 -2  6    0   0   0   0   0   0   0   0   0   0   0   0   0   0   0   0   0   0   0 100  0.87 0.14
   37 R   -3 -2 -3 -4 -4 -2 -3 -4  1 -2 -2 -1  0  2 -4 -2 -2  1  8 -2    0   1   0   0   0   0   0   0   0   0   0   5   4   1   0   1   1   0  87   0  1.34 0.16
   38 T   -1 -2 -1 -2 -2 -2 -2 -3 -3 -2 -2 -2 -2 -3 -2  0  6 -4 -3 -1    0   0   0   0   0   0   0   0   0   0   0   0   0   0   0   0 100   0   0   0  1.07 0.16
   39 V    0 -2 -1 -2 -2 -1 -2 -2 -3 -1 -2 -2  0 -2 -2  1  6 -3 -2  0    2   0   0   0   0   0   0   0   0   1   0   0   3   1   0   4  82   0   0   7  0.72 0.12
   40 T   -1 -2 -1 -2 -2 -2 -2 -3 -3 -2 -2 -2 -2 -3 -2  0  6 -4 -3 -1    0   0   0   0   0   0   0   0   0   0   0   0   0   0   1   0  99   0   0   0  1.06 0.16
   41 P   -2 -3 -3 -3 -4 -2 -2 -3 -3 -4 -4 -2 -4 -5  8 -2 -2 -5 -4 -4    0   0   0   0   0   0   0   0   0   0   0   0   0   0 100   0   0   0   0   0  2.49 0.17
   42 K   -2  1 -1 -2 -4  0  0 -3 -2 -4 -4  6 -2 -4 -2 -1 -2 -4 -3 -3    0   1   0   0   0   0   0   0   0   0   0  99   0   0   0   0   0   0   0   0  1.08 0.15
   43 K   -2  1 -1 -2 -4  0  0 -3 -2 -4 -4  6 -2 -4 -2 -1 -2 -4 -3 -3    0   0   0   0   0   0   0   0   0   0   0 100   0   0   0   0   0   0   0   0  1.09 0.15
   44 P   -2 -3 -3 -3 -4 -2 -2 -3 -3 -4 -4 -2 -4 -5  8 -2 -2 -5 -4 -4    0   0   0   0   0   0   0   0   0   0   0   0   0   0 100   0   0   0   0   0  2.49 0.17
   45 N   -3 -1  7  0 -4 -1 -1 -1  0 -4 -5 -1 -3 -4 -3  0 -1 -5 -3 -4    0   0 100   0   0   0   0   0   0   0   0   0   0   0   0   0   0   0   0   0  1.42 0.17
   46 S    0 -2  0 -1 -2 -1 -1 -1 -2 -3 -4 -1 -3 -3 -2  6  1 -4 -3 -3    0   0   0   0   0   0   0   0   0   0   0   0   0   0   0 100   0   0   0   0  0.95 0.15
   47 A    6 -2 -2 -3 -1 -2 -2 -1 -3 -2 -2 -2 -2 -3 -2  0 -1 -4 -3 -1  100   0   0   0   0   0   0   0   0   0   0   0   0   0   0   0   0   0   0   0  0.87 0.14
   48 L   -2 -3 -4 -4 -2 -3 -4 -4 -4  1  5 -3  3  0 -4 -3 -2 -2 -2  0    0   0   0   0   0   0   0   0   0   1  88   0  11   0   0   0   0   0   0   0  0.75 0.11
   49 R   -2  7 -1 -3 -5  0 -1 -3 -1 -4 -3  1 -2 -4 -3 -2 -2 -4 -3 -4    0 100   0   0   0   0   0   0   0   0   0   0   0   0   0   0   0   0   0   0  1.38 0.16
   50 K   -2  1 -1 -2 -4  0  0 -3 -2 -4 -4  6 -2 -4 -2 -1 -2 -4 -3 -3    0   0   0   0   0   0   0   0   0   0   0 100   0   0   0   0   0   0   0   0  1.09 0.15
   51 V   -1 -4 -4 -4 -2 -3 -3 -4 -4  2  0 -3  0 -2 -3 -3 -1 -4 -2  6    0   0   0   0   0   0   0   0   0   5   0   0   0   0   0   0   0   0   0  95  0.82 0.13
   52 A    5 -2 -2 -3  2 -2 -2 -1 -3 -2 -2 -2 -2 -3 -2  0 -1 -3 -3 -1   94   0   0   0   5   0   0   0   0   0   0   0   0   0   0   0   0   0   0   0  0.78 0.13
   53 K   -2  7 -1 -2 -4  0 -1 -3 -1 -4 -3  3 -2 -4 -3 -2 -2 -4 -3 -3    0  84   0   0   0   0   0   0   0   0   0  16   0   0   0   0   0   0   0   0  1.13 0.13
   54 V   -1 -4 -4 -4 -2 -3 -3 -4 -4  2  0 -3  0 -2 -3 -3 -1 -4 -2  6    0   0   0   0   0   0   0   0   0   3   0   0   0   0   0   0   0   0   0  97  0.84 0.13
   55 R   -2  7 -1 -3 -5  0 -1 -3 -1 -4 -3  2 -2 -4 -3 -2 -2 -4 -3 -4    0  97   0   0   0   0   0   0   0   0   0   3   0   0   0   0   0   0   0   0  1.33 0.15
   56 L   -2 -3 -4 -5 -2 -3 -4 -5 -4  1  5 -3  2  0 -4 -3 -2 -3 -2  0    0   0   0   0   0   0   0   0   0   0  99   0   1   0   0   0   0   0   0   0  0.86 0.12
   57 T   -1 -2 -1 -2 -2 -2 -2 -2 -3 -2 -2 -2 -1 -3 -2  2  6 -3 -3 -1    0   0   0   0   0   0   0   0   0   0   0   0   0   0   0  11  87   0   0   1  0.87 0.14
   58 S   -1 -1  6  0 -3 -1 -1 -1  0 -4 -4 -1 -3 -4 -2  3  1 -4 -3 -3    0   0  68   0   0   0   0   0   0   0   0   0   0   0   0  26   5   0   0   0  0.85 0.12
   59 G    0 -3 -1 -2 -3 -2 -3  6 -3 -5 -5 -2 -4 -4 -3  0 -2 -3 -4 -4    1   0   1   0   0   1   0  93   0   0   0   1   0   0   0   3   0   0   0   0  1.32 0.12
   60 Y   -2 -2 -2 -3 -3 -2 -3 -4 -1  2  0  0  1  5 -3 -2 -2  0  3  0    1   0   1   0   0   1   0   0   1  26   1   8   4  41   0   0   0   0  13   3  0.41 0.07
   61 E   -2 -1 -1  1 -5  1  6 -3 -1 -4 -4  0 -3 -4 -2 -1 -2 -4 -3 -3    0   0   0   0   0   0  99   0   0   0   0   0   0   0   0   0   0   0   0   1  1.24 0.15
   62 V   -1 -4 -4 -4 -2 -3 -3 -4 -4  2  0 -3  0 -2 -3 -3 -1 -4 -2  6    1   0   0   0   0   0   0   0   0   3   0   0   0   0   0   0   0   0   0  97  0.82 0.13
   63 T   -1 -2  1 -2 -2 -2 -2 -2 -2  1 -1 -2 -1 -3 -2  1  5 -2 -2  0    2   0   8   0   0   0   0   0   0  15   0   0   0   0   0   6  69   0   0   1  0.54 0.10
   64 A    4 -2 -1 -2  0 -1 -1  0 -2 -2 -3 -1 -2 -3 -2  3  0 -3 -3 -1   61   0   0   0   1   0   0   2   0   0   0   0   0   0   0  33   2   0   0   0  0.54 0.09
   65 Y   -3 -3 -3 -4 -4 -3 -3 -4  1 -3 -2 -3 -2  2 -4 -3 -3  1  9 -2    0   0   0   0   0   0   0   0   0   0   0   0   0   0   0   0   0   0 100   0  1.75 0.18
   66 I   -2 -4 -4 -4 -2 -4 -4 -5 -4  6  1 -4  0 -1 -4 -3 -2 -4 -2  2    0   0   0   0   0   0   0   0   0  99   0   0   0   0   0   0   0   0   0   1  0.96 0.14
   67 P   -2 -3 -3 -2 -4 -2 -2  2 -3 -4 -4 -2 -4 -5  8 -2 -2 -5 -4 -4    0   0   0   0   0   0   0  20   0   0   0   0   0   0  80   0   0   0   0   0  1.86 0.14
   68 G   -1 -3 -1 -2 -4 -3 -3  7 -3 -5 -5 -2 -4 -4 -3 -1 -3 -4 -4 -4    0   0   0   0   0   0   0 100   0   0   0   0   0   0   0   0   0   0   0   0  1.50 0.14
   69 E   -2 -2 -2  0 -3  0  4 -4 -2  3 -1 -1 -1 -2 -2 -2 -1 -4 -2  1    0   0   0   0   0   0  54   0   0  37   0   0   1   0   0   0   0   0   0   9  0.48 0.10
   70 G   -1 -3 -1 -2 -4 -3 -3  7 -3 -5 -5 -2 -4 -4 -3 -1 -2 -4 -4 -4    0   0   0   0   0   0   0  99   0   0   0   0   0   0   0   1   0   0   0   0  1.48 0.13
   71 H   -3 -1 -1 -2 -4 -1 -1 -3 10 -5 -4 -2 -3 -3 -3 -2 -3 -4  1 -5    0   0   0   0   0   0   0   0 100   0   0   0   0   0   0   0   0   0   0   0  1.95 0.20
   72 N   -3 -1  7  1 -4 -1 -1 -1  0 -4 -5 -1 -3 -4 -3  0 -1 -5 -3 -4    0   0  97   1   0   0   0   0   0   0   0   0   0   0   0   1   0   0   0   0  1.36 0.16
   73 L   -2 -3 -4 -5 -2 -3 -4 -5 -4  1  5 -3  1  0 -4 -3 -2 -3 -2  0    0   0   0   0   0   0   0   0   0   3  97   0   0   0   0   0   0   0   0   0  0.83 0.11
   74 Q   -2  0 -1 -1 -4  7  1 -3 -1 -4 -3  0 -2 -4 -2 -1 -2 -3 -3 -3    0   0   0   0   0 100   0   0   0   0   0   0   0   0   0   0   0   0   0   0  1.39 0.18
   75 E   -2 -1 -1  1 -5  1  7 -3 -1 -4 -4  0 -3 -4 -2 -1 -2 -4 -3 -4    0   0   0   0   0   0 100   0   0   0   0   0   0   0   0   0   0   0   0   0  1.27 0.15
   76 H   -3 -1 -1 -2 -4 -1 -1 -3 10 -5 -4 -2 -3 -3 -3 -2 -3 -4  1 -5    0   0   0   0   0   0   0   0 100   0   0   0   0   0   0   0   0   0   0   0  1.95 0.20
   77 S    0 -2  0 -1 -2 -1 -1 -1 -2 -3 -4 -1 -3 -3 -2  6  1 -4 -3 -3    0   0   1   0   0   0   0   0   0   0   0   0   0   0   0  99   0   0   0   0  0.93 0.15
   78 V   -1 -3 -4 -4 -2 -3 -3 -4 -4  3  0 -3  0 -1 -3 -3 -1 -4 -2  5    0   0   0   0   0   0   0   0   0  21   1   0   0   0   0   0   0   0   0  78  0.70 0.11
   79 V   -1 -4 -4 -4 -2 -3 -3 -4 -4  2  0 -3  0 -2 -3 -3 -1 -4 -2  6    0   0   0   0   0   0   0   0   0   2   0   0   0   0   0   0   0   0   0  98  0.84 0.13
   80 L   -2 -3 -4 -4 -2 -3 -4 -4 -4  1  5 -3  3  0 -4 -3 -2 -2 -2  0    0   0   0   0   0   0   0   0   0   0  90   0   9   0   0   1   0   0   0   0  0.75 0.11
   81 I   -2 -4 -4 -4 -2 -3 -4 -4 -4  5  1 -3  0 -1 -3 -3 -1 -3 -2  4    0   0   0   0   0   0   0   0   0  61   4   0   0   0   0   0   0   0   0  35  0.65 0.10
   82 R   -2  7 -1 -3 -5  0 -1 -3 -1 -4 -3  1 -2 -4 -3 -2 -2 -4 -3 -4    0  99   0   0   0   1   0   0   0   0   0   0   0   0   0   0   0   0   0   0  1.37 0.16
   83 G   -1 -3 -1 -2 -4 -3 -3  7 -3 -5 -5 -2 -4 -4 -3 -1 -3 -4 -4 -4    0   0   0   0   0   0   0 100   0   0   0   0   0   0   0   0   0   0   0   0  1.50 0.14
   84 G   -1 -3 -1 -2 -4 -3 -3  7 -3 -5 -5 -2 -4 -4 -3 -1 -3 -4 -4 -4    0   0   0   0   0   0   0 100   0   0   0   0   0   0   0   0   0   0   0   0  1.50 0.14
   85 R   -2  7 -1 -3 -5  0 -1 -3 -1 -4 -3  1 -2 -4 -3 -2 -2 -4 -3 -4    0  99   0   0   0   0   0   0   0   0   0   1   0   0   0   0   0   0   0   0  1.37 0.16
   86 V   -1 -4 -4 -4 -2 -3 -3 -4 -4  2  0 -3  0 -2 -3 -3 -1 -4 -2  6    0   0   0   0   0   0   0   0   0   1   0   0   0   0   0   0   0   0   0  99  0.85 0.13
   87 K   -2  2 -1 -2 -4  0  0 -3 -2 -4 -4  6 -2 -4 -2 -1 -2 -4 -3 -3    0   1   0   0   0   0   0   0   0   0   0  99   0   0   0   0   0   0   0   0  1.07 0.15
   88 D   -3 -3  0  7 -5 -1  1 -2 -2 -4 -5 -2 -4 -5 -3 -1 -2 -5 -4 -4    0   0   0 100   0   0   0   0   0   0   0   0   0   0   0   0   0   0   0   0  1.52 0.15
   89 L   -2 -3 -4 -5 -2 -3 -4 -5 -4  1  5 -3  1  0 -4 -3 -2 -3 -2  0    0   0   0   0   0   0   0   0   0   0 100   0   0   0   0   0   0   0   0   0  0.87 0.12
   90 P   -2 -3 -3 -3 -4 -2 -2 -3 -3 -4 -4 -2 -4 -5  8 -2 -2 -5 -4 -4    0   0   0   0   0   0   0   0   0   0   0   0   0   0 100   0   0   0   0   0  2.49 0.17
   91 G   -1 -3 -1 -2 -4 -3 -3  7 -3 -5 -5 -2 -4 -4 -3 -1 -3 -4 -4 -4    0   0   0   0   0   0   0 100   0   0   0   0   0   0   0   0   0   0   0   0  1.50 0.14
   92 V   -1 -4 -4 -4 -1 -3 -3 -4 -4  2  0 -3  0 -2 -3 -3 -1 -4 -2  6    0   0   0   0   1   0   0   0   0   1   0   0   0   0   0   0   0   0   0  98  0.84 0.13
   93 R   -2  7 -1 -3 -5  0 -1 -3 -1 -4 -3  2 -2 -4 -3 -2 -2 -4 -3 -4    0  97   0   0   0   0   0   0   0   0   0   3   0   0   0   0   0   0   0   0  1.33 0.15
   94 Y   -3 -3 -3 -4 -4 -3 -3 -4  1 -3 -2 -3 -2  2 -4 -3 -3  1  9 -2    0   0   0   0   0   0   0   0   0   0   0   0   0   0   0   0   0   0 100   0  1.75 0.18
   95 H   -3 -1 -1 -2 -4 -1 -1 -3  9 -4 -4  0 -3 -3 -3 -2 -2 -4  1 -4    0   0   0   0   0   0   0   0  94   0   0   6   0   0   0   0   1   0   0   0  1.72 0.18
   96 I   -2 -4 -4 -4 -1 -3 -4 -4 -4  5  1 -3  1 -1 -3 -2  1 -3 -2  2    0   0   0   0   0   0   0   0   0  80   1   0   2   0   0   0  10   0   0   7  0.66 0.11
   97 V   -1 -3 -4 -4 -2 -3 -3 -4 -4  4  1 -3  0 -1 -3 -3 -1 -3 -2  5    0   0   0   0   0   0   0   0   0  31   6   0   0   0   0   0   0   0   0  63  0.61 0.09
   98 R   -2  7 -1 -3 -5  0 -1 -3 -1 -4 -3  1 -2 -4 -3 -2 -2 -4 -3 -4    0 100   0   0   0   0   0   0   0   0   0   0   0   0   0   0   0   0   0   0  1.38 0.16
   99 G   -1 -3 -1 -2 -4 -3 -3  7 -3 -5 -5 -2 -4 -4 -3 -1 -3 -4 -4 -4    0   0   0   0   0   0   0 100   0   0   0   0   0   0   0   0   0   0   0   0  1.50 0.14
  100 V    3 -2 -1 -2  0 -1 -1 -1 -2 -1 -2 -1 -1 -3 -2  2  3 -3 -2  0   36   0   0   0   1   0   0   0   0   1   0   0   0   0   0  17  37   0   0   8  0.39 0.08
  101 Y   -2 -3 -4 -4 -2 -2 -3 -4 -3  1  5 -2  1  0 -4 -3 -2 -2 -1  0    0   0   0   0   0   0   0   0   0   0  95   3   0   0   0   0   0   0   1   0  0.75 0.11
  102 D   -3 -3  0  7 -5 -1  1 -2 -2 -4 -5 -2 -4 -5 -3 -1 -2 -5 -4 -4    0   0   0 100   0   0   0   0   0   0   0   0   0   0   0   0   0   0   0   0  1.52 0.15
  103 A    2 -2 -1 -2  2 -1 -2 -2 -2 -1 -1 -1 -1 -3 -2  1  5 -3 -2 -1   20   0   0   0   6   0   0   0   0   0   4   0   0   0   0   8  63   0   0   1  0.52 0.10
  104 A    4 -1 -2 -2 -2  2 -1  0 -2 -1 -1 -1 -1 -2 -2  1  0 -3 -2  0   53   0   0   0   0  19   0   2   0   1   7   0   0   0   0  11   1   0   0   5  0.31 0.07
  105 G   -1 -3 -1 -2 -3 -3 -3  7 -3 -5 -5 -2 -4 -4 -3 -1 -2 -4 -4 -4    1   0   0   0   0   0   0  99   0   0   0   0   0   0   0   1   0   0   0   0  1.48 0.13
  106 V   -1 -4 -4 -4 -2 -3 -3 -4 -4  2  0 -3  0 -2 -3 -3 -1 -4 -2  6    0   0   0   0   0   0   0   0   0   0   1   0   0   0   0   0   0   0   0  99  0.85 0.13
  107 K    1  1  1  0 -3  2  2 -1 -1 -3 -3  4 -2 -3 -2  0 -1 -3 -2 -2   20   2   8   4   0  11  11   1   0   0   0  40   0   0   0   3   1   0   0   0  0.36 0.06
  108 D   -2 -1  4  5 -4 -1  0  1 -1 -4 -4  0 -3 -4 -2  0 -1 -4 -3 -4    1   0  29  48   0   0   2  12   0   0   0   7   0   0   0   0   0   0   0   0  0.71 0.09
  109 R   -2  7 -1 -3 -5  0 -1 -3 -1 -4 -3  1 -2 -4 -3 -2 -2 -4 -3 -4    0  99   0   0   0   0   0   0   0   0   0   1   0   0   0   0   0   0   0   0  1.36 0.15
  110 K   -1  3  1 -1 -2  1  0 -2 -1 -2 -1  4  0 -3 -2  0  1 -3 -2 -2    1  21   6   0   1   1   1   1   1   1   3  47   5   0   0   1   9   0   0   1  0.38 0.07
  111 K   -2  1  0 -1 -4  7  1 -3  0 -4 -3  2 -1 -4 -2 -1 -2 -3 -2 -2    0   4   3   0   0  82   0   0   0   0   0   8   0   0   0   0   0   0   0   2  1.00 0.14
  112 S    1  2 -1 -2 -2 -1 -1  4 -2 -3 -3 -1 -2 -3 -2  2  0 -3 -3 -3   14  14   0   0   0   0   0  41   0   0   0   0   0   0   0  31   0   0   0   0  0.50 0.07
  113 R   -2  7 -1 -3 -5  0 -1 -3 -1 -4 -3  1 -2 -4 -3 -2 -2 -4 -3 -4    0 100   0   0   0   0   0   0   0   0   0   0   0   0   0   0   0   0   0   0  1.38 0.16
  114 S    0 -2  0 -1 -2 -1 -1 -1 -2 -3 -4 -1 -3 -3 -2  6  1 -4 -3 -3    0   0   0   0   0   0   0   0   0   0   0   0   0   0   0 100   0   0   0   0  0.95 0.15
  115 K   -2  2 -1 -2 -4  0  0 -3 -1 -4 -3  6 -2 -4 -2 -1 -2 -4 -3 -3    0   2   0   0   0   0   0   0   1   0   2  95   0   0   0   0   0   0   0   0  0.98 0.14
  116 Y   -3 -3 -3 -4 -4 -3 -3 -4  1 -3 -2 -3 -2  2 -4 -3 -3  1  9 -2    0   0   0   0   0   0   0   0   0   0   0   0   0   1   0   0   0   0  99   0  1.73 0.18
  117 G   -1 -3 -1 -2 -4 -3 -3  7 -3 -5 -5 -2 -4 -4 -3 -1 -3 -4 -4 -4    0   0   0   0   0   0   0 100   0   0   0   0   0   0   0   0   0   0   0   0  1.50 0.13
  118 T    4 -2 -2 -2 -1 -2 -2 -1 -2 -1 -2 -1 -1 -3 -2  1  2 -3 -2  1   64   0   0   0   0   0   0   1   0   0   0   0   0   0   0   1  23   0   0  11  0.45 0.09
  119 K   -2  2 -1 -2 -4  0  0 -3 -2 -4 -4  6 -2 -4 -2 -1 -2 -4 -3 -3    0   2   0   0   0   0   1   0   0   0   0  98   0   0   0   0   0   0   0   0  1.05 0.14
  120 K   -2  6 -1 -2 -3  1 -1 -3 -1 -4 -3  3 -2 -4 -3 -1 -2 -4 -3 -3    1  72   0   0   0   1   0   0   0   0   0  24   0   0   0   0   0   0   0   0  0.96 0.12
  121 P   -1 -3 -3 -2 -4 -2 -1 -3 -3 -4 -4 -2 -3 -5  8 -1 -2 -5 -4 -3    5   0   0   1   0   0   3   1   0   0   0   0   0   0  90   1   0   0   0   0  2.10 0.15
  122 K   -2  1 -1 -2 -4  0  0 -3 -2 -4 -4  6 -2 -4 -2 -1 -1 -4 -3 -3    0   0   0   0   0   0   0   0   0   0   0  98   0   0   0   1   1   0   0   0  1.04 0.14
  123 E    2  0  0  0 -2  1  1 -1 -1 -3 -3  3 -2 -3  1  1  0 -3 -2 -2   25   0   2   3   0   7   7   1   0   0   0  33   0   0   7  15   0   0   0   0  0.29 0.04
  124 A    3 -2 -1 -2 -1 -1 -1  3 -2 -2 -2 -1 -2 -3 -2  1  0 -3 -2 -1   52   0   0   0   0   2   0  33   0   0   0   0   0   0   0   9   3   0   0   0  0.44 0.03
  125 A    4 -2 -1 -2 -1 -1 -1  1 -2 -2 -2 -1 -1 -3 -1  1  0 -3 -2 -1   85   0   0   0   0   0   0   8   0   0   0   0   0   0   0   8   0   0   0   0  0.42 0.02

                      K         Lambda
Standard Ungapped    0.1343     0.3160
Standard Gapped      0.0573     0.2670
PSI Ungapped         0.1860     0.3075
PSI Gapped           0.0573     0.2670
