
Last position-specific scoring matrix computed, weighted observed percentages rounded down, information per position, and relative weight of gapless real matches to pseudocounts
           A  R  N  D  C  Q  E  G  H  I  L  K  M  F  P  S  T  W  Y  V   A   R   N   D   C   Q   E   G   H   I   L   K   M   F   P   S   T   W   Y   V
    1 M   -4 -5 -5 -6 -5 -4 -5 -6 -5 -2 -1 -5 11 -3 -6 -5 -4 -5 -4 -2    0   0   0   0   0   0   0   0   0   0   0   0  99   0   0   0   0   0   0   1  2.93 0.71
    2 G    1 -4 -3 -4 -4 -4 -4  6 -4 -5 -5 -3 -4 -5  2 -1 -2 -5 -5 -3   10   0   0   0   0   0   0  72   0   0   0   0   0   0  12   2   1   0   0   2  1.35 0.38
    3 K   -2  3  0  5 -5 -1 -1 -2  2 -4 -3  1 -3 -3 -3 -2 -2 -4  2 -4    1  23   2  38   0   1   1   3   6   0   3  10   0   0   1   1   1   0  11   0  0.67 0.27
    4 T    0 -3  1 -3  1 -1 -3 -4 -4  1 -3 -2 -3 -4  7 -1  1 -5 -4 -2    7   0   7   0   3   3   0   0   0   9   1   1   0   0  54   4   8   0   0   2  1.17 0.35
    5 Y   -2  1 -2 -2 -3 -1 -2  0 -1 -2 -2  3 -2 -1  3 -1  0  0  4 -2    2   5   1   1   0   1   1   9   0   2   4  25   0   1  13   2   6   1  23   1  0.40 0.20
    6 I   -3  6 -1 -3 -5 -1 -2  0 -2 -3 -3  3 -3  2 -4 -1 -1 -4 -1 -3    0  47   1   0   0   0   1   8   1   1   1  17   0   9   0   5   5   0   2   1  0.74 0.33
    7 N   -1  0  5 -1 -3 -1 -1 -2 -2 -2 -3  3 -2 -3  1  0  0 -3 -3  0    5   3  34   1   0   1   1   1   0   1   1  22   0   1   6   7   4   0   1  10  0.47 0.22
    8 T   -1  0  1 -3  4  1 -2 -3  4 -2 -1 -2 -2  2  0  0 -2 -2  4 -2    5   6   6   1  10   7   1   1  12   1   4   1   0  10   6   9   1   0  18   1  0.36 0.21
    9 S   -2  5 -1 -2  0 -2 -2  0 -1 -4 -4  2 -3 -5 -1  3  1 -5 -4 -4    0  33   1   1   2   0   0   9   1   0   0  10   0   0   3  28   9   0   0   0  0.64 0.35
   10 K   -4  2 -3 -4 -6  0 -2 -5 -4 -4 -5  8 -4 -6 -4 -3 -4 -6 -5 -4    0   7   0   0   0   2   0   0   0   1   0  88   0   0   0   0   0   0   0   1  1.95 0.70
   11 T   -2  1 -2 -3 -3  1 -2 -3 -3 -1 -1  3 -1  0 -3  0  5 -4 -3  0    1   7   0   0   0   7   0   1   0   3   4  20   1   4   0   4  40   0   0   5  0.52 0.32
   12 Y   -1 -5 -4 -5 -1 -4 -5 -5 -2 -3 -4 -5 -4  3 -6 -1 -4  7  8 -3    5   0   1   0   1   0   0   0   0   1   0   0   0  10   0   5   0  14  61   1  1.87 0.63
   13 S   -1  1  0  2 -4  0  3 -1 -2 -3 -3  2 -2 -4 -3  1  0 -4 -3  1    2   9   4  11   0   2  23   4   0   0   1  18   1   0   0  10   4   0   0  12  0.33 0.22
   14 T   -2  0 -2 -4 -4 -2 -3  0 -3 -3 -4  2 -3 -5 -2  0  6 -5 -4  0    1   6   1   0   0   0   0   7   0   0   0  16   0   0   1   5  57   0   0   6  0.90 0.46
   15 P   -5 -6 -3 -5 -7 -4 -5 -6 -6 -6 -4 -5 -6 -7  9 -5 -5 -7 -7 -4    0   0   1   0   0   0   0   0   0   0   2   0   0   0  95   0   0   0   0   1  3.01 0.86
   16 R   -3  5  2 -3 -5  0 -2 -1 -1 -5 -3  3 -3 -3 -1  0 -2 -5 -2 -4    1  42  13   0   0   2   0   4   1   0   2  20   0   1   3   7   2   0   1   0  0.77 0.37
   17 R   -3  6  0 -2 -6 -2 -2 -5  8 -6 -5  1 -1 -5 -5 -4 -3 -6 -3 -4    1  43   4   2   0   0   1   0  39   0   0   6   2   0   0   0   1   0   0   1  1.55 0.59
   18 P   -3 -2 -5 -2 -5 -5 -2 -6 -6  0 -4 -4 -5 -7  8 -4 -4 -7 -6 -5    2   2   0   2   0   0   2   0   0   5   1   0   0   0  85   0   0   0   0   0  2.49 0.77
   19 Y   -6 -6 -7 -8 -6 -6 -7 -7 -5 -5 -3 -7 -5  5 -7 -6 -6 11  5 -6    0   0   0   0   0   0   0   0   0   0   2   0   0  24   0   0   0  54  21   0  2.99 0.96
   20 E   -3  0  1  1 -6  2  5 -4 -3  0 -4  4 -4 -5 -4 -2 -3 -5 -4 -4    0   3   6   6   0  10  39   0   0   7   0  26   0   0   0   0   1   0   0   0  0.86 0.47
   21 K    0  2 -1 -3 -5  2 -1  0 -3 -4 -3  5 -3 -5 -4  1 -1 -5 -1 -2    8   9   2   0   0   8   2   9   0   0   1  41   0   0   0  13   2   0   2   3  0.60 0.38
   22 E    0 -3 -2  5 -5  1  5 -4 -3 -4 -4 -1 -5 -6 -1  0 -2 -6 -5 -3    9   1   0  29   0   4  42   0   0   1   1   2   0   0   3   6   2   0   0   1  0.96 0.50
   23 R   -1  7  3 -2 -6  0 -3 -2  1 -4 -2 -1 -4 -6 -4 -2 -3 -6 -5 -3    4  63  13   2   0   3   0   2   3   1   4   1   0   0   0   2   0   0   0   2  1.28 0.60
   24 L   -3 -3  3 -2 -3 -3 -4  0 -4  4  4 -3  1 -2 -2 -2 -2 -5 -4 -1    0   1  16   2   0   0   0   7   0  25  39   1   3   1   2   2   1   0   0   0  0.59 0.38
   25 D    0 -3 -1  4 -2  0  1 -2  4  1  0  0  0 -4 -4 -2 -3 -5 -3 -2    8   0   2  29   1   3  10   2  14   8  11   5   2   0   0   1   0   0   0   2  0.44 0.31
   26 N    1  4  1  0 -5  3  2 -3  3 -4 -4  0 -3 -5 -4  0 -2 -5 -2 -4   13  29   5   4   0  14  12   1   8   1   0   3   0   0   0   7   1   0   1   0  0.58 0.36
   27 E   -4 -4 -3  2 -8 -2  8 -6 -4 -7 -7 -2 -6 -7 -5 -4 -4 -7 -6 -6    1   0   0   8   0   0  89   0   0   0   0   1   0   0   0   0   1   0   0   0  2.24 0.90
   28 M    0  1  0 -3 -3 -1 -3 -3  2  1  3  0  2 -2 -4 -2  0 -2 -3  1    7   7   6   1   0   2   0   1   6  10  33   5   5   0   0   2   5   0   0  10  0.26 0.22
   29 K   -1  2 -1  0 -5  3  2 -3 -2 -3 -3  5 -2 -5 -3 -1 -3 -5 -3 -1    6   8   2   4   0  13  11   1   0   2   2  43   1   0   0   3   0   0   1   4  0.70 0.41
   30 L   -3 -5 -6 -6 -4 -5 -5 -6 -5  3  5 -3  0 -2 -5 -5 -1 -5 -2  3    0   0   0   0   0   0   0   0   0  15  52   1   2   0   0   0   3   0   1  25  1.00 0.47
   31 I   -1 -2 -5 -5  2 -3 -5 -5 -5  4  2 -3  6 -3 -5 -3 -2 -4 -2  3    4   3   0   0   4   1   0   0   0  25  14   1  23   0   0   1   1   0   1  21  0.76 0.41
   32 G   -1  4  0 -1 -5  0 -1  5 -1 -1 -5  1 -3 -5 -4 -2 -3 -5 -5 -4    3  24   4   3   0   4   2  41   1   4   0  10   0   0   0   2   1   0   0   1  0.76 0.41
   33 T   -2  4  0 -1 -5  1  4 -4 -3 -5 -3  3 -3 -5 -4 -2  0 -5 -3 -3    2  28   3   2   0   3  29   0   0   0   2  20   0   0   0   1   7   0   0   2  0.79 0.43
   34 F   -6 -6 -3 -7 -6 -5 -6 -7 -1 -5 -5 -6 -5  3 -7 -5 -5 -2  9 -5    0   0   2   0   0   0   0   0   1   0   0   0   0  11   0   0   0   0  85   0  2.86 0.99
   35 G   -1 -1 -3 -4 -4 -4 -4  6  6 -6 -5 -4  0 -4 -5 -3 -4 -5 -3 -6    3   4   1   0   0   0   0  68  18   0   0   0   2   1   0   0   0   0   1   0  1.60 0.65
   36 L   -4 -5 -6 -6 -4 -5 -6 -6 -6  4  6 -5 -1 -2 -6 -5 -4 -5 -4  0    0   0   0   0   0   0   0   0   0  20  73   0   0   1   0   0   0   0   0   5  1.41 0.59
   37 K   -3  5 -2 -3 -5  4 -1 -4 -3 -4 -4  4 -4 -5 -2 -2 -1 -5 -4 -2    1  33   1   0   0  23   2   0   0   0   1  28   0   0   2   2   3   0   0   2  1.04 0.51
   38 N   -3 -1  7  1  2 -1 -2 -1 -3 -6 -6  1 -5 -6 -5 -1 -2 -6 -5 -5    1   3  61   8   4   3   1   4   0   0   0   9   0   0   0   3   2   0   0   0  1.32 0.59
   39 K   -3  5 -4 -4 -6 -2 -3 -5 -4 -6 -5  7 -1 -6 -1 -3 -4 -6 -5 -5    2  25   0   1   0   0   0   0   0   0   0  65   2   0   3   1   0   0   0   0  1.65 0.72
   40 R   -3  5 -2  1  0 -1  4 -4  0 -6 -5  3 -4 -6 -4 -3 -2 -5 -4 -5    1  39   1   8   2   1  24   0   3   0   0  18   0   0   0   1   2   0   0   0  1.03 0.52
   41 E   -4 -4 -3  4 -7 -1  7 -5 -2 -6 -6 -3 -6 -7 -5 -2 -3 -6 -6 -6    0   0   1  24   0   1  69   0   1   0   0   0   0   0   0   2   1   0   0   0  1.80 0.78
   42 V   -4 -5 -5 -6 -4 -5 -5 -6 -3  3  4 -5 -2  0 -5 -5 -4 -3  6  3    0   0   0   0   0   0   0   0   0  13  37   0   0   2   0   0   0   0  28  18  1.06 0.52
   43 W   -5 -2 -3 -5 -6 -1 -5 -6  4 -5 -5 -1 -5 -2 -6 -4  1 11  0 -5    0   3   2   1   0   2   0   0  10   0   0   5   0   1   0   1   8  63   3   1  2.73 0.94
   44 R   -2  5 -3 -4 -6 -2 -2 -5 -3 -1 -2  6 -4 -5 -4 -3 -2 -6 -5 -2    3  36   0   0   0   1   1   0   0   4   4  46   0   0   0   1   1   0   0   2  1.22 0.59
   45 V    3 -4 -4 -5 -4 -4 -3 -4  1  0 -2 -4  1  1 -4 -2 -1 -3  6  3   28   0   1   0   0   0   1   1   3   3   2   0   3   4   0   2   3   0  28  22  0.76 0.46
   46 Q   -1  0  5 -1 -3  5  2 -3  0 -5 -4  2 -2 -5 -4 -1 -2 -5 -1 -5    6   4  26   1   0  25  15   1   2   0   1  11   1   0   0   4   1   0   2   0  0.74 0.45
   47 M    0  1 -1 -3 -4 -1 -2 -2 -2 -2 -1  3  0  2 -3  2  2 -3  2 -2    7   6   2   0   0   2   1   2   0   1   6  19   2   8   0  19  15   0   9   1  0.30 0.29
   48 I    0 -1 -3 -3 -3  1  0 -4 -2  2  2 -2  2  0 -3 -2  1 -3 -1  1    8   2   0   1   0   7   8   0   1  17  24   2   6   3   0   2  11   0   1   7  0.24 0.22
   49 L   -1 -5 -5 -6  6 -5 -5 -5 -5  0  5 -5 -2  0 -5 -1 -3 -5 -4  1    5   0   0   0  18   0   0   0   0   2  56   0   0   3   0   6   1   0   0   8  1.06 0.53
   50 A    1  5 -1 -2 -3 -2 -3  3 -2 -5 -4  1 -3 -5 -3  2 -2 -5 -4 -3   13  35   2   2   0   0   0  21   1   0   1   7   0   0   1  15   1   0   0   2  0.69 0.42
   51 K   -2  2  2  0 -5 -1  0 -2  1 -4 -3  4  1 -4 -4  1 -1 -1 -2 -4    1  13  11   5   0   1   6   2   4   1   1  34   4   0   0  13   2   1   1   0  0.54 0.37
   52 F   -3 -5 -5 -2 -2 -4 -5 -6 -1  5  1 -5  1  2 -5 -4 -2 -1  4  2    1   0   0   2   1   0   0   0   2  39  11   0   4   9   0   0   2   1  17  12  0.82 0.43
   53 R   -5  8 -4 -5 -5 -1 -4 -5  0 -5 -5  2 -5 -6 -5 -3 -1 -6 -5 -4    0  77   0   0   0   2   0   1   2   0   1  10   0   0   0   1   4   0   0   1  1.94 0.81
   54 K    0  4  1 -2 -5  1  0 -2  2 -5 -3  4 -3 -4 -4  0 -1 -5 -4 -4    7  26   7   1   0   7   5   2   6   0   2  26   0   1   0   7   4   0   0   1  0.60 0.37
   55 A    2  2 -2 -1 -3  3  1 -3 -3  0  2 -1  0 -2 -3 -1 -2 -4 -1  0   20  11   2   3   0  14   9   1   0   3  22   1   2   1   0   2   1   0   2   6  0.25 0.26
   56 A    7 -5 -5 -5 -3 -4 -4 -2 -5 -3 -5 -4 -4 -6 -4 -1 -1 -6 -5 -1   84   0   0   0   0   0   0   1   0   1   0   0   0   0   0   4   3   0   0   5  1.66 0.78
   57 R   -3  7  1 -4 -6 -1 -1 -3  4 -6 -4  0 -1 -6 -5 -2 -4 -6 -3 -6    1  67   6   0   0   1   3   2  11   0   1   3   1   0   0   2   1   0   1   0  1.59 0.72
   58 E   -1  3 -2  1 -4  0  3 -3  0 -1 -2  3 -1 -2 -3  0  0 -4  0 -2    3  17   1   8   0   2  21   0   2   3   2  20   2   1   0   7   5   0   3   2  0.39 0.29
   59 L   -4 -4 -7 -7 -5 -6 -6 -7 -6  2  6 -6 -1 -2 -6 -6 -5 -5 -5 -1    1   1   0   0   0   0   0   0   0   9  84   0   1   1   0   0   0   0   0   3  1.66 0.73
   60 L   -1 -1 -3 -5 -4  0 -4 -5 -4  1  5  1 -1 -2 -5  1 -3 -5 -4 -1    4   4   1   0   0   6   0   0   0   7  54   9   1   1   0  11   1   0   0   3  0.64 0.43
   61 T    2 -1 -1 -1 -3  0 -1  1 -2 -2  0 -1 -1 -3 -3  0  3 -4 -2 -2   22   3   1   3   0   4   2  12   0   2  11   4   1   1   0   6  25   0   1   1  0.29 0.27
   62 L   -1 -1 -3 -1 -4 -1 -1 -4 -2  0  5 -1  3 -1 -4 -2 -3 -4 -3 -1    4   4   1   3   0   3   3   1   1   4  55   5   7   1   0   3   1   0   0   3  0.58 0.38
   63 D    0  1  0  5 -4 -1  0 -2 -3 -3 -4  0 -2 -5  3  0  1 -5 -4 -2    7   8   2  32   0   2   5   2   0   1   0   4   1   0  16   6  10   0   0   3  0.56 0.35
   64 P    2 -1 -1  0 -4  1  3 -1 -1 -4 -3 -2 -3 -4  3  0  0 -4 -2 -2   17   3   2   4   0   7  25   4   1   0   2   0   0   0  18   7   6   0   1   2  0.47 0.32
   65 K   -1  1  2  1 -4  1  0  0 -2 -3 -2  4 -2 -4 -1  0  0 -4 -2 -3    3   8   9   9   0   5   5   7   0   1   4  30   1   0   2   6   5   0   2   1  0.35 0.24
   66 D   -2 -3  2  6 -4  0  0 -1  0 -3 -3 -2 -4 -4 -1 -1 -1 -5 -4 -3    3   1  11  51   0   3   5   5   2   1   3   2   0   0   3   3   4   0   0   2  0.90 0.44
   67 P    1 -2 -3  0 -5  0  3 -1 -3 -4 -4 -1 -2 -5  6 -1 -2 -5 -5 -3   10   2   1   4   0   4  19   5   0   1   1   3   1   0  40   4   2   0   0   2  0.91 0.47
   68 R   -2  3 -1 -1 -4  1  1 -2  3 -2 -3  2 -3  3 -1 -2 -1 -3  0 -1    3  16   1   4   0   7  12   2   7   2   1  14   0  17   2   1   4   0   3   4  0.31 0.26
   69 R    0  7 -3 -4 -5 -1 -1 -2 -4  0 -2 -1 -2 -2 -5 -3 -3 -5 -1 -2    7  61   1   0   0   2   3   3   0   7   4   2   1   2   0   1   1   0   2   3  1.10 0.57
   70 L    1  0 -2 -2 -3  0  0 -2 -1  2  2  0  1 -2 -1 -1 -1 -4 -3  1   17   5   1   1   0   4   8   3   1  18  19   4   2   0   3   4   3   0   0   7  0.14 0.16
   71 F   -2  2 -3 -2 -5  1  2 -4 -1  0 -1  3 -2  5 -2 -2 -2 -2 -2 -1    2  11   0   1   0   5  14   0   1   7   5  17   0  26   2   2   2   0   0   3  0.43 0.32
   72 E   -2  0 -2 -2  0  3  5 -4  3 -4 -2  1  2 -4 -3 -1 -2 -5 -1 -4    3   5   1   1   3  16  36   1   7   0   4   9   6   0   0   3   2   0   2   1  0.63 0.41
   73 G    1 -1 -2 -1 -3  0  3  4 -3 -3 -3  0 -2 -3 -4  1  1 -5 -4 -3    9   3   0   2   0   4  23  30   0   1   2   5   1   1   0  10   9   0   0   1  0.49 0.33
   74 S    0  1  2  2 -3  1  2 -1  0 -2 -2  1 -1 -1 -1  0 -1 -4 -1 -2    8   6  12  13   0   7  14   4   1   3   4   9   1   3   2   7   2   0   1   2  0.18 0.15
   75 A    3 -1 -1 -1 -1  3  1 -2 -2 -1  0 -1  0 -4  0  0 -2 -4 -3 -1   32   3   3   3   1  15   8   2   1   2  12   2   3   0   5   6   1   0   0   3  0.27 0.26
   76 L   -4 -5 -6 -6  0 -5 -5 -6 -5  1  6 -5  2  2 -5 -4 -4 -4 -3 -1    0   0   0   0   2   0   0   0   0   8  72   0   5   8   0   1   0   0   0   2  1.29 0.57
   77 L   -4 -4 -5 -6 -4 -3 -3 -6 -5  3  5 -2  2  0 -5 -5 -3 -4 -3  0    0   0   0   0   0   1   2   0   0  13  66   3   4   4   0   0   1   0   0   5  1.08 0.51
   78 R    0  4  2  1 -4  1  2  0 -1 -3 -2  1 -3 -4 -3  0 -2  1 -3 -4    7  23   9   8   0   4  18   7   1   1   3   6   0   0   0   5   1   2   0   0  0.35 0.27
   79 R   -3  5 -3 -4 -6 -1 -3 -3  1 -4 -4  5 -4 -1 -4 -1 -2  2 -4 -3    2  38   0   0   0   1   0   2   3   1   1  39   0   3   0   3   1   3   0   2  1.10 0.57
   80 M   -3 -2 -6 -6  3 -5 -6 -5 -6 -1  6 -3  4 -3 -6 -5 -4 -5 -4 -2    2   2   0   0   6   0   0   1   0   2  75   1  10   0   0   0   0   0   0   1  1.38 0.63
   81 F   -2 -1  0 -3 -3 -1 -2 -4  3  0 -1  0  0  2 -4 -1 -2  0  6  2    3   3   4   1   0   2   2   0   6   4   4   8   2   7   0   3   2   1  30  17  0.48 0.32
   82 K   -2  6  2  2 -3  0 -1 -3 -1 -4 -2  2 -1 -5 -4 -1 -2 -5 -4 -4    3  43  10  11   1   3   2   1   1   1   3  14   1   0   0   3   1   0   0   1  0.77 0.42
   83 Y   -2 -1 -3 -5 -4 -2 -4 -3 -2  3  2 -2  6  0 -4 -3 -2 -3  4  0    2   3   1   0   0   2   0   2   0  16  17   3  25   3   0   1   2   0  19   4  0.67 0.40
   84 G   -2 -3 -1 -4 -5 -4 -5  7 -5 -6 -3 -3 -5 -5 -5 -2 -2 -5 -2 -5    2   1   2   0   0   0   0  83   0   0   3   2   0   0   0   2   2   0   1   0  1.80 0.70
   85 L   -2 -4 -5 -5 -3 -4 -4 -2 -4  4  3 -3  1  1 -4 -3 -3 -4 -3  3    1   0   0   0   0   0   0   3   0  26  35   1   2   5   0   2   0   0   0  20  0.68 0.36
   86 L   -3 -4 -5 -5 -4 -2 -5 -3 -5  4  5 -4  2 -1 -5 -4 -3 -4 -3  1    1   0   0   0   0   2   0   2   0  22  59   0   3   2   0   0   0   0   0   6  1.00 0.47
   87 S    0 -1  1  3 -3 -1  0  0 -2 -2 -2  1 -2 -4  3  2  0 -4 -3 -2    5   2   9  16   0   2   6   8   1   3   3   8   1   0  15  16   4   0   0   2  0.30 0.20
   88 E   -1 -1  0  1 -4  0  4 -1 -1 -3 -3  0 -2 -4 -2  1  3 -4 -3 -2    4   2   4   8   0   2  34   4   1   2   1   5   1   0   2  11  18   0   0   2  0.48 0.32
   89 Q    0  0  0  1 -3  0  1  2 -2 -2 -3  2 -1 -3  1  1  1 -3 -2 -2    5   4   5   7   0   4  10  17   0   3   2  14   2   0   6  12   8   0   1   2  0.19 0.14
   90 E    0  1  2  2 -3  2  1  0  1 -3 -3  1 -2 -3 -2  1  0 -3 -3 -2    8   7  10  14   0  10   8   9   4   1   1  10   0   0   1   8   6   0   0   1  0.25 0.17
   91 R    1  0  1  0 -3  0  2 -1 -2 -2 -2  3  2 -2 -1  0 -1  2 -1 -2   12   5   6   3   0   2  12   4   0   2   2  24   8   2   2   8   2   3   1   2  0.22 0.20
   92 K    0 -1  0  1  0 -1  0  0 -1  0  0  2  1 -2 -1  1  1 -3 -1 -1    5   2   5   9   2   1   4   5   1   6  12  16   5   1   3  11   8   0   1   3  0.06 0.10
   93 L    0 -1 -3 -4 -3 -3 -2 -1 -3  1  4 -3  0 -1 -3  2 -1 -3 -3 -1    6   4   0   0   0   0   1   4   0   7  52   0   1   2   0  17   2   0   0   2  0.44 0.33
   94 D   -1 -1  1  6 -4 -1  1 -2 -1 -3 -2 -1 -2 -4 -3  0 -1 -5 -3 -2    6   4   5  52   0   2   7   2   1   1   4   2   1   0   0   6   2   0   1   2  0.74 0.38
   95 Y   -1  0 -1  2 -2  0 -1 -3 -1  0  1 -1  0  0 -3 -1 -1 -2  3  0    4   5   2  15   1   6   2   1   1   6  20   4   2   2   1   3   1   0  14   8  0.12 0.15
   96 V    0 -1 -3 -2  4 -2  2 -4 -3  2 -1 -3 -1 -3 -2 -2 -1 -4 -3  4    7   3   0   1  11   0  14   0   0  15   2   0   1   0   2   0   3   0   0  37  0.47 0.32
   97 L   -1 -2  1  0 -3 -1  1 -1  0 -1  4 -2 -1 -2 -4 -2 -2 -4 -3 -2    4   2   8   6   0   2   9   5   2   1  54   1   0   0   0   2   2   0   0   0  0.41 0.32
   98 G    1  0  1  0 -3  0 -1  2 -1 -3 -3  3 -3 -4 -2  2  0 -4 -3 -2   14   5   6   5   0   2   2  16   1   0   1  23   0   0   0  18   3   0   0   2  0.31 0.22
   99 L   -2 -4 -4 -4 -3 -3 -2 -5 -4  2  5 -4  1 -2 -4 -2 -3  0 -3  2    2   0   0   0   0   0   4   0   0   8  59   0   2   0   0   3   0   1   0  17  0.72 0.40
  100 T   -1 -1  3  1 -3  1  1 -2 -2 -3 -3  2 -2 -4 -1  1  4 -4 -3 -3    2   2  14   7   0   5   7   1   0   0   0  14   1   0   2   9  33   0   0   0  0.47 0.32
  101 I    1 -3 -3 -1 -2 -2 -2 -3 -3  2  0 -3 -1 -2  1 -1  1 -4 -3  4   12   0   0   4   0   1   2   1   0  13   5   0   0   0   6   3   9   0   0  42  0.40 0.28
  102 H    0 -1  0  0 -3  1  4 -2 -1 -4 -4 -1 -3 -4 -2  4  0 -4 -3 -3    6   3   3   2   0   5  28   2   1   0   0   1   0   0   1  40   5   0   0   1  0.61 0.39
  103 K    2 -2  2  4 -1  0  0  0  1 -3 -4  0 -3 -3 -2  1 -1 -4 -3 -2   19   1   8  31   1   2   2   7   5   1   1   5   0   1   0  13   1   0   0   2  0.41 0.23
  104 L   -3 -4 -4 -4 -3 -2 -3 -4 -3  3  2 -4  1  6 -3 -3 -3 -2  2  0    0   0   0   0   0   1   2   0   0  17  16   0   3  45   1   1   0   0   4   6  0.83 0.34
  105 M   -1 -4 -5 -5  7 -4 -4 -5 -4 -1  5 -4  2 -1 -4 -3 -3 -4 -3 -2    5   0   0   0  23   0   0   0   0   0  62   0   4   2   0   0   0   0   0   0  1.09 0.43
  106 E   -2  4  0  0 -4  0  4  0 -2 -4 -4  0 -3 -4 -3 -1 -2 -1 -3 -4    2  30   4   4   0   3  37   8   0   0   1   3   0   0   0   4   0   1   0   0  0.70 0.34
  107 R    0  8 -4 -5  0 -2 -3 -5 -3 -6 -5 -1 -4 -6 -5 -3 -4 -6 -5 -5    9  89   0   0   2   0   0   0   0   0   0   0   0   0   0   0   0   0   0   0  2.05 0.72
  108 R   -2  8 -3 -4 -2 -1 -3 -5 -3 -5 -5  0 -4  1 -5  0 -3 -5 -4 -5    2  81   0   0   1   1   0   0   0   0   0   1   0   6   0   7   1   0   0   0  1.69 0.63
  109 L   -4 -5 -6 -6 -4 -5 -5 -3 -5  0  6 -5  0 -1 -5 -1 -4 -4 -4 -2    0   0   0   0   0   0   0   2   0   3  87   0   1   2   0   5   0   0   0   0  1.33 0.53
  110 Q    1 -1 -3 -3 -5  7 -1 -2 -2 -5 -5 -2 -4 -6  3 -1 -3 -5 -4 -5   12   2   0   0   0  61   1   3   0   0   0   0   0   0  16   3   0   0   0   0  1.30 0.59
  111 T   -2 -4 -1 -1 -2 -3 -3 -4 -2 -1 -3 -3 -3 -2 -1  0  6 -2 -2  3    1   0   3   2   0   0   0   0   1   1   0   0   0   2   3   4  58   1   1  22  0.91 0.47
  112 R    0  0 -3 -4  0  3 -2 -4 -3  3  0 -1  0 -1 -4 -3 -2 -2 -3  3    7   5   0   0   2  17   0   0   0  21   8   2   2   3   0   0   0   0   0  31  0.40 0.27
  113 V   -1 -4 -5 -5 -1 -4 -4 -1 -5  0  0 -4  6 -3 -4 -4 -2 -4 -3  5    4   0   0   0   1   0   0   5   0   2   6   0  21   0   0   0   1   0   0  58  1.00 0.46
  114 F   -3 -4 -4 -3  3 -2 -3 -4  1 -1 -1 -3  0  5 -4 -3  0  0  5  2    1   0   0   1   7   2   1   0   4   0   4   1   2  31   0   1   5   0  20  19  0.70 0.34
  115 K   -2  5 -1 -3 -5  2 -1 -4 -1 -4 -4  5 -1 -5 -3 -1 -2 -5 -2 -3    2  38   2   0   0   8   2   0   1   0   1  38   2   0   0   3   1   0   1   1  0.96 0.41
  116 L    0  0  0 -3 -2  0 -2 -3 -2 -1  3  3  1 -2 -3  0 -1 -4 -3 -2    8   4   6   0   0   3   1   0   1   1  42  24   2   0   0   5   1   0   0   1  0.36 0.26
  117 N   -2  1 -1 -3 -5 -2 -3  6  0 -5 -3  3 -4 -4 -4 -2 -3 -5 -4 -5    1   9   3   0   0   0   1  59   2   0   2  20   0   1   0   1   0   0   0   0  1.04 0.42
  118 L   -4 -4 -5 -6 -4 -3 -5 -3  0 -1  5 -4  6  1 -5 -4 -2 -4  0 -1    0   0   0   0   0   0   0   2   3   1  56   0  28   5   0   0   1   0   3   0  1.08 0.47
  119 A    6 -4 -4 -4  3 -3 -4 -1 -4 -4 -4 -3 -4 -1 -4  1 -2 -5 -4 -1   79   0   0   0   5   0   0   2   0   0   0   0   0   3   0   6   1   0   0   3  1.25 0.55
  120 N   -2  2  1 -1 -5  2  3 -2 -1 -3 -4  5 -3 -5 -1 -1 -2 -5 -3 -3    1  10   6   2   0   9  20   3   1   1   1  39   0   0   2   2   2   0   0   1  0.63 0.33
  121 S   -2 -3  1 -2 -4 -3 -3 -3  1 -4 -4 -2 -4 -2 -4  5  5 -5 -4 -3    0   0   6   1   0   0   0   0   4   0   0   1   0   2   0  48  37   0   0   1  1.03 0.51
  122 I   -2 -4 -4 -4 -3 -4 -4 -5 -4  5  2 -4  2 -2  2 -3 -2 -4 -2  3    2   0   0   0   0   0   1   0   0  39  16   0   5   0  12   0   2   0   1  21  0.69 0.32
  123 H   -3  2 -2 -2 -5  1 -1 -3  7 -4 -4  4 -3 -3 -2  0 -3 -3  2 -4    0  10   1   1   0   6   1   1  35   0   1  27   0   0   1   7   1   0   7   0  0.91 0.41
  124 H    0 -2 -1  0 -4  4  2 -3  7 -4 -4 -2  0 -4 -4 -1 -1 -4 -2 -4    9   1   2   5   0  24  12   1  37   1   0   0   2   0   0   3   3   0   0   0  0.97 0.43
  125 S    6 -4 -4 -2 -3 -3 -3 -2 -4 -4 -4 -3 -4 -5 -3  0 -3 -5 -4 -2   87   0   0   2   0   0   0   2   0   0   0   0   0   0   0   4   0   0   0   1  1.42 0.59
  126 R   -3  6 -2 -4 -1 -2 -3 -4  2 -1 -3 -1 -3 -4 -4 -3  1 -5 -3  2    1  58   1   0   1   0   0   0   5   3   0   0   0   0   0   0   9   0   0  17  0.98 0.46
  127 V   -2 -1 -1 -3  0  4 -1 -4 -3 -1 -2  1 -1 -3 -3 -1  2  0 -3  3    2   2   2   0   2  28   0   0   0   2   1  11   1   0   0   2  15   2   0  27  0.45 0.32
  128 L   -2 -4 -5 -6 -4 -4 -5 -5 -3  0  4 -4  2  5 -4 -4 -3 -2  3 -2    2   0   0   0   0   0   0   0   0   2  51   0   5  26   1   0   1   0  12   0  0.95 0.40
  129 I   -4 -5 -6 -6 -4 -5 -5 -6 -6  7  0 -5 -1 -3 -5 -5 -3 -5 -4  3    0   0   0   0   0   0   0   0   0  77   4   0   0   0   0   0   0   0   0  15  1.52 0.55
  130 R   -1  3 -1 -2 -4  1  3 -3 -2 -1 -2  0 -1 -2 -3 -1  2 -4 -2  1    2  21   2   0   0   4  27   1   0   2   3   5   1   1   0   2  16   0   1  12  0.36 0.25
  131 Q   -3 -1 -2 -3 -5  7  0 -2  7 -5 -5 -1 -3 -5 -4 -3 -4 -5 -3 -5    1   1   1   0   0  57   4   2  30   0   0   2   0   0   0   1   0   0   0   0  1.67 0.62
  132 R   -1  4 -2 -3  0 -2 -3  5  0 -3 -5  0 -4 -5 -4 -2 -3 -5 -4 -5    4  28   0   0   3   0   0  54   2   1   0   5   0   0   0   1   0   0   0   0  1.05 0.42
  133 H   -5 -1 -3 -4 -2  0 -3 -5 10 -6 -5 -2 -3 -2 -5 -4 -1 -5 -2 -6    0   3   0   0   1   3   0   0  84   0   1   2   1   1   0   0   4   0   0   0  2.62 0.78
  134 I   -3 -5 -5 -5 -3 -3 -5 -6 -3  6 -1 -5 -1  1 -5 -4 -3  3 -3  4    0   0   0   0   0   1   0   0   1  61   1   0   0   5   0   0   0   4   0  28  1.22 0.47
  135 K    1  6 -2 -3 -2 -1 -1 -3 -2 -2 -3  0  1 -3 -3  1  0 -4 -2  0   11  50   0   0   1   2   2   1   0   1   1   2   4   1   0  10   6   0   1   7  0.64 0.32
  136 V   -2 -5 -5 -5 -2 -4 -5 -5 -1  3  0 -4  0 -2 -4 -3 -2 -5 -3  6    1   0   0   0   1   0   0   0   2  17   6   0   1   1   0   1   0   0   1  69  1.13 0.46
  137 G    0  1  2  1 -3 -2 -2  5 -2 -3 -4  0 -4 -5 -4 -1 -3 -4 -4 -4    6  10  11   7   1   0   1  54   1   2   1   5   0   0   0   1   0   0   0   0  0.80 0.33
  138 K   -2  1 -1  1 -4 -1  0  3 -3 -3 -4  2 -2 -4  4  0 -1 -4 -3 -3    1   8   2   8   0   0   5  24   0   1   1  18   1   0  22   5   2   0   1   1  0.52 0.25
  139 N   -1  3  1  1 -4  5  2 -3  1 -4 -4  0 -2 -4 -3 -1 -2 -4 -2 -2    4  20   6   9   0  34  10   1   3   0   0   4   1   0   0   2   1   0   1   3  0.63 0.33
  140 L   -2  2 -3 -4 -3 -1 -2 -4 -3  2  1  1  0 -2 -2 -2  1  3 -2  3    1  14   0   0   0   1   1   0   0  16   9   9   1   1   1   0  10   4   0  30  0.34 0.24
  141 V   -2 -4 -3 -5 -1 -4 -4 -4 -2  4 -1 -4  0 -3 -4 -1 -2 -5 -3  6    1   0   1   0   1   0   0   1   1  20   1   0   2   0   0   4   1   0   0  65  1.05 0.45
  142 N   -2  0  5  1 -3 -2 -2 -3 -2 -3 -3  0 -2 -4 -3  0  5 -5 -4 -3    2   4  29   8   0   1   0   1   0   0   1   4   1   0   0   3  42   0   0   1  0.79 0.41
  143 V   -1 -1 -1  4 -2 -2 -2 -3 -3  4 -2 -1 -2 -3 -3  0 -1 -4 -3  3    3   2   1  26   1   1   1   1   0  28   0   5   0   0   0   7   1   0   0  22  0.46 0.29
  144 P   -3 -4 -5 -5 -6 -4 -4 -5 -5 -5 -3 -4 -5 -6  8 -3 -4 -6 -6 -5    1   1   0   0   0   0   0   0   0   0   3   0   0   0  92   1   0   0   0   0  2.78 0.79
  145 S    3 -2 -1 -3 -3 -2 -3  2 -3 -4 -4 -2 -3 -1 -3  5 -1 -4 -3 -3   26   1   2   0   0   0   0  18   0   0   0   0   0   3   0  47   1   0   0   0  0.76 0.39
  146 F   -4 -2 -5 -5 -2 -4 -5 -5 -1 -2 -2 -2  0  7 -5 -4 -3 -1  6 -3    0   3   0   0   1   0   0   0   1   1   2   2   3  52   0   0   1   0  32   1  1.52 0.52
  147 M   -2 -2 -3 -4 -1 -3 -4 -4 -1  2  4 -1  5 -1 -3 -3  0 -3 -2  1    1   1   1   0   1   0   0   0   2  12  41   3  19   1   1   0   6   0   0  10  0.55 0.28
  148 V   -3 -5 -5 -5 -3 -5 -5 -5 -5  1 -1 -5 -2 -2 -5 -4 -3 -5 -4  7    0   0   0   0   0   0   0   0   0   5   2   0   0   1   0   0   0   0   0  90  1.64 0.59
  149 R   -2  5 -1 -1 -4 -1  0 -3 -2 -3 -2  1 -2 -4 -1  0  4 -2 -3 -3    2  34   2   3   0   1   5   0   0   0   4   8   0   0   3   6  31   0   0   0  0.59 0.33
  150 T    0  5 -3 -3 -3 -1 -2 -3 -3 -1  1  1 -1 -3  0 -2 -1 -4 -3  2    6  34   0   0   0   1   1   1   0   2  15   8   1   0   4   1   3   0   0  21  0.42 0.27
  151 D   -1 -2  3  5 -4 -1  3  0  1 -4 -5 -1 -4 -4 -2  1 -1 -5 -3 -4    3   0  15  33   0   1  18   7   4   0   0   1   0   0   1  11   2   0   0   1  0.64 0.30
  152 S   -2 -2  0 -1 -1  0  4 -3 -3 -3  0 -1  5 -2 -3  3 -1 -4 -3 -3    0   0   3   3   1   2  27   0   0   0  10   1  18   1   0  30   1   0   0   1  0.55 0.36
  153 E   -3 -3 -2 -1 -6  4  7 -4 -3 -5 -5 -2 -4 -6 -4 -2 -3 -5 -4 -5    1   0   1   1   0  16  75   1   0   0   0   0   0   0   0   1   1   0   0   0  1.57 0.61
  154 K    0 -1  0  5 -4 -1  0  0 -2 -4 -4  4 -1 -5 -1 -1 -2 -5 -4 -4    7   2   3  40   0   0   4   5   0   1   0  29   2   0   3   2   2   0   0   0  0.71 0.34
  155 S   -2 -2 -1 -2 -4 -1 -2 -3  6 -2  0  0 -2  4 -4 -1  0 -2  3 -3    2   1   3   1   0   2   2   1  28   1  10   6   1  23   0   4   7   0   9   0  0.60 0.31
  156 I   -3 -5 -5 -5 -3 -4 -5 -5 -5  6  1 -4 -1 -2 -5 -2 -3 -5 -3  4    0   0   0   0   0   0   0   0   0  57   7   0   0   1   0   4   0   0   0  30  1.14 0.44
  157 D    0 -2  0  4 -4  0  2  0  0 -3 -4 -1 -3 -4 -3  0  4 -4 -3 -3    7   1   4  30   0   3  11   5   2   0   0   2   0   0   0   5  28   0   1   0  0.55 0.30
  158 F   -4 -5 -5 -6 -3 -5 -5 -5 -3 -1 -1 -5 -2  6 -5 -5 -4  8  5 -2    0   0   0   0   1   0   0   0   0   3   6   0   0  43   0   0   0  26  18   1  1.72 0.54
  159 A    2 -3  0  1 -3 -2 -2 -3  0 -1 -2 -2 -2 -2 -3  3  0 -3  2  2   16   0   4   8   0   0   1   0   2   2   1   0   0   1   0  28   5   0  10  21  0.32 0.26
  160 S   -1 -2 -2  3 -3 -1  1 -1 -1 -1  2 -2 -1 -2  3 -1 -1 -4 -3 -1    3   1   0  25   0   1  11   4   2   3  24   1   1   1  14   3   2   0   0   3  0.32 0.21
  161 T   -1  1  2 -2  0 -1 -1  0  0 -3 -3  1 -3 -1 -2  1  4 -4  0 -2    2   7  13   1   2   1   2   7   2   1   0   8   0   2   1  12  33   0   3   0  0.36 0.25
  162 S   -2 -4 -3 -4  1 -3 -3 -4 -4 -5 -5 -3  1 -1 -4  7 -1 -6 -5 -5    0   0   0   0   3   0   0   0   0   0   0   0   3   2   0  90   1   0   0   0  1.70 0.71
  163 P   -1 -1 -2 -3 -2 -3 -3 -4 -4 -5 -5  4 -4 -6  7 -1 -2  1 -5 -3    4   2   1   1   1   0   0   0   0   0   0  24   0   0  58   3   1   2   0   2  1.54 0.54
  164 L   -3 -4 -4 -5 -3 -4 -5 -5 -3  4  3 -4  1  4 -5 -3 -3  0  3  0    0   0   1   0   0   0   0   0   0  28  31   1   3  19   0   2   1   1  11   1  0.69 0.33
  165 G    3 -2  0 -2 -2 -1 -1  4 -2 -3 -3 -1 -1 -3 -1  1  1 -2 -3 -2   28   1   3   1   1   1   2  33   0   1   1   4   2   1   2   8   8   1   0   2  0.39 0.18
  166 G   -1  0  1  2 -2  0 -1  4 -2 -2 -3 -1 -2 -3 -2  1 -1 -3 -3  0    2   5   8  16   1   3   2  36   0   1   1   3   0   0   1   9   3   0   0   9  0.37 0.17
  167 G    1 -1  0  0 -3  0  2  4 -1 -3 -3 -1 -1 -3 -1  0  1 -3 -3 -2   10   2   3   4   0   2  21  35   1   1   1   1   2   1   2   6   8   0   1   1  0.39 0.17
  168 R   -1  4  0 -2 -2  0 -1 -2  0 -1  0  3 -2 -3  1 -1 -2 -3 -2 -2    5  33   5   1   1   1   1   2   2   3  11  23   0   0   8   2   1   0   0   2  0.36 0.18
  169 E    0  0 -2 -2 -4 -1  2 -3  2 -4 -2 -1 -3 -4  6 -2 -2 -4 -3 -3    8   6   1   0   0   1  19   0   7   0   5   2   0   0  47   0   0   0   0   1  0.96 0.30
  170 G   -1 -3  1 -1 -3 -2  0  5 -3 -4 -4 -2 -3 -4  0  2 -1 -4 -4 -3    2   0   8   1   0   1   6  53   0   0   1   0   0   0   6  16   1   0   0   2  0.70 0.26
  171 R   -2  6 -2 -2 -4  0  1 -3  4 -3 -2  1 -2 -3 -3 -2 -1 -3 -1 -1    1  57   0   0   0   1   7   1  13   1   2   3   0   0   0   1   2   0   2   7  0.82 0.31
  172 T   -1  1  0 -3 -1 -1 -2 -3 -3  1  0  0 -1 -2  2  1  0 -3 -1  3    0  10   4   0   1   1   0   0   0   3   7   5   1   0   9  14   4   0   1  39  0.23 0.17
  173 K    0  2 -1 -2 -4  1  1 -2 -2 -3 -4  6 -3 -2 -3 -1 -1 -4 -3 -3    8   8   1   0   0   4  10   2   0   2   0  60   0   1   0   1   2   0   0   0  0.74 0.31
  174 R   -3  7 -1 -3 -5  1 -1 -4 -2 -5 -4  2 -3 -4 -4 -2 -2 -4  2 -4    0  74   2   0   0   5   3   0   0   0   0   8   0   0   0   0   1   0   8   0  1.29 0.40
  175 K   -1  2 -2 -2 -4  0  1 -3 -2 -3 -4  6  0 -4 -3 -1 -1 -5 -3 -3    2  10   0   0   0   0   7   0   0   1   0  71   4   0   0   2   3   0   0   0  0.93 0.34
  176 N   -1  1  6  0 -3 -1 -1 -2 -1 -1 -3  1 -1 -4 -3  0  0 -5 -3 -1    6   8  54   3   0   0   2   0   1   4   1   7   2   0   0   3   4   0   0   6  0.60 0.24
  177 A    2  0 -1 -2 -2  2  1 -2 -1 -1  1  2  3 -2 -2 -1 -1 -3 -2 -1   24   1   2   0   0  14   7   0   1   1  16  18  12   0   0   2   0   0   0   2  0.21 0.15
  178 K   -1  3 -1 -2 -4  1  0 -2 -2 -3 -3  6 -2 -4 -2  0 -1 -4 -3 -1    3  11   1   0   0   4   3   1   0   0   0  68   0   0   0   4   1   0   0   4  0.75 0.23
  179 K   -2  3 -1 -2 -4  2  0 -3 -2 -4 -3  6 -2 -4 -2 -1 -2 -4 -3 -3    0  10   0   0   0   7   0   0   0   0   0  83   0   0   0   0   0   0   0   0  0.93 0.18

                      K         Lambda
Standard Ungapped    0.1361     0.3207
Standard Gapped      0.0454     0.2670
PSI Ungapped         0.1482     0.3178
PSI Gapped           0.0454     0.2670
