
Last position-specific scoring matrix computed, weighted observed percentages rounded down, information per position, and relative weight of gapless real matches to pseudocounts
           A  R  N  D  C  Q  E  G  H  I  L  K  M  F  P  S  T  W  Y  V   A   R   N   D   C   Q   E   G   H   I   L   K   M   F   P   S   T   W   Y   V
    1 G    0 -3 -1 -2 -3 -2 -2  6 -2 -4 -4 -2 -3 -4 -2 -1 -2 -3 -3 -4    0   0   0   0   0   0   0 100   0   0   0   0   0   0   0   0   0   0   0   0  1.14 0.03
    2 K   -2  2  1 -1 -4  4  1 -2 -1 -4 -3  4 -2 -4 -2 -1 -1 -3 -2 -3    0   8   6   1   0  37   0   0   0   0   0  47   0   0   0   0   0   0   0   0  0.65 0.11
    3 K   -2  1  1 -2 -4  0 -1 -3 -2 -4 -2  6 -3 -4 -3 -1 -2 -4 -3 -2    0   3   6   0   0   0   0   0   0   0   4  83   0   0   0   1   0   0   0   2  1.01 0.24
    4 S   -1 -2  0 -2 -3 -2 -1 -2  1 -3 -3 -2  0 -4  4  3  4 -4 -3 -2    1   0   2   0   0   0   1   0   4   0   0   0   3   0  24  28  37   0   0   0  0.68 0.17
    5 K   -2 -1 -3 -3 -1 -2 -2 -4 -1 -1  2  2  0  5 -2 -1 -1 -2  0  0    0   0   0   0   1   0   0   0   1   0  21  24   0  37   1   3   2   0   1   9  0.38 0.13
    6 A    2  3 -2 -2 -3 -1 -2  4 -2 -2 -3  1 -1 -3 -2  0 -2 -4 -3 -2   25  21   0   0   0   0   0  34   0   4   1   9   1   0   1   3   0   0   0   0  0.43 0.12
    7 T   -2  2 -2 -2 -3  1 -1 -3 -2  2 -1  3  0 -2 -2 -1  1 -3 -2  1    0  16   0   0   0   8   0   0   0  18   3  29   1   0   0   0  15   0   1   9  0.27 0.11
    8 K   -2  1 -2 -2 -5  0 -1 -3 -2 -4 -4  7 -3 -5 -3 -2 -2 -5 -3 -4    0   0   0   0   0   0   0   0   0   0   0 100   0   0   0   0   0   0   0   0  1.43 0.28
    9 K   -2  2 -2 -2 -3  2 -1 -3 -2  2  1  2  1 -1 -3 -1 -1 -3 -2  0    0  10   0   0   0  14   1   0   0  16  19  25   4   2   0   1   2   0   0   5  0.21 0.08
   10 R   -2  6 -2 -3 -2  0 -1 -3 -2 -1 -3  3 -2 -1 -3 -2 -1 -4 -2 -2    0  63   0   0   1   0   0   0   0   5   0  24   0   4   0   0   2   0   0   1  0.88 0.19
   11 L   -3 -3 -5 -5 -3 -3 -4 -5 -1  0  5 -4  3 -1 -4 -4 -2 -3 -1  0    0   0   0   0   0   0   0   0   2   0  91   0   5   0   0   0   0   0   1   0  0.96 0.20
   12 A    5 -3 -1 -3 -2 -2 -2  1 -3 -2 -2 -2 -1 -3 -2  1 -1 -4 -3 -1   76   0   2   0   0   0   0  11   0   1   2   0   2   0   0   5   0   0   0   1  0.69 0.18
   13 K   -2  2 -2 -2 -5  0 -1 -3 -2 -4 -4  7 -3 -5 -3 -2 -2 -5 -3 -4    0   6   0   0   0   0   0   0   0   0   0  94   0   0   0   0   0   0   0   0  1.31 0.26
   14 L    4  0 -2 -3 -2 -1 -2 -2 -2 -2 -1  3 -2  0 -2  0 -1 -3 -2 -2   60   2   0   0   0   0   0   0   0   0   8  25   0   4   0   0   0   0   1   0  0.48 0.16
   15 D    0 -1  0 -1  1  2  1 -2  2  0  1  0  2  0 -2 -1  0 -2  0 -1    7   0   4   2   5  19   7   1   7   3  21   4   7   3   0   1   5   0   2   2  0.10 0.06
   16 N   -2  4  1 -1 -1  0  0 -3 -2 -4 -3  5 -1 -4 -3 -1 -2 -4 -3 -3    1  25   7   1   2   1   2   0   0   0   0  58   2   0   0   0   0   0   0   1  0.75 0.17
   17 Q   -1  0 -2 -2 -4  8  0 -3 -1 -4 -4  0 -2 -5 -3  1 -2 -4 -3 -4    3   1   0   0   0  88   0   0   0   0   0   0   0   0   0   8   0   0   0   0  1.40 0.29
   18 N   -3 -2  8  0 -5 -2 -2 -2 -1 -5 -5 -2 -4 -5 -4 -1 -2 -6 -4 -5    0   0 100   0   0   0   0   0   0   0   0   0   0   0   0   0   0   0   0   0  1.81 0.31
   19 S   -2  7 -1 -3 -4  1 -1 -3  1 -4 -4  1 -3 -4 -3  1 -1 -4 -3 -4    0  76   1   0   0   4   0   0   3   0   0   0   0   0   0  15   2   0   0   0  1.09 0.22
   20 R   -1  5 -2 -3 -4 -1 -2 -3 -2 -4 -4  0 -3 -5  6 -1 -2 -5 -4 -4    3  49   0   0   0   0   0   0   0   0   0   0   0   0  44   3   1   0   0   0  1.25 0.21
   21 V   -1 -4 -4 -4 -2 -3 -4 -4 -4  4  2 -3  1 -1 -1 -3 -1 -4 -2  4    3   0   0   0   0   0   0   0   0  30  13   0   2   0   2   0   0   0   0  50  0.59 0.14
   22 P   -3 -4 -4 -3 -5 -3 -3 -4 -4 -5 -5 -3 -4 -6  9 -3 -3 -6 -5 -4    0   0   0   0   0   0   0   0   0   0   0   0   0   0 100   0   0   0   0   0  2.72 0.32
   23 A    2 -1  0 -2 -2  4 -1  0  0  0  0 -1  0 -2 -1  0  0 -3 -1  0   24   0   4   0   0  32   0   5   2   6   9   0   3   0   2   1   5   0   2   6  0.21 0.10
   24 W   -5 -5 -6 -6 -4 -4 -5 -5 -4 -5 -4 -5 -3  2 -6 -5 -5 12  0 -5    0   0   0   0   0   0   0   0   0   0   0   0   0   7   0   0   0  93   0   0  3.57 0.40
   25 V    0 -4 -4 -4 -2 -3 -4 -4 -4  4  0 -3  0  1 -3 -3 -1 -3 -1  5    8   0   0   0   0   0   0   0   0  26   0   0   0   7   0   0   0   0   1  57  0.60 0.15
   26 M   -2  4 -3 -3 -3 -1 -2 -4 -2  3  0 -1  4 -2 -3 -2 -1 -1  0  1    0  38   0   0   0   1   0   0   0  29   0   0  20   0   0   0   3   1   3   5  0.50 0.16
   27 L   -1 -3 -4 -4 -2 -2 -3 -3 -3  3  3 -3  5  0 -4 -3 -2 -3 -1  2    5   0   0   0   0   0   0   2   0  17  38   0  26   1   0   0   0   0   1  10  0.49 0.13
   28 K   -2  5 -2 -2 -5  0 -1 -3 -2 -4 -4  6 -3 -4 -3 -2 -2 -4 -3 -4    0  32   0   0   0   0   0   0   0   0   0  68   0   0   0   0   0   0   0   0  1.10 0.22
   29 T   -1 -3 -2 -3 -2 -2 -2 -3 -3 -2 -3 -2 -2 -4 -3  1  7 -4 -3 -2    1   0   0   0   0   0   0   0   0   0   0   0   0   0   0   3  96   0   0   0  1.31 0.28
   30 D   -2  0  4  3 -4  0  0  2 -1 -3 -3  2 -1 -4 -3  0 -1 -4 -3 -3    1   4  29  25   0   3   0  17   0   1   1  15   2   0   0   2   0   0   0   0  0.49 0.12
   31 E   -2  6  3 -2 -4  0 -1  1 -1 -4 -4  1 -3 -4 -3 -1  0 -4 -2 -4    0  58  22   0   0   1   1   9   0   0   0   2   0   0   0   1   5   0   1   0  0.78 0.18
   32 R   -2  4  0 -2 -4  1  0 -3 -1 -3 -3  4 -2 -1 -3  0  0 -2  3 -3    1  31   2   1   0   3   1   0   0   0   0  38   0   2   0   4   4   0  13   0  0.55 0.14
   33 N   -3  0  6 -1 -4 -1 -2 -2  6 -5 -5 -2 -3 -4 -3  0 -2 -5 -2 -4    0   3  62   0   0   0   0   0  29   0   0   0   0   0   0   5   0   0   0   0  1.19 0.23
   34 H    3 -3 -3 -3 -3 -2 -2 -2  0 -3 -3 -1 -2 -2  7  0 -2 -4 -2 -3   33   0   0   0   0   0   1   0   2   0   0   1   1   2  56   3   1   0   1   0  1.21 0.19
   35 K   -2  2 -1 -2 -4  0 -1 -3  1 -4 -2  6 -1 -4 -3 -2 -2 -4 -3 -3    0   5   1   0   0   0   0   0   3   0   4  86   1   0   0   0   0   0   0   0  1.04 0.23
   36 R   -3  7 -2 -3 -5  0 -1 -4 -2 -4 -2  1  2 -4 -1 -2 -3 -4 -3 -3    0  84   0   0   0   2   1   0   0   0   1   0   9   0   3   0   0   0   0   0  1.26 0.24
   37 R   -3  8 -2 -3 -5  0 -2 -4 -2 -5 -4  1 -3 -5 -4 -2 -3 -4 -3 -4    0  98   0   0   0   0   0   0   0   0   0   2   0   0   0   0   0   0   0   0  1.68 0.28
   38 H   -3 -2  4 -1 -4 -1 -2 -3  8 -4 -3 -2 -2 -1 -4  0 -2 -4  1 -4    0   0  24   2   0   1   0   0  59   0   2   0   1   2   0   5   0   0   4   0  1.18 0.23
   39 W   -5 -5 -6 -7 -5 -4 -5 -5 -5 -5 -4 -5 -4 -1 -6 -5 -5 12  0 -5    0   0   0   0   0   0   0   0   0   0   0   0   0   0   0   0   0 100   0   0  3.94 0.43
   40 R   -3  8 -2 -3 -5  0 -2 -4 -2 -5 -4  1 -3 -5 -4 -2 -3 -4 -3 -4    0  97   0   0   0   0   0   0   0   0   0   3   0   0   0   0   0   0   0   0  1.67 0.28
   41 R   -3  7 -2 -3 -5  0 -2 -4  1 -4 -4  1 -1 -4 -4 -2 -3 -4 -3 -3    0  91   0   0   0   0   0   0   3   0   0   3   2   0   0   0   0   0   0   1  1.44 0.26
   42 N   -1 -1  3 -1 -2 -1 -1 -1 -1 -3 -3  0 -2 -4 -2  3  4 -4 -3 -2    0   1  22   0   0   1   0   3   1   0   0   6   0   0   0  24  42   0   0   0  0.54 0.15
   43 D   -2  1  1  3 -4  0  0 -2 -2 -4 -4  5 -3 -4 -2  1  0 -4 -3 -3    0   2   7  18   0   0   0   0   0   0   0  57   0   0   0  11   5   0   0   0  0.62 0.16
   44 T   -2 -3 -4 -4 -2 -3 -4 -5 -4  1  5 -3  2 -1 -4 -3  0 -3 -2  0    0   0   0   0   0   0   0   0   0   6  81   0   2   0   0   0   9   0   0   2  0.74 0.17
   45 D   -2  0  4  4 -4  0  1 -1 -1 -4 -4  2 -3 -4 -1  0 -1 -4 -3 -3    0   0  38  35   0   0   6   0   0   0   0  19   0   0   2   0   0   0   0   0  0.60 0.06
   46 E   -1  0  0  1 -4  2  5 -2  0 -4 -3  2 -2 -4 -1  0 -1 -3 -2 -3    0   0   0   0   0   0  82   0   0   0   0  18   0   0   0   0   0   0   0   0  0.70 0.03

                      K         Lambda
Standard Ungapped    0.1245     0.3125
Standard Gapped      0.0410     0.2670
PSI Ungapped         0.1716     0.3156
PSI Gapped           0.0525     0.2670