
Last position-specific scoring matrix computed, weighted observed percentages rounded down, information per position, and relative weight of gapless real matches to pseudocounts
           A  R  N  D  C  Q  E  G  H  I  L  K  M  F  P  S  T  W  Y  V   A   R   N   D   C   Q   E   G   H   I   L   K   M   F   P   S   T   W   Y   V
    1 A    6 -2 -3 -3 -1 -2 -2 -1 -3 -2 -2 -2 -2 -3 -2  0 -1 -4 -3 -1  100   0   0   0   0   0   0   0   0   0   0   0   0   0   0   0   0   0   0   0  0.90 0.16
    2 R   -3  7 -2 -3 -5  0 -1 -4 -1 -4 -3  1 -3 -4 -3 -2 -2 -4 -3 -4    0 100   0   0   0   0   0   0   0   0   0   0   0   0   0   0   0   0   0   0  1.45 0.19
    3 I   -2 -4 -4 -4 -2 -3 -4 -5 -4  5  3 -4  1 -1 -4 -3 -2 -3 -2  2    0   0   0   0   0   0   0   0   0  71  25   0   0   0   0   0   0   0   0   4  0.70 0.12
    4 A    5 -2 -2 -2 -1 -2 -1 -1 -2 -1 -2 -2 -2 -3 -2  1 -1 -3 -3  0   77   0   0   0   0   0   2   0   0   2   0   0   0   0   0  11   0   0   0   8  0.57 0.12
    5 G   -1 -3 -1 -2 -4 -3 -3  7 -3 -5 -5 -3 -4 -4 -3 -1 -3 -4 -4 -4    0   0   0   0   0   0   0 100   0   0   0   0   0   0   0   0   0   0   0   0  1.55 0.17
    6 V   -1 -4 -4 -4 -2 -3 -4 -4 -4  2  0 -3  0 -2 -3 -3 -1 -4 -2  6    0   0   0   0   0   0   0   0   0   7   0   0   0   0   0   0   0   0   0  93  0.85 0.15
    7 E   -3 -3  1  7 -5 -1  1 -2 -2 -4 -5 -2 -4 -5 -3 -1 -2 -5 -4 -4    0   0   2  94   0   0   4   0   0   0   0   0   0   0   0   0   0   0   0   0  1.45 0.18
    8 I   -2 -3 -4 -4 -2 -3 -4 -5 -4  3  5 -3  1  0 -4 -3 -2 -3 -2  1    0   0   0   0   0   0   0   0   0  21  78   0   0   0   0   0   0   0   0   1  0.71 0.12
    9 P   -2 -3 -3 -3 -4 -3 -2 -4 -4 -4 -4 -2 -4 -5  8 -2 -2 -5 -4 -4    0   0   0   0   0   0   0   0   0   0   0   0   0   0 100   0   0   0   0   0  2.55 0.23
   10 R   -2  7  0 -1 -4  0 -1 -3 -1 -4 -2  2 -2 -4 -3 -1 -2 -4 -3 -3    0  84   3   2   0   0   0   0   0   0   2   6   0   0   0   3   0   0   0   0  1.08 0.16
   11 N   -2 -1  3  5 -4  0  4 -2  0 -4 -4 -1 -3 -4 -2 -1 -2 -4 -3 -4    0   0  20  39   0   1  38   0   2   0   0   0   0   0   0   0   0   0   0   0  0.81 0.12
   12 K   -2  1 -1 -2 -4  0  0 -3 -2 -4 -4  7 -3 -4 -2 -1 -2 -4 -3 -4    0   0   0   0   0   0   0   0   0   0   0 100   0   0   0   0   0   0   0   0  1.18 0.19
   13 R   -3  7 -2 -3 -5  0 -1 -4 -1 -4 -3  2 -3 -4 -3 -2 -2 -4 -3 -4    0  97   0   0   0   0   0   0   0   0   0   3   0   0   0   0   0   0   0   0  1.42 0.20
   14 V   -1 -3 -4 -4 -2 -3 -3 -2 -4  3  1 -3  2 -1 -3 -2 -1 -3 -2  4    1   0   0   0   0   0   0   2   0  19   6   0   9   0   0   0   0   0   0  62  0.53 0.11
   15 D   -2 -1 -1  1 -1  1  6 -3 -1 -3 -4  0 -3 -4 -1 -1 -2 -4 -3 -2    0   0   0   3   2   0  90   0   0   2   0   0   0   0   2   0   0   0   0   2  1.07 0.17
   16 V   -2 -4 -4 -4 -2 -3 -4 -5 -3  5  1 -3  0 -1 -4 -3 -1 -3 -1  3    1   0   0   0   0   0   0   0   1  72   0   0   0   0   0   0   0   0   2  25  0.72 0.13
   17 A    4 -2 -2 -2 -2 -2 -2  3 -3 -3 -3 -2 -2 -3 -2  1 -1 -3 -3 -2   68   0   0   0   0   0   0  29   0   0   0   0   0   0   0   3   0   0   0   0  0.68 0.13
   18 L   -2 -3 -4 -5 -2 -3 -4 -5 -4  1  5 -3  1  0 -4 -3 -2 -3 -2  0    0   0   0   0   0   0   0   0   0   3  97   0   0   0   0   0   0   0   0   0  0.89 0.15
   19 T   -1 -2 -1 -2 -1 -2 -2 -3 -3 -2 -2 -2 -2 -3 -1  0  6 -4 -3 -1    2   1   0   0   1   0   0   0   0   0   0   0   0   0   2   1  95   0   0   0  1.03 0.19
   20 Y   -2 -3 -3 -4 -4 -3 -3 -4  0 -3 -2 -3 -2  2 -4 -3 -3  1  9 -3    2   0   0   0   0   0   0   0   0   0   0   0   0   0   0   0   0   0  98   0  1.78 0.23
   21 I   -2 -4 -4 -4 -2 -4 -4 -5 -4  6  1 -4  0 -1 -4 -3 -2 -4 -2  2    0   0   0   0   0   0   0   0   0  92   3   0   0   0   0   0   0   0   0   5  0.94 0.16
   22 Y   -3 -3 -4 -4 -4 -3 -3 -4  0 -2 -2 -3 -2  5 -4 -3 -3  1  8 -2    0   0   0   0   0   0   0   0   0   0   0   0   0  23   0   0   0   0  77   0  1.47 0.19
   23 G   -1 -3 -1 -2 -4 -3 -3  7 -3 -5 -5 -3 -4 -4 -3 -1 -3 -4 -4 -4    0   0   0   0   0   0   0 100   0   0   0   0   0   0   0   0   0   0   0   0  1.57 0.18
   24 I   -2 -4 -4 -4 -2 -4 -4 -5 -4  6  1 -4  0 -1 -4 -3 -2 -4 -2  3    0   0   0   0   0   0   0   0   0  85   1   0   0   0   0   0   0   0   0  14  0.88 0.15
   25 G   -1 -3 -1 -2 -4 -3 -3  7 -3 -5 -5 -3 -4 -4 -3 -1 -3 -4 -4 -4    0   0   0   0   0   0   0 100   0   0   0   0   0   0   0   0   0   0   0   0  1.57 0.18
   26 K   -2  5 -1 -3 -3  0 -1 -3 -2 -1  1  2 -1 -2  1 -2 -2  0 -2 -2    0  51   2   0   0   1   0   0   0   2  24  11   0   0   9   0   0   1   0   0  0.48 0.10
   27 A    1 -1 -1 -2 -2 -1 -1 -2 -2 -2 -3  0 -2 -3  2  3  4 -4 -3 -2    6   0   1   0   0   1   0   0   0   0   0   7   0   0  10  29  46   0   0   0  0.51 0.11
   28 R   -1  5  0 -2 -3  0 -1 -3 -1 -2 -1  1 -1 -3 -2  1  3 -3 -2 -2    0  49   2   0   0   1   0   0   1   0   5   5   0   0   0  11  25   0   0   1  0.50 0.10
   29 A    4 -2 -1 -2 -1 -1 -1  0 -2 -3 -3 -1 -2 -3 -2  4  0 -4 -3 -2   51   0   0   0   0   0   0   4   0   0   0   0   0   0   0  45   0   0   0   0  0.59 0.13
   30 K    0  2  2  0 -3  3  1 -1  1 -3 -2  3 -2 -2 -2  0 -1 -3 -2 -2    6   7  10   4   0  25   3   2   3   0   2  35   0   2   0   0   2   0   0   1  0.37 0.08
   31 E   -1  1 -1  1 -4  3  5 -3 -1 -4 -3  3 -2 -4 -2 -1 -1 -4 -3 -3    0   2   1   4   0  12  51   0   0   0   0  28   0   0   0   0   1   0   0   0  0.67 0.11
   32 A    0 -3 -3 -3 -2 -3 -3 -4 -4  5  1 -3  0 -1 -3 -2  2 -3 -2  2    5   0   0   0   0   0   0   0   0  62   5   0   1   0   0   1  16   0   0  10  0.48 0.11
   33 L   -2 -3 -4 -5  1 -3 -4 -5 -4  2  5 -3  1  0 -4 -3 -2 -3 -2  0    0   0   0   0   4   0   0   0   0   8  87   0   0   0   0   0   0   0   0   2  0.75 0.13
   34 E    3  1 -1 -1 -2  1  3 -1 -1 -3 -3  1 -2 -3 -2  1  0 -3 -2 -1   41   6   1   0   0   3  26   1   0   0   0  11   0   0   0   6   4   0   0   1  0.33 0.08
   35 K    3  1  0  0 -2  1  2 -1 -1 -3 -3  3 -1 -3 -2  0 -1 -3 -2 -1   36   7   3   2   0   4  17   1   0   0   0  25   1   0   0   3   1   0   0   2  0.30 0.07
   36 T    1 -2 -1 -2 -2 -2 -2 -2 -3 -2 -2 -2 -2 -3 -2  1  6 -4 -3  0   10   0   0   0   0   0   0   0   0   0   0   0   0   0   0   1  86   0   0   4  0.86 0.17
   37 G   -1 -2  0 -2 -4 -1 -2  6 -3 -5 -5 -2 -4 -4 -3 -1 -2 -4 -4 -4    1   1   4   1   0   2   1  89   0   0   0   1   0   0   0   1   0   0   0   0  1.26 0.15
   38 I   -1 -4 -4 -4 -2 -3 -4 -4 -4  4  1 -3  0 -1 -3 -3 -1 -4 -2  5    0   0   0   0   0   0   0   0   0  35   4   0   0   0   0   0   0   0   0  61  0.67 0.12
   39 N   -1 -2  6  3 -3 -1 -1 -1 -1 -4 -4 -1 -3 -4 -2  2 -1 -5 -3 -4    2   0  56  23   0   0   0   0   0   0   0   1   0   0   0  19   0   0   0   0  0.81 0.13
   40 P   -1 -3 -3 -3 -4 -2 -1 -3 -3 -4 -4 -2 -2 -5  8 -2 -2 -5 -4 -3    3   0   0   0   0   0   2   1   0   0   1   1   1   0  89   0   1   0   0   1  2.10 0.19
   41 A   -1 -2  3  6 -4 -1  1 -2 -2 -4 -4 -1 -4 -4 -2  0 -2 -5 -4 -4    4   0  15  74   0   0   5   0   0   0   0   0   0   0   0   2   0   0   0   0  1.06 0.15
   42 T   -1 -1 -1 -2 -2 -1 -2 -3 -3  1  0  0 -1 -2 -2  0  5 -3 -2  0    0   2   0   0   0   0   0   0   0   7   9   7   0   0   0   0  69   0   0   6  0.53 0.13
   43 R   -3  7 -2 -3 -5  0 -1 -4 -1 -4 -3  1 -3 -4 -3 -2 -2 -4 -3 -4    0 100   0   0   0   0   0   0   0   0   0   0   0   0   0   0   0   0   0   0  1.48 0.20
   44 V   -1 -3 -3 -4  0 -3 -3 -4 -4  2  0 -3  0 -2 -1 -2  1 -4 -2  5    2   0   0   0   2   0   0   0   0   4   0   0   0   0   2   2   7   0   0  81  0.61 0.14
   45 K   -2  4  0  0 -4  1  0 -3 -1 -4 -3  5 -2 -4 -2 -1 -2 -4 -2 -3    0  25   2   5   0   1   0   0   0   0   0  66   0   0   0   0   0   0   1   0  0.79 0.14
   46 D   -3 -3  2  7 -5 -1  1 -2 -2 -4 -5 -2 -4 -5 -3 -1 -2 -5 -4 -4    0   0   8  89   0   1   1   0   0   0   0   0   0   0   0   1   0   0   0   0  1.35 0.17
   47 L   -2 -3 -4 -5 -2 -3 -4 -5 -4  1  5 -3  1  0 -4 -3 -2  1 -2  0    1   0   0   0   0   0   0   0   0   0  96   0   1   0   0   0   0   2   0   0  0.86 0.15
   48 T    0 -2  0 -1 -2 -1 -1 -1 -2 -2 -2 -1 -2 -3 -2  2  5 -4 -3 -1    5   0   1   2   0   0   1   4   0   0   0   0   0   0   0  20  67   0   0   0  0.63 0.13
   49 E   -2 -2  0  5 -5  0  5 -3 -1 -4 -4 -1 -3 -4 -2 -1 -2 -4 -3 -4    0   0   0  41   0   0  59   0   0   0   0   0   0   0   0   0   0   0   0   0  1.03 0.15
   50 A    2 -1  0  4 -3  1  4 -2 -1 -3 -3 -1 -3 -4 -2  0 -1 -4 -3 -2   22   1   1  26   0   2  42   1   0   0   0   0   0   0   0   3   2   0   0   1  0.54 0.10
   51 E   -2 -1  0  4 -4  3  5 -3 -1 -4 -4  0 -3 -4 -2 -1 -2 -4 -3 -4    0   0   1  27   0  13  59   0   0   0   0   0   0   0   0   0   0   0   0   0  0.90 0.14
   52 V   -1 -3 -3 -3 -2 -1 -2 -4 -3  3  2 -3  1 -1 -3 -2  0 -3 -2  4    3   0   0   0   0   3   2   0   0  18  24   0   0   0   0   0   4   0   0  47  0.38 0.08
   53 V    2 -1  1 -2 -1  0 -1  0 -2  0 -1 -1 -1 -2 -2  1  1 -3 -2  2   34   2  10   0   0   3   0   3   0   3   2   1   1   0   0  15   5   0   0  22  0.18 0.06
   54 R    1  3  0 -1 -3  2  0 -2 -1 -3 -2  4 -2 -3 -1  0  0 -3 -2 -2   16  20   2   1   0   7   3   0   0   0   1  43   0   0   1   4   3   0   0   0  0.42 0.08
   55 L   -2 -3 -4 -4 -2 -3 -4 -5 -4  3  5 -3  1  0 -4 -3 -2 -3 -2  1    0   0   0   0   0   0   0   0   0  21  79   0   0   0   0   0   0   0   0   0  0.73 0.12
   56 R   -2  7 -2 -3 -5  0 -1 -3 -1 -4 -3  1 -3 -4 -3 -2 -2 -4 -3 -4    1  96   0   0   0   2   0   0   0   0   0   1   0   0   0   0   0   0   0   0  1.38 0.19
   57 E   -1  0  0  4 -4  1  4 -2 -1 -4 -4  0 -3 -4 -2  0 -1 -4 -3 -3    5   5   2  36   0   1  40   1   0   0   0   2   0   0   0   4   2   0   0   0  0.64 0.10
   58 Y    0 -2 -2 -2 -2 -1  0 -3  2  1 -1 -2 -1  2 -3 -2 -1  3  5  1    7   1   0   1   0   0  11   0   5  13   2   0   0   6   0   1   3   4  36  12  0.34 0.08
   59 V   -2 -4 -4 -4 -2 -4 -4 -5 -4  6  1 -4  0 -1 -4 -3 -2 -4 -2  3    0   0   0   0   0   0   0   0   0  79   6   0   0   0   0   0   0   0   0  15  0.80 0.14
   60 E   -2 -1  0  5 -4  1  5 -3 -1 -4 -4  0 -3 -4 -2 -1 -1 -4 -3 -4    1   0   1  37   0   4  56   0   0   0   0   1   0   0   0   0   1   0   0   0  0.91 0.13
   61 N    0  1  2  0 -3  1  1  2  2 -3 -3  2 -2 -3 -2  0  0 -3 -2 -3    9   8  18   2   0   3   7  16   7   0   0  23   0   0   0   3   3   0   0   0  0.28 0.05
   62 T   -2 -1  5  1 -3  0  2 -1  3 -3 -3 -1 -2 -3 -2  1  1 -4 -2 -3    0   1  46   5   0   1  16   2   8   0   0   1   0   1   0   7  13   0   0   0  0.52 0.10
   63 W   -2 -2 -3 -4  0 -2 -3 -4  2  0  0 -3  0  3 -4 -3 -2  4  7  0    0   1   0   0   2   1   0   0   3   4   8   0   1  11   0   0   0   5  57   5  0.81 0.13
   64 K   -1  2 -1 -2 -3  2  0 -3 -1 -2 -2  5  0 -3 -2 -1  0 -3 -2 -1    0   8   0   0   0  14   1   0   1   1   2  58   3   0   0   0   6   0   0   6  0.50 0.11
   65 L   -1 -3 -4 -4 -2 -3 -3 -4 -4  3  1 -3  0 -2 -3 -2  0 -4 -2  5    0   0   0   0   0   0   0   0   0  11   6   0   0   0   0   0   3   0   0  79  0.68 0.13
   66 E   -2 -1 -1  0 -5  1  7 -3 -1 -5 -4  0 -3 -5 -2 -1 -2 -4 -3 -4    0   0   0   0   0   0 100   0   0   0   0   0   0   0   0   0   0   0   0   0  1.35 0.20
   67 G   -1 -3 -1 -2 -4 -3 -3  7 -3 -5 -5 -3 -4 -4 -3 -1 -3 -4 -4 -4    0   0   0   0   0   0   0 100   0   0   0   0   0   0   0   0   0   0   0   0  1.57 0.18
   68 E   -3 -2  0  7 -5  0  2 -2 -2 -4 -5 -2 -4 -5 -3 -1 -2 -5 -4 -4    0   0   0  90   0   2   8   0   0   0   0   0   0   0   0   0   0   0   0   0  1.39 0.18
   69 L   -2 -3 -5 -5 -2 -3 -4 -5 -4  1  5 -4  1  0 -4 -4 -2 -3 -2  0    0   0   0   0   0   0   0   0   0   0 100   0   0   0   0   0   0   0   0   0  0.93 0.16
   70 R   -3  7 -1 -3 -5  0 -1 -3  0 -4 -3  1 -3 -4 -3 -2 -2 -4 -3 -4    0  95   1   0   0   1   0   0   2   0   0   2   0   0   0   0   0   0   0   0  1.34 0.19
   71 A   -1  7 -1 -3 -4  0 -1 -3 -1 -4 -3  1 -2 -4 -3 -1 -2 -4 -3 -3    5  87   0   0   0   1   0   0   0   0   0   2   0   0   0   4   0   0   0   0  1.12 0.17
   72 E   -2 -1 -1  2 -4  1  6 -3 -1 -4 -2  0 -3 -3 -2 -1 -2  3 -2 -3    0   0   1   6   0   3  78   0   0   0   4   0   0   1   0   0   0   6   0   1  0.89 0.15
   73 V   -1 -3 -3 -3 -2 -2  0 -4 -3  4  0 -2  0 -2 -3 -2 -1 -4 -2  4    0   0   0   0   0   0  11   0   0  28   0   1   0   0   0   0   1   0   0  59  0.50 0.11
   74 A    3  0  0 -1 -2  3  0  0 -1 -3 -3  0 -2 -3 -2  2  0 -3 -2 -2   45   2   5   2   0  21   0   3   0   0   0   1   0   0   0  19   3   0   0   0  0.36 0.09
   75 A    2 -1 -3 -3 -2  1 -2 -2 -2  0  2 -2  5 -1 -3 -1 -1 -3 -1  0   31   1   0   0   0   7   0   1   0   0  24   0  31   1   0   1   1   0   1   0  0.31 0.10
   76 N   -2 -2  6  4 -4 -1  0 -2 -1 -4 -5 -1 -3 -4 -3  0 -1 -5 -3 -4    0   0  66  31   0   0   0   0   0   0   0   0   0   0   0   3   0   0   0   0  1.07 0.16
   77 I   -2 -4 -4 -4 -2 -4 -4 -5 -4  6  1 -4  0 -1 -4 -4 -2 -4 -2  2    0   0   0   0   0   0   0   0   0  98   1   0   0   0   0   0   0   0   0   1  1.04 0.18
   78 K   -2  4 -1 -2 -4  0  0 -3 -1 -4 -3  5 -2 -4 -2 -1 -2 -4 -3 -3    0  31   0   0   0   0   0   0   0   0   0  69   0   0   0   0   0   0   0   0  0.93 0.15
   79 R   -3  7 -2 -3 -5  0 -1 -4 -1 -4 -3  1 -3 -4 -3 -2 -2 -4 -3 -4    0 100   0   0   0   0   0   0   0   0   0   0   0   0   0   0   0   0   0   0  1.48 0.20
   80 L   -2 -1 -3 -3 -2 -1 -2 -4 -3  0  4  3  1 -1 -3 -2 -2 -3 -2  0    0   0   0   0   0   0   0   0   0   2  68  29   2   0   0   0   0   0   0   0  0.48 0.12
   81 M   -1 -3 -3 -4 -2 -2 -3 -4 -3  4  1 -2  5 -1 -3 -2  0 -3 -2  3    2   0   0   0   0   1   0   0   0  33   0   1  36   0   0   1   3   0   0  22  0.50 0.12
   82 D   -2 -1  0  5 -5  1  5 -3 -1 -4 -4 -1 -3 -4 -2 -1 -2 -4 -3 -4    0   0   0  38   0   2  60   0   0   0   0   0   0   0   0   0   0   0   0   0  1.01 0.15
   83 I   -2 -4 -4 -4 -2 -4 -4 -5 -4  6  1 -4  0 -1 -4 -4 -2 -4 -2  2    0   0   0   0   0   0   0   0   0  96   4   0   0   0   0   0   0   0   0   0  1.00 0.17
   84 G   -1 -2  0 -2 -4 -3 -3  6 -3 -5 -5 -2 -4 -4 -3 -1 -3 -4 -4 -4    0   2   3   0   0   0   0  95   0   0   0   0   0   0   0   0   0   0   0   0  1.43 0.17
   85 C   -1 -4 -3 -4 10 -3 -4 -3 -4 -2 -3 -3 -3 -4 -3  1  1 -4 -3 -2    3   0   0   0  76   0   0   0   0   0   0   0   0   0   0  13   9   0   0   0  1.58 0.19
   86 Y   -3 -3 -4 -5 -4 -3 -3 -5  0 -3 -2 -3 -2  2 -4 -3 -3  1  9 -2    0   0   0   0   0   0   0   0   0   0   0   0   0   1   0   0   0   0  98   1  1.81 0.23
   87 R   -2  6 -1 -2 -4  3  1 -3 -1 -4 -3  1 -2 -4 -3 -1 -2 -4 -3 -3    1  71   0   0   0  21   6   0   0   0   0   1   0   0   0   0   0   0   0   0  0.99 0.15
   88 G   -1 -3 -1 -2 -4 -3 -3  7 -3 -5 -5 -3 -4 -4 -3 -1 -3 -4 -4 -4    0   0   0   0   0   0   0 100   0   0   0   0   0   0   0   0   0   0   0   0  1.57 0.18
   89 L   -2  1 -3 -4 -2 -2 -3 -4 -3  3  3 -2  1 -1 -3 -3 -1 -3 -2  1    0  14   0   0   0   0   0   0   0  23  52   0   1   0   0   0   1   0   0   9  0.40 0.08
   90 R   -3  7 -2 -3 -5  0 -1 -4 -1 -4 -3  1 -3 -4 -3 -2 -2 -4 -3 -4    0 100   0   0   0   0   0   0   0   0   0   0   0   0   0   0   0   0   0   0  1.48 0.20
   91 H   -3 -2 -1 -3 -5 -1 -1 -4 10 -5 -4 -2 -3 -3 -4 -2 -3  0  0 -5    0   0   0   0   0   0   0   0  99   0   0   0   0   0   0   0   0   1   0   0  2.05 0.25
   92 R   -3  7 -2 -3 -5  0 -1 -4 -1 -4 -3  1 -2 -4 -3 -2 -2 -4 -3 -4    0  96   0   0   0   0   0   0   0   1   1   2   0   0   0   0   0   0   0   0  1.37 0.19
   93 R   -1  6 -1 -2 -4  1 -1 -3 -1 -3 -1  3  1 -3 -3 -1 -2 -3 -2 -2    3  61   0   0   0   4   0   0   0   0   8  18   6   0   0   0   0   0   0   0  0.69 0.12
   94 G   -1 -3  1 -2 -4 -3 -3  6 -1 -5 -5 -2 -4 -4 -3 -1 -3 -4 -4 -4    0   0   5   0   0   0   0  93   1   0   0   0   0   0   0   0   0   0   0   0  1.39 0.16
   95 L   -2 -3 -4 -5 -2 -3 -4 -5 -4  1  5 -3  2  0 -4 -3 -2 -3 -2  0    0   0   0   0   0   0   0   0   0   0  98   0   2   0   0   0   0   0   0   0  0.91 0.15
   96 P   -2 -3 -3 -3 -4 -3 -2 -4 -4 -4 -4 -2 -4 -5  8 -2 -2 -5 -4 -4    0   0   0   0   0   0   0   0   0   0   0   0   0   0 100   0   0   0   0   0  2.55 0.23
   97 V   -1 -4 -4 -4  0 -3 -4 -4 -4  2  0 -3  0 -2 -3 -3 -1 -4 -2  6    0   0   0   0   1   0   0   0   0   0   1   0   0   0   0   0   2   0   0  96  0.88 0.17
   98 R   -3  7 -1 -3 -5  0 -1 -3  3 -4 -3  1 -3 -4 -3 -2 -2 -1 -2 -4    0  89   0   0   0   0   0   0  10   0   0   0   0   0   0   0   0   1   0   0  1.25 0.18
   99 G   -1 -3 -1 -2 -4 -3 -3  7 -3 -5 -5 -3 -4 -4 -3 -1 -3 -4 -4 -4    0   0   0   0   0   0   0 100   0   0   0   0   0   0   0   0   0   0   0   0  1.57 0.18
  100 Q   -2  0 -1 -2 -4  8  1 -3 -1 -4 -4  0 -2 -5 -3 -1 -2 -3 -3 -4    0   0   0   0   0 100   0   0   0   0   0   0   0   0   0   0   0   0   0   0  1.49 0.23
  101 R   -2  7 -1 -3 -5  0 -1 -3 -1 -4 -3  2 -2 -4 -3 -1 -2 -4 -3 -4    0  90   1   0   0   0   0   0   0   0   0   7   0   0   0   2   0   0   0   0  1.26 0.18
  102 T   -1 -2 -1 -2 -2 -2 -2 -3 -3 -2 -2 -2 -2 -3 -2  1  6 -4 -3 -1    0   0   0   0   0   0   0   0   0   0   0   0   0   0   0   4  96   0   0   0  1.08 0.19
  103 R   -2  4 -1 -2 -4  1  0 -3  2 -4 -3  5 -2 -4 -2 -1 -2 -4 -2 -3    0  34   0   0   0   1   0   0   6   0   0  57   0   0   0   3   0   0   0   0  0.78 0.13
  104 T   -1 -2 -1 -2 -1 -1 -2 -3 -3 -2 -2 -2 -2 -3 -2  0  6 -4 -3 -1    0   1   0   0   1   1   0   0   0   0   0   0   0   0   0   0  97   0   0   0  1.08 0.20
  105 N   -3 -2  8  0 -4 -1 -1 -2 -1 -5 -5 -1 -3 -4 -3 -1 -1 -5 -3 -4    0   0 100   0   0   0   0   0   0   0   0   0   0   0   0   0   0   0   0   0  1.53 0.21
  106 A    6 -2 -3 -3 -1 -2 -2 -1 -3 -2 -3 -2 -2 -3 -2  0 -1 -4 -3 -1   98   0   0   0   0   0   0   1   0   0   0   0   0   0   0   1   0   0   0   0  0.91 0.17
  107 R   -3  7 -2 -3 -5  0 -1 -4 -1 -4 -3  1 -3 -4 -3 -2 -2 -4 -3 -4    0 100   0   0   0   0   0   0   0   0   0   0   0   0   0   0   0   0   0   0  1.48 0.20
  108 T   -1 -2 -1 -2 -2 -1 -2 -3 -3 -2 -2 -2 -2 -3 -2  1  7 -4 -3 -1    0   0   0   0   0   1   0   0   0   0   0   0   0   0   0   2  97   0   0   0  1.10 0.20
  109 R   -3  7 -2 -3 -5  0 -1 -4 -1 -4 -3  1 -3 -4 -3 -2 -2 -4 -3 -4    0  99   0   0   0   0   0   0   0   0   0   0   0   0   0   1   0   0   0   0  1.44 0.20
  110 K   -2  3 -1 -2 -4  0  0 -3 -2 -4 -4  6 -2 -4 -2 -1 -2 -4 -3 -3    0  15   0   0   0   0   0   0   0   0   0  85   0   0   0   0   0   0   0   0  1.00 0.17
  111 G   -1 -3 -1 -2 -4 -3 -3  7 -3 -5 -5 -3 -4 -4 -3 -1 -3 -4 -4 -4    0   0   0   0   0   0   0  99   0   0   0   0   0   0   0   1   0   0   0   0  1.54 0.17
  112 P   -1  0 -3 -3 -4 -2 -2 -2 -3 -4 -4 -1 -3 -5  8 -2 -2 -5 -4 -3    2   8   0   0   0   0   0   3   0   0   0   2   0   0  84   0   0   0   0   1  1.92 0.18
  113 R    0  5 -1 -2 -4  0 -1 -3 -1 -3 -3  4 -2 -4 -2 -1 -2 -4 -3 -2    7  50   1   0   0   0   0   0   0   0   0  39   0   0   0   1   0   0   0   3  0.73 0.12
  114 K   -2  5 -1 -2 -4  1  0 -2 -1 -3 -3  5 -2 -4 -2 -1 -2 -4 -3 -2    1  42   0   0   0   1   0   2   0   0   1  49   0   0   1   1   0   0   0   3  0.73 0.13
  115 T    1 -2 -1 -2 -2  0 -2 -2 -3 -2 -2 -2 -1 -3 -1  0  6 -4 -3 -1    9   0   0   0   0   3   0   0   0   0   0   0   1   0   2   0  85   0   0   0  0.84 0.17
  116 V   -1 -4 -4 -4 -2 -3 -4 -4 -4  4  0 -3  0 -1 -3 -3 -1 -4 -2  5    2   0   0   0   0   0   0   0   0  29   0   0   1   0   0   0   0   0   0  68  0.69 0.13
  117 A    5 -2 -2 -3 -2 -2 -2  2 -3 -2 -3 -2 -2 -3 -2  0 -1 -4 -3 -1   80   0   0   0   0   0   0  16   0   2   0   0   0   0   0   1   0   0   0   0  0.68 0.14
  118 G    0 -2  2 -2 -3 -2 -2  5 -2 -2 -4 -1 -3 -4 -3 -1 -2 -4 -3 -1    4   1  14   0   0   0   0  69   0   1   0   3   0   0   0   1   1   0   0   7  0.82 0.11
  119 K   -2  2 -1 -2 -4  1  0 -3 -1 -4 -3  6 -2 -4 -2 -1 -2 -4 -3 -3    0   6   0   0   0   1   0   0   1   0   0  90   1   0   0   1   0   0   0   0  1.00 0.17
  120 K   -2  3 -1 -2 -4  0  0 -3 -2 -4 -4  6 -2 -4 -2 -1 -1 -4 -3 -3    0  11   0   0   0   0   0   0   0   0   0  87   0   0   0   1   1   0   0   0  0.98 0.17
  121 K   -2  2 -1 -2 -4  0  0 -3 -2 -4 -4  6 -2 -4 -2 -1 -1 -4 -3 -3    0   3   0   0   0   1   0   0   0   0   0  95   0   0   0   0   1   0   0   0  1.07 0.18
  122 A    5 -2 -2 -2 -1 -1 -1 -1 -2 -2 -2 -1 -2 -3  3  1  0 -3 -3 -1   82   0   0   0   0   0   0   0   0   0   0   0   0   0  13   2   3   0   0   0  0.61 0.09
  123 P    0 -2 -1 -2 -2 -2 -2  3 -2 -2 -3 -1 -2 -3  5  0  2 -3 -3 -1    6   1   0   0   0   0   0  35   0   0   0   0   0   0  35   2  19   0   0   3  0.70 0.05
  124 R    0  4 -1 -1 -3  1  0  0 -1 -3 -3  4 -1 -3 -2  0 -1 -3 -2 -3    5  33   0   0   0   0   0   7   0   0   0  45   3   0   0   7   0   0   0   0  0.46 0.06
  125 K   -1  2 -1 -1 -4  1  0 -2 -1 -3 -3  6 -2 -4 -2 -1 -1 -4 -2 -3    0   0   0   0   0   0   0   0   0   0   0 100   0   0   0   0   0   0   0   0  0.83 0.09

                      K         Lambda
Standard Ungapped    0.1351     0.3182
Standard Gapped      0.0410     0.2670
PSI Ungapped         0.1806     0.3180
PSI Gapped           0.0553     0.2670